event	left_node	right_node	left_date	right_date	midpoint_date	left_date_lower	left_date_upper	right_date_lower	right_date_upper	midpoint_date_all
spe	1022	1021	2889.48	2684.73	2787.105	3046.3	2732.66	2864.65	2504.81	2775.555
hgt	None	dead	0.0	0.0	0.0	0.0	0.0	0.0	0.0	0.0
hgt	686	GCA.002451015.1.Bacteria.Acidobacteriota	2295.75	0.0	1147.875	2486.27	2105.23	0.0	0.0	1243.135
los	None	dead	0.0	0.0	0.0	0.0	0.0	0.0	0.0	0.0
hgt	None	dead	0.0	0.0	0.0	0.0	0.0	0.0	0.0	0.0
hgt	670	GCA.002898535.1.Bacteria.Acidobacteriota	2753.645	0.0	1376.8225	2923.59	2583.7	0.0	0.0	1461.795
hgt	282	GCF.900105685.1.Bacteria.Verrucomicrobiota	2053.795	0.0	1026.8975	2296.91	1810.68	0.0	0.0	1148.455
los	None	dead	0.0	0.0	0.0	0.0	0.0	0.0	0.0	0.0
hgt	837	GCA.001768075.1.Bacteria.Myxococcota	2276.83	0.0	1138.415	2468.96	2084.7	0.0	0.0	1234.48
hgt	692	GCA.003152325.1.Bacteria.Acidobacteriota	1806.3	0.0	903.15	2047.7	1564.9	0.0	0.0	1023.85
hgt	697	GCA.003222815.1.Bacteria.Acidobacteriota	2258.95	0.0	1129.475	2444.95	2072.95	0.0	0.0	1222.475
hgt	None	dead	0.0	0.0	0.0	0.0	0.0	0.0	0.0	0.0
hgt	None	dead	0.0	0.0	0.0	0.0	0.0	0.0	0.0	0.0
hgt	1457	GCF.003967555.1.Bacteria.Chloroflexota	2476.295	0.0	1238.1475	2697.47	2255.12	0.0	0.0	1348.735
hgt	1119	GCA.002779825.1.Bacteria.Armatimonadota	2529.245	0.0	1264.6225	2761.53	2296.96	0.0	0.0	1380.765
los	None	dead	0.0	0.0	0.0	0.0	0.0	0.0	0.0	0.0
spe	1021	1020	2684.73	2279.22	2481.975	2864.65	2504.81	2521.79	2036.65	2450.65
los	1020	GCA.003235575.1.Bacteria.Eisenbacteria	2279.22	0.0	1139.61	2521.79	2036.65	0.0	0.0	1260.895
hgt	1179	1178	2376.455	2241.835	2309.145	2575.79	2177.12	2458.12	2025.55	2300.67
hgt	None	dead	0.0	0.0	0.0	0.0	0.0	0.0	0.0	0.0
hgt	239	GCA.003158755.1.Bacteria.Elusimicrobiota	2146.715	0.0	1073.3575	2343.88	1949.55	0.0	0.0	1171.94
los	None	dead	0.0	0.0	0.0	0.0	0.0	0.0	0.0	0.0
spe	1179	1178	2376.455	2241.835	2309.145	2575.79	2177.12	2458.12	2025.55	2300.67
spe	1178	1177	2241.835	2055.195	2148.515	2458.12	2025.55	2300.55	1809.84	2133.98
los	1177	GCA.001464275.1.Bacteria.Actinobacteriota	2055.195	0.0	1027.5975	2300.55	1809.84	0.0	0.0	1150.275
hgt	1148	GCF.000969705.1.Bacteria.Actinobacteriota	2328.75	0.0	1164.375	2528.83	2128.67	0.0	0.0	1264.415
hgt	None	dead	0.0	0.0	0.0	0.0	0.0	0.0	0.0	0.0
hgt	1145	GCA.001767695.1.Bacteria.Actinobacteriota	2458.975	0.0	1229.4875	2644.12	2273.83	0.0	0.0	1322.06
hgt	1141	GCA.003140175.1.Bacteria.Actinobacteriota	2008.575	0.0	1004.2875	2245.24	1771.91	0.0	0.0	1122.62
los	None	dead	0.0	0.0	0.0	0.0	0.0	0.0	0.0	0.0
hgt	1165	1164	1840.865	1690.82	1765.8425	2058.77	1622.96	1917.35	1464.29	1761.53
hgt	1396	GCA.003151665.1.Bacteria.Dormibacterota	2525.675	0.0	1262.8375	2773.68	2277.67	0.0	0.0	1386.84
hgt	791	GCA.002050235.1.Bacteria.Desulfobacterota.B	2015.09	0.0	1007.545	2237.3	1792.88	0.0	0.0	1118.65
spe	1165	1164	1840.865	1690.82	1765.8425	2058.77	1622.96	1917.35	1464.29	1761.53
spe	1164	1163	1690.82	1488.035	1589.4275	1917.35	1464.29	1730.27	1245.8	1581.575
hgt	1155	GCF.003443735.1.Bacteria.Actinobacteriota	1711.135	0.0	855.5675	1936.0	1486.27	0.0	0.0	968.0
los	1163	GCA.001437855.1.Bacteria.Actinobacteriota	1488.035	0.0	744.0175	1730.27	1245.8	0.0	0.0	865.135
hgt	1166	GCF.004348535.1.Bacteria.Actinobacteriota	1991.825	0.0	995.9125	2191.81	1791.84	0.0	0.0	1095.905
spe	1164	1160	1690.82	1520.98	1605.9	1917.35	1464.29	1761.58	1280.38	1598.865
spe	1160	1158	1520.98	1386.605	1453.7925	1761.58	1280.38	1639.35	1133.86	1447.72
los	1158	GCF.001942305.1.Bacteria.Actinobacteriota	1386.605	0.0	693.3025	1639.35	1133.86	0.0	0.0	819.675
dup	None	dead	0.0	0.0	0.0	0.0	0.0	0.0	0.0	0.0
dup	None	dead	0.0	0.0	0.0	0.0	0.0	0.0	0.0	0.0
hgt	1355	GCF.004522215.1.Bacteria.Firmicutes	1845.21	0.0	922.605	2026.05	1664.37	0.0	0.0	1013.025
los	None	dead	0.0	0.0	0.0	0.0	0.0	0.0	0.0	0.0
hgt	1355	GCF.004522215.1.Bacteria.Firmicutes	1845.21	0.0	922.605	2026.05	1664.37	0.0	0.0	1013.025
los	None	dead	0.0	0.0	0.0	0.0	0.0	0.0	0.0	0.0
hgt	1237	1221	2784.985	2447.11	2616.0475	2940.94	2629.03	2673.77	2220.45	2580.695
hgt	1440	GCF.001306175.1.Bacteria.Chloroflexota	2358.68	0.0	1179.34	2549.6	2167.76	0.0	0.0	1274.8
hgt	434	GCA.002898275.1.Bacteria.Proteobacteria	1886.935	0.0	943.4675	2078.21	1695.66	0.0	0.0	1039.105
hgt	456	GCF.002148795.1.Bacteria.Proteobacteria	1898.57	0.0	949.285	2073.0	1724.14	0.0	0.0	1036.5
los	None	dead	0.0	0.0	0.0	0.0	0.0	0.0	0.0	0.0
hgt	462	GCF.006980715.1.Bacteria.Proteobacteria	1641.635	0.0	820.8175	1844.48	1438.79	0.0	0.0	922.24
hgt	None	dead	0.0	0.0	0.0	0.0	0.0	0.0	0.0	0.0
spe	1237	1221	2784.985	2447.11	2616.0475	2940.94	2629.03	2673.77	2220.45	2580.695
hgt	1305	GCF.002207765.1.Bacteria.Firmicutes.B	2012.42	0.0	1006.21	2240.7	1784.14	0.0	0.0	1120.35
hgt	1469	GCA.001898225.1.Bacteria.Chloroflexota	2472.76	0.0	1236.38	2679.0	2266.52	0.0	0.0	1339.5
hgt	1462	GCA.002436065.1.Bacteria.Chloroflexota	2688.275	0.0	1344.1375	2865.83	2510.72	0.0	0.0	1432.915
hgt	1449	GCA.002400365.1.Bacteria.Chloroflexota	2414.175	0.0	1207.0875	2615.97	2212.38	0.0	0.0	1307.985
los	None	dead	0.0	0.0	0.0	0.0	0.0	0.0	0.0	0.0
hgt	727	GCA.001805205.1.Bacteria.Nitrospirota	2370.105	0.0	1185.0525	2586.88	2153.33	0.0	0.0	1293.44
hgt	None	dead	0.0	0.0	0.0	0.0	0.0	0.0	0.0	0.0
hgt	746	GCF.900079095.1.Bacteria.Tectomicrobia	2548.44	0.0	1274.22	2767.72	2329.16	0.0	0.0	1383.86
hgt	1307	GCA.000987045.1.Bacteria.Firmicutes.B	2196.38	0.0	1098.19	2389.69	2003.07	0.0	0.0	1194.845
hgt	741	GCA.003220615.1.Bacteria.Methylomirabilota	2582.55	0.0	1291.275	2791.15	2373.95	0.0	0.0	1395.575
hgt	1312	GCF.000019165.1.Bacteria.Firmicutes.B	2058.365	0.0	1029.1825	2278.56	1838.17	0.0	0.0	1139.28
hgt	695	GCA.003131705.1.Bacteria.Acidobacteriota	1981.07	0.0	990.535	2189.24	1772.9	0.0	0.0	1094.62
hgt	1330	GCA.003444595.1.Bacteria.Firmicutes.D	2416.115	0.0	1208.0575	2602.06	2230.17	0.0	0.0	1301.03
los	None	dead	0.0	0.0	0.0	0.0	0.0	0.0	0.0	0.0
hgt	1688	GCF.000353285.1.Bacteria.Cyanobacteria	1799.565	0.0	899.7825	1942.05	1657.08	0.0	0.0	971.025
hgt	1319	GCF.900100785.1.Bacteria.Firmicutes.B	2388.655	0.0	1194.3275	2562.17	2215.14	0.0	0.0	1281.085
hgt	1263	GCA.002307275.1.Bacteria.Firmicutes.A	1696.805	0.0	848.4025	1935.53	1458.08	0.0	0.0	967.765
hgt	None	dead	0.0	0.0	0.0	0.0	0.0	0.0	0.0	0.0
hgt	274	GCA.000406005.1.Bacteria.Poribacteria	2618.66	0.0	1309.33	2849.97	2387.35	0.0	0.0	1424.985
hgt	None	dead	0.0	0.0	0.0	0.0	0.0	0.0	0.0	0.0
hgt	794	GCA.003161515.1.Bacteria.Desulfobacterota.B	2136.5	0.0	1068.25	2343.87	1929.13	0.0	0.0	1171.935
los	None	dead	0.0	0.0	0.0	0.0	0.0	0.0	0.0	0.0
hgt	513	483	2253.55	2221.01	2237.28	2403.09	2104.01	2370.99	2071.03	2237.06
hgt	None	dead	0.0	0.0	0.0	0.0	0.0	0.0	0.0	0.0
hgt	1032	GCA.002727195.1.Bacteria.Latescibacterota	2327.38	0.0	1163.69	2556.02	2098.74	0.0	0.0	1278.01
hgt	568	GCF.001051235.1.Bacteria.Proteobacteria	2035.48	0.0	1017.74	2214.09	1856.87	0.0	0.0	1107.045
los	None	dead	0.0	0.0	0.0	0.0	0.0	0.0	0.0	0.0
spe	513	483	2253.55	2221.01	2237.28	2403.09	2104.01	2370.99	2071.03	2237.06
hgt	None	dead	0.0	0.0	0.0	0.0	0.0	0.0	0.0	0.0
hgt	579	GCA.003155415.1.Bacteria.Proteobacteria	1566.0	0.0	783.0	1791.46	1340.54	0.0	0.0	895.73
hgt	574	GCF.000374645.1.Bacteria.Proteobacteria	1962.545	0.0	981.2725	2146.1	1778.99	0.0	0.0	1073.05
los	None	dead	0.0	0.0	0.0	0.0	0.0	0.0	0.0	0.0
hgt	552	GCF.001614315.2.Bacteria.Proteobacteria	1988.77	0.0	994.385	2174.6	1802.94	0.0	0.0	1087.3
hgt	None	dead	0.0	0.0	0.0	0.0	0.0	0.0	0.0	0.0
hgt	613	GCF.003097315.1.Bacteria.Proteobacteria	1943.945	0.0	971.9725	2109.42	1778.47	0.0	0.0	1054.71
los	None	dead	0.0	0.0	0.0	0.0	0.0	0.0	0.0	0.0
spe	483	482	2221.01	2151.75	2186.38	2370.99	2071.03	2305.03	1998.47	2184.73
los	482	481	2151.75	2091.815	2121.7825	2305.03	1998.47	2249.28	1934.35	2119.69
hgt	562	546	2333.93	2056.155	2195.0425	2481.45	2186.41	2233.12	1879.19	2180.32
hgt	None	dead	0.0	0.0	0.0	0.0	0.0	0.0	0.0	0.0
hgt	804	GCA.003247575.1.Bacteria.Myxococcota.A	2545.8	0.0	1272.9	2736.71	2354.89	0.0	0.0	1368.355
hgt	519	GCF.002109495.1.Bacteria.Proteobacteria	2801.035	0.0	1400.5175	2944.12	2657.95	0.0	0.0	1472.06
los	None	dead	0.0	0.0	0.0	0.0	0.0	0.0	0.0	0.0
hgt	462	GCF.006980715.1.Bacteria.Proteobacteria	1641.635	0.0	820.8175	1844.48	1438.79	0.0	0.0	922.24
spe	482	458	2151.75	2053.74	2102.745	2305.03	1998.47	2214.88	1892.6	2098.815
spe	458	456	2053.74	1898.57	1976.155	2214.88	1892.6	2073.0	1724.14	1969.51
hgt	944	GCA.002712165.1.Bacteria.Proteobacteria	2081.795	0.0	1040.8975	2308.24	1855.35	0.0	0.0	1154.12
los	456	GCF.002148795.1.Bacteria.Proteobacteria	1898.57	0.0	949.285	2073.0	1724.14	0.0	0.0	1036.5
spe	456	455	1898.57	1531.25	1714.91	2073.0	1724.14	1740.35	1322.15	1697.575
hgt	489	GCA.002348365.1.Bacteria.Proteobacteria	1797.555	0.0	898.7775	1997.49	1597.62	0.0	0.0	998.745
hgt	446	GCA.002717185.1.Bacteria.Proteobacteria	1951.09	0.0	975.545	2125.17	1777.01	0.0	0.0	1062.585
los	455	454	1531.25	1369.765	1450.5075	1740.35	1322.15	1591.74	1147.79	1444.07
spe	562	546	2333.93	2056.155	2195.0425	2481.45	2186.41	2233.12	1879.19	2180.32
hgt	None	dead	0.0	0.0	0.0	0.0	0.0	0.0	0.0	0.0
hgt	634	GCF.002020875.1.Bacteria.Proteobacteria	2007.49	0.0	1003.745	2185.15	1829.83	0.0	0.0	1092.575
hgt	1041	GCA.002686955.1.Bacteria.Gemmatimonadota.A	2930.085	0.0	1465.0425	3083.7	2776.47	0.0	0.0	1541.85
los	None	dead	0.0	0.0	0.0	0.0	0.0	0.0	0.0	0.0
hgt	None	dead	0.0	0.0	0.0	0.0	0.0	0.0	0.0	0.0
hgt	406	GCA.001872725.1.Bacteria.Proteobacteria	2769.905	0.0	1384.9525	2921.46	2618.35	0.0	0.0	1460.73
hgt	653	GCF.001399755.1.Bacteria.Proteobacteria	2771.345	0.0	1385.6725	2913.41	2629.28	0.0	0.0	1456.705
los	None	dead	0.0	0.0	0.0	0.0	0.0	0.0	0.0	0.0
hgt	None	dead	0.0	0.0	0.0	0.0	0.0	0.0	0.0	0.0
hgt	None	dead	0.0	0.0	0.0	0.0	0.0	0.0	0.0	0.0
hgt	868	GCA.002347095.1.Bacteria.Desulfobacterota	2357.855	0.0	1178.9275	2546.99	2168.72	0.0	0.0	1273.495
hgt	612	611	1796.185	1493.79	1644.9875	1978.58	1613.79	1717.52	1270.06	1624.32
los	None	dead	0.0	0.0	0.0	0.0	0.0	0.0	0.0	0.0
spe	612	611	1796.185	1493.79	1644.9875	1978.58	1613.79	1717.52	1270.06	1624.32
hgt	None	dead	0.0	0.0	0.0	0.0	0.0	0.0	0.0	0.0
hgt	636	GCA.002840095.1.Bacteria.Proteobacteria	2146.87	0.0	1073.435	2302.89	1990.85	0.0	0.0	1151.445
hgt	1015	GCA.002790835.1.Bacteria.Krumholzibacteriota	2593.17	0.0	1296.585	2795.8	2390.54	0.0	0.0	1397.9
hgt	400	GCA.002401295.1.Bacteria.SAR324	2693.845	0.0	1346.9225	2881.53	2506.16	0.0	0.0	1440.765
hgt	585	GCA.002688175.1.Bacteria.Proteobacteria	1706.285	0.0	853.1425	1917.52	1495.05	0.0	0.0	958.76
los	None	dead	0.0	0.0	0.0	0.0	0.0	0.0	0.0	0.0
hgt	674	GCA.002747255.1.Bacteria.Acidobacteriota	2473.205	0.0	1236.6025	2675.97	2270.44	0.0	0.0	1337.985
hgt	603	GCA.002085445.1.Bacteria.Proteobacteria	2200.665	0.0	1100.3325	2350.69	2050.64	0.0	0.0	1175.345
hgt	570	GCA.002255365.1.Bacteria.Proteobacteria	2165.975	0.0	1082.9875	2326.89	2005.06	0.0	0.0	1163.445
los	None	dead	0.0	0.0	0.0	0.0	0.0	0.0	0.0	0.0
hgt	None	dead	0.0	0.0	0.0	0.0	0.0	0.0	0.0	0.0
hgt	None	dead	0.0	0.0	0.0	0.0	0.0	0.0	0.0	0.0
hgt	453	GCA.003280605.1.Bacteria.Proteobacteria	1231.6385	0.0	615.81925	1464.03	999.247	0.0	0.0	732.015
los	None	dead	0.0	0.0	0.0	0.0	0.0	0.0	0.0	0.0
hgt	514	436	2299.515	2217.14	2258.3275	2448.11	2150.92	2372.03	2062.25	2255.18
spe	483	447	2221.01	2113.215	2167.1125	2370.99	2071.03	2272.38	1954.05	2162.52
spe	447	446	2113.215	1951.09	2032.1525	2272.38	1954.05	2125.17	1777.01	2024.695
los	446	GCA.002717185.1.Bacteria.Proteobacteria	1951.09	0.0	975.545	2125.17	1777.01	0.0	0.0	1062.585
spe	446	445	1951.09	1836.495	1893.7925	2125.17	1777.01	2032.31	1640.68	1882.925
los	445	444	1836.495	1669.2	1752.8475	2032.31	1640.68	1892.76	1445.64	1738.975
spe	447	439	2113.215	1983.035	2048.125	2272.38	1954.05	2153.66	1812.41	2042.395
hgt	509	495	1977.465	1736.875	1857.17	2143.57	1811.36	1936.33	1537.42	1840.495
spe	509	495	1977.465	1736.875	1857.17	2143.57	1811.36	1936.33	1537.42	1840.495
hgt	468	GCF.900167455.1.Bacteria.Proteobacteria	1847.82	0.0	923.91	2029.0	1666.64	0.0	0.0	1014.5
hgt	None	dead	0.0	0.0	0.0	0.0	0.0	0.0	0.0	0.0
hgt	434	GCA.002238885.1.Bacteria.Proteobacteria	1886.935	0.0	943.4675	2078.21	1695.66	0.0	0.0	1039.105
hgt	492	GCF.002798435.1.Bacteria.Proteobacteria	1826.375	0.0	913.1875	2015.92	1636.83	0.0	0.0	1007.96
los	None	dead	0.0	0.0	0.0	0.0	0.0	0.0	0.0	0.0
hgt	486	GCA.002721365.1.Bacteria.Proteobacteria	1956.2	0.0	978.1	2130.74	1781.66	0.0	0.0	1065.37
hgt	536	GCF.900111015.1.Bacteria.Proteobacteria	2343.3	0.0	1171.65	2502.24	2184.36	0.0	0.0	1251.12
spe	514	436	2299.515	2217.14	2258.3275	2448.11	2150.92	2372.03	2062.25	2255.18
hgt	612	GCF.003612015.1.Bacteria.Proteobacteria	1796.185	0.0	898.0925	1978.58	1613.79	0.0	0.0	989.29
spe	436	435	2217.14	2071.245	2144.1925	2372.03	2062.25	2233.96	1908.53	2140.28
hgt	849	GCF.000266945.1.Bacteria.Desulfobacterota	2490.935	0.0	1245.4675	2688.39	2293.48	0.0	0.0	1344.195
hgt	None	dead	0.0	0.0	0.0	0.0	0.0	0.0	0.0	0.0
hgt	492	GCF.900172325.1.Bacteria.Proteobacteria	1826.375	0.0	913.1875	2015.92	1636.83	0.0	0.0	1007.96
los	None	dead	0.0	0.0	0.0	0.0	0.0	0.0	0.0	0.0
hgt	None	dead	0.0	0.0	0.0	0.0	0.0	0.0	0.0	0.0
los	435	434	2071.245	1886.935	1979.09	2233.96	1908.53	2078.21	1695.66	1964.81
hgt	498	GCA.002731375.1.Bacteria.Proteobacteria	1734.36	0.0	867.18	1926.5	1542.22	0.0	0.0	963.25
los	None	dead	0.0	0.0	0.0	0.0	0.0	0.0	0.0	0.0
hgt	462	GCF.000315795.1.Bacteria.Proteobacteria	1641.635	0.0	820.8175	1844.48	1438.79	0.0	0.0	922.24
hgt	467	GCF.003258945.1.Bacteria.Proteobacteria	1693.575	0.0	846.7875	1896.55	1490.6	0.0	0.0	948.275
hgt	503	GCA.002280485.1.Bacteria.Proteobacteria	1517.515	0.0	758.7575	1721.78	1313.25	0.0	0.0	860.89
hgt	506	GCA.002480495.1.Bacteria.Proteobacteria	1610.765	0.0	805.3825	1805.19	1416.34	0.0	0.0	902.595
hgt	486	GCF.000264455.2.Bacteria.Proteobacteria	1956.2	0.0	978.1	2130.74	1781.66	0.0	0.0	1065.37
los	None	dead	0.0	0.0	0.0	0.0	0.0	0.0	0.0	0.0
hgt	579	GCA.003137095.1.Bacteria.Proteobacteria	1566.0	0.0	783.0	1791.46	1340.54	0.0	0.0	895.73
hgt	1402	GCA.003228115.1.Bacteria.Chloroflexota	2331.705	0.0	1165.8525	2524.09	2139.32	0.0	0.0	1262.045
hgt	1406	GCA.002710215.1.Bacteria.Chloroflexota	2276.4	0.0	1138.2	2475.71	2077.09	0.0	0.0	1237.855
los	None	dead	0.0	0.0	0.0	0.0	0.0	0.0	0.0	0.0
