event	left_node	right_node	left_date	right_date	midpoint_date	left_date_lower	left_date_upper	right_date_lower	right_date_upper	midpoint_date_all
spe	663	397	3149.67	3038.98	3094.325	3293.35	3005.99	3186.65	2891.31	3092.33
hgt	None	dead	0.0	0.0	0.0	0.0	0.0	0.0	0.0	0.0
dup	None	dead	0.0	0.0	0.0	0.0	0.0	0.0	0.0	0.0
hgt	297	293	2620.58	2421.68	2521.13	2795.06	2446.1	2621.74	2221.62	2508.34
hgt	332	GCA.002704825.1.Bacteria.Planctomycetota	1728.22	0.0	864.11	1979.25	1477.19	0.0	0.0	989.625
los	None	dead	0.0	0.0	0.0	0.0	0.0	0.0	0.0	0.0
spe	297	293	2620.58	2421.68	2521.13	2795.06	2446.1	2621.74	2221.62	2508.34
hgt	389	388	2948.12	2845.905	2897.0125	3102.94	2793.3	3007.1	2684.71	2893.825
los	None	dead	0.0	0.0	0.0	0.0	0.0	0.0	0.0	0.0
hgt	None	dead	0.0	0.0	0.0	0.0	0.0	0.0	0.0	0.0
hgt	320	GCA.003245715.1.Bacteria.Planctomycetota	2697.03	0.0	1348.515	2876.69	2517.37	0.0	0.0	1438.345
hgt	239	GCA.003158755.1.Bacteria.Elusimicrobiota	2146.715	0.0	1073.3575	2343.88	1949.55	0.0	0.0	1171.94
los	None	dead	0.0	0.0	0.0	0.0	0.0	0.0	0.0	0.0
spe	389	388	2948.12	2845.905	2897.0125	3102.94	2793.3	3007.1	2684.71	2893.825
spe	388	376	2845.905	2638.94	2742.4225	3007.1	2684.71	2822.05	2455.83	2731.465
los	376	374	2638.94	2303.81	2471.375	2822.05	2455.83	2531.31	2076.31	2449.18
spe	388	387	2845.905	2737.525	2791.715	3007.1	2684.71	2906.8	2568.25	2787.675
spe	387	383	2737.525	2480.61	2609.0675	2906.8	2568.25	2682.35	2278.87	2592.835
los	383	381	2480.61	2192.73	2336.67	2682.35	2278.87	2425.63	1959.83	2321.09
spe	387	386	2737.525	2547.685	2642.605	2906.8	2568.25	2749.56	2345.81	2626.305
hgt	1651	GCA.003242895.1.Bacteria.Margulisbacteria	2569.225	0.0	1284.6125	2778.38	2360.07	0.0	0.0	1389.19
los	386	GCA.002450905.1.Bacteria.Spirochaetota	2547.685	0.0	1273.8425	2749.56	2345.81	0.0	0.0	1374.78
hgt	None	dead	0.0	0.0	0.0	0.0	0.0	0.0	0.0	0.0
hgt	895	GCA.000739515.1.Bacteria.Moduliflexota	2668.13	0.0	1334.065	2862.76	2473.5	0.0	0.0	1431.38
hgt	883	GCA.000961655.1.Bacteria.Desulfobacterota	2107.355	0.0	1053.6775	2320.43	1894.28	0.0	0.0	1160.215
los	None	dead	0.0	0.0	0.0	0.0	0.0	0.0	0.0	0.0
hgt	None	dead	0.0	0.0	0.0	0.0	0.0	0.0	0.0	0.0
hgt	849	GCF.000266945.1.Bacteria.Desulfobacterota	2490.935	0.0	1245.4675	2688.39	2293.48	0.0	0.0	1344.195
hgt	871	GCA.007244385.1.Bacteria.Desulfobacterota	2172.555	0.0	1086.2775	2382.24	1962.87	0.0	0.0	1191.12
hgt	868	GCA.002347095.1.Bacteria.Desulfobacterota	2357.855	0.0	1178.9275	2546.99	2168.72	0.0	0.0	1273.495
los	None	dead	0.0	0.0	0.0	0.0	0.0	0.0	0.0	0.0
hgt	880	GCF.000195295.1.Bacteria.Desulfobacterota	2202.89	0.0	1101.445	2408.81	1996.97	0.0	0.0	1204.405
hgt	None	dead	0.0	0.0	0.0	0.0	0.0	0.0	0.0	0.0
hgt	932	GCA.002414805.1.Bacteria.Fibrobacterota	2324.52	0.0	1162.26	2547.45	2101.59	0.0	0.0	1273.725
los	None	dead	0.0	0.0	0.0	0.0	0.0	0.0	0.0	0.0
hgt	None	dead	0.0	0.0	0.0	0.0	0.0	0.0	0.0	0.0
hgt	None	dead	0.0	0.0	0.0	0.0	0.0	0.0	0.0	0.0
hgt	873	GCA.002011835.1.Bacteria.Desulfobacterota	2374.525	0.0	1187.2625	2555.16	2193.89	0.0	0.0	1277.58
hgt	880	GCF.000195295.1.Bacteria.Desulfobacterota	2202.89	0.0	1101.445	2408.81	1996.97	0.0	0.0	1204.405
los	None	dead	0.0	0.0	0.0	0.0	0.0	0.0	0.0	0.0
hgt	686	GCA.002451015.1.Bacteria.Acidobacteriota	2295.75	0.0	1147.875	2486.27	2105.23	0.0	0.0	1243.135
hgt	None	dead	0.0	0.0	0.0	0.0	0.0	0.0	0.0	0.0
hgt	39	35	2772.035	2625.215	2698.625	2935.32	2608.75	2814.09	2436.34	2685.83
hgt	48	47	2290.465	2175.095	2232.78	2466.71	2114.22	2371.63	1978.56	2222.635
dup	None	dead	0.0	0.0	0.0	0.0	0.0	0.0	0.0	0.0
hgt	84	GCF.000970205.1.Archaea.Halobacteriota	1868.445	0.0	934.2225	2080.58	1656.31	0.0	0.0	1040.29
los	None	dead	0.0	0.0	0.0	0.0	0.0	0.0	0.0	0.0
hgt	84	GCF.000970205.1.Archaea.Halobacteriota	1868.445	0.0	934.2225	2080.58	1656.31	0.0	0.0	1040.29
los	None	dead	0.0	0.0	0.0	0.0	0.0	0.0	0.0	0.0
spe	48	47	2290.465	2175.095	2232.78	2466.71	2114.22	2371.63	1978.56	2222.635
hgt	None	dead	0.0	0.0	0.0	0.0	0.0	0.0	0.0	0.0
hgt	88	87	2221.93	2144.39	2183.16	2396.19	2047.67	2323.79	1964.99	2180.59
hgt	753	GCA.001803565.1.Bacteria.Nitrospinota.B	2583.27	0.0	1291.635	2768.8	2397.74	0.0	0.0	1384.4
hgt	77	GCA.001766825.1.Archaea.Halobacteriota	2081.03	0.0	1040.515	2277.46	1884.6	0.0	0.0	1138.73
los	None	dead	0.0	0.0	0.0	0.0	0.0	0.0	0.0	0.0
spe	88	87	2221.93	2144.39	2183.16	2396.19	2047.67	2323.79	1964.99	2180.59
spe	87	86	2144.39	2014.745	2079.5675	2323.79	1964.99	2208.35	1821.14	2072.465
hgt	80	GCA.003158275.1.Archaea.Halobacteriota	2032.885	0.0	1016.4425	2234.17	1831.6	0.0	0.0	1117.085
los	86	84	2014.745	1868.445	1941.595	2208.35	1821.14	2080.58	1656.31	1932.33
spe	39	35	2772.035	2625.215	2698.625	2935.32	2608.75	2814.09	2436.34	2685.83
hgt	93	GCF.000025525.1.Archaea.Methanobacteriota.A	2781.775	0.0	1390.8875	2937.35	2626.2	0.0	0.0	1468.675
hgt	None	dead	0.0	0.0	0.0	0.0	0.0	0.0	0.0	0.0
hgt	1292	GCF.001950325.1.Bacteria.Firmicutes.B	2370.88	0.0	1185.44	2569.61	2172.15	0.0	0.0	1284.805
hgt	1305	GCF.002207765.1.Bacteria.Firmicutes.B	2012.42	0.0	1006.21	2240.7	1784.14	0.0	0.0	1120.35
los	None	dead	0.0	0.0	0.0	0.0	0.0	0.0	0.0	0.0
hgt	None	dead	0.0	0.0	0.0	0.0	0.0	0.0	0.0	0.0
hgt	1264	GCA.900317035.1.Bacteria.Firmicutes.A	1943.29	0.0	971.645	2150.5	1736.08	0.0	0.0	1075.25
hgt	1280	GCF.000430605.1.Bacteria.Firmicutes.C	1441.56	0.0	720.78	1709.78	1173.34	0.0	0.0	854.89
los	None	dead	0.0	0.0	0.0	0.0	0.0	0.0	0.0	0.0
hgt	239	GCF.001027545.1.Bacteria.Elusimicrobiota	2146.715	0.0	1073.3575	2343.88	1949.55	0.0	0.0	1171.94
hgt	None	dead	0.0	0.0	0.0	0.0	0.0	0.0	0.0	0.0
hgt	721	GCA.003230535.1.Bacteria.SZUA.182	2908.09	0.0	1454.045	3069.2	2746.98	0.0	0.0	1534.6
hgt	1421	1419	2272.78	2163.145	2217.9625	2470.13	2075.43	2372.76	1953.53	2211.83
los	None	dead	0.0	0.0	0.0	0.0	0.0	0.0	0.0	0.0
spe	1421	1419	2272.78	2163.145	2217.9625	2470.13	2075.43	2372.76	1953.53	2211.83
hgt	118	GCA.001593855.1.Archaea.Thermoproteota	2278.345	0.0	1139.1725	2478.81	2077.88	0.0	0.0	1239.405
hgt	None	dead	0.0	0.0	0.0	0.0	0.0	0.0	0.0	0.0
hgt	107	GCA.001717025.1.Archaea.Thermoproteota	2229.765	0.0	1114.8825	2447.7	2011.83	0.0	0.0	1223.85
hgt	84	GCF.000011005.1.Archaea.Euryarchaeota	1868.445	0.0	934.2225	2080.58	1656.31	0.0	0.0	1040.29
los	None	dead	0.0	0.0	0.0	0.0	0.0	0.0	0.0	0.0
hgt	None	dead	0.0	0.0	0.0	0.0	0.0	0.0	0.0	0.0
hgt	733	GCA.003235715.1.Bacteria.Nitrospirota	2275.95	0.0	1137.975	2503.33	2048.57	0.0	0.0	1251.665
hgt	1312	GCF.000019165.1.Bacteria.Firmicutes.B	2058.365	0.0	1029.1825	2278.56	1838.17	0.0	0.0	1139.28
hgt	846	GCF.001611275.1.Bacteria.Desulfobacterota	2541.4	0.0	1270.7	2725.16	2357.64	0.0	0.0	1362.58
los	None	dead	0.0	0.0	0.0	0.0	0.0	0.0	0.0	0.0
hgt	1319	GCF.900100785.1.Bacteria.Firmicutes.B	2388.655	0.0	1194.3275	2562.17	2215.14	0.0	0.0	1281.085
hgt	None	dead	0.0	0.0	0.0	0.0	0.0	0.0	0.0	0.0
hgt	853	GCA.003232385.1.Bacteria.SZUA.79	2576.375	0.0	1288.1875	2761.44	2391.31	0.0	0.0	1380.72
los	None	dead	0.0	0.0	0.0	0.0	0.0	0.0	0.0	0.0
hgt	None	dead	0.0	0.0	0.0	0.0	0.0	0.0	0.0	0.0
dup	None	dead	0.0	0.0	0.0	0.0	0.0	0.0	0.0	0.0
hgt	67	GCA.001421185.1.Archaea.Thermoplasmatota	2122.965	0.0	1061.4825	2304.6	1941.33	0.0	0.0	1152.3
hgt	1350	GCF.001742305.1.Bacteria.Firmicutes	1969.515	0.0	984.7575	2159.85	1779.18	0.0	0.0	1079.925
dup	None	dead	0.0	0.0	0.0	0.0	0.0	0.0	0.0	0.0
hgt	1285	1281	1868.68	1642.245	1755.4625	2085.73	1651.63	1876.63	1407.86	1746.795
hgt	1288	GCA.002411145.1.Bacteria.Firmicutes.C	2207.725	0.0	1103.8625	2392.63	2022.82	0.0	0.0	1196.315
hgt	1312	GCF.002607855.1.Bacteria.Firmicutes.B	2058.365	0.0	1029.1825	2278.56	1838.17	0.0	0.0	1139.28
los	None	dead	0.0	0.0	0.0	0.0	0.0	0.0	0.0	0.0
hgt	1288	GCA.002411145.1.Bacteria.Firmicutes.C	2207.725	0.0	1103.8625	2392.63	2022.82	0.0	0.0	1196.315
spe	1285	1281	1868.68	1642.245	1755.4625	2085.73	1651.63	1876.63	1407.86	1746.795
dup	1281	GCF.002257705.1.Bacteria.Firmicutes.C	1642.245	0.0	821.1225	1876.63	1407.86	0.0	0.0	938.315
spe	1281	1280	1642.245	1441.56	1541.9025	1876.63	1407.86	1709.78	1173.34	1524.985
hgt	1285	1281	1868.68	1642.245	1755.4625	2085.73	1651.63	1876.63	1407.86	1746.795
spe	1285	1281	1868.68	1642.245	1755.4625	2085.73	1651.63	1876.63	1407.86	1746.795
spe	1281	1280	1642.245	1441.56	1541.9025	1876.63	1407.86	1709.78	1173.34	1524.985
los	1280	GCF.000430605.1.Bacteria.Firmicutes.C	1441.56	0.0	720.78	1709.78	1173.34	0.0	0.0	854.89
hgt	1280	GCF.900104455.1.Bacteria.Firmicutes.C	1441.56	0.0	720.78	1709.78	1173.34	0.0	0.0	854.89
hgt	880	GCA.001577715.1.Bacteria.Desulfobacterota	2202.89	0.0	1101.445	2408.81	1996.97	0.0	0.0	1204.405
hgt	1269	GCF.002252565.1.Bacteria.Firmicutes.A	2051.8	0.0	1025.9	2236.36	1867.24	0.0	0.0	1118.18
los	None	dead	0.0	0.0	0.0	0.0	0.0	0.0	0.0	0.0
hgt	1720	1719	2606.445	2506.285	2556.365	2696.98	2515.91	2604.85	2407.72	2552.35
hgt	720	GCA.002347965.1.Bacteria.UBA2233	2734.075	0.0	1367.0375	2916.96	2551.19	0.0	0.0	1458.48
hgt	749	GCA.003229375.1.Bacteria.Nitrospinota	2363.875	0.0	1181.9375	2575.43	2152.32	0.0	0.0	1287.715
los	None	dead	0.0	0.0	0.0	0.0	0.0	0.0	0.0	0.0
hgt	None	dead	0.0	0.0	0.0	0.0	0.0	0.0	0.0	0.0
spe	1720	1719	2606.445	2506.285	2556.365	2696.98	2515.91	2604.85	2407.72	2552.35
spe	1719	1718	2506.285	2393.24	2449.7625	2604.85	2407.72	2492.26	2294.22	2449.535
los	1718	1717	2393.24	2268.17	2330.705	2492.26	2294.22	2385.3	2151.04	2321.65
spe	1718	1704	2393.24	2299.84	2346.54	2492.26	2294.22	2399.06	2200.62	2346.44
spe	1704	1672	2299.84	2154.84	2227.34	2399.06	2200.62	2280.19	2029.49	2214.275
los	1672	GCF.000015965.1.Bacteria.Cyanobacteria	2154.84	0.0	1077.42	2280.19	2029.49	0.0	0.0	1140.095
spe	1704	1703	2299.84	2220.145	2259.9925	2399.06	2200.62	2317.57	2122.72	2260.89
spe	1703	1679	2220.145	2001.685	2110.915	2317.57	2122.72	2133.82	1869.55	2093.56
los	1679	GCF.000473895.1.Bacteria.Cyanobacteria	2001.685	0.0	1000.8425	2133.82	1869.55	0.0	0.0	1066.91
spe	1679	1678	2001.685	1122.4185	1562.05175	2133.82	1869.55	1385.17	859.667	1496.7435
spe	1678	1676	1122.4185	295.292	708.85525	1385.17	859.667	427.194	163.39	774.28
los	1676	UCYNA2	295.292	0.0	147.646	427.194	163.39	0.0	0.0	213.597
spe	1703	1702	2220.145	2160.51	2190.3275	2317.57	2122.72	2257.39	2063.63	2190.6
spe	1702	1701	2160.51	2117.68	2139.095	2257.39	2063.63	2210.97	2024.39	2140.89
spe	1701	1685	2117.68	2011.14	2064.41	2210.97	2024.39	2124.52	1897.76	2054.365
los	1685	GCF.000018105.1.Bacteria.Cyanobacteria	2011.14	0.0	1005.57	2124.52	1897.76	0.0	0.0	1062.26
spe	1685	1684	2011.14	1851.405	1931.2725	2124.52	1897.76	1997.61	1705.2	1914.86
los	1684	GCA.001698445.1.Bacteria.Cyanobacteria	1851.405	0.0	925.7025	1997.61	1705.2	0.0	0.0	998.805
spe	1701	1700	2117.68	2037.95	2077.815	2210.97	2024.39	2130.46	1945.44	2078.205
spe	1700	1699	2037.95	1966.585	2002.2675	2130.46	1945.44	2051.72	1881.45	2005.955
los	1699	GCF.000317045.1.Bacteria.Cyanobacteria	1966.585	0.0	983.2925	2051.72	1881.45	0.0	0.0	1025.86
spe	1699	1698	1966.585	1629.64	1798.1125	2051.72	1881.45	1658.88	1600.4	1826.06
los	1698	1692	1629.64	247.20855	938.42428	1658.88	1600.4	402.821	91.5961	875.23805
spe	1698	1697	1629.64	1386.915	1508.2775	1658.88	1600.4	1498.21	1275.62	1467.25
spe	1697	1695	1386.915	955.3765	1171.14575	1498.21	1275.62	1178.07	732.683	1115.4465
hgt	1692	Richelia.intracellularis.HH01	247.20855	0.0	123.60428	402.821	91.5961	0.0	0.0	201.4105
spe	1700	1688	2037.95	1799.565	1918.7575	2130.46	1945.44	1942.05	1657.08	1893.77
hgt	644	636	2211.125	2146.87	2178.9975	2362.51	2059.74	2302.89	1990.85	2176.68
hgt	837	GCA.001768075.1.Bacteria.Myxococcota	2276.83	0.0	1138.415	2468.96	2084.7	0.0	0.0	1234.48
hgt	736	GCA.001803795.1.Bacteria.Nitrospirota	2435.77	0.0	1217.885	2649.26	2222.28	0.0	0.0	1324.63
los	None	dead	0.0	0.0	0.0	0.0	0.0	0.0	0.0	0.0
spe	644	636	2211.125	2146.87	2178.9975	2362.51	2059.74	2302.89	1990.85	2176.68
spe	636	634	2146.87	2007.49	2077.18	2302.89	1990.85	2185.15	1829.83	2066.36
hgt	None	dead	0.0	0.0	0.0	0.0	0.0	0.0	0.0	0.0
los	634	GCF.002020875.1.Bacteria.Proteobacteria	2007.49	0.0	1003.745	2185.15	1829.83	0.0	0.0	1092.575
hgt	498	GCF.000192575.1.Bacteria.Proteobacteria	1734.36	0.0	867.18	1926.5	1542.22	0.0	0.0	963.25
los	None	dead	0.0	0.0	0.0	0.0	0.0	0.0	0.0	0.0
hgt	536	GCF.900111015.1.Bacteria.Proteobacteria	2343.3	0.0	1171.65	2502.24	2184.36	0.0	0.0	1251.12
hgt	568	GCA.002862435.1.Bacteria.Proteobacteria	2035.48	0.0	1017.74	2214.09	1856.87	0.0	0.0	1107.045
hgt	458	GCA.002340345.1.Bacteria.Proteobacteria	2053.74	0.0	1026.87	2214.88	1892.6	0.0	0.0	1107.44
hgt	None	dead	0.0	0.0	0.0	0.0	0.0	0.0	0.0	0.0
hgt	495	GCF.003173035.1.Bacteria.Proteobacteria	1736.875	0.0	868.4375	1936.33	1537.42	0.0	0.0	968.165
hgt	463	462	1889.86	1641.635	1765.7475	2062.81	1716.91	1844.48	1438.79	1750.8
los	None	dead	0.0	0.0	0.0	0.0	0.0	0.0	0.0	0.0
spe	463	462	1889.86	1641.635	1765.7475	2062.81	1716.91	1844.48	1438.79	1750.8
hgt	None	dead	0.0	0.0	0.0	0.0	0.0	0.0	0.0	0.0
hgt	565	GCF.002958735.1.Bacteria.Proteobacteria	2067.745	0.0	1033.8725	2247.81	1887.68	0.0	0.0	1123.905
hgt	406	GCA.001872725.1.Bacteria.Proteobacteria	2769.905	0.0	1384.9525	2921.46	2618.35	0.0	0.0	1460.73
hgt	542	GCA.002352565.1.Bacteria.Proteobacteria	2266.915	0.0	1133.4575	2432.28	2101.55	0.0	0.0	1216.14
hgt	659	GCA.000830255.1.Bacteria.Campylobacterota	2073.72	0.0	1036.86	2328.01	1819.43	0.0	0.0	1164.005
hgt	519	GCF.002109495.1.Bacteria.Proteobacteria	2801.035	0.0	1400.5175	2944.12	2657.95	0.0	0.0	1472.06
los	None	dead	0.0	0.0	0.0	0.0	0.0	0.0	0.0	0.0
spe	397	396	3038.98	2831.62	2935.3	3186.65	2891.31	2997.63	2665.61	2926.13
spe	396	395	2831.62	2049.66	2440.64	2997.63	2665.61	2351.06	1748.26	2372.945
hgt	143	GCA.001563325.1.Archaea.Asgardarchaeota	2511.185	0.0	1255.5925	2712.39	2309.98	0.0	0.0	1356.195
los	395	GCF.000487995.1.Bacteria.Deferribacterota	2049.66	0.0	1024.83	2351.06	1748.26	0.0	0.0	1175.53
hgt	1284	GCF.001553315.1.Bacteria.Firmicutes.C	1576.575	0.0	788.2875	1830.37	1322.78	0.0	0.0	915.185
hgt	1173	GCA.002897715.1.Bacteria.Actinobacteriota	2194.99	0.0	1097.495	2420.07	1969.91	0.0	0.0	1210.035
los	None	dead	0.0	0.0	0.0	0.0	0.0	0.0	0.0	0.0
