event	left_node	right_node	left_date	right_date	midpoint_date	left_date_lower	left_date_upper	right_date_lower	right_date_upper	midpoint_date_all
hgt	None	dead	0.0	0.0	0.0	0.0	0.0	0.0	0.0	0.0
dup	None	dead	0.0	0.0	0.0	0.0	0.0	0.0	0.0	0.0
dup	None	dead	0.0	0.0	0.0	0.0	0.0	0.0	0.0	0.0
hgt	794	GCA.001798565.1.Bacteria.Desulfobacterota.B	2136.5	0.0	1068.25	2343.87	1929.13	0.0	0.0	1171.935
los	None	dead	0.0	0.0	0.0	0.0	0.0	0.0	0.0	0.0
hgt	797	796	2488.59	2368.175	2428.3825	2661.77	2315.41	2549.94	2186.41	2424.09
los	None	dead	0.0	0.0	0.0	0.0	0.0	0.0	0.0	0.0
spe	797	796	2488.59	2368.175	2428.3825	2661.77	2315.41	2549.94	2186.41	2424.09
spe	796	795	2368.175	2229.875	2299.025	2549.94	2186.41	2422.94	2036.81	2293.375
spe	795	794	2229.875	2136.5	2183.1875	2422.94	2036.81	2343.87	1929.13	2176.035
los	794	GCA.001798565.1.Bacteria.Desulfobacterota.B	2136.5	0.0	1068.25	2343.87	1929.13	0.0	0.0	1171.935
spe	795	791	2229.875	2015.09	2122.4825	2422.94	2036.81	2237.3	1792.88	2107.91
dup	None	dead	0.0	0.0	0.0	0.0	0.0	0.0	0.0	0.0
hgt	825	GCA.003170275.1.Bacteria.Myxococcota	1914.98	0.0	957.49	2142.21	1687.75	0.0	0.0	1071.105
los	None	dead	0.0	0.0	0.0	0.0	0.0	0.0	0.0	0.0
hgt	854	853	2738.145	2576.375	2657.26	2894.15	2582.14	2761.44	2391.31	2642.73
los	None	dead	0.0	0.0	0.0	0.0	0.0	0.0	0.0	0.0
spe	854	853	2738.145	2576.375	2657.26	2894.15	2582.14	2761.44	2391.31	2642.73
hgt	359	GCF.000949635.1.Bacteria.Planctomycetota	2462.325	0.0	1231.1625	2655.98	2268.67	0.0	0.0	1327.99
hgt	None	dead	0.0	0.0	0.0	0.0	0.0	0.0	0.0	0.0
hgt	892	GCA.001873285.1.Bacteria.CG2.30.53.67	2624.55	0.0	1312.275	2832.73	2416.37	0.0	0.0	1416.365
los	None	dead	0.0	0.0	0.0	0.0	0.0	0.0	0.0	0.0
hgt	None	dead	0.0	0.0	0.0	0.0	0.0	0.0	0.0	0.0
hgt	None	dead	0.0	0.0	0.0	0.0	0.0	0.0	0.0	0.0
spe	1642	1478	3305.11	3178.32	3241.715	3444.34	3165.88	3320.39	3036.25	3240.295
hgt	712	711	2570.455	2445.625	2508.04	2733.41	2407.5	2626.53	2264.72	2499.065
hgt	None	dead	0.0	0.0	0.0	0.0	0.0	0.0	0.0	0.0
hgt	1116	GCA.002435745.1.Bacteria.UBP15	2746.26	0.0	1373.13	2951.68	2540.84	0.0	0.0	1475.84
hgt	None	dead	0.0	0.0	0.0	0.0	0.0	0.0	0.0	0.0
hgt	1457	GCA.002404055.1.Bacteria.Chloroflexota	2476.295	0.0	1238.1475	2697.47	2255.12	0.0	0.0	1348.735
los	None	dead	0.0	0.0	0.0	0.0	0.0	0.0	0.0	0.0
spe	1478	1396	3178.32	2525.675	2851.9975	3320.39	3036.25	2773.68	2277.67	2799.03
hgt	1148	GCF.000969705.1.Bacteria.Actinobacteriota	2328.75	0.0	1164.375	2528.83	2128.67	0.0	0.0	1264.415
dup	1396	GCA.003151665.1.Bacteria.Dormibacterota	2525.675	0.0	1262.8375	2773.68	2277.67	0.0	0.0	1386.84
dup	None	dead	0.0	0.0	0.0	0.0	0.0	0.0	0.0	0.0
hgt	684	GCA.002483445.1.Bacteria.Acidobacteriota	1980.48	0.0	990.24	2216.57	1744.39	0.0	0.0	1108.285
los	None	dead	0.0	0.0	0.0	0.0	0.0	0.0	0.0	0.0
dup	None	dead	0.0	0.0	0.0	0.0	0.0	0.0	0.0	0.0
hgt	326	GCF.900129635.1.Bacteria.Planctomycetota	1901.84	0.0	950.92	2150.28	1653.4	0.0	0.0	1075.14
los	None	dead	0.0	0.0	0.0	0.0	0.0	0.0	0.0	0.0
hgt	1461	GCA.002347925.1.Bacteria.Chloroflexota	2433.39	0.0	1216.695	2666.93	2199.85	0.0	0.0	1333.465
los	None	dead	0.0	0.0	0.0	0.0	0.0	0.0	0.0	0.0
spe	712	711	2570.455	2445.625	2508.04	2733.41	2407.5	2626.53	2264.72	2499.065
hgt	1141	GCA.003140175.1.Bacteria.Actinobacteriota	2008.575	0.0	1004.2875	2245.24	1771.91	0.0	0.0	1122.62
hgt	321	GCA.003136555.1.Bacteria.Planctomycetota	2808.805	0.0	1404.4025	2975.88	2641.73	0.0	0.0	1487.94
hgt	1123	GCA.003542955.1.Bacteria.Armatimonadota	2570.025	0.0	1285.0125	2796.13	2343.92	0.0	0.0	1398.065
spe	711	709	2445.625	2213.91	2329.7675	2626.53	2264.72	2433.06	1994.76	2310.645
hgt	1198	GCA.002159155.1.Bacteria.Firmicutes.G	2678.675	0.0	1339.3375	2871.78	2485.57	0.0	0.0	1435.89
los	709	GCA.003223995.1.Bacteria.Acidobacteriota	2213.91	0.0	1106.955	2433.06	1994.76	0.0	0.0	1216.53
hgt	924	GCA.003221825.1.Bacteria.Gemmatimonadota	2422.26	0.0	1211.13	2682.06	2162.46	0.0	0.0	1341.03
hgt	1167	1166	2503.64	1991.825	2247.7325	2682.48	2324.8	2191.81	1791.84	2237.16
hgt	1164	1160	1690.82	1520.98	1605.9	1917.35	1464.29	1761.58	1280.38	1598.865
spe	1164	1160	1690.82	1520.98	1605.9	1917.35	1464.29	1761.58	1280.38	1598.865
hgt	1148	GCA.003021615.1.Bacteria.Actinobacteriota	2328.75	0.0	1164.375	2528.83	2128.67	0.0	0.0	1264.415
spe	1160	1158	1520.98	1386.605	1453.7925	1761.58	1280.38	1639.35	1133.86	1447.72
hgt	1154	GCF.003047285.1.Bacteria.Actinobacteriota	1356.86	0.0	678.43	1624.69	1089.03	0.0	0.0	812.345
hgt	1163	GCF.000384115.1.Bacteria.Actinobacteriota	1488.035	0.0	744.0175	1730.27	1245.8	0.0	0.0	865.135
hgt	1155	GCF.003443735.1.Bacteria.Actinobacteriota	1711.135	0.0	855.5675	1936.0	1486.27	0.0	0.0	968.0
hgt	1166	GCF.004348535.1.Bacteria.Actinobacteriota	1991.825	0.0	995.9125	2191.81	1791.84	0.0	0.0	1095.905
hgt	None	dead	0.0	0.0	0.0	0.0	0.0	0.0	0.0	0.0
hgt	1158	GCF.900106035.1.Bacteria.Actinobacteriota	1386.605	0.0	693.3025	1639.35	1133.86	0.0	0.0	819.675
los	None	dead	0.0	0.0	0.0	0.0	0.0	0.0	0.0	0.0
hgt	42	GCA.003230355.1.Archaea.Hydrothermarchaeota	2631.08	0.0	1315.54	2832.32	2429.84	0.0	0.0	1416.16
spe	1167	1166	2503.64	1991.825	2247.7325	2682.48	2324.8	2191.81	1791.84	2237.16
spe	1166	1165	1991.825	1840.865	1916.345	2191.81	1791.84	2058.77	1622.96	1907.385
los	1165	1164	1840.865	1690.82	1765.8425	2058.77	1622.96	1917.35	1464.29	1761.53
spe	1165	1155	1840.865	1711.135	1776.0	2058.77	1622.96	1936.0	1486.27	1772.52
spe	1155	1154	1711.135	1356.86	1533.9975	1936.0	1486.27	1624.69	1089.03	1512.515
los	1154	GCF.001591405.1.Bacteria.Actinobacteria	1356.86	0.0	678.43	1624.69	1089.03	0.0	0.0	812.345
spe	1478	1477	3178.32	3065.68	3122.0	3320.39	3036.25	3209.37	2921.99	3121.19
spe	1477	1431	3065.68	2900.705	2983.1925	3209.37	2921.99	3055.74	2745.67	2977.52
hgt	None	dead	0.0	0.0	0.0	0.0	0.0	0.0	0.0	0.0
los	1431	1427	2900.705	2775.63	2838.1675	3055.74	2745.67	2935.39	2615.87	2835.805
hgt	1145	1143	2458.975	2319.725	2389.35	2644.12	2273.83	2519.3	2120.15	2382.135
los	None	dead	0.0	0.0	0.0	0.0	0.0	0.0	0.0	0.0
spe	1145	1143	2458.975	2319.725	2389.35	2644.12	2273.83	2519.3	2120.15	2382.135
hgt	293	GCA.002429065.1.Bacteria.Verrucomicrobiota	2421.68	0.0	1210.84	2621.74	2221.62	0.0	0.0	1310.87
hgt	1148	GCF.000969705.1.Bacteria.Actinobacteriota	2328.75	0.0	1164.375	2528.83	2128.67	0.0	0.0	1264.415
hgt	967	GCF.000013045.1.Bacteria.Bacteroidota	2386.18	0.0	1193.09	2566.06	2206.3	0.0	0.0	1283.03
dup	293	GCA.002429065.1.Bacteria.Verrucomicrobiota	2421.68	0.0	1210.84	2621.74	2221.62	0.0	0.0	1310.87
spe	1143	1141	2319.725	2008.575	2164.15	2519.3	2120.15	2245.24	1771.91	2145.605
hgt	702	GCA.003152095.1.Bacteria.Acidobacteriota	2020.225	0.0	1010.1125	2250.44	1790.01	0.0	0.0	1125.22
los	1141	GCA.003140175.1.Bacteria.Actinobacteriota	2008.575	0.0	1004.2875	2245.24	1771.91	0.0	0.0	1122.62
spe	1141	1140	2008.575	1795.075	1901.825	2245.24	1771.91	2067.33	1522.82	1884.03
hgt	275	GCA.001784175.1.Bacteria.Lindowbacteria	3039.065	0.0	1519.5325	3208.38	2869.75	0.0	0.0	1604.19
hgt	1198	GCA.002159155.1.Bacteria.Firmicutes.G	2678.675	0.0	1339.3375	2871.78	2485.57	0.0	0.0	1435.89
hgt	267	GCA.002428325.1.Bacteria.UBP4	2989.33	0.0	1494.665	3160.51	2818.15	0.0	0.0	1580.255
hgt	1463	1457	2750.56	2476.295	2613.4275	2918.34	2582.78	2697.47	2255.12	2586.73
spe	1431	1430	2900.705	2636.055	2768.38	3055.74	2745.67	2857.47	2414.64	2735.19
hgt	None	dead	0.0	0.0	0.0	0.0	0.0	0.0	0.0	0.0
hgt	1173	GCA.002897715.1.Bacteria.Actinobacteriota	2194.99	0.0	1097.495	2420.07	1969.91	0.0	0.0	1210.035
los	None	dead	0.0	0.0	0.0	0.0	0.0	0.0	0.0	0.0
hgt	1145	1143	2458.975	2319.725	2389.35	2644.12	2273.83	2519.3	2120.15	2382.135
hgt	1167	GCA.002413185.1.Bacteria.Actinobacteriota	2503.64	0.0	1251.82	2682.48	2324.8	0.0	0.0	1341.24
spe	1145	1143	2458.975	2319.725	2389.35	2644.12	2273.83	2519.3	2120.15	2382.135
spe	1143	1141	2319.725	2008.575	2164.15	2519.3	2120.15	2245.24	1771.91	2145.605
los	1141	1140	2008.575	1795.075	1901.825	2245.24	1771.91	2067.33	1522.82	1884.03
spe	1463	1457	2750.56	2476.295	2613.4275	2918.34	2582.78	2697.47	2255.12	2586.73
hgt	1440	1439	2358.68	2159.315	2258.9975	2549.6	2167.76	2363.76	1954.87	2252.235
hgt	857	GCA.002010915.1.Bacteria.Desulfobacterota	2515.41	0.0	1257.705	2699.69	2331.13	0.0	0.0	1349.845
hgt	982	GCF.001535965.1.Bacteria.Bacteroidota	2450.7	0.0	1225.35	2617.0	2284.4	0.0	0.0	1308.5
hgt	681	GCA.002712885.1.Bacteria.Acidobacteriota	2463.525	0.0	1231.7625	2639.97	2287.08	0.0	0.0	1319.985
hgt	696	695	2077.305	1981.07	2029.1875	2277.79	1876.82	2189.24	1772.9	2025.345
spe	696	695	2077.305	1981.07	2029.1875	2277.79	1876.82	2189.24	1772.9	2025.345
spe	695	694	1981.07	1909.495	1945.2825	2189.24	1772.9	2127.24	1691.75	1940.495
los	694	692	1909.495	1806.3	1857.8975	2127.24	1691.75	2047.7	1564.9	1846.07
hgt	1720	GCF.000484535.1.Bacteria.Cyanobacteria	2606.445	0.0	1303.2225	2696.98	2515.91	0.0	0.0	1348.49
dup	695	GCA.003131705.1.Bacteria.Acidobacteriota	1981.07	0.0	990.535	2189.24	1772.9	0.0	0.0	1094.62
hgt	1719	GCF.000013205.1.Bacteria.Cyanobacteria	2506.285	0.0	1253.1425	2604.85	2407.72	0.0	0.0	1302.425
hgt	972	GCA.003158475.1.Bacteria.Bacteroidota	1965.985	0.0	982.9925	2180.25	1751.72	0.0	0.0	1090.125
spe	1440	1439	2358.68	2159.315	2258.9975	2549.6	2167.76	2363.76	1954.87	2252.235
spe	1439	1438	2159.315	1986.755	2073.035	2363.76	1954.87	2210.66	1762.85	2063.305
los	1438	GCA.002841995.1.Bacteria.Chloroflexota	1986.755	0.0	993.3775	2210.66	1762.85	0.0	0.0	1105.33
spe	1438	1437	1986.755	1859.345	1923.05	2210.66	1762.85	2096.58	1622.11	1916.385
hgt	147	GCA.001940725.1.Archaea.Asgardarchaeota	2281.01	0.0	1140.505	2488.59	2073.43	0.0	0.0	1244.295
hgt	832	GCA.002721815.1.Bacteria.Myxococcota	2268.205	0.0	1134.1025	2461.92	2074.49	0.0	0.0	1230.96
hgt	150	GCA.001940645.1.Archaea.Asgardarchaeota	2169.605	0.0	1084.8025	2389.82	1949.39	0.0	0.0	1194.91
hgt	1106	GCA.003134215.1.Bacteria.Armatimonadota	2220.8	0.0	1110.4	2480.29	1961.31	0.0	0.0	1240.145
dup	147	GCA.001940725.1.Archaea.Asgardarchaeota	2281.01	0.0	1140.505	2488.59	2073.43	0.0	0.0	1244.295
hgt	741	GCA.001771285.1.Bacteria.Methylomirabilota	2582.55	0.0	1291.275	2791.15	2373.95	0.0	0.0	1395.575
hgt	1461	GCA.002413265.1.Bacteria.Chloroflexota	2433.39	0.0	1216.695	2666.93	2199.85	0.0	0.0	1333.465
hgt	1474	1473	2804.86	2043.005	2423.9325	2967.88	2641.84	2324.44	1761.57	2364.725
hgt	1469	GCA.001898225.1.Bacteria.Chloroflexota	2472.76	0.0	1236.38	2679.0	2266.52	0.0	0.0	1339.5
spe	1474	1473	2804.86	2043.005	2423.9325	2967.88	2641.84	2324.44	1761.57	2364.725
hgt	1178	1177	2241.835	2055.195	2148.515	2458.12	2025.55	2300.55	1809.84	2133.98
spe	1178	1177	2241.835	2055.195	2148.515	2458.12	2025.55	2300.55	1809.84	2133.98
hgt	812	GCA.002863065.1.Bacteria.Myxococcota	2281.345	0.0	1140.6725	2464.68	2098.01	0.0	0.0	1232.34
hgt	339	GCA.002311745.1.Bacteria.Planctomycetota	2169.255	0.0	1084.6275	2369.72	1968.79	0.0	0.0	1184.86
hgt	1173	GCA.001768675.1.Bacteria.Actinobacteriota	2194.99	0.0	1097.495	2420.07	1969.91	0.0	0.0	1210.035
hgt	1399	GCA.002450835.1.Bacteria.Chloroflexota	2391.86	0.0	1195.93	2619.19	2164.53	0.0	0.0	1309.595
hgt	686	GCA.002451015.1.Bacteria.Acidobacteriota	2295.75	0.0	1147.875	2486.27	2105.23	0.0	0.0	1243.135
hgt	326	GCA.002404095.1.Bacteria.Planctomycetota	1901.84	0.0	950.92	2150.28	1653.4	0.0	0.0	1075.14
hgt	861	GCA.002327985.1.Bacteria.Desulfobacterota	2265.965	0.0	1132.9825	2474.98	2056.95	0.0	0.0	1237.49
hgt	686	GCA.002451015.1.Bacteria.Acidobacteriota	2295.75	0.0	1147.875	2486.27	2105.23	0.0	0.0	1243.135
hgt	332	GCA.002704825.1.Bacteria.Planctomycetota	1728.22	0.0	864.11	1979.25	1477.19	0.0	0.0	989.625
hgt	None	dead	0.0	0.0	0.0	0.0	0.0	0.0	0.0	0.0
hgt	1461	GCA.002413265.1.Bacteria.Chloroflexota	2433.39	0.0	1216.695	2666.93	2199.85	0.0	0.0	1333.465
los	None	dead	0.0	0.0	0.0	0.0	0.0	0.0	0.0	0.0
hgt	None	dead	0.0	0.0	0.0	0.0	0.0	0.0	0.0	0.0
hgt	1136	GCA.003157385.1.Bacteria.Actinobacteriota	2691.07	0.0	1345.535	2887.94	2494.2	0.0	0.0	1443.97
los	None	dead	0.0	0.0	0.0	0.0	0.0	0.0	0.0	0.0
hgt	None	dead	0.0	0.0	0.0	0.0	0.0	0.0	0.0	0.0
dup	None	dead	0.0	0.0	0.0	0.0	0.0	0.0	0.0	0.0
hgt	794	GCA.003161515.1.Bacteria.Desulfobacterota.B	2136.5	0.0	1068.25	2343.87	1929.13	0.0	0.0	1171.935
los	None	dead	0.0	0.0	0.0	0.0	0.0	0.0	0.0	0.0
dup	None	dead	0.0	0.0	0.0	0.0	0.0	0.0	0.0	0.0
hgt	1177	GCA.003138355.1.Bacteria.Actinobacteriota	2055.195	0.0	1027.5975	2300.55	1809.84	0.0	0.0	1150.275
los	None	dead	0.0	0.0	0.0	0.0	0.0	0.0	0.0	0.0
dup	None	dead	0.0	0.0	0.0	0.0	0.0	0.0	0.0	0.0
hgt	692	GCA.003140235.1.Bacteria.Acidobacteriota	1806.3	0.0	903.15	2047.7	1564.9	0.0	0.0	1023.85
los	None	dead	0.0	0.0	0.0	0.0	0.0	0.0	0.0	0.0
dup	None	dead	0.0	0.0	0.0	0.0	0.0	0.0	0.0	0.0
hgt	282	GCA.003219195.1.Bacteria.Verrucomicrobiota	2053.795	0.0	1026.8975	2296.91	1810.68	0.0	0.0	1148.455
los	None	dead	0.0	0.0	0.0	0.0	0.0	0.0	0.0	0.0
hgt	1020	GCA.001780165.1.Bacteria.Eisenbacteria	2279.22	0.0	1139.61	2521.79	2036.65	0.0	0.0	1260.895
los	None	dead	0.0	0.0	0.0	0.0	0.0	0.0	0.0	0.0
spe	1477	1476	3065.68	2948.885	3007.2825	3209.37	2921.99	3099.11	2798.66	3004.015
hgt	None	dead	0.0	0.0	0.0	0.0	0.0	0.0	0.0	0.0
hgt	136	GCA.000375685.1.Archaea.Thermoproteota	2489.555	0.0	1244.7775	2665.95	2313.16	0.0	0.0	1332.975
los	None	dead	0.0	0.0	0.0	0.0	0.0	0.0	0.0	0.0
hgt	None	dead	0.0	0.0	0.0	0.0	0.0	0.0	0.0	0.0
hgt	74	GCA.002011165.1.Archaea.Halobacteriota	2278.05	0.0	1139.025	2455.2	2100.9	0.0	0.0	1227.6
los	None	dead	0.0	0.0	0.0	0.0	0.0	0.0	0.0	0.0
hgt	None	dead	0.0	0.0	0.0	0.0	0.0	0.0	0.0	0.0
hgt	1145	GCA.001767695.1.Bacteria.Actinobacteriota	2458.975	0.0	1229.4875	2644.12	2273.83	0.0	0.0	1322.06
los	None	dead	0.0	0.0	0.0	0.0	0.0	0.0	0.0	0.0
hgt	None	dead	0.0	0.0	0.0	0.0	0.0	0.0	0.0	0.0
hgt	1431	1430	2900.705	2636.055	2768.38	3055.74	2745.67	2857.47	2414.64	2735.19
hgt	None	dead	0.0	0.0	0.0	0.0	0.0	0.0	0.0	0.0
hgt	None	dead	0.0	0.0	0.0	0.0	0.0	0.0	0.0	0.0
hgt	668	GCA.001775755.1.Bacteria.Acidobacteriota	2182.81	0.0	1091.405	2412.62	1953.0	0.0	0.0	1206.31
los	None	dead	0.0	0.0	0.0	0.0	0.0	0.0	0.0	0.0
hgt	177	176	2987.475	2870.105	2928.79	3145.38	2829.57	3029.57	2710.64	2928.01
hgt	None	dead	0.0	0.0	0.0	0.0	0.0	0.0	0.0	0.0
hgt	150	GCA.003144275.1.Archaea.Asgardarchaeota	2169.605	0.0	1084.8025	2389.82	1949.39	0.0	0.0	1194.91
los	None	dead	0.0	0.0	0.0	0.0	0.0	0.0	0.0	0.0
spe	1476	1454	2948.885	2633.59	2791.2375	3099.11	2798.66	2806.22	2460.96	2780.035
hgt	None	dead	0.0	0.0	0.0	0.0	0.0	0.0	0.0	0.0
hgt	None	dead	0.0	0.0	0.0	0.0	0.0	0.0	0.0	0.0
hgt	1068	GCA.002877955.1.Bacteria.Caldisericota	2377.575	0.0	1188.7875	2621.46	2133.69	0.0	0.0	1310.73
los	None	dead	0.0	0.0	0.0	0.0	0.0	0.0	0.0	0.0
hgt	1209	GCA.002452295.1.Bacteria.Firmicutes.G	2688.15	0.0	1344.075	2886.59	2489.71	0.0	0.0	1443.295
hgt	874	873	2502.96	2374.525	2438.7425	2671.83	2334.09	2555.16	2193.89	2432.86
hgt	1235	GCA.002376005.1.Bacteria.Firmicutes.E	2501.715	0.0	1250.8575	2690.97	2312.46	0.0	0.0	1345.485
hgt	797	796	2488.59	2368.175	2428.3825	2661.77	2315.41	2549.94	2186.41	2424.09
spe	1454	1446	2633.59	2467.265	2550.4275	2806.22	2460.96	2650.86	2283.67	2544.945
spe	1446	1445	2467.265	2304.44	2385.8525	2650.86	2283.67	2498.38	2110.5	2380.68
spe	1445	1444	2304.44	2137.48	2220.96	2498.38	2110.5	2354.92	1920.04	2209.21
los	1444	GCA.003451595.1.Bacteria.Chloroflexota	2137.48	0.0	1068.74	2354.92	1920.04	0.0	0.0	1177.46
hgt	None	dead	0.0	0.0	0.0	0.0	0.0	0.0	0.0	0.0
dup	None	dead	0.0	0.0	0.0	0.0	0.0	0.0	0.0	0.0
hgt	1452	GCA.002348045.1.Bacteria.Chloroflexota	2204.94	0.0	1102.47	2468.84	1941.04	0.0	0.0	1234.42
los	None	dead	0.0	0.0	0.0	0.0	0.0	0.0	0.0	0.0
dup	None	dead	0.0	0.0	0.0	0.0	0.0	0.0	0.0	0.0
hgt	1439	GCF.900187885.1.Bacteria.Chloroflexota	2159.315	0.0	1079.6575	2363.76	1954.87	0.0	0.0	1181.88
los	None	dead	0.0	0.0	0.0	0.0	0.0	0.0	0.0	0.0
hgt	1307	GCA.000987045.1.Bacteria.Firmicutes.B	2196.38	0.0	1098.19	2389.69	2003.07	0.0	0.0	1194.845
los	None	dead	0.0	0.0	0.0	0.0	0.0	0.0	0.0	0.0
hgt	1237	1221	2784.985	2447.11	2616.0475	2940.94	2629.03	2673.77	2220.45	2580.695
spe	1446	1440	2467.265	2358.68	2412.9725	2650.86	2283.67	2549.6	2167.76	2409.31
spe	1440	1439	2358.68	2159.315	2258.9975	2549.6	2167.76	2363.76	1954.87	2252.235
hgt	143	GCA.001563325.1.Archaea.Asgardarchaeota	2511.185	0.0	1255.5925	2712.39	2309.98	0.0	0.0	1356.195
hgt	1285	1281	1868.68	1642.245	1755.4625	2085.73	1651.63	1876.63	1407.86	1746.795
hgt	1216	GCF.000020005.1.Bacteria.Firmicutes.D	2550.05	0.0	1275.025	2764.74	2335.36	0.0	0.0	1382.37
spe	1285	1281	1868.68	1642.245	1755.4625	2085.73	1651.63	1876.63	1407.86	1746.795
spe	1281	1280	1642.245	1441.56	1541.9025	1876.63	1407.86	1709.78	1173.34	1524.985
los	1280	GCF.900104455.1.Bacteria.Firmicutes.C	1441.56	0.0	720.78	1709.78	1173.34	0.0	0.0	854.89
hgt	1233	GCA.002291985.1.Bacteria.Firmicutes.E	2039.805	0.0	1019.9025	2298.21	1781.4	0.0	0.0	1149.105
hgt	None	dead	0.0	0.0	0.0	0.0	0.0	0.0	0.0	0.0
los	1439	1438	2159.315	1986.755	2073.035	2363.76	1954.87	2210.66	1762.85	2063.305
hgt	1087	GCA.003535305.1.Bacteria.Bipolaricaulota	1892.775	0.0	946.3875	2196.66	1588.89	0.0	0.0	1098.33
los	None	dead	0.0	0.0	0.0	0.0	0.0	0.0	0.0	0.0
hgt	1312	GCF.002607855.1.Bacteria.Firmicutes.B	2058.365	0.0	1029.1825	2278.56	1838.17	0.0	0.0	1139.28
hgt	877	GCF.000620765.1.Bacteria.Desulfobacterota.I	2406.095	0.0	1203.0475	2589.76	2222.43	0.0	0.0	1294.88
hgt	1452	GCA.002348045.1.Bacteria.Chloroflexota	2204.94	0.0	1102.47	2468.84	1941.04	0.0	0.0	1234.42
los	1440	GCF.001306175.1.Bacteria.Chloroflexota	2358.68	0.0	1179.34	2549.6	2167.76	0.0	0.0	1274.8
hgt	857	GCA.002010915.1.Bacteria.Desulfobacterota	2515.41	0.0	1257.705	2699.69	2331.13	0.0	0.0	1349.845
spe	1237	1221	2784.985	2447.11	2616.0475	2940.94	2629.03	2673.77	2220.45	2580.695
hgt	1322	GCA.000961765.1.Bacteria.Firmicutes.B	2209.475	0.0	1104.7375	2414.01	2004.94	0.0	0.0	1207.005
dup	1322	GCA.000961765.1.Bacteria.Firmicutes.B	2209.475	0.0	1104.7375	2414.01	2004.94	0.0	0.0	1207.005
hgt	None	dead	0.0	0.0	0.0	0.0	0.0	0.0	0.0	0.0
hgt	883	GCA.000961655.1.Bacteria.Desulfobacterota	2107.355	0.0	1053.6775	2320.43	1894.28	0.0	0.0	1160.215
los	None	dead	0.0	0.0	0.0	0.0	0.0	0.0	0.0	0.0
hgt	1183	GCA.002347365.1.Bacteria.Actinobacteriota	2457.105	0.0	1228.5525	2668.97	2245.24	0.0	0.0	1334.485
hgt	862	861	2368.33	2265.965	2317.1475	2561.03	2175.63	2474.98	2056.95	2308.99
spe	862	861	2368.33	2265.965	2317.1475	2561.03	2175.63	2474.98	2056.95	2308.99
hgt	849	GCF.000266945.1.Bacteria.Desulfobacterota	2490.935	0.0	1245.4675	2688.39	2293.48	0.0	0.0	1344.195
hgt	560	GCA.001735895.1.Bacteria.Proteobacteria	2138.97	0.0	1069.485	2303.08	1974.86	0.0	0.0	1151.54
hgt	581	GCA.002868855.1.Bacteria.Proteobacteria	1845.545	0.0	922.7725	2033.36	1657.73	0.0	0.0	1016.68
hgt	595	GCA.002389045.1.Bacteria.Proteobacteria	1816.095	0.0	908.0475	2002.91	1629.28	0.0	0.0	1001.455
hgt	444	GCA.002686135.1.Bacteria.Proteobacteria	1669.2	0.0	834.6	1892.76	1445.64	0.0	0.0	946.38
hgt	436	GCA.002722885.1.Bacteria.Proteobacteria	2217.14	0.0	1108.57	2372.03	2062.25	0.0	0.0	1186.015
spe	797	796	2488.59	2368.175	2428.3825	2661.77	2315.41	2549.94	2186.41	2424.09
spe	796	795	2368.175	2229.875	2299.025	2549.94	2186.41	2422.94	2036.81	2293.375
hgt	796	GCA.002238415.1.Bacteria.Desulfobacterota.B	2368.175	0.0	1184.0875	2549.94	2186.41	0.0	0.0	1274.97
los	795	794	2229.875	2136.5	2183.1875	2422.94	2036.81	2343.87	1929.13	2176.035
spe	795	791	2229.875	2015.09	2122.4825	2422.94	2036.81	2237.3	1792.88	2107.91
los	791	GCA.002050235.1.Bacteria.Desulfobacterota.B	2015.09	0.0	1007.545	2237.3	1792.88	0.0	0.0	1118.65
hgt	1235	GCA.002376005.1.Bacteria.Firmicutes.E	2501.715	0.0	1250.8575	2690.97	2312.46	0.0	0.0	1345.485
hgt	397	GCF.000526155.1.Bacteria.Desulfobacterota	3038.98	0.0	1519.49	3186.65	2891.31	0.0	0.0	1593.325
hgt	1437	GCF.900066015.1.Bacteria.Chloroflexota	1859.345	0.0	929.6725	2096.58	1622.11	0.0	0.0	1048.29
spe	874	873	2502.96	2374.525	2438.7425	2671.83	2334.09	2555.16	2193.89	2432.86
spe	873	871	2374.525	2172.555	2273.54	2555.16	2193.89	2382.24	1962.87	2259.015
hgt	1307	GCA.000987045.1.Bacteria.Firmicutes.B	2196.38	0.0	1098.19	2389.69	2003.07	0.0	0.0	1194.845
hgt	1292	GCF.000024605.1.Bacteria.Firmicutes.B	2370.88	0.0	1185.44	2569.61	2172.15	0.0	0.0	1284.805
hgt	1221	GCA.002375925.1.Bacteria.Firmicutes.E	2447.11	0.0	1223.555	2673.77	2220.45	0.0	0.0	1336.885
los	871	GCA.007244385.1.Bacteria.Desulfobacterota	2172.555	0.0	1086.2775	2382.24	1962.87	0.0	0.0	1191.12
hgt	1209	GCA.002452295.1.Bacteria.Firmicutes.G	2688.15	0.0	1344.075	2886.59	2489.71	0.0	0.0	1443.295
hgt	1308	1307	2377.745	2196.38	2287.0625	2550.36	2205.13	2389.69	2003.07	2276.715
hgt	1233	GCA.003449495.1.Bacteria.Firmicutes.E	2039.805	0.0	1019.9025	2298.21	1781.4	0.0	0.0	1149.105
hgt	436	GCA.002722885.1.Bacteria.Proteobacteria	2217.14	0.0	1108.57	2372.03	2062.25	0.0	0.0	1186.015
spe	1308	1307	2377.745	2196.38	2287.0625	2550.36	2205.13	2389.69	2003.07	2276.715
hgt	376	GCA.002418835.1.Bacteria.Spirochaetota	2638.94	0.0	1319.47	2822.05	2455.83	0.0	0.0	1411.025
hgt	1308	1300	2377.745	2090.18	2233.9625	2550.36	2205.13	2311.51	1868.85	2209.605
spe	1307	1305	2196.38	2012.42	2104.4	2389.69	2003.07	2240.7	1784.14	2086.915
hgt	837	GCA.001768075.1.Bacteria.Myxococcota	2276.83	0.0	1138.415	2468.96	2084.7	0.0	0.0	1234.48
los	1305	1304	2012.42	1697.92	1855.17	2240.7	1784.14	1975.42	1420.42	1830.56
spe	1308	1300	2377.745	2090.18	2233.9625	2550.36	2205.13	2311.51	1868.85	2209.605
hgt	1312	GCF.000019165.1.Bacteria.Firmicutes.B	2058.365	0.0	1029.1825	2278.56	1838.17	0.0	0.0	1139.28
hgt	1292	GCF.001950325.1.Bacteria.Firmicutes.B	2370.88	0.0	1185.44	2569.61	2172.15	0.0	0.0	1284.805
hgt	1319	GCF.900100785.1.Bacteria.Firmicutes.B	2388.655	0.0	1194.3275	2562.17	2215.14	0.0	0.0	1281.085
hgt	1350	GCF.001742305.1.Bacteria.Firmicutes	1969.515	0.0	984.7575	2159.85	1779.18	0.0	0.0	1079.925
hgt	1233	GCA.003449495.1.Bacteria.Firmicutes.E	2039.805	0.0	1019.9025	2298.21	1781.4	0.0	0.0	1149.105
hgt	1333	GCF.900111575.1.Bacteria.Firmicutes.D	2457.61	0.0	1228.805	2627.39	2287.83	0.0	0.0	1313.695
hgt	1240	GCA.002376045.1.Bacteria.Firmicutes.A	2549.06	0.0	1274.53	2730.4	2367.72	0.0	0.0	1365.2
hgt	1240	GCF.900142995.1.Bacteria.Firmicutes.A	2549.06	0.0	1274.53	2730.4	2367.72	0.0	0.0	1365.2
hgt	1116	GCA.002898575.1.Bacteria.Armatimonadota	2746.26	0.0	1373.13	2951.68	2540.84	0.0	0.0	1475.84
hgt	128	GCA.002011085.1.Archaea.Thermoproteota	1456.455	0.0	728.2275	1742.17	1170.74	0.0	0.0	871.085
hgt	1296	GCF.900176005.1.Bacteria.Firmicutes.B	2280.145	0.0	1140.0725	2486.05	2074.24	0.0	0.0	1243.025
dup	None	dead	0.0	0.0	0.0	0.0	0.0	0.0	0.0	0.0
hgt	780	GCA.001769805.1.Bacteria.Bdellovibrionota	2414.4	0.0	1207.2	2599.71	2229.09	0.0	0.0	1299.855
los	None	dead	0.0	0.0	0.0	0.0	0.0	0.0	0.0	0.0
hgt	861	GCA.001304105.1.Bacteria.Desulfobacterota	2265.965	0.0	1132.9825	2474.98	2056.95	0.0	0.0	1237.49
los	None	dead	0.0	0.0	0.0	0.0	0.0	0.0	0.0	0.0
spe	1454	1453	2633.59	2571.245	2602.4175	2806.22	2460.96	2752.52	2389.97	2598.095
spe	1453	1452	2571.245	2204.94	2388.0925	2752.52	2389.97	2468.84	1941.04	2346.78
hgt	1218	GCA.001513125.1.Bacteria.DTU030	2947.155	0.0	1473.5775	3097.7	2796.61	0.0	0.0	1548.85
hgt	68	GCA.002495185.1.Archaea.Thermoplasmatota	2254.26	0.0	1127.13	2432.16	2076.36	0.0	0.0	1216.08
hgt	140	GCF.000019605.1.Archaea.Thermoproteota	2794.965	0.0	1397.4825	2954.89	2635.04	0.0	0.0	1477.445
los	1452	GCA.002423325.1.Bacteria.Chloroflexota	2204.94	0.0	1102.47	2468.84	1941.04	0.0	0.0	1234.42
hgt	80	GCF.002114285.1.Archaea.Halobacteriota	2032.885	0.0	1016.4425	2234.17	1831.6	0.0	0.0	1117.085
spe	1453	1449	2571.245	2414.175	2492.71	2752.52	2389.97	2615.97	2212.38	2482.45
hgt	123	113	2509.405	2352.095	2430.75	2676.61	2342.2	2536.91	2167.28	2421.945
hgt	53	GCA.002011355.1.Archaea.Thermoplasmatota	2158.385	0.0	1079.1925	2345.41	1971.36	0.0	0.0	1172.705
hgt	248	GCA.001800245.1.Bacteria.Elusimicrobiota	1920.715	0.0	960.3575	2155.61	1685.82	0.0	0.0	1077.805
los	1449	GCA.002366595.1.Bacteria.Chloroflexota	2414.175	0.0	1207.0875	2615.97	2212.38	0.0	0.0	1307.985
hgt	136	GCA.000375685.1.Archaea.Thermoproteota	2489.555	0.0	1244.7775	2665.95	2313.16	0.0	0.0	1332.975
hgt	1221	GCA.002375925.1.Bacteria.Firmicutes.E	2447.11	0.0	1223.555	2673.77	2220.45	0.0	0.0	1336.885
hgt	265	GCA.003290465.1.Bacteria.Sumerlaeota	2505.165	0.0	1252.5825	2750.37	2259.96	0.0	0.0	1375.185
hgt	None	dead	0.0	0.0	0.0	0.0	0.0	0.0	0.0	0.0
hgt	282	GCA.003219195.1.Bacteria.Verrucomicrobiota	2053.795	0.0	1026.8975	2296.91	1810.68	0.0	0.0	1148.455
los	None	dead	0.0	0.0	0.0	0.0	0.0	0.0	0.0	0.0
spe	123	113	2509.405	2352.095	2430.75	2676.61	2342.2	2536.91	2167.28	2421.945
hgt	1445	GCA.003130875.1.Bacteria.Chloroflexota	2304.44	0.0	1152.22	2498.38	2110.5	0.0	0.0	1249.19
hgt	128	GCA.002011085.1.Archaea.Thermoproteota	1456.455	0.0	728.2275	1742.17	1170.74	0.0	0.0	871.085
hgt	1069	GCF.000378005.1.Bacteria.Coprothermobacterota	2559.465	0.0	1279.7325	2777.02	2341.91	0.0	0.0	1388.51
hgt	38	GCF.002214485.1.Archaea.Methanobacteriota.B	2538.31	0.0	1269.155	2727.65	2348.97	0.0	0.0	1363.825
hgt	994	GCA.001304035.1.Bacteria.SM23.31	2567.69	0.0	1283.845	2744.85	2390.53	0.0	0.0	1372.425
hgt	571	570	2282.495	2165.975	2224.235	2431.81	2133.18	2326.89	2005.06	2218.435
hgt	107	GCA.001717025.1.Archaea.Thermoproteota	2229.765	0.0	1114.8825	2447.7	2011.83	0.0	0.0	1223.85
hgt	143	GCA.001940655.1.Archaea.Asgardarchaeota	2511.185	0.0	1255.5925	2712.39	2309.98	0.0	0.0	1356.195
hgt	1078	GCA.002898315.1.Bacteria.Calescibacterota	2475.305	0.0	1237.6525	2693.96	2256.65	0.0	0.0	1346.98
hgt	720	GCA.002347965.1.Bacteria.UBA2233	2734.075	0.0	1367.0375	2916.96	2551.19	0.0	0.0	1458.48
hgt	1032	GCA.002693325.1.Bacteria.Latescibacterota	2327.38	0.0	1163.69	2556.02	2098.74	0.0	0.0	1278.01
hgt	227	GCA.001804315.1.Bacteria.Omnitrophota	2748.92	0.0	1374.46	2912.2	2585.64	0.0	0.0	1456.1
hgt	None	dead	0.0	0.0	0.0	0.0	0.0	0.0	0.0	0.0
hgt	434	GCA.002898275.1.Bacteria.Proteobacteria	1886.935	0.0	943.4675	2078.21	1695.66	0.0	0.0	1039.105
los	None	dead	0.0	0.0	0.0	0.0	0.0	0.0	0.0	0.0
hgt	512	511	2172.63	2112.01	2142.32	2326.95	2018.31	2268.74	1955.28	2141.115
spe	571	570	2282.495	2165.975	2224.235	2431.81	2133.18	2326.89	2005.06	2218.435
spe	570	568	2165.975	2035.48	2100.7275	2326.89	2005.06	2214.09	1856.87	2091.88
hgt	797	GCA.002311335.1.Bacteria.Desulfobacterota.B	2488.59	0.0	1244.295	2661.77	2315.41	0.0	0.0	1330.885
hgt	585	GCA.002338605.1.Bacteria.Proteobacteria	1706.285	0.0	853.1425	1917.52	1495.05	0.0	0.0	958.76
hgt	293	GCA.002429065.1.Bacteria.Verrucomicrobiota	2421.68	0.0	1210.84	2621.74	2221.62	0.0	0.0	1310.87
hgt	536	GCF.002940605.1.Bacteria.Proteobacteria	2343.3	0.0	1171.65	2502.24	2184.36	0.0	0.0	1251.12
hgt	1663	GCA.001464165.1.Bacteria.Cyanobacteria	2633.14	0.0	1316.57	2823.95	2442.33	0.0	0.0	1411.975
los	568	GCF.001051235.1.Bacteria.Proteobacteria	2035.48	0.0	1017.74	2214.09	1856.87	0.0	0.0	1107.045
hgt	674	GCA.002747255.1.Bacteria.Acidobacteriota	2473.205	0.0	1236.6025	2675.97	2270.44	0.0	0.0	1337.985
hgt	581	GCA.002868855.1.Bacteria.Proteobacteria	1845.545	0.0	922.7725	2033.36	1657.73	0.0	0.0	1016.68
hgt	613	612	1943.945	1796.185	1870.065	2109.42	1778.47	1978.58	1613.79	1861.605
hgt	542	GCA.002352565.1.Bacteria.Proteobacteria	2266.915	0.0	1133.4575	2432.28	2101.55	0.0	0.0	1216.14
hgt	553	GCF.001641825.1.Bacteria.Proteobacteria	2172.955	0.0	1086.4775	2336.27	2009.64	0.0	0.0	1168.135
hgt	551	GCA.002746645.1.Bacteria.Proteobacteria	1711.785	0.0	855.8925	1939.79	1483.78	0.0	0.0	969.895
spe	613	612	1943.945	1796.185	1870.065	2109.42	1778.47	1978.58	1613.79	1861.605
spe	612	611	1796.185	1493.79	1644.9875	1978.58	1613.79	1717.52	1270.06	1624.32
los	611	GCF.000284615.1.Bacteria.Proteobacteria	1493.79	0.0	746.895	1717.52	1270.06	0.0	0.0	858.76
hgt	560	GCA.001735895.1.Bacteria.Proteobacteria	2138.97	0.0	1069.485	2303.08	1974.86	0.0	0.0	1151.54
hgt	565	GCF.002958735.1.Bacteria.Proteobacteria	2067.745	0.0	1033.8725	2247.81	1887.68	0.0	0.0	1123.905
hgt	532	GCA.002405475.1.Bacteria.Proteobacteria	2186.645	0.0	1093.3225	2379.45	1993.84	0.0	0.0	1189.725
spe	512	511	2172.63	2112.01	2142.32	2326.95	2018.31	2268.74	1955.28	2141.115
spe	511	510	2112.01	2056.505	2084.2575	2268.74	1955.28	2217.29	1895.72	2082.23
hgt	944	GCA.002712165.1.Bacteria.Proteobacteria	2081.795	0.0	1040.8975	2308.24	1855.35	0.0	0.0	1154.12
los	510	509	2056.505	1977.465	2016.985	2217.29	1895.72	2143.57	1811.36	2014.325
hgt	481	469	2091.815	2003.935	2047.875	2249.28	1934.35	2168.56	1839.31	2044.295
spe	510	492	2056.505	1826.375	1941.44	2217.29	1895.72	2015.92	1636.83	1927.06
hgt	506	GCA.001464215.1.Bacteria.Proteobacteria	1610.765	0.0	805.3825	1805.19	1416.34	0.0	0.0	902.595
hgt	None	dead	0.0	0.0	0.0	0.0	0.0	0.0	0.0	0.0
hgt	445	GCA.002717225.1.Bacteria.Proteobacteria	1836.495	0.0	918.2475	2032.31	1640.68	0.0	0.0	1016.155
los	None	dead	0.0	0.0	0.0	0.0	0.0	0.0	0.0	0.0
spe	481	469	2091.815	2003.935	2047.875	2249.28	1934.35	2168.56	1839.31	2044.295
hgt	458	456	2053.74	1898.57	1976.155	2214.88	1892.6	2073.0	1724.14	1969.51
spe	469	468	2003.935	1847.82	1925.8775	2168.56	1839.31	2029.0	1666.64	1917.6
spe	468	467	1847.82	1693.575	1770.6975	2029.0	1666.64	1896.55	1490.6	1759.8
los	467	GCA.002291925.1.Bacteria.Proteobacteria	1693.575	0.0	846.7875	1896.55	1490.6	0.0	0.0	948.275
hgt	506	GCA.002480495.1.Bacteria.Proteobacteria	1610.765	0.0	805.3825	1805.19	1416.34	0.0	0.0	902.595
spe	458	456	2053.74	1898.57	1976.155	2214.88	1892.6	2073.0	1724.14	1969.51
spe	456	455	1898.57	1531.25	1714.91	2073.0	1724.14	1740.35	1322.15	1697.575
spe	455	454	1531.25	1369.765	1450.5075	1740.35	1322.15	1591.74	1147.79	1444.07
los	454	453	1369.765	1231.6385	1300.70175	1591.74	1147.79	1464.03	999.247	1295.4935
spe	469	463	2003.935	1889.86	1946.8975	2168.56	1839.31	2062.81	1716.91	1942.735
spe	463	462	1889.86	1641.635	1765.7475	2062.81	1716.91	1844.48	1438.79	1750.8
hgt	444	GCA.002686135.1.Bacteria.Proteobacteria	1669.2	0.0	834.6	1892.76	1445.64	0.0	0.0	946.38
los	462	GCF.000315795.1.Bacteria.Proteobacteria	1641.635	0.0	820.8175	1844.48	1438.79	0.0	0.0	922.24
hgt	436	435	2217.14	2071.245	2144.1925	2372.03	2062.25	2233.96	1908.53	2140.28
spe	511	489	2112.01	1797.555	1954.7825	2268.74	1955.28	1997.49	1597.62	1933.18
hgt	453	GCA.002457765.1.Bacteria.Proteobacteria	1231.6385	0.0	615.81925	1464.03	999.247	0.0	0.0	732.015
los	489	GCA.002701885.1.Bacteria.Proteobacteria	1797.555	0.0	898.7775	1997.49	1597.62	0.0	0.0	998.745
spe	436	435	2217.14	2071.245	2144.1925	2372.03	2062.25	2233.96	1908.53	2140.28
spe	435	434	2071.245	1886.935	1979.09	2233.96	1908.53	2078.21	1695.66	1964.81
hgt	495	GCF.003173035.1.Bacteria.Proteobacteria	1736.875	0.0	868.4375	1936.33	1537.42	0.0	0.0	968.165
los	434	GCA.002898275.1.Bacteria.Proteobacteria	1886.935	0.0	943.4675	2078.21	1695.66	0.0	0.0	1039.105
hgt	462	GCF.000315795.1.Bacteria.Proteobacteria	1641.635	0.0	820.8175	1844.48	1438.79	0.0	0.0	922.24
hgt	498	GCF.000192575.1.Bacteria.Proteobacteria	1734.36	0.0	867.18	1926.5	1542.22	0.0	0.0	963.25
hgt	503	GCA.002280485.1.Bacteria.Proteobacteria	1517.515	0.0	758.7575	1721.78	1313.25	0.0	0.0	860.89
hgt	961	GCA.001769385.1.Bacteria.Bacteroidota	1247.9425	0.0	623.97125	1496.26	999.625	0.0	0.0	748.13
hgt	1087	GCA.001778455.1.Bacteria.Bipolaricaulota	1892.775	0.0	946.3875	2196.66	1588.89	0.0	0.0	1098.33
hgt	955	GCA.001769655.1.Bacteria.Bacteroidota	1759.09	0.0	879.545	1989.55	1528.63	0.0	0.0	994.775
hgt	982	GCF.001535965.1.Bacteria.Bacteroidota	2450.7	0.0	1225.35	2617.0	2284.4	0.0	0.0	1308.5
hgt	791	GCA.002898795.1.Bacteria.Desulfobacterota.B	2015.09	0.0	1007.545	2237.3	1792.88	0.0	0.0	1118.65
hgt	165	GCA.000188695.1.Eukaryota.Choanoflagellata	859.368	0.0	429.684	1091.7	627.036	0.0	0.0	545.85
hgt	87	GCA.002256595.1.Archaea.Halobacteriota	2144.39	0.0	1072.195	2323.79	1964.99	0.0	0.0	1161.895
hgt	1307	GCA.000987045.1.Bacteria.Firmicutes.B	2196.38	0.0	1098.19	2389.69	2003.07	0.0	0.0	1194.845
hgt	1235	GCA.002376005.1.Bacteria.Firmicutes.E	2501.715	0.0	1250.8575	2690.97	2312.46	0.0	0.0	1345.485
hgt	236	GCA.002412545.1.Bacteria.Elusimicrobiota	2376.71	0.0	1188.355	2562.4	2191.02	0.0	0.0	1281.2
hgt	198	GCA.002478245.1.Bacteria.UBP18	2808.635	0.0	1404.3175	2991.51	2625.76	0.0	0.0	1495.755
hgt	241	GCA.002841695.1.Bacteria.Elusimicrobiota	2226.475	0.0	1113.2375	2413.27	2039.68	0.0	0.0	1206.635
hgt	1185	1169	2913.82	2691.26	2802.54	3065.51	2762.13	2854.89	2527.63	2796.57
spe	177	176	2987.475	2870.105	2928.79	3145.38	2829.57	3029.57	2710.64	2928.01
hgt	None	dead	0.0	0.0	0.0	0.0	0.0	0.0	0.0	0.0
hgt	None	dead	0.0	0.0	0.0	0.0	0.0	0.0	0.0	0.0
dup	None	dead	0.0	0.0	0.0	0.0	0.0	0.0	0.0	0.0
dup	None	dead	0.0	0.0	0.0	0.0	0.0	0.0	0.0	0.0
hgt	306	305	2448.87	2286.74	2367.805	2638.34	2259.4	2490.51	2082.97	2360.655
los	None	dead	0.0	0.0	0.0	0.0	0.0	0.0	0.0	0.0
spe	306	305	2448.87	2286.74	2367.805	2638.34	2259.4	2490.51	2082.97	2360.655
spe	305	303	2286.74	2233.605	2260.1725	2490.51	2082.97	2443.05	2024.16	2257.335
hgt	274	GCA.002687025.1.Bacteria.Poribacteria	2618.66	0.0	1309.33	2849.97	2387.35	0.0	0.0	1424.985
spe	303	302	2233.605	2089.845	2161.725	2443.05	2024.16	2315.83	1863.86	2153.455
hgt	347	GCA.002683135.1.Bacteria.Planctomycetota	2546.45	0.0	1273.225	2726.66	2366.24	0.0	0.0	1363.33
los	302	GCA.002340265.1.Bacteria.Verrucomicrobiota	2089.845	0.0	1044.9225	2315.83	1863.86	0.0	0.0	1157.915
hgt	326	GCA.002404095.1.Bacteria.Planctomycetota	1901.84	0.0	950.92	2150.28	1653.4	0.0	0.0	1075.14
hgt	350	GCA.003509045.1.Bacteria.Planctomycetota	2200.88	0.0	1100.44	2420.34	1981.42	0.0	0.0	1210.17
hgt	99	GCF.000092185.1.Archaea.Thermoproteota	2047.925	0.0	1023.9625	2262.48	1833.37	0.0	0.0	1131.24
dup	99	GCF.000092185.1.Archaea.Thermoproteota	2047.925	0.0	1023.9625	2262.48	1833.37	0.0	0.0	1131.24
hgt	134	133	2351.985	2194.065	2273.025	2536.09	2167.88	2406.16	1981.97	2259.03
los	None	dead	0.0	0.0	0.0	0.0	0.0	0.0	0.0	0.0
spe	134	133	2351.985	2194.065	2273.025	2536.09	2167.88	2406.16	1981.97	2259.03
hgt	99	GCF.000092185.1.Archaea.Thermoproteota	2047.925	0.0	1023.9625	2262.48	1833.37	0.0	0.0	1131.24
hgt	38	GCA.001515205.2.Archaea.Hadarchaeota	2538.31	0.0	1269.155	2727.65	2348.97	0.0	0.0	1363.825
hgt	38	GCA.001515205.2.Archaea.Hadarchaeota	2538.31	0.0	1269.155	2727.65	2348.97	0.0	0.0	1363.825
hgt	1462	GCA.002436065.1.Bacteria.Chloroflexota	2688.275	0.0	1344.1375	2865.83	2510.72	0.0	0.0	1432.915
hgt	107	GCA.001717025.1.Archaea.Thermoproteota	2229.765	0.0	1114.8825	2447.7	2011.83	0.0	0.0	1223.85
hgt	122	121	2416.7	2129.565	2273.1325	2593.5	2239.9	2347.3	1911.83	2252.665
spe	122	121	2416.7	2129.565	2273.1325	2593.5	2239.9	2347.3	1911.83	2252.665
hgt	753	GCA.001803565.1.Bacteria.Nitrospinota.B	2583.27	0.0	1291.635	2768.8	2397.74	0.0	0.0	1384.4
dup	None	dead	0.0	0.0	0.0	0.0	0.0	0.0	0.0	0.0
hgt	794	GCA.001798565.1.Bacteria.Desulfobacterota.B	2136.5	0.0	1068.25	2343.87	1929.13	0.0	0.0	1171.935
los	None	dead	0.0	0.0	0.0	0.0	0.0	0.0	0.0	0.0
hgt	1296	GCF.900176005.1.Bacteria.Firmicutes.B	2280.145	0.0	1140.0725	2486.05	2074.24	0.0	0.0	1243.025
los	None	dead	0.0	0.0	0.0	0.0	0.0	0.0	0.0	0.0
spe	176	175	2870.105	2794.775	2832.44	3029.57	2710.64	2957.01	2632.54	2831.055
spe	175	174	2794.775	2722.305	2758.54	2957.01	2632.54	2888.31	2556.3	2756.655
hgt	None	dead	0.0	0.0	0.0	0.0	0.0	0.0	0.0	0.0
dup	None	dead	0.0	0.0	0.0	0.0	0.0	0.0	0.0	0.0
hgt	38	GCF.002214485.1.Archaea.Methanobacteriota.B	2538.31	0.0	1269.155	2727.65	2348.97	0.0	0.0	1363.825
los	None	dead	0.0	0.0	0.0	0.0	0.0	0.0	0.0	0.0
dup	None	dead	0.0	0.0	0.0	0.0	0.0	0.0	0.0	0.0
hgt	1330	GCA.002385745.1.Bacteria.Firmicutes.D	2416.115	0.0	1208.0575	2602.06	2230.17	0.0	0.0	1301.03
los	None	dead	0.0	0.0	0.0	0.0	0.0	0.0	0.0	0.0
hgt	1178	GCA.002347645.1.Bacteria.Actinobacteriota	2241.835	0.0	1120.9175	2458.12	2025.55	0.0	0.0	1229.06
los	None	dead	0.0	0.0	0.0	0.0	0.0	0.0	0.0	0.0
hgt	None	dead	0.0	0.0	0.0	0.0	0.0	0.0	0.0	0.0
hgt	1452	GCA.002348045.1.Bacteria.Chloroflexota	2204.94	0.0	1102.47	2468.84	1941.04	0.0	0.0	1234.42
los	None	dead	0.0	0.0	0.0	0.0	0.0	0.0	0.0	0.0
hgt	660	659	2810.715	2073.72	2442.2175	2982.77	2638.66	2328.01	1819.43	2401.1
hgt	None	dead	0.0	0.0	0.0	0.0	0.0	0.0	0.0	0.0
dup	None	dead	0.0	0.0	0.0	0.0	0.0	0.0	0.0	0.0
hgt	1424	GCA.002011475.1.Bacteria.Chloroflexota	2409.195	0.0	1204.5975	2595.11	2223.28	0.0	0.0	1297.555
los	None	dead	0.0	0.0	0.0	0.0	0.0	0.0	0.0	0.0
hgt	1411	GCA.002717805.1.Bacteria.Chloroflexota	2250.5	0.0	1125.25	2459.44	2041.56	0.0	0.0	1229.72
los	None	dead	0.0	0.0	0.0	0.0	0.0	0.0	0.0	0.0
hgt	None	dead	0.0	0.0	0.0	0.0	0.0	0.0	0.0	0.0
hgt	1221	GCA.002375925.1.Bacteria.Firmicutes.E	2447.11	0.0	1223.555	2673.77	2220.45	0.0	0.0	1336.885
los	None	dead	0.0	0.0	0.0	0.0	0.0	0.0	0.0	0.0
hgt	None	dead	0.0	0.0	0.0	0.0	0.0	0.0	0.0	0.0
los	174	173	2722.305	2663.205	2692.755	2888.31	2556.3	2836.93	2489.48	2688.895
hgt	84	GCF.000011005.1.Archaea.Euryarchaeota	1868.445	0.0	934.2225	2080.58	1656.31	0.0	0.0	1040.29
los	None	dead	0.0	0.0	0.0	0.0	0.0	0.0	0.0	0.0
hgt	None	dead	0.0	0.0	0.0	0.0	0.0	0.0	0.0	0.0
dup	None	dead	0.0	0.0	0.0	0.0	0.0	0.0	0.0	0.0
hgt	52	GCA.001595945.1.Archaea.Thermoplasmatota	1947.675	0.0	973.8375	2172.33	1723.02	0.0	0.0	1086.165
los	None	dead	0.0	0.0	0.0	0.0	0.0	0.0	0.0	0.0
hgt	65	GCA.001595885.1.Archaea.Thermoplasmatota	1926.01	0.0	963.005	2135.57	1716.45	0.0	0.0	1067.785
los	None	dead	0.0	0.0	0.0	0.0	0.0	0.0	0.0	0.0
hgt	None	dead	0.0	0.0	0.0	0.0	0.0	0.0	0.0	0.0
hgt	99	GCF.000092185.1.Archaea.Thermoproteota	2047.925	0.0	1023.9625	2262.48	1833.37	0.0	0.0	1131.24
los	None	dead	0.0	0.0	0.0	0.0	0.0	0.0	0.0	0.0
spe	660	659	2810.715	2073.72	2442.2175	2982.77	2638.66	2328.01	1819.43	2401.1
hgt	None	dead	0.0	0.0	0.0	0.0	0.0	0.0	0.0	0.0
hgt	1355	GCF.004522215.1.Bacteria.Firmicutes	1845.21	0.0	922.605	2026.05	1664.37	0.0	0.0	1013.025
los	None	dead	0.0	0.0	0.0	0.0	0.0	0.0	0.0	0.0
hgt	108	107	2433.705	2229.765	2331.735	2622.16	2245.25	2447.7	2011.83	2316.995
hgt	1173	GCA.001768675.1.Bacteria.Actinobacteriota	2194.99	0.0	1097.495	2420.07	1969.91	0.0	0.0	1210.035
hgt	121	GCA.001273335.1.Archaea.Thermoproteota	2129.565	0.0	1064.7825	2347.3	1911.83	0.0	0.0	1173.65
hgt	113	GCA.001593865.1.Archaea.Thermoproteota	2352.095	0.0	1176.0475	2536.91	2167.28	0.0	0.0	1268.455
spe	108	107	2433.705	2229.765	2331.735	2622.16	2245.25	2447.7	2011.83	2316.995
hgt	143	GCA.001563325.1.Archaea.Asgardarchaeota	2511.185	0.0	1255.5925	2712.39	2309.98	0.0	0.0	1356.195
hgt	108	GCF.000148385.1.Archaea.Thermoproteota	2433.705	0.0	1216.8525	2622.16	2245.25	0.0	0.0	1311.08
spe	175	143	2794.775	2511.185	2652.98	2957.01	2632.54	2712.39	2309.98	2633.495
hgt	133	GCA.002506605.1.Archaea.Thermoproteota	2194.065	0.0	1097.0325	2406.16	1981.97	0.0	0.0	1203.08
los	143	GCA.001940655.1.Archaea.Asgardarchaeota	2511.185	0.0	1255.5925	2712.39	2309.98	0.0	0.0	1356.195
hgt	857	GCA.002010915.1.Bacteria.Desulfobacterota	2515.41	0.0	1257.705	2699.69	2331.13	0.0	0.0	1349.845
hgt	140	GCF.000019605.1.Archaea.Thermoproteota	2794.965	0.0	1397.4825	2954.89	2635.04	0.0	0.0	1477.445
hgt	397	GCF.000526155.1.Bacteria.Desulfobacterota	3038.98	0.0	1519.49	3186.65	2891.31	0.0	0.0	1593.325
dup	None	dead	0.0	0.0	0.0	0.0	0.0	0.0	0.0	0.0
dup	None	dead	0.0	0.0	0.0	0.0	0.0	0.0	0.0	0.0
dup	None	dead	0.0	0.0	0.0	0.0	0.0	0.0	0.0	0.0
hgt	1173	GCA.001768675.1.Bacteria.Actinobacteriota	2194.99	0.0	1097.495	2420.07	1969.91	0.0	0.0	1210.035
los	None	dead	0.0	0.0	0.0	0.0	0.0	0.0	0.0	0.0
dup	None	dead	0.0	0.0	0.0	0.0	0.0	0.0	0.0	0.0
hgt	857	GCA.002010915.1.Bacteria.Desulfobacterota	2515.41	0.0	1257.705	2699.69	2331.13	0.0	0.0	1349.845
los	None	dead	0.0	0.0	0.0	0.0	0.0	0.0	0.0	0.0
hgt	1136	GCA.003157385.1.Bacteria.Actinobacteriota	2691.07	0.0	1345.535	2887.94	2494.2	0.0	0.0	1443.97
los	None	dead	0.0	0.0	0.0	0.0	0.0	0.0	0.0	0.0
dup	None	dead	0.0	0.0	0.0	0.0	0.0	0.0	0.0	0.0
hgt	801	GCA.001797815.1.Bacteria.RBG.13.61.14	2578.84	0.0	1289.42	2754.6	2403.08	0.0	0.0	1377.3
los	None	dead	0.0	0.0	0.0	0.0	0.0	0.0	0.0	0.0
dup	None	dead	0.0	0.0	0.0	0.0	0.0	0.0	0.0	0.0
hgt	1173	GCA.001768675.1.Bacteria.Actinobacteriota	2194.99	0.0	1097.495	2420.07	1969.91	0.0	0.0	1210.035
los	None	dead	0.0	0.0	0.0	0.0	0.0	0.0	0.0	0.0
hgt	1173	GCA.001768675.1.Bacteria.Actinobacteriota	2194.99	0.0	1097.495	2420.07	1969.91	0.0	0.0	1210.035
los	None	dead	0.0	0.0	0.0	0.0	0.0	0.0	0.0	0.0
dup	None	dead	0.0	0.0	0.0	0.0	0.0	0.0	0.0	0.0
hgt	794	GCA.001798565.1.Bacteria.Desulfobacterota.B	2136.5	0.0	1068.25	2343.87	1929.13	0.0	0.0	1171.935
los	None	dead	0.0	0.0	0.0	0.0	0.0	0.0	0.0	0.0
dup	None	dead	0.0	0.0	0.0	0.0	0.0	0.0	0.0	0.0
hgt	1324	1308	2536.255	2377.745	2457.0	2694.52	2377.99	2550.36	2205.13	2449.825
los	None	dead	0.0	0.0	0.0	0.0	0.0	0.0	0.0	0.0
spe	1324	1308	2536.255	2377.745	2457.0	2694.52	2377.99	2550.36	2205.13	2449.825
spe	1308	1300	2377.745	2090.18	2233.9625	2550.36	2205.13	2311.51	1868.85	2209.605
los	1300	GCA.002418765.1.Bacteria.Firmicutes.B	2090.18	0.0	1045.09	2311.51	1868.85	0.0	0.0	1155.755
spe	1308	1307	2377.745	2196.38	2287.0625	2550.36	2205.13	2389.69	2003.07	2276.715
hgt	1296	GCF.900176005.1.Bacteria.Firmicutes.B	2280.145	0.0	1140.0725	2486.05	2074.24	0.0	0.0	1243.025
los	1307	1305	2196.38	2012.42	2104.4	2389.69	2003.07	2240.7	1784.14	2086.915
dup	None	dead	0.0	0.0	0.0	0.0	0.0	0.0	0.0	0.0
hgt	1240	GCF.900142995.1.Bacteria.Firmicutes.A	2549.06	0.0	1274.53	2730.4	2367.72	0.0	0.0	1365.2
los	None	dead	0.0	0.0	0.0	0.0	0.0	0.0	0.0	0.0
hgt	118	116	2278.345	1726.54	2002.4425	2478.81	2077.88	2006.45	1446.63	1962.72
los	None	dead	0.0	0.0	0.0	0.0	0.0	0.0	0.0	0.0
spe	118	116	2278.345	1726.54	2002.4425	2478.81	2077.88	2006.45	1446.63	1962.72
hgt	None	dead	0.0	0.0	0.0	0.0	0.0	0.0	0.0	0.0
hgt	35	GCA.001587715.1.Archaea.Methanobacteriota.B	2625.215	0.0	1312.6075	2814.09	2436.34	0.0	0.0	1407.045
los	None	dead	0.0	0.0	0.0	0.0	0.0	0.0	0.0	0.0
hgt	1274	1240	2802.895	2549.06	2675.9775	2951.21	2654.58	2730.4	2367.72	2659.465
hgt	1186	1136	3002.725	2691.07	2846.8975	3152.18	2853.27	2887.94	2494.2	2823.19
hgt	None	dead	0.0	0.0	0.0	0.0	0.0	0.0	0.0	0.0
hgt	113	GCA.002255025.1.Archaea.Thermoproteota	2352.095	0.0	1176.0475	2536.91	2167.28	0.0	0.0	1268.455
los	None	dead	0.0	0.0	0.0	0.0	0.0	0.0	0.0	0.0
hgt	199	GCA.003527405.1.Bacteria.Atribacterota	2950.105	0.0	1475.0525	3113.46	2786.75	0.0	0.0	1556.73
spe	176	140	2870.105	2794.965	2832.535	3029.57	2710.64	2954.89	2635.04	2832.305
hgt	174	GCA.001940665.1.Archaea.Asgardarchaeota	2722.305	0.0	1361.1525	2888.31	2556.3	0.0	0.0	1444.155
hgt	1058	GCA.001443005.1.Bacteria.Synergistota	2874.585	0.0	1437.2925	3067.3	2681.87	0.0	0.0	1533.65
hgt	669	GCA.002335385.1.Bacteria.Acidobacteriota	2395.145	0.0	1197.5725	2603.05	2187.24	0.0	0.0	1301.525
spe	140	139	2794.965	2746.6	2770.7825	2954.89	2635.04	2906.36	2586.84	2770.865
los	139	138	2746.6	2683.72	2715.16	2906.36	2586.84	2844.85	2522.59	2714.475
spe	139	109	2746.6	2611.625	2679.1125	2906.36	2586.84	2779.64	2443.61	2674.985
los	109	103	2611.625	2372.465	2492.045	2779.64	2443.61	2552.61	2192.32	2485.98
spe	109	108	2611.625	2433.705	2522.665	2779.64	2443.61	2622.16	2245.25	2512.445
spe	108	107	2433.705	2229.765	2331.735	2622.16	2245.25	2447.7	2011.83	2316.995
hgt	147	GCA.001940755.1.Archaea.Asgardarchaeota	2281.01	0.0	1140.505	2488.59	2073.43	0.0	0.0	1244.295
hgt	130	128	2259.135	1456.455	1857.795	2456.17	2062.1	1742.17	1170.74	1813.455
los	107	GCA.001717025.1.Archaea.Thermoproteota	2229.765	0.0	1114.8825	2447.7	2011.83	0.0	0.0	1223.85
spe	130	128	2259.135	1456.455	1857.795	2456.17	2062.1	1742.17	1170.74	1813.455
hgt	143	GCA.001563325.1.Archaea.Asgardarchaeota	2511.185	0.0	1255.5925	2712.39	2309.98	0.0	0.0	1356.195
hgt	1068	GCA.002877955.1.Bacteria.Caldisericota	2377.575	0.0	1188.7875	2621.46	2133.69	0.0	0.0	1310.73
hgt	38	GCA.001515205.2.Archaea.Hadarchaeota	2538.31	0.0	1269.155	2727.65	2348.97	0.0	0.0	1363.825
hgt	753	GCA.001803565.1.Bacteria.Nitrospinota.B	2583.27	0.0	1291.635	2768.8	2397.74	0.0	0.0	1384.4
hgt	74	GCF.000194625.1.Archaea.Halobacteriota	2278.05	0.0	1139.025	2455.2	2100.9	0.0	0.0	1227.6
dup	108	GCF.000148385.1.Archaea.Thermoproteota	2433.705	0.0	1216.8525	2622.16	2245.25	0.0	0.0	1311.08
dup	108	GCF.000148385.1.Archaea.Thermoproteota	2433.705	0.0	1216.8525	2622.16	2245.25	0.0	0.0	1311.08
hgt	84	GCF.000970205.1.Archaea.Halobacteriota	1868.445	0.0	934.2225	2080.58	1656.31	0.0	0.0	1040.29
hgt	133	GCA.000405685.1.Archaea.Thermoproteota	2194.065	0.0	1097.0325	2406.16	1981.97	0.0	0.0	1203.08
hgt	861	GCA.001304105.1.Bacteria.Desulfobacterota	2265.965	0.0	1132.9825	2474.98	2056.95	0.0	0.0	1237.49
dup	199	GCA.003527405.1.Bacteria.Atribacterota	2950.105	0.0	1475.0525	3113.46	2786.75	0.0	0.0	1556.73
spe	1186	1136	3002.725	2691.07	2846.8975	3152.18	2853.27	2887.94	2494.2	2823.19
hgt	801	GCA.001797815.1.Bacteria.RBG.13.61.14	2578.84	0.0	1289.42	2754.6	2403.08	0.0	0.0	1377.3
hgt	38	GCA.001515205.2.Archaea.Hadarchaeota	2538.31	0.0	1269.155	2727.65	2348.97	0.0	0.0	1363.825
hgt	759	GCA.003170555.1.Bacteria.FEN.1099	2578.375	0.0	1289.1875	2758.96	2397.79	0.0	0.0	1379.48
hgt	1209	GCA.002452295.1.Bacteria.Firmicutes.G	2688.15	0.0	1344.075	2886.59	2489.71	0.0	0.0	1443.295
hgt	1087	GCA.003535305.1.Bacteria.Bipolaricaulota	1892.775	0.0	946.3875	2196.66	1588.89	0.0	0.0	1098.33
hgt	1116	GCA.002435745.1.Bacteria.UBP15	2746.26	0.0	1373.13	2951.68	2540.84	0.0	0.0	1475.84
hgt	1227	GCA.003242675.1.Bacteria.Firmicutes.E	2407.625	0.0	1203.8125	2618.59	2196.66	0.0	0.0	1309.295
spe	1274	1240	2802.895	2549.06	2675.9775	2951.21	2654.58	2730.4	2367.72	2659.465
hgt	123	122	2509.405	2416.7	2463.0525	2676.61	2342.2	2593.5	2239.9	2458.255
hgt	1069	GCF.000378005.1.Bacteria.Coprothermobacterota	2559.465	0.0	1279.7325	2777.02	2341.91	0.0	0.0	1388.51
spe	123	122	2509.405	2416.7	2463.0525	2676.61	2342.2	2593.5	2239.9	2458.255
spe	122	118	2416.7	2278.345	2347.5225	2593.5	2239.9	2478.81	2077.88	2335.69
los	118	116	2278.345	1726.54	2002.4425	2478.81	2077.88	2006.45	1446.63	1962.72
spe	122	121	2416.7	2129.565	2273.1325	2593.5	2239.9	2347.3	1911.83	2252.665
hgt	113	GCA.001593865.1.Archaea.Thermoproteota	2352.095	0.0	1176.0475	2536.91	2167.28	0.0	0.0	1268.455
hgt	59	GCA.002878135.1.Archaea.Thermoplasmatota	1950.86	0.0	975.43	2148.2	1753.52	0.0	0.0	1074.1
hgt	1058	GCF.000233775.1.Bacteria.Synergistota	2874.585	0.0	1437.2925	3067.3	2681.87	0.0	0.0	1533.65
hgt	1296	GCA.001513545.1.Bacteria.Firmicutes.B	2280.145	0.0	1140.0725	2486.05	2074.24	0.0	0.0	1243.025
hgt	1218	GCA.001513125.1.Bacteria.DTU030	2947.155	0.0	1473.5775	3097.7	2796.61	0.0	0.0	1548.85
dup	1218	GCA.001513125.1.Bacteria.DTU030	2947.155	0.0	1473.5775	3097.7	2796.61	0.0	0.0	1548.85
hgt	38	GCF.002214485.1.Archaea.Methanobacteriota.B	2538.31	0.0	1269.155	2727.65	2348.97	0.0	0.0	1363.825
spe	1185	1169	2913.82	2691.26	2802.54	3065.51	2762.13	2854.89	2527.63	2796.57
spe	1169	1168	2691.26	2631.565	2661.4125	2854.89	2527.63	2798.58	2464.55	2659.72
los	1168	1148	2631.565	2328.75	2480.1575	2798.58	2464.55	2528.83	2128.67	2463.625
spe	1168	1167	2631.565	2503.64	2567.6025	2798.58	2464.55	2682.48	2324.8	2561.69
spe	1167	1166	2503.64	1991.825	2247.7325	2682.48	2324.8	2191.81	1791.84	2237.16
hgt	1163	GCF.000384115.1.Bacteria.Actinobacteriota	1488.035	0.0	744.0175	1730.27	1245.8	0.0	0.0	865.135
spe	1166	1165	1991.825	1840.865	1916.345	2191.81	1791.84	2058.77	1622.96	1907.385
spe	1165	1155	1840.865	1711.135	1776.0	2058.77	1622.96	1936.0	1486.27	1772.52
los	1155	1154	1711.135	1356.86	1533.9975	1936.0	1486.27	1624.69	1089.03	1512.515
spe	1165	1164	1840.865	1690.82	1765.8425	2058.77	1622.96	1917.35	1464.29	1761.53
hgt	None	dead	0.0	0.0	0.0	0.0	0.0	0.0	0.0	0.0
hgt	1158	GCF.900106035.1.Bacteria.Actinobacteriota	1386.605	0.0	693.3025	1639.35	1133.86	0.0	0.0	819.675
los	None	dead	0.0	0.0	0.0	0.0	0.0	0.0	0.0	0.0
hgt	None	dead	0.0	0.0	0.0	0.0	0.0	0.0	0.0	0.0
los	1164	1163	1690.82	1488.035	1589.4275	1917.35	1464.29	1730.27	1245.8	1581.575
hgt	1154	GCF.003047285.1.Bacteria.Actinobacteriota	1356.86	0.0	678.43	1624.69	1089.03	0.0	0.0	812.345
los	None	dead	0.0	0.0	0.0	0.0	0.0	0.0	0.0	0.0
spe	1164	1160	1690.82	1520.98	1605.9	1917.35	1464.29	1761.58	1280.38	1598.865
spe	1160	1158	1520.98	1386.605	1453.7925	1761.58	1280.38	1639.35	1133.86	1447.72
los	1158	GCF.900106035.1.Bacteria.Actinobacteriota	1386.605	0.0	693.3025	1639.35	1133.86	0.0	0.0	819.675
hgt	1154	GCF.001591405.1.Bacteria.Actinobacteria	1356.86	0.0	678.43	1624.69	1089.03	0.0	0.0	812.345
spe	1169	1145	2691.26	2458.975	2575.1175	2854.89	2527.63	2644.12	2273.83	2564.36
spe	1145	1143	2458.975	2319.725	2389.35	2644.12	2273.83	2519.3	2120.15	2382.135
spe	1143	1141	2319.725	2008.575	2164.15	2519.3	2120.15	2245.24	1771.91	2145.605
spe	1141	1140	2008.575	1795.075	1901.825	2245.24	1771.91	2067.33	1522.82	1884.03
los	1140	GCA.003162395.1.Bacteria.Actinobacteriota	1795.075	0.0	897.5375	2067.33	1522.82	0.0	0.0	1033.665
hgt	92	91	2715.565	2548.71	2632.1375	2870.72	2560.41	2710.79	2386.63	2628.675
los	None	dead	0.0	0.0	0.0	0.0	0.0	0.0	0.0	0.0
spe	92	91	2715.565	2548.71	2632.1375	2870.72	2560.41	2710.79	2386.63	2628.675
spe	91	90	2548.71	2426.545	2487.6275	2710.79	2386.63	2587.9	2265.19	2487.99
spe	90	89	2426.545	2320.405	2373.475	2587.9	2265.19	2487.89	2152.92	2370.41
los	89	77	2320.405	2081.03	2200.7175	2487.89	2152.92	2277.46	1884.6	2186.245
spe	89	88	2320.405	2221.93	2271.1675	2487.89	2152.92	2396.19	2047.67	2267.78
los	88	87	2221.93	2144.39	2183.16	2396.19	2047.67	2323.79	1964.99	2180.59
spe	88	80	2221.93	2032.885	2127.4075	2396.19	2047.67	2234.17	1831.6	2113.895
los	80	GCF.002114285.1.Archaea.Halobacteriota	2032.885	0.0	1016.4425	2234.17	1831.6	0.0	0.0	1117.085
spe	90	74	2426.545	2278.05	2352.2975	2587.9	2265.19	2455.2	2100.9	2344.4
hgt	86	84	2014.745	1868.445	1941.595	2208.35	1821.14	2080.58	1656.31	1932.33
spe	86	84	2014.745	1868.445	1941.595	2208.35	1821.14	2080.58	1656.31	1932.33
hgt	None	dead	0.0	0.0	0.0	0.0	0.0	0.0	0.0	0.0
hgt	None	dead	0.0	0.0	0.0	0.0	0.0	0.0	0.0	0.0
hgt	1227	GCA.003242675.1.Bacteria.Firmicutes.E	2407.625	0.0	1203.8125	2618.59	2196.66	0.0	0.0	1309.295
los	None	dead	0.0	0.0	0.0	0.0	0.0	0.0	0.0	0.0
hgt	None	dead	0.0	0.0	0.0	0.0	0.0	0.0	0.0	0.0
hgt	1341	GCF.001653195.1.Bacteria.Firmicutes	2078.19	0.0	1039.095	2272.57	1883.81	0.0	0.0	1136.285
los	None	dead	0.0	0.0	0.0	0.0	0.0	0.0	0.0	0.0
hgt	None	dead	0.0	0.0	0.0	0.0	0.0	0.0	0.0	0.0
hgt	None	dead	0.0	0.0	0.0	0.0	0.0	0.0	0.0	0.0
spe	1431	1430	2900.705	2636.055	2768.38	3055.74	2745.67	2857.47	2414.64	2735.19
hgt	1444	GCA.003451595.1.Bacteria.Chloroflexota	2137.48	0.0	1068.74	2354.92	1920.04	0.0	0.0	1177.46
dup	None	dead	0.0	0.0	0.0	0.0	0.0	0.0	0.0	0.0
hgt	99	GCF.001481685.1.Archaea.Thermoproteota	2047.925	0.0	1023.9625	2262.48	1833.37	0.0	0.0	1131.24
los	None	dead	0.0	0.0	0.0	0.0	0.0	0.0	0.0	0.0
dup	None	dead	0.0	0.0	0.0	0.0	0.0	0.0	0.0	0.0
hgt	1449	GCA.002400365.1.Bacteria.Chloroflexota	2414.175	0.0	1207.0875	2615.97	2212.38	0.0	0.0	1307.985
los	None	dead	0.0	0.0	0.0	0.0	0.0	0.0	0.0	0.0
hgt	1438	GCA.002841995.1.Bacteria.Chloroflexota	1986.755	0.0	993.3775	2210.66	1762.85	0.0	0.0	1105.33
los	None	dead	0.0	0.0	0.0	0.0	0.0	0.0	0.0	0.0
hgt	1351	1347	2134.51	1852.54	1993.525	2297.16	1971.86	2058.3	1646.78	1971.97
los	None	dead	0.0	0.0	0.0	0.0	0.0	0.0	0.0	0.0
spe	1351	1347	2134.51	1852.54	1993.525	2297.16	1971.86	2058.3	1646.78	1971.97
hgt	1379	1355	2060.89	1845.21	1953.05	2221.1	1900.68	2026.05	1664.37	1942.735
spe	1379	1355	2060.89	1845.21	1953.05	2221.1	1900.68	2026.05	1664.37	1942.735
hgt	1344	GCF.000218765.1.Bacteria.Firmicutes	2055.27	0.0	1027.635	2234.39	1876.15	0.0	0.0	1117.195
hgt	1338	GCF.002335525.1.Bacteria.Firmicutes	2111.765	0.0	1055.8825	2295.35	1928.18	0.0	0.0	1147.675
dup	None	dead	0.0	0.0	0.0	0.0	0.0	0.0	0.0	0.0
dup	None	dead	0.0	0.0	0.0	0.0	0.0	0.0	0.0	0.0
hgt	80	GCF.002114285.1.Archaea.Halobacteriota	2032.885	0.0	1016.4425	2234.17	1831.6	0.0	0.0	1117.085
los	None	dead	0.0	0.0	0.0	0.0	0.0	0.0	0.0	0.0
hgt	80	GCF.002114285.1.Archaea.Halobacteriota	2032.885	0.0	1016.4425	2234.17	1831.6	0.0	0.0	1117.085
los	None	dead	0.0	0.0	0.0	0.0	0.0	0.0	0.0	0.0
dup	None	dead	0.0	0.0	0.0	0.0	0.0	0.0	0.0	0.0
hgt	1227	GCA.003242675.1.Bacteria.Firmicutes.E	2407.625	0.0	1203.8125	2618.59	2196.66	0.0	0.0	1309.295
los	None	dead	0.0	0.0	0.0	0.0	0.0	0.0	0.0	0.0
hgt	1449	GCA.002366595.1.Bacteria.Chloroflexota	2414.175	0.0	1207.0875	2615.97	2212.38	0.0	0.0	1307.985
los	None	dead	0.0	0.0	0.0	0.0	0.0	0.0	0.0	0.0
dup	None	dead	0.0	0.0	0.0	0.0	0.0	0.0	0.0	0.0
hgt	1178	GCA.002347645.1.Bacteria.Actinobacteriota	2241.835	0.0	1120.9175	2458.12	2025.55	0.0	0.0	1229.06
los	None	dead	0.0	0.0	0.0	0.0	0.0	0.0	0.0	0.0
hgt	1180	1179	2587.79	2376.455	2482.1225	2773.12	2402.46	2575.79	2177.12	2475.12
los	None	dead	0.0	0.0	0.0	0.0	0.0	0.0	0.0	0.0
spe	1180	1179	2587.79	2376.455	2482.1225	2773.12	2402.46	2575.79	2177.12	2475.12
spe	1179	1173	2376.455	2194.99	2285.7225	2575.79	2177.12	2420.07	1969.91	2272.85
los	1173	GCA.002897715.1.Bacteria.Actinobacteriota	2194.99	0.0	1097.495	2420.07	1969.91	0.0	0.0	1210.035
spe	1179	1178	2376.455	2241.835	2309.145	2575.79	2177.12	2458.12	2025.55	2300.67
los	1178	1177	2241.835	2055.195	2148.515	2458.12	2025.55	2300.55	1809.84	2133.98
spe	1476	1475	2948.885	2883.705	2916.295	3099.11	2798.66	3039.71	2727.7	2913.405
hgt	None	dead	0.0	0.0	0.0	0.0	0.0	0.0	0.0	0.0
los	1475	1474	2883.705	2804.86	2844.2825	3039.71	2727.7	2967.88	2641.84	2840.775
hgt	826	825	2185.76	1914.98	2050.37	2375.3	1996.22	2142.21	1687.75	2031.525
los	None	dead	0.0	0.0	0.0	0.0	0.0	0.0	0.0	0.0
spe	826	825	2185.76	1914.98	2050.37	2375.3	1996.22	2142.21	1687.75	2031.525
hgt	347	GCA.002683135.1.Bacteria.Planctomycetota	2546.45	0.0	1273.225	2726.66	2366.24	0.0	0.0	1363.33
hgt	1029	GCA.001303705.1.Bacteria.TA06	2585.52	0.0	1292.76	2790.7	2380.34	0.0	0.0	1395.35
hgt	1425	GCA.003229915.1.Bacteria.Chloroflexota	2515.535	0.0	1257.7675	2693.95	2337.12	0.0	0.0	1346.975
hgt	1462	GCA.002436065.1.Bacteria.Chloroflexota	2688.275	0.0	1344.1375	2865.83	2510.72	0.0	0.0	1432.915
hgt	1444	GCA.002366755.1.Bacteria.Chloroflexota	2137.48	0.0	1068.74	2354.92	1920.04	0.0	0.0	1177.46
hgt	1226	GCA.003242195.1.Bacteria.Firmicutes.E	2297.705	0.0	1148.8525	2529.25	2066.16	0.0	0.0	1264.625
hgt	1449	GCA.002400365.1.Bacteria.Chloroflexota	2414.175	0.0	1207.0875	2615.97	2212.38	0.0	0.0	1307.985
hgt	1164	1160	1690.82	1520.98	1605.9	1917.35	1464.29	1761.58	1280.38	1598.865
hgt	724	GCA.001914955.1.Bacteria.Nitrospirota	2245.41	0.0	1122.705	2488.94	2001.88	0.0	0.0	1244.47
hgt	642	GCA.001464965.1.Bacteria.Proteobacteria	1939.07	0.0	969.535	2120.83	1757.31	0.0	0.0	1060.415
hgt	147	GCA.001940725.1.Archaea.Asgardarchaeota	2281.01	0.0	1140.505	2488.59	2073.43	0.0	0.0	1244.295
hgt	546	GCF.000021985.1.Bacteria.Proteobacteria	2056.155	0.0	1028.0775	2233.12	1879.19	0.0	0.0	1116.56
hgt	697	GCA.003222815.1.Bacteria.Acidobacteriota	2258.95	0.0	1129.475	2444.95	2072.95	0.0	0.0	1222.475
hgt	1128	GCA.002898935.1.Bacteria.CSP1.3	3141.47	0.0	1570.735	3292.49	2990.45	0.0	0.0	1646.245
hgt	1148	GCF.000969705.1.Bacteria.Actinobacteriota	2328.75	0.0	1164.375	2528.83	2128.67	0.0	0.0	1264.415
spe	1164	1160	1690.82	1520.98	1605.9	1917.35	1464.29	1761.58	1280.38	1598.865
spe	1160	1158	1520.98	1386.605	1453.7925	1761.58	1280.38	1639.35	1133.86	1447.72
hgt	1444	GCA.003451595.1.Bacteria.Chloroflexota	2137.48	0.0	1068.74	2354.92	1920.04	0.0	0.0	1177.46
hgt	1141	GCA.003140175.1.Bacteria.Actinobacteriota	2008.575	0.0	1004.2875	2245.24	1771.91	0.0	0.0	1122.62
hgt	695	GCA.003131705.1.Bacteria.Acidobacteriota	1981.07	0.0	990.535	2189.24	1772.9	0.0	0.0	1094.62
los	1158	GCF.900106035.1.Bacteria.Actinobacteriota	1386.605	0.0	693.3025	1639.35	1133.86	0.0	0.0	819.675
spe	1475	1463	2883.705	2750.56	2817.1325	3039.71	2727.7	2918.34	2582.78	2811.245
hgt	None	dead	0.0	0.0	0.0	0.0	0.0	0.0	0.0	0.0
hgt	327	GCA.003508595.1.Bacteria.Planctomycetota	2199.545	0.0	1099.7725	2411.52	1987.57	0.0	0.0	1205.76
los	None	dead	0.0	0.0	0.0	0.0	0.0	0.0	0.0	0.0
hgt	None	dead	0.0	0.0	0.0	0.0	0.0	0.0	0.0	0.0
los	1463	1462	2750.56	2688.275	2719.4175	2918.34	2582.78	2865.83	2510.72	2714.53
hgt	587	581	1996.16	1845.545	1920.8525	2165.59	1826.73	2033.36	1657.73	1911.66
los	None	dead	0.0	0.0	0.0	0.0	0.0	0.0	0.0	0.0
spe	587	581	1996.16	1845.545	1920.8525	2165.59	1826.73	2033.36	1657.73	1911.66
spe	581	579	1845.545	1566.0	1705.7725	2033.36	1657.73	1791.46	1340.54	1686.95
hgt	1430	GCA.002239025.1.Bacteria.Chloroflexota	2636.055	0.0	1318.0275	2857.47	2414.64	0.0	0.0	1428.735
los	579	GCA.003137095.1.Bacteria.Proteobacteria	1566.0	0.0	783.0	1791.46	1340.54	0.0	0.0	895.73
hgt	1167	GCA.002413185.1.Bacteria.Actinobacteriota	2503.64	0.0	1251.82	2682.48	2324.8	0.0	0.0	1341.24
hgt	977	GCA.001567195.1.Bacteria.Bacteroidota	1840.405	0.0	920.2025	2073.5	1607.31	0.0	0.0	1036.75
hgt	334	GCA.002338715.1.Bacteria.Planctomycetota	2115.87	0.0	1057.935	2325.24	1906.5	0.0	0.0	1162.62
hgt	821	GCF.000737335.2.Bacteria.Proteobacteria	2160.835	0.0	1080.4175	2359.5	1962.17	0.0	0.0	1179.75
hgt	560	GCA.001735895.1.Bacteria.Proteobacteria	2138.97	0.0	1069.485	2303.08	1974.86	0.0	0.0	1151.54
hgt	486	GCA.002721365.1.Bacteria.Proteobacteria	1956.2	0.0	978.1	2130.74	1781.66	0.0	0.0	1065.37
hgt	804	GCA.003247575.1.Bacteria.Myxococcota.A	2545.8	0.0	1272.9	2736.71	2354.89	0.0	0.0	1368.355
hgt	1457	GCF.003967555.1.Bacteria.Chloroflexota	2476.295	0.0	1238.1475	2697.47	2255.12	0.0	0.0	1348.735
hgt	1020	GCA.001780165.1.Bacteria.Eisenbacteria	2279.22	0.0	1139.61	2521.79	2036.65	0.0	0.0	1260.895
hgt	386	GCA.002450905.1.Bacteria.Spirochaetota	2547.685	0.0	1273.8425	2749.56	2345.81	0.0	0.0	1374.78
hgt	1163	GCF.000384115.1.Bacteria.Actinobacteriota	1488.035	0.0	744.0175	1730.27	1245.8	0.0	0.0	865.135
hgt	552	GCF.001614315.2.Bacteria.Proteobacteria	1988.77	0.0	994.385	2174.6	1802.94	0.0	0.0	1087.3
hgt	709	GCA.003223145.1.Bacteria.Acidobacteriota	2213.91	0.0	1106.955	2433.06	1994.76	0.0	0.0	1216.53
spe	1463	1457	2750.56	2476.295	2613.4275	2918.34	2582.78	2697.47	2255.12	2586.73
hgt	65	GCA.001800745.1.Archaea.Thermoplasmatota	1926.01	0.0	963.005	2135.57	1716.45	0.0	0.0	1067.785
hgt	68	GCA.002495185.1.Archaea.Thermoplasmatota	2254.26	0.0	1127.13	2432.16	2076.36	0.0	0.0	1216.08
hgt	1461	GCA.002413265.1.Bacteria.Chloroflexota	2433.39	0.0	1216.695	2666.93	2199.85	0.0	0.0	1333.465
hgt	1430	GCA.002239025.1.Bacteria.Chloroflexota	2636.055	0.0	1318.0275	2857.47	2414.64	0.0	0.0	1428.735
hgt	None	dead	0.0	0.0	0.0	0.0	0.0	0.0	0.0	0.0
dup	None	dead	0.0	0.0	0.0	0.0	0.0	0.0	0.0	0.0
hgt	456	GCF.002148795.1.Bacteria.Proteobacteria	1898.57	0.0	949.285	2073.0	1724.14	0.0	0.0	1036.5
los	None	dead	0.0	0.0	0.0	0.0	0.0	0.0	0.0	0.0
hgt	1473	GCA.001443375.1.Bacteria.Chloroflexota	2043.005	0.0	1021.5025	2324.44	1761.57	0.0	0.0	1162.22
los	None	dead	0.0	0.0	0.0	0.0	0.0	0.0	0.0	0.0
hgt	797	796	2488.59	2368.175	2428.3825	2661.77	2315.41	2549.94	2186.41	2424.09
hgt	1430	GCA.002239025.1.Bacteria.Chloroflexota	2636.055	0.0	1318.0275	2857.47	2414.64	0.0	0.0	1428.735
hgt	327	GCA.003508595.1.Bacteria.Planctomycetota	2199.545	0.0	1099.7725	2411.52	1987.57	0.0	0.0	1205.76
hgt	274	GCA.002687025.1.Bacteria.Poribacteria	2618.66	0.0	1309.33	2849.97	2387.35	0.0	0.0	1424.985
hgt	None	dead	0.0	0.0	0.0	0.0	0.0	0.0	0.0	0.0
hgt	634	GCF.001697225.1.Bacteria.Proteobacteria	2007.49	0.0	1003.745	2185.15	1829.83	0.0	0.0	1092.575
los	None	dead	0.0	0.0	0.0	0.0	0.0	0.0	0.0	0.0
hgt	1408	1407	2414.235	2350.905	2382.57	2597.86	2230.61	2541.49	2160.32	2379.09
hgt	1038	1032	2619.59	2327.38	2473.485	2800.05	2439.13	2556.02	2098.74	2449.395
spe	797	796	2488.59	2368.175	2428.3825	2661.77	2315.41	2549.94	2186.41	2424.09
spe	796	795	2368.175	2229.875	2299.025	2549.94	2186.41	2422.94	2036.81	2293.375
los	795	791	2229.875	2015.09	2122.4825	2422.94	2036.81	2237.3	1792.88	2107.91
spe	795	794	2229.875	2136.5	2183.1875	2422.94	2036.81	2343.87	1929.13	2176.035
los	794	GCA.001798565.1.Bacteria.Desulfobacterota.B	2136.5	0.0	1068.25	2343.87	1929.13	0.0	0.0	1171.935
hgt	None	dead	0.0	0.0	0.0	0.0	0.0	0.0	0.0	0.0
hgt	1444	GCA.003451595.1.Bacteria.Chloroflexota	2137.48	0.0	1068.74	2354.92	1920.04	0.0	0.0	1177.46
los	None	dead	0.0	0.0	0.0	0.0	0.0	0.0	0.0	0.0
spe	1038	1032	2619.59	2327.38	2473.485	2800.05	2439.13	2556.02	2098.74	2449.395
hgt	585	GCA.002688175.1.Bacteria.Proteobacteria	1706.285	0.0	853.1425	1917.52	1495.05	0.0	0.0	958.76
spe	1408	1407	2414.235	2350.905	2382.57	2597.86	2230.61	2541.49	2160.32	2379.09
hgt	1411	GCA.002717805.1.Bacteria.Chloroflexota	2250.5	0.0	1125.25	2459.44	2041.56	0.0	0.0	1229.72
spe	1407	1406	2350.905	2276.4	2313.6525	2541.49	2160.32	2475.71	2077.09	2309.29
hgt	746	GCF.900079095.1.Bacteria.Tectomicrobia	2548.44	0.0	1274.22	2767.72	2329.16	0.0	0.0	1383.86
los	1406	GCA.002717925.1.Bacteria.Chloroflexota	2276.4	0.0	1138.2	2475.71	2077.09	0.0	0.0	1237.855
hgt	514	436	2299.515	2217.14	2258.3275	2448.11	2150.92	2372.03	2062.25	2255.18
hgt	804	GCA.003247575.1.Bacteria.Myxococcota.A	2545.8	0.0	1272.9	2736.71	2354.89	0.0	0.0	1368.355
hgt	None	dead	0.0	0.0	0.0	0.0	0.0	0.0	0.0	0.0
hgt	1140	GCA.002722565.1.Bacteria.Actinobacteriota	1795.075	0.0	897.5375	2067.33	1522.82	0.0	0.0	1033.665
los	None	dead	0.0	0.0	0.0	0.0	0.0	0.0	0.0	0.0
spe	514	436	2299.515	2217.14	2258.3275	2448.11	2150.92	2372.03	2062.25	2255.18
spe	436	435	2217.14	2071.245	2144.1925	2372.03	2062.25	2233.96	1908.53	2140.28
spe	435	434	2071.245	1886.935	1979.09	2233.96	1908.53	2078.21	1695.66	1964.81
los	434	GCA.002898275.1.Bacteria.Proteobacteria	1886.935	0.0	943.4675	2078.21	1695.66	0.0	0.0	1039.105
hgt	741	GCA.003220615.1.Bacteria.Methylomirabilota	2582.55	0.0	1291.275	2791.15	2373.95	0.0	0.0	1395.575
los	435	GCA.006969625.1.Bacteria.Proteobacteria	2071.245	0.0	1035.6225	2233.96	1908.53	0.0	0.0	1116.98
dup	None	dead	0.0	0.0	0.0	0.0	0.0	0.0	0.0	0.0
dup	None	dead	0.0	0.0	0.0	0.0	0.0	0.0	0.0	0.0
hgt	828	GCA.002699025.1.Bacteria.Myxococcota	2398.31	0.0	1199.155	2568.84	2227.78	0.0	0.0	1284.42
los	None	dead	0.0	0.0	0.0	0.0	0.0	0.0	0.0	0.0
hgt	1032	GCA.002727195.1.Bacteria.Latescibacterota	2327.38	0.0	1163.69	2556.02	2098.74	0.0	0.0	1278.01
los	None	dead	0.0	0.0	0.0	0.0	0.0	0.0	0.0	0.0
hgt	698	697	2454.615	2258.95	2356.7825	2624.66	2284.57	2444.95	2072.95	2348.805
los	None	dead	0.0	0.0	0.0	0.0	0.0	0.0	0.0	0.0
spe	698	697	2454.615	2258.95	2356.7825	2624.66	2284.57	2444.95	2072.95	2348.805
hgt	811	GCA.002728755.1.Bacteria.Myxococcota	2134.02	0.0	1067.01	2333.61	1934.43	0.0	0.0	1166.805
hgt	350	GCA.003509045.1.Bacteria.Planctomycetota	2200.88	0.0	1100.44	2420.34	1981.42	0.0	0.0	1210.17
hgt	821	GCF.000737335.2.Bacteria.Proteobacteria	2160.835	0.0	1080.4175	2359.5	1962.17	0.0	0.0	1179.75
hgt	1106	GCA.003134215.1.Bacteria.Armatimonadota	2220.8	0.0	1110.4	2480.29	1961.31	0.0	0.0	1240.145
hgt	797	GCA.002311335.1.Bacteria.Desulfobacterota.B	2488.59	0.0	1244.295	2661.77	2315.41	0.0	0.0	1330.885
spe	697	696	2258.95	2077.305	2168.1275	2444.95	2072.95	2277.79	1876.82	2160.885
spe	696	695	2077.305	1981.07	2029.1875	2277.79	1876.82	2189.24	1772.9	2025.345
los	695	GCA.003131705.1.Bacteria.Acidobacteriota	1981.07	0.0	990.535	2189.24	1772.9	0.0	0.0	1094.62
spe	695	694	1981.07	1909.495	1945.2825	2189.24	1772.9	2127.24	1691.75	1940.495
los	694	692	1909.495	1806.3	1857.8975	2127.24	1691.75	2047.7	1564.9	1846.07
dup	None	dead	0.0	0.0	0.0	0.0	0.0	0.0	0.0	0.0
dup	None	dead	0.0	0.0	0.0	0.0	0.0	0.0	0.0	0.0
hgt	899	743	3089.895	3035.675	3062.785	3234.81	2944.98	3181.51	2889.84	3062.325
los	None	dead	0.0	0.0	0.0	0.0	0.0	0.0	0.0	0.0
spe	899	743	3089.895	3035.675	3062.785	3234.81	2944.98	3181.51	2889.84	3062.325
spe	743	721	3035.675	2908.09	2971.8825	3181.51	2889.84	3069.2	2746.98	2964.245
hgt	1430	GCA.002239025.1.Bacteria.Chloroflexota	2636.055	0.0	1318.0275	2857.47	2414.64	0.0	0.0	1428.735
los	721	GCA.003230535.1.Bacteria.SZUA.182	2908.09	0.0	1454.045	3069.2	2746.98	0.0	0.0	1534.6
spe	721	720	2908.09	2734.075	2821.0825	3069.2	2746.98	2916.96	2551.19	2810.195
los	720	GCA.002347965.1.Bacteria.UBA2233	2734.075	0.0	1367.0375	2916.96	2551.19	0.0	0.0	1458.48
hgt	1721	1720	3037.59	2606.445	2822.0175	3161.79	2913.39	2696.98	2515.91	2838.85
spe	743	742	3035.675	2922.825	2979.25	3181.51	2889.84	3076.13	2769.52	2975.515
spe	742	741	2922.825	2582.55	2752.6875	3076.13	2769.52	2791.15	2373.95	2725.04
spe	742	738	2922.825	2756.645	2839.735	3076.13	2769.52	2919.0	2594.29	2835.21
hgt	None	dead	0.0	0.0	0.0	0.0	0.0	0.0	0.0	0.0
spe	738	737	2756.645	2630.42	2693.5325	2919.0	2594.29	2810.4	2450.44	2684.72
hgt	None	dead	0.0	0.0	0.0	0.0	0.0	0.0	0.0	0.0
dup	None	dead	0.0	0.0	0.0	0.0	0.0	0.0	0.0	0.0
hgt	221	GCA.002796125.1.Bacteria.Omnitrophota	2232.655	0.0	1116.3275	2421.55	2043.76	0.0	0.0	1210.775
los	None	dead	0.0	0.0	0.0	0.0	0.0	0.0	0.0	0.0
hgt	216	GCA.001805575.1.Bacteria.Omnitrophota	2167.33	0.0	1083.665	2366.8	1967.86	0.0	0.0	1183.4
los	None	dead	0.0	0.0	0.0	0.0	0.0	0.0	0.0	0.0
hgt	252	251	2764.255	2585.35	2674.8025	2927.84	2600.67	2749.26	2421.44	2674.64
hgt	754	753	2746.525	2583.27	2664.8975	2912.14	2580.91	2768.8	2397.74	2654.94
spe	737	736	2630.42	2435.77	2533.095	2810.4	2450.44	2649.26	2222.28	2516.34
hgt	213	GCA.002787095.1.Bacteria.Omnitrophota	2348.89	0.0	1174.445	2541.49	2156.29	0.0	0.0	1270.745
hgt	445	GCA.002717225.1.Bacteria.Proteobacteria	1836.495	0.0	918.2475	2032.31	1640.68	0.0	0.0	1016.155
los	736	GCA.003454665.1.Bacteria.Nitrospirota	2435.77	0.0	1217.885	2649.26	2222.28	0.0	0.0	1324.63
hgt	1116	GCA.002898575.1.Bacteria.Armatimonadota	2746.26	0.0	1373.13	2951.68	2540.84	0.0	0.0	1475.84
hgt	None	dead	0.0	0.0	0.0	0.0	0.0	0.0	0.0	0.0
hgt	210	GCA.002796105.1.Bacteria.Omnitrophota	2377.125	0.0	1188.5625	2575.36	2178.89	0.0	0.0	1287.68
los	None	dead	0.0	0.0	0.0	0.0	0.0	0.0	0.0	0.0
spe	754	753	2746.525	2583.27	2664.8975	2912.14	2580.91	2768.8	2397.74	2654.94
hgt	754	746	2746.525	2548.44	2647.4825	2912.14	2580.91	2767.72	2329.16	2620.65
spe	754	746	2746.525	2548.44	2647.4825	2912.14	2580.91	2767.72	2329.16	2620.65
hgt	769	GCA.001798135.1.Bacteria.UBA10199	2474.02	0.0	1237.01	2648.53	2299.51	0.0	0.0	1324.265
spe	753	751	2583.27	2475.955	2529.6125	2768.8	2397.74	2677.33	2274.58	2521.69
spe	751	749	2475.955	2363.875	2419.915	2677.33	2274.58	2575.43	2152.32	2414.825
spe	252	251	2764.255	2585.35	2674.8025	2927.84	2600.67	2749.26	2421.44	2674.64
spe	251	250	2585.35	2494.48	2539.915	2749.26	2421.44	2662.61	2326.35	2537.805
spe	250	236	2494.48	2376.71	2435.595	2662.61	2326.35	2562.4	2191.02	2426.815
los	236	GCA.001800495.1.Bacteria.Elusimicrobiota	2376.71	0.0	1188.355	2562.4	2191.02	0.0	0.0	1281.2
hgt	None	dead	0.0	0.0	0.0	0.0	0.0	0.0	0.0	0.0
hgt	205	GCA.002783585.1.Bacteria.Omnitrophota	2337.875	0.0	1168.9375	2540.07	2135.68	0.0	0.0	1270.035
los	None	dead	0.0	0.0	0.0	0.0	0.0	0.0	0.0	0.0
hgt	None	dead	0.0	0.0	0.0	0.0	0.0	0.0	0.0	0.0
hgt	236	GCA.002412545.1.Bacteria.Elusimicrobiota	2376.71	0.0	1188.355	2562.4	2191.02	0.0	0.0	1281.2
los	None	dead	0.0	0.0	0.0	0.0	0.0	0.0	0.0	0.0
hgt	None	dead	0.0	0.0	0.0	0.0	0.0	0.0	0.0	0.0
los	250	249	2494.48	2408.17	2451.325	2662.61	2326.35	2580.96	2235.38	2448.995
hgt	236	GCA.002412545.1.Bacteria.Elusimicrobiota	2376.71	0.0	1188.355	2562.4	2191.02	0.0	0.0	1281.2
los	None	dead	0.0	0.0	0.0	0.0	0.0	0.0	0.0	0.0
spe	737	733	2630.42	2275.95	2453.185	2810.4	2450.44	2503.33	2048.57	2429.485
hgt	721	GCA.003230535.1.Bacteria.SZUA.182	2908.09	0.0	1454.045	3069.2	2746.98	0.0	0.0	1534.6
hgt	227	GCA.001804315.1.Bacteria.Omnitrophota	2748.92	0.0	1374.46	2912.2	2585.64	0.0	0.0	1456.1
spe	733	732	2275.95	2077.52	2176.735	2503.33	2048.57	2333.23	1821.81	2162.57
hgt	733	GCA.003235715.1.Bacteria.Nitrospirota	2275.95	0.0	1137.975	2503.33	2048.57	0.0	0.0	1251.665
hgt	194	GCA.003498085.1.Bacteria.UBA9089	2944.425	0.0	1472.2125	3114.42	2774.43	0.0	0.0	1557.21
hgt	260	GCA.003152075.1.Bacteria.FCPU426	2924.365	0.0	1462.1825	3093.76	2754.97	0.0	0.0	1546.88
hgt	1655	GCA.001771365.1.Bacteria.Margulisbacteria	2626.04	0.0	1313.02	2831.43	2420.65	0.0	0.0	1415.715
hgt	193	GCA.001873945.1.Bacteria.UBA9089	2795.065	0.0	1397.5325	2984.65	2605.48	0.0	0.0	1492.325
hgt	274	GCA.000406005.1.Bacteria.Poribacteria	2618.66	0.0	1309.33	2849.97	2387.35	0.0	0.0	1424.985
los	733	GCA.003235715.1.Bacteria.Nitrospirota	2275.95	0.0	1137.975	2503.33	2048.57	0.0	0.0	1251.665
hgt	728	727	2549.51	2370.105	2459.8075	2740.21	2358.81	2586.88	2153.33	2446.77
los	None	dead	0.0	0.0	0.0	0.0	0.0	0.0	0.0	0.0
spe	728	727	2549.51	2370.105	2459.8075	2740.21	2358.81	2586.88	2153.33	2446.77
spe	738	728	2756.645	2549.51	2653.0775	2919.0	2594.29	2740.21	2358.81	2638.905
los	728	727	2549.51	2370.105	2459.8075	2740.21	2358.81	2586.88	2153.33	2446.77
spe	728	724	2549.51	2245.41	2397.46	2740.21	2358.81	2488.94	2001.88	2371.045
hgt	None	dead	0.0	0.0	0.0	0.0	0.0	0.0	0.0	0.0
spe	1721	1720	3037.59	2606.445	2822.0175	3161.79	2913.39	2696.98	2515.91	2838.85
spe	1720	1719	2606.445	2506.285	2556.365	2696.98	2515.91	2604.85	2407.72	2552.35
spe	1719	1718	2506.285	2393.24	2449.7625	2604.85	2407.72	2492.26	2294.22	2449.535
spe	1718	1717	2393.24	2268.17	2330.705	2492.26	2294.22	2385.3	2151.04	2321.65
los	1717	1716	2268.17	2013.02	2140.595	2385.3	2151.04	2161.01	1865.03	2125.165
spe	1718	1704	2393.24	2299.84	2346.54	2492.26	2294.22	2399.06	2200.62	2346.44
hgt	None	dead	0.0	0.0	0.0	0.0	0.0	0.0	0.0	0.0
spe	1704	1703	2299.84	2220.145	2259.9925	2399.06	2200.62	2317.57	2122.72	2260.89
spe	1703	1702	2220.145	2160.51	2190.3275	2317.57	2122.72	2257.39	2063.63	2190.6
los	1702	1701	2160.51	2117.68	2139.095	2257.39	2063.63	2210.97	2024.39	2140.89
hgt	None	dead	0.0	0.0	0.0	0.0	0.0	0.0	0.0	0.0
hgt	1684	GCF.000316115.1.Bacteria.Cyanobacteria	1851.405	0.0	925.7025	1997.61	1705.2	0.0	0.0	998.805
los	None	dead	0.0	0.0	0.0	0.0	0.0	0.0	0.0	0.0
spe	1703	1679	2220.145	2001.685	2110.915	2317.57	2122.72	2133.82	1869.55	2093.56
spe	1679	1678	2001.685	1122.4185	1562.05175	2133.82	1869.55	1385.17	859.667	1496.7435
spe	1678	1676	1122.4185	295.292	708.85525	1385.17	859.667	427.194	163.39	774.28
hgt	1701	1700	2117.68	2037.95	2077.815	2210.97	2024.39	2130.46	1945.44	2078.205
los	None	dead	0.0	0.0	0.0	0.0	0.0	0.0	0.0	0.0
spe	1701	1700	2117.68	2037.95	2077.815	2210.97	2024.39	2130.46	1945.44	2078.205
spe	1700	1688	2037.95	1799.565	1918.7575	2130.46	1945.44	1942.05	1657.08	1893.77
los	1688	GCF.000353285.1.Bacteria.Cyanobacteria	1799.565	0.0	899.7825	1942.05	1657.08	0.0	0.0	971.025
spe	1700	1699	2037.95	1966.585	2002.2675	2130.46	1945.44	2051.72	1881.45	2005.955
spe	1699	1698	1966.585	1629.64	1798.1125	2051.72	1881.45	1658.88	1600.4	1826.06
spe	1698	1692	1629.64	247.20855	938.42428	1658.88	1600.4	402.821	91.5961	875.23805
los	1692	Richelia.intracellularis.HM01	247.20855	0.0	123.60428	402.821	91.5961	0.0	0.0	201.4105
spe	1698	1697	1629.64	1386.915	1508.2775	1658.88	1600.4	1498.21	1275.62	1467.25
spe	1697	1695	1386.915	955.3765	1171.14575	1498.21	1275.62	1178.07	732.683	1115.4465
spe	1704	1672	2299.84	2154.84	2227.34	2399.06	2200.62	2280.19	2029.49	2214.275
hgt	1685	GCF.000018105.1.Bacteria.Cyanobacteria	2011.14	0.0	1005.57	2124.52	1897.76	0.0	0.0	1062.26
los	1672	GCF.000015965.1.Bacteria.Cyanobacteria	2154.84	0.0	1077.42	2280.19	2029.49	0.0	0.0	1140.095
hgt	1688	GCF.000353285.1.Bacteria.Cyanobacteria	1799.565	0.0	899.7825	1942.05	1657.08	0.0	0.0	971.025
hgt	1684	GCA.001698445.1.Bacteria.Cyanobacteria	1851.405	0.0	925.7025	1997.61	1705.2	0.0	0.0	998.805
dup	None	dead	0.0	0.0	0.0	0.0	0.0	0.0	0.0	0.0
hgt	1106	GCF.000427095.1.Bacteria.Armatimonadota	2220.8	0.0	1110.4	2480.29	1961.31	0.0	0.0	1240.145
los	None	dead	0.0	0.0	0.0	0.0	0.0	0.0	0.0	0.0
hgt	290	284	2606.84	2369.92	2488.38	2782.77	2430.91	2568.85	2170.99	2476.88
los	None	dead	0.0	0.0	0.0	0.0	0.0	0.0	0.0	0.0
spe	290	284	2606.84	2369.92	2488.38	2782.77	2430.91	2568.85	2170.99	2476.88
spe	284	282	2369.92	2053.795	2211.8575	2568.85	2170.99	2296.91	1810.68	2189.765
los	282	GCA.003219195.1.Bacteria.Verrucomicrobiota	2053.795	0.0	1026.8975	2296.91	1810.68	0.0	0.0	1148.455
hgt	244	GCA.001800075.1.Bacteria.Elusimicrobiota	2178.39	0.0	1089.195	2377.56	1979.22	0.0	0.0	1188.78
hgt	406	GCA.001872725.1.Bacteria.Proteobacteria	2769.905	0.0	1384.9525	2921.46	2618.35	0.0	0.0	1460.73
hgt	1079	1078	2652.83	2475.305	2564.0675	2850.84	2454.82	2693.96	2256.65	2553.745
los	None	dead	0.0	0.0	0.0	0.0	0.0	0.0	0.0	0.0
spe	1079	1078	2652.83	2475.305	2564.0675	2850.84	2454.82	2693.96	2256.65	2553.745
hgt	1119	GCF.002973605.1.Bacteria.Armatimonadota	2529.245	0.0	1264.6225	2761.53	2296.96	0.0	0.0	1380.765
hgt	1032	GCA.002693325.1.Bacteria.Latescibacterota	2327.38	0.0	1163.69	2556.02	2098.74	0.0	0.0	1278.01
spe	1078	1076	2475.305	2070.835	2273.07	2693.96	2256.65	2334.5	1807.17	2250.565
hgt	741	GCA.003220615.1.Bacteria.Methylomirabilota	2582.55	0.0	1291.275	2791.15	2373.95	0.0	0.0	1395.575
hgt	670	GCA.002898535.1.Bacteria.Acidobacteriota	2753.645	0.0	1376.8225	2923.59	2583.7	0.0	0.0	1461.795
hgt	1440	GCF.001306175.1.Bacteria.Chloroflexota	2358.68	0.0	1179.34	2549.6	2167.76	0.0	0.0	1274.8
hgt	1444	GCA.003451595.1.Bacteria.Chloroflexota	2137.48	0.0	1068.74	2354.92	1920.04	0.0	0.0	1177.46
dup	None	dead	0.0	0.0	0.0	0.0	0.0	0.0	0.0	0.0
dup	None	dead	0.0	0.0	0.0	0.0	0.0	0.0	0.0	0.0
hgt	275	GCA.001784175.1.Bacteria.Lindowbacteria	3039.065	0.0	1519.5325	3208.38	2869.75	0.0	0.0	1604.19
los	None	dead	0.0	0.0	0.0	0.0	0.0	0.0	0.0	0.0
hgt	276	275	3142.94	3039.065	3091.0025	3295.82	2990.06	3208.38	2869.75	3082.785
los	None	dead	0.0	0.0	0.0	0.0	0.0	0.0	0.0	0.0
spe	276	275	3142.94	3039.065	3091.0025	3295.82	2990.06	3208.38	2869.75	3082.785
spe	275	274	3039.065	2618.66	2828.8625	3208.38	2869.75	2849.97	2387.35	2797.865
los	274	GCA.000406005.1.Bacteria.Poribacteria	2618.66	0.0	1309.33	2849.97	2387.35	0.0	0.0	1424.985
hgt	65	GCA.001800745.1.Archaea.Thermoplasmatota	1926.01	0.0	963.005	2135.57	1716.45	0.0	0.0	1067.785
hgt	406	GCF.002795805.1.Bacteria.Proteobacteria	2769.905	0.0	1384.9525	2921.46	2618.35	0.0	0.0	1460.73
dup	None	dead	0.0	0.0	0.0	0.0	0.0	0.0	0.0	0.0
hgt	1173	GCA.002897715.1.Bacteria.Actinobacteriota	2194.99	0.0	1097.495	2420.07	1969.91	0.0	0.0	1210.035
los	None	dead	0.0	0.0	0.0	0.0	0.0	0.0	0.0	0.0
hgt	1412	1408	2456.73	2414.235	2435.4825	2635.79	2277.67	2597.86	2230.61	2433.2
los	None	dead	0.0	0.0	0.0	0.0	0.0	0.0	0.0	0.0
spe	1412	1408	2456.73	2414.235	2435.4825	2635.79	2277.67	2597.86	2230.61	2433.2
spe	1408	1407	2414.235	2350.905	2382.57	2597.86	2230.61	2541.49	2160.32	2379.09
spe	1407	1406	2350.905	2276.4	2313.6525	2541.49	2160.32	2475.71	2077.09	2309.29
los	1406	GCA.002710215.1.Bacteria.Chloroflexota	2276.4	0.0	1138.2	2475.71	2077.09	0.0	0.0	1237.855
spe	1408	1402	2414.235	2331.705	2372.97	2597.86	2230.61	2524.09	2139.32	2368.59
hgt	1406	GCA.002710215.1.Bacteria.Chloroflexota	2276.4	0.0	1138.2	2475.71	2077.09	0.0	0.0	1237.855
hgt	1399	GCA.002450835.1.Bacteria.Chloroflexota	2391.86	0.0	1195.93	2619.19	2164.53	0.0	0.0	1309.595
hgt	1411	GCA.002717805.1.Bacteria.Chloroflexota	2250.5	0.0	1125.25	2459.44	2041.56	0.0	0.0	1229.72
