event	left_node	right_node	left_date	right_date	midpoint_date	left_date_lower	left_date_upper	right_date_lower	right_date_upper	midpoint_date_all
spe	841	840	2762.435	2651.205	2706.82	2914.26	2610.61	2807.06	2495.35	2704.805
spe	840	804	2651.205	2545.8	2598.5025	2807.06	2495.35	2736.71	2354.89	2580.975
los	804	GCA.003247575.1.Bacteria.Myxococcota.A	2545.8	0.0	1272.9	2736.71	2354.89	0.0	0.0	1368.355
spe	840	839	2651.205	2599.34	2625.2725	2807.06	2495.35	2756.33	2442.35	2624.705
spe	839	838	2599.34	2486.025	2542.6825	2756.33	2442.35	2649.83	2322.22	2539.275
hgt	None	dead	0.0	0.0	0.0	0.0	0.0	0.0	0.0	0.0
los	838	834	2486.025	2442.985	2464.505	2649.83	2322.22	2611.91	2274.06	2461.945
hgt	837	GCA.001768075.1.Bacteria.Myxococcota	2276.83	0.0	1138.415	2468.96	2084.7	0.0	0.0	1234.48
los	None	dead	0.0	0.0	0.0	0.0	0.0	0.0	0.0	0.0
spe	838	837	2486.025	2276.83	2381.4275	2649.83	2322.22	2468.96	2084.7	2367.265
los	837	GCA.002309015.1.Bacteria.Myxococcota	2276.83	0.0	1138.415	2468.96	2084.7	0.0	0.0	1234.48
spe	839	829	2599.34	2568.27	2583.805	2756.33	2442.35	2727.21	2409.33	2582.83
hgt	None	dead	0.0	0.0	0.0	0.0	0.0	0.0	0.0	0.0
hgt	1454	1446	2633.59	2467.265	2550.4275	2806.22	2460.96	2650.86	2283.67	2544.945
spe	829	817	2568.27	2468.695	2518.4825	2727.21	2409.33	2633.61	2303.78	2515.495
hgt	1469	1467	2472.76	2363.295	2418.0275	2679.0	2266.52	2590.38	2136.21	2407.605
spe	817	813	2468.695	2371.52	2420.1075	2633.61	2303.78	2544.35	2198.69	2416.15
spe	813	807	2371.52	2202.835	2287.1775	2544.35	2198.69	2393.11	2012.56	2278.455
los	807	GCA.002841945.1.Bacteria.Myxococcota	2202.835	0.0	1101.4175	2393.11	2012.56	0.0	0.0	1196.555
spe	813	812	2371.52	2281.345	2326.4325	2544.35	2198.69	2464.68	2098.01	2321.18
spe	812	811	2281.345	2134.02	2207.6825	2464.68	2098.01	2333.61	1934.43	2199.555
spe	1469	1467	2472.76	2363.295	2418.0275	2679.0	2266.52	2590.38	2136.21	2407.605
hgt	699	698	2612.33	2454.615	2533.4725	2771.91	2452.75	2624.66	2284.57	2528.24
hgt	741	GCA.003220615.1.Bacteria.Methylomirabilota	2582.55	0.0	1291.275	2791.15	2373.95	0.0	0.0	1395.575
hgt	1453	1449	2571.245	2414.175	2492.71	2752.52	2389.97	2615.97	2212.38	2482.45
hgt	1228	1227	2573.425	2407.625	2490.525	2761.84	2385.01	2618.59	2196.66	2479.25
spe	817	816	2468.695	2057.94	2263.3175	2633.61	2303.78	2275.98	1839.9	2236.755
los	816	GCA.002707085.1.Bacteria.Myxococcota.A	2057.94	0.0	1028.97	2275.98	1839.9	0.0	0.0	1137.99
hgt	1474	1473	2804.86	2043.005	2423.9325	2967.88	2641.84	2324.44	1761.57	2364.725
hgt	None	dead	0.0	0.0	0.0	0.0	0.0	0.0	0.0	0.0
hgt	1233	GCA.003449495.1.Bacteria.Firmicutes.E	2039.805	0.0	1019.9025	2298.21	1781.4	0.0	0.0	1149.105
los	None	dead	0.0	0.0	0.0	0.0	0.0	0.0	0.0	0.0
hgt	1396	GCA.003151665.1.Bacteria.Dormibacterota	2525.675	0.0	1262.8375	2773.68	2277.67	0.0	0.0	1386.84
hgt	1198	GCA.002159155.1.Bacteria.Firmicutes.G	2678.675	0.0	1339.3375	2871.78	2485.57	0.0	0.0	1435.89
spe	1228	1227	2573.425	2407.625	2490.525	2761.84	2385.01	2618.59	2196.66	2479.25
spe	1227	1226	2407.625	2297.705	2352.665	2618.59	2196.66	2529.25	2066.16	2342.375
los	1226	GCA.002385465.1.Bacteria.Firmicutes.E	2297.705	0.0	1148.8525	2529.25	2066.16	0.0	0.0	1264.625
hgt	1382	1381	2292.545	2205.155	2248.85	2446.92	2138.17	2360.66	2049.65	2248.285
spe	1382	1381	2292.545	2205.155	2248.85	2446.92	2138.17	2360.66	2049.65	2248.285
hgt	None	dead	0.0	0.0	0.0	0.0	0.0	0.0	0.0	0.0
hgt	1337	GCF.001399675.1.Bacteria.Firmicutes	1832.425	0.0	916.2125	2086.82	1578.03	0.0	0.0	1043.41
los	None	dead	0.0	0.0	0.0	0.0	0.0	0.0	0.0	0.0
spe	1381	1380	2205.155	2120.065	2162.61	2360.66	2049.65	2280.16	1959.97	2160.315
spe	1380	1379	2120.065	2060.89	2090.4775	2280.16	1959.97	2221.1	1900.68	2090.42
los	1379	1378	2060.89	1789.555	1925.2225	2221.1	1900.68	1953.46	1625.65	1923.375
spe	1379	1355	2060.89	1845.21	1953.05	2221.1	1900.68	2026.05	1664.37	1942.735
los	1355	GCF.004522215.1.Bacteria.Firmicutes	1845.21	0.0	922.605	2026.05	1664.37	0.0	0.0	1013.025
spe	1381	1351	2205.155	2134.51	2169.8325	2360.66	2049.65	2297.16	1971.86	2166.26
los	1351	1350	2134.51	1969.515	2052.0125	2297.16	1971.86	2159.85	1779.18	2038.17
spe	1351	1347	2134.51	1852.54	1993.525	2297.16	1971.86	2058.3	1646.78	1971.97
hgt	1338	GCF.002335525.1.Bacteria.Firmicutes	2111.765	0.0	1055.8825	2295.35	1928.18	0.0	0.0	1147.675
spe	1474	1473	2804.86	2043.005	2423.9325	2967.88	2641.84	2324.44	1761.57	2364.725
spe	1453	1449	2571.245	2414.175	2492.71	2752.52	2389.97	2615.97	2212.38	2482.45
hgt	275	GCA.001784175.1.Bacteria.Lindowbacteria	3039.065	0.0	1519.5325	3208.38	2869.75	0.0	0.0	1604.19
hgt	1116	GCA.002898575.1.Bacteria.Armatimonadota	2746.26	0.0	1373.13	2951.68	2540.84	0.0	0.0	1475.84
hgt	274	GCA.002687025.1.Bacteria.Poribacteria	2618.66	0.0	1309.33	2849.97	2387.35	0.0	0.0	1424.985
hgt	794	GCA.003161515.1.Bacteria.Desulfobacterota.B	2136.5	0.0	1068.25	2343.87	1929.13	0.0	0.0	1171.935
hgt	796	GCA.002238415.1.Bacteria.Desulfobacterota.B	2368.175	0.0	1184.0875	2549.94	2186.41	0.0	0.0	1274.97
hgt	1128	GCA.002898935.1.Bacteria.CSP1.3	3141.47	0.0	1570.735	3292.49	2990.45	0.0	0.0	1646.245
hgt	1440	GCF.001306175.1.Bacteria.Chloroflexota	2358.68	0.0	1179.34	2549.6	2167.76	0.0	0.0	1274.8
hgt	390	GCA.002780065.1.Bacteria.UBA8481	3122.13	0.0	1561.065	3271.16	2973.1	0.0	0.0	1635.58
hgt	1430	GCA.002239025.1.Bacteria.Chloroflexota	2636.055	0.0	1318.0275	2857.47	2414.64	0.0	0.0	1428.735
spe	699	698	2612.33	2454.615	2533.4725	2771.91	2452.75	2624.66	2284.57	2528.24
spe	698	686	2454.615	2295.75	2375.1825	2624.66	2284.57	2486.27	2105.23	2364.945
los	686	GCA.002451015.1.Bacteria.Acidobacteriota	2295.75	0.0	1147.875	2486.27	2105.23	0.0	0.0	1243.135
spe	686	684	2295.75	1980.48	2138.115	2486.27	2105.23	2216.57	1744.39	2115.33
los	684	GCA.003223975.1.Bacteria.Acidobacteriota	1980.48	0.0	990.24	2216.57	1744.39	0.0	0.0	1108.285
spe	698	697	2454.615	2258.95	2356.7825	2624.66	2284.57	2444.95	2072.95	2348.805
spe	697	696	2258.95	2077.305	2168.1275	2444.95	2072.95	2277.79	1876.82	2160.885
hgt	692	GCA.003140235.1.Bacteria.Acidobacteriota	1806.3	0.0	903.15	2047.7	1564.9	0.0	0.0	1023.85
spe	696	695	2077.305	1981.07	2029.1875	2277.79	1876.82	2189.24	1772.9	2025.345
los	695	GCA.003131705.1.Bacteria.Acidobacteriota	1981.07	0.0	990.535	2189.24	1772.9	0.0	0.0	1094.62
spe	695	694	1981.07	1909.495	1945.2825	2189.24	1772.9	2127.24	1691.75	1940.495
spe	694	692	1909.495	1806.3	1857.8975	2127.24	1691.75	2047.7	1564.9	1846.07
los	692	GCA.003140235.1.Bacteria.Acidobacteriota	1806.3	0.0	903.15	2047.7	1564.9	0.0	0.0	1023.85
hgt	334	GCA.002338715.1.Bacteria.Planctomycetota	2115.87	0.0	1057.935	2325.24	1906.5	0.0	0.0	1162.62
hgt	1119	GCF.002973605.1.Bacteria.Armatimonadota	2529.245	0.0	1264.6225	2761.53	2296.96	0.0	0.0	1380.765
hgt	853	GCA.003232385.1.Bacteria.SZUA.79	2576.375	0.0	1288.1875	2761.44	2391.31	0.0	0.0	1380.72
hgt	None	dead	0.0	0.0	0.0	0.0	0.0	0.0	0.0	0.0
dup	None	dead	0.0	0.0	0.0	0.0	0.0	0.0	0.0	0.0
hgt	486	GCF.000264455.2.Bacteria.Proteobacteria	1956.2	0.0	978.1	2130.74	1781.66	0.0	0.0	1065.37
los	None	dead	0.0	0.0	0.0	0.0	0.0	0.0	0.0	0.0
hgt	727	GCA.001805205.1.Bacteria.Nitrospirota	2370.105	0.0	1185.0525	2586.88	2153.33	0.0	0.0	1293.44
los	None	dead	0.0	0.0	0.0	0.0	0.0	0.0	0.0	0.0
hgt	109	103	2611.625	2372.465	2492.045	2779.64	2443.61	2552.61	2192.32	2485.98
spe	1454	1446	2633.59	2467.265	2550.4275	2806.22	2460.96	2650.86	2283.67	2544.945
spe	1446	1440	2467.265	2358.68	2412.9725	2650.86	2283.67	2549.6	2167.76	2409.31
los	1440	GCF.001306175.1.Bacteria.Chloroflexota	2358.68	0.0	1179.34	2549.6	2167.76	0.0	0.0	1274.8
spe	1440	1439	2358.68	2159.315	2258.9975	2549.6	2167.76	2363.76	1954.87	2252.235
spe	1439	1438	2159.315	1986.755	2073.035	2363.76	1954.87	2210.66	1762.85	2063.305
spe	1438	1437	1986.755	1859.345	1923.05	2210.66	1762.85	2096.58	1622.11	1916.385
spe	1446	1445	2467.265	2304.44	2385.8525	2650.86	2283.67	2498.38	2110.5	2380.68
spe	1445	1444	2304.44	2137.48	2220.96	2498.38	2110.5	2354.92	1920.04	2209.21
hgt	1041	GCA.002686955.1.Bacteria.Gemmatimonadota.A	2930.085	0.0	1465.0425	3083.7	2776.47	0.0	0.0	1541.85
los	1444	GCA.002366755.1.Bacteria.Chloroflexota	2137.48	0.0	1068.74	2354.92	1920.04	0.0	0.0	1177.46
hgt	None	dead	0.0	0.0	0.0	0.0	0.0	0.0	0.0	0.0
hgt	1177	GCA.003138355.1.Bacteria.Actinobacteriota	2055.195	0.0	1027.5975	2300.55	1809.84	0.0	0.0	1150.275
los	None	dead	0.0	0.0	0.0	0.0	0.0	0.0	0.0	0.0
hgt	None	dead	0.0	0.0	0.0	0.0	0.0	0.0	0.0	0.0
hgt	1177	GCA.003138355.1.Bacteria.Actinobacteriota	2055.195	0.0	1027.5975	2300.55	1809.84	0.0	0.0	1150.275
los	None	dead	0.0	0.0	0.0	0.0	0.0	0.0	0.0	0.0
spe	109	103	2611.625	2372.465	2492.045	2779.64	2443.61	2552.61	2192.32	2485.98
spe	103	101	2372.465	2213.35	2292.9075	2552.61	2192.32	2410.41	2016.29	2284.45
los	101	99	2213.35	2047.925	2130.6375	2410.41	2016.29	2262.48	1833.37	2121.89
hgt	826	825	2185.76	1914.98	2050.37	2375.3	1996.22	2142.21	1687.75	2031.525
los	None	dead	0.0	0.0	0.0	0.0	0.0	0.0	0.0	0.0
spe	826	825	2185.76	1914.98	2050.37	2375.3	1996.22	2142.21	1687.75	2031.525
hgt	807	GCA.002841945.1.Bacteria.Myxococcota	2202.835	0.0	1101.4175	2393.11	2012.56	0.0	0.0	1196.555
spe	829	828	2568.27	2398.31	2483.29	2727.21	2409.33	2568.84	2227.78	2477.495
spe	828	827	2398.31	2313.915	2356.1125	2568.84	2227.78	2488.25	2139.58	2354.21
spe	827	821	2313.915	2160.835	2237.375	2488.25	2139.58	2359.5	1962.17	2225.21
los	821	GCA.002841825.1.Bacteria.Myxococcota	2160.835	0.0	1080.4175	2359.5	1962.17	0.0	0.0	1179.75
hgt	832	GCA.002721815.1.Bacteria.Myxococcota	2268.205	0.0	1134.1025	2461.92	2074.49	0.0	0.0	1230.96
los	827	826	2313.915	2185.76	2249.8375	2488.25	2139.58	2375.3	1996.22	2242.235
hgt	1168	1148	2631.565	2328.75	2480.1575	2798.58	2464.55	2528.83	2128.67	2463.625
spe	1168	1148	2631.565	2328.75	2480.1575	2798.58	2464.55	2528.83	2128.67	2463.625
