event	left_node	right_node	left_date	right_date	midpoint_date	left_date_lower	left_date_upper	right_date_lower	right_date_upper	midpoint_date_all
spe	363	321	2638.385	2458.77	2548.5775	2836.23	2440.54	2694.85	2222.69	2529.46
hgt	None	dead	0.0	0.0	0.0	0.0	0.0	0.0	0.0	0.0
dup	None	dead	0.0	0.0	0.0	0.0	0.0	0.0	0.0	0.0
hgt	293	GCA.003246265.1.Bacteria.Verrucomicrobiota	1839.63	0.0	919.815	2093.59	1585.67	0.0	0.0	1046.795
los	None	dead	0.0	0.0	0.0	0.0	0.0	0.0	0.0	0.0
hgt	345	GCA.002748355.1.Bacteria.Planctomycetota	1703.735	0.0	851.8675	1950.33	1457.14	0.0	0.0	975.165
los	None	dead	0.0	0.0	0.0	0.0	0.0	0.0	0.0	0.0
hgt	None	dead	0.0	0.0	0.0	0.0	0.0	0.0	0.0	0.0
hgt	340	334	1641.945	1433.42	1537.6825	1853.74	1430.15	1653.95	1212.89	1533.315
los	None	dead	0.0	0.0	0.0	0.0	0.0	0.0	0.0	0.0
spe	340	334	1641.945	1433.42	1537.6825	1853.74	1430.15	1653.95	1212.89	1533.315
spe	334	332	1433.42	1016.322	1224.871	1653.95	1212.89	1225.76	806.884	1230.417
los	332	GCA.002364485.1.Bacteria.Planctomycetota	1016.322	0.0	508.161	1225.76	806.884	0.0	0.0	612.88
spe	321	320	2458.77	2256.89	2357.83	2694.85	2222.69	2514.01	1999.77	2347.31
hgt	None	dead	0.0	0.0	0.0	0.0	0.0	0.0	0.0	0.0
hgt	816	GCA.002707085.1.Bacteria.Myxococcota.A	1355.92	0.0	677.96	1564.17	1147.67	0.0	0.0	782.085
los	None	dead	0.0	0.0	0.0	0.0	0.0	0.0	0.0	0.0
hgt	None	dead	0.0	0.0	0.0	0.0	0.0	0.0	0.0	0.0
hgt	926	GCA.001780825.1.Bacteria.Gemmatimonadota	2372.335	0.0	1186.1675	2644.81	2099.86	0.0	0.0	1322.405
los	None	dead	0.0	0.0	0.0	0.0	0.0	0.0	0.0	0.0
hgt	None	dead	0.0	0.0	0.0	0.0	0.0	0.0	0.0	0.0
dup	None	dead	0.0	0.0	0.0	0.0	0.0	0.0	0.0	0.0
hgt	1402	GCA.002721445.1.Bacteria.Chloroflexota	1732.845	0.0	866.4225	1968.92	1496.77	0.0	0.0	984.46
los	None	dead	0.0	0.0	0.0	0.0	0.0	0.0	0.0	0.0
dup	None	dead	0.0	0.0	0.0	0.0	0.0	0.0	0.0	0.0
hgt	846	GCF.001611275.1.Bacteria.Desulfobacterota	2027.01	0.0	1013.505	2255.26	1798.76	0.0	0.0	1127.63
los	None	dead	0.0	0.0	0.0	0.0	0.0	0.0	0.0	0.0
hgt	1407	GCA.002717565.1.Bacteria.Chloroflexota	1756.215	0.0	878.1075	1988.03	1524.4	0.0	0.0	994.015
los	None	dead	0.0	0.0	0.0	0.0	0.0	0.0	0.0	0.0
hgt	None	dead	0.0	0.0	0.0	0.0	0.0	0.0	0.0	0.0
hgt	None	dead	0.0	0.0	0.0	0.0	0.0	0.0	0.0	0.0
dup	None	dead	0.0	0.0	0.0	0.0	0.0	0.0	0.0	0.0
hgt	84	GCF.000970205.1.Archaea.Halobacteriota	1360.205	0.0	680.1025	1583.15	1137.26	0.0	0.0	791.575
los	None	dead	0.0	0.0	0.0	0.0	0.0	0.0	0.0	0.0
hgt	1699	GCF.000317045.1.Bacteria.Cyanobacteria	1903.88	0.0	951.94	1972.93	1834.83	0.0	0.0	986.465
los	None	dead	0.0	0.0	0.0	0.0	0.0	0.0	0.0	0.0
hgt	None	dead	0.0	0.0	0.0	0.0	0.0	0.0	0.0	0.0
dup	None	dead	0.0	0.0	0.0	0.0	0.0	0.0	0.0	0.0
dup	None	dead	0.0	0.0	0.0	0.0	0.0	0.0	0.0	0.0
hgt	686	GCA.002451015.1.Bacteria.Acidobacteriota	1699.78	0.0	849.89	1911.59	1487.97	0.0	0.0	955.795
los	None	dead	0.0	0.0	0.0	0.0	0.0	0.0	0.0	0.0
hgt	709	GCA.003223995.1.Bacteria.Acidobacteriota	1593.285	0.0	796.6425	1842.94	1343.63	0.0	0.0	921.47
los	None	dead	0.0	0.0	0.0	0.0	0.0	0.0	0.0	0.0
hgt	1226	GCA.003242195.1.Bacteria.Firmicutes.E	1819.185	0.0	909.5925	2087.96	1550.41	0.0	0.0	1043.98
los	None	dead	0.0	0.0	0.0	0.0	0.0	0.0	0.0	0.0
hgt	None	dead	0.0	0.0	0.0	0.0	0.0	0.0	0.0	0.0
dup	None	dead	0.0	0.0	0.0	0.0	0.0	0.0	0.0	0.0
hgt	1651	GCA.003242895.1.Bacteria.Margulisbacteria	2156.75	0.0	1078.375	2473.24	1840.26	0.0	0.0	1236.62
los	None	dead	0.0	0.0	0.0	0.0	0.0	0.0	0.0	0.0
hgt	None	dead	0.0	0.0	0.0	0.0	0.0	0.0	0.0	0.0
hgt	741	GCA.003220615.1.Bacteria.Methylomirabilota	2099.065	0.0	1049.5325	2384.47	1813.66	0.0	0.0	1192.235
los	None	dead	0.0	0.0	0.0	0.0	0.0	0.0	0.0	0.0
hgt	None	dead	0.0	0.0	0.0	0.0	0.0	0.0	0.0	0.0
hgt	1080	GCF.001547735.1.Bacteria.Thermosulfidibacterota	2598.745	0.0	1299.3725	2857.82	2339.67	0.0	0.0	1428.91
los	None	dead	0.0	0.0	0.0	0.0	0.0	0.0	0.0	0.0
hgt	None	dead	0.0	0.0	0.0	0.0	0.0	0.0	0.0	0.0
hgt	733	GCA.003235715.1.Bacteria.Nitrospirota	1662.33	0.0	831.165	1919.68	1404.98	0.0	0.0	959.84
los	None	dead	0.0	0.0	0.0	0.0	0.0	0.0	0.0	0.0
hgt	None	dead	0.0	0.0	0.0	0.0	0.0	0.0	0.0	0.0
dup	None	dead	0.0	0.0	0.0	0.0	0.0	0.0	0.0	0.0
hgt	880	GCF.000195295.1.Bacteria.Desulfobacterota	1550.835	0.0	775.4175	1763.87	1337.8	0.0	0.0	881.935
los	None	dead	0.0	0.0	0.0	0.0	0.0	0.0	0.0	0.0
hgt	892	GCA.001873285.1.Bacteria.CG2.30.53.67	2160.3	0.0	1080.15	2442.6	1878.0	0.0	0.0	1221.3
los	None	dead	0.0	0.0	0.0	0.0	0.0	0.0	0.0	0.0
hgt	1720	GCF.000484535.1.Bacteria.Cyanobacteria	2606.555	0.0	1303.2775	2696.39	2516.72	0.0	0.0	1348.195
los	None	dead	0.0	0.0	0.0	0.0	0.0	0.0	0.0	0.0
hgt	None	dead	0.0	0.0	0.0	0.0	0.0	0.0	0.0	0.0
dup	None	dead	0.0	0.0	0.0	0.0	0.0	0.0	0.0	0.0
hgt	797	GCA.002311335.1.Bacteria.Desulfobacterota.B	1933.19	0.0	966.595	2131.05	1735.33	0.0	0.0	1065.525
los	None	dead	0.0	0.0	0.0	0.0	0.0	0.0	0.0	0.0
hgt	816	GCA.002724675.1.Bacteria.Myxococcota.A	1355.92	0.0	677.96	1564.17	1147.67	0.0	0.0	782.085
los	None	dead	0.0	0.0	0.0	0.0	0.0	0.0	0.0	0.0
hgt	None	dead	0.0	0.0	0.0	0.0	0.0	0.0	0.0	0.0
hgt	None	dead	0.0	0.0	0.0	0.0	0.0	0.0	0.0	0.0
hgt	1168	1167	2301.295	2105.28	2203.2875	2515.41	2087.18	2330.25	1880.31	2197.86
los	None	dead	0.0	0.0	0.0	0.0	0.0	0.0	0.0	0.0
spe	1168	1167	2301.295	2105.28	2203.2875	2515.41	2087.18	2330.25	1880.31	2197.86
hgt	None	dead	0.0	0.0	0.0	0.0	0.0	0.0	0.0	0.0
dup	None	dead	0.0	0.0	0.0	0.0	0.0	0.0	0.0	0.0
hgt	1406	GCA.002710215.1.Bacteria.Chloroflexota	1650.16	0.0	825.08	1881.35	1418.97	0.0	0.0	940.675
los	None	dead	0.0	0.0	0.0	0.0	0.0	0.0	0.0	0.0
dup	None	dead	0.0	0.0	0.0	0.0	0.0	0.0	0.0	0.0
hgt	1402	GCA.003228115.1.Bacteria.Chloroflexota	1732.845	0.0	866.4225	1968.92	1496.77	0.0	0.0	984.46
los	None	dead	0.0	0.0	0.0	0.0	0.0	0.0	0.0	0.0
dup	None	dead	0.0	0.0	0.0	0.0	0.0	0.0	0.0	0.0
hgt	1411	GCA.002450515.1.Bacteria.Chloroflexota	1632.645	0.0	816.3225	1874.09	1391.2	0.0	0.0	937.045
los	None	dead	0.0	0.0	0.0	0.0	0.0	0.0	0.0	0.0
hgt	1399	GCA.002450835.1.Bacteria.Chloroflexota	1824.235	0.0	912.1175	2117.89	1530.58	0.0	0.0	1058.945
los	None	dead	0.0	0.0	0.0	0.0	0.0	0.0	0.0	0.0
hgt	None	dead	0.0	0.0	0.0	0.0	0.0	0.0	0.0	0.0
hgt	1457	GCF.003967555.1.Bacteria.Chloroflexota	1966.385	0.0	983.1925	2253.77	1679.0	0.0	0.0	1126.885
los	None	dead	0.0	0.0	0.0	0.0	0.0	0.0	0.0	0.0
hgt	None	dead	0.0	0.0	0.0	0.0	0.0	0.0	0.0	0.0
hgt	1145	1143	2028.235	1828.16	1928.1975	2257.09	1799.38	2065.05	1591.27	1924.18
los	None	dead	0.0	0.0	0.0	0.0	0.0	0.0	0.0	0.0
spe	1145	1143	2028.235	1828.16	1928.1975	2257.09	1799.38	2065.05	1591.27	1924.18
hgt	None	dead	0.0	0.0	0.0	0.0	0.0	0.0	0.0	0.0
hgt	1396	GCA.003151665.1.Bacteria.Dormibacterota	2089.7	0.0	1044.85	2454.33	1725.07	0.0	0.0	1227.165
los	None	dead	0.0	0.0	0.0	0.0	0.0	0.0	0.0	0.0
hgt	None	dead	0.0	0.0	0.0	0.0	0.0	0.0	0.0	0.0
hgt	791	GCA.002050235.1.Bacteria.Desulfobacterota.B	1320.57	0.0	660.285	1532.25	1108.89	0.0	0.0	766.125
los	None	dead	0.0	0.0	0.0	0.0	0.0	0.0	0.0	0.0
hgt	None	dead	0.0	0.0	0.0	0.0	0.0	0.0	0.0	0.0
hgt	1178	GCA.002347645.1.Bacteria.Actinobacteriota	1673.74	0.0	836.87	1926.76	1420.72	0.0	0.0	963.38
los	None	dead	0.0	0.0	0.0	0.0	0.0	0.0	0.0	0.0
hgt	None	dead	0.0	0.0	0.0	0.0	0.0	0.0	0.0	0.0
hgt	821	GCF.000737335.2.Bacteria.Proteobacteria	1480.98	0.0	740.49	1673.3	1288.66	0.0	0.0	836.65
los	None	dead	0.0	0.0	0.0	0.0	0.0	0.0	0.0	0.0
spe	1143	1141	1828.16	1437.0	1632.58	2065.05	1591.27	1670.58	1203.42	1634.235
spe	1141	1140	1437.0	1211.153	1324.0765	1670.58	1203.42	1451.23	971.076	1320.828
hgt	None	dead	0.0	0.0	0.0	0.0	0.0	0.0	0.0	0.0
los	1140	GCA.003162395.1.Bacteria.Actinobacteriota	1211.153	0.0	605.5765	1451.23	971.076	0.0	0.0	725.615
hgt	1145	GCA.001767695.1.Bacteria.Actinobacteriota	2028.235	0.0	1014.1175	2257.09	1799.38	0.0	0.0	1128.545
los	None	dead	0.0	0.0	0.0	0.0	0.0	0.0	0.0	0.0
spe	1167	1166	2105.28	1472.335	1788.8075	2330.25	1880.31	1697.69	1246.98	1788.615
spe	1166	1165	1472.335	1325.685	1399.01	1697.69	1246.98	1549.4	1101.97	1399.83
spe	1165	1164	1325.685	1172.8835	1249.28425	1549.4	1101.97	1391.91	953.857	1251.6285
spe	1164	1163	1172.8835	995.9815	1084.4325	1391.91	953.857	1205.77	786.193	1089.0515
los	1163	GCA.001437855.1.Bacteria.Actinobacteriota	995.9815	0.0	497.99075	1205.77	786.193	0.0	0.0	602.885
spe	1164	1160	1172.8835	1016.58	1094.73175	1391.91	953.857	1228.58	804.58	1098.245
spe	1160	1158	1016.58	905.248	960.914	1228.58	804.58	1113.91	696.586	962.583
hgt	None	dead	0.0	0.0	0.0	0.0	0.0	0.0	0.0	0.0
hgt	1154	GCF.001591405.1.Bacteria.Actinobacteria	907.0585	0.0	453.52925	1120.3	693.817	0.0	0.0	560.15
los	None	dead	0.0	0.0	0.0	0.0	0.0	0.0	0.0	0.0
spe	1165	1155	1325.685	1195.766	1260.7255	1549.4	1101.97	1415.51	976.022	1262.711
spe	1155	1154	1195.766	907.0585	1051.41225	1415.51	976.022	1120.3	693.817	1054.6635
los	1154	GCF.001591405.1.Bacteria.Actinobacteria	907.0585	0.0	453.52925	1120.3	693.817	0.0	0.0	560.15
hgt	None	dead	0.0	0.0	0.0	0.0	0.0	0.0	0.0	0.0
dup	None	dead	0.0	0.0	0.0	0.0	0.0	0.0	0.0	0.0
hgt	1020	GCA.001780165.1.Bacteria.Eisenbacteria	1634.295	0.0	817.1475	1925.35	1343.24	0.0	0.0	962.675
los	None	dead	0.0	0.0	0.0	0.0	0.0	0.0	0.0	0.0
hgt	239	GCA.003158755.1.Bacteria.Elusimicrobiota	1457.025	0.0	728.5125	1667.53	1246.52	0.0	0.0	833.765
los	None	dead	0.0	0.0	0.0	0.0	0.0	0.0	0.0	0.0
hgt	None	dead	0.0	0.0	0.0	0.0	0.0	0.0	0.0	0.0
hgt	1470	1469	2147.93	1964.555	2056.2425	2388.86	1907.0	2217.5	1711.61	2050.235
los	None	dead	0.0	0.0	0.0	0.0	0.0	0.0	0.0	0.0
spe	1470	1469	2147.93	1964.555	2056.2425	2388.86	1907.0	2217.5	1711.61	2050.235
spe	1469	1467	1964.555	1808.245	1886.4	2217.5	1711.61	2082.93	1533.56	1875.53
los	1467	GCA.002292925.1.Bacteria.Chloroflexota	1808.245	0.0	904.1225	2082.93	1533.56	0.0	0.0	1041.465
hgt	None	dead	0.0	0.0	0.0	0.0	0.0	0.0	0.0	0.0
hgt	1440	1439	1813.195	1555.635	1684.415	2028.77	1597.62	1768.59	1342.68	1685.725
los	None	dead	0.0	0.0	0.0	0.0	0.0	0.0	0.0	0.0
spe	1440	1439	1813.195	1555.635	1684.415	2028.77	1597.62	1768.59	1342.68	1685.725
hgt	None	dead	0.0	0.0	0.0	0.0	0.0	0.0	0.0	0.0
hgt	None	dead	0.0	0.0	0.0	0.0	0.0	0.0	0.0	0.0
hgt	1461	GCA.002347925.1.Bacteria.Chloroflexota	1906.91	0.0	953.455	2201.28	1612.54	0.0	0.0	1100.64
los	None	dead	0.0	0.0	0.0	0.0	0.0	0.0	0.0	0.0
dup	None	dead	0.0	0.0	0.0	0.0	0.0	0.0	0.0	0.0
hgt	1457	GCA.002404055.1.Bacteria.Chloroflexota	1966.385	0.0	983.1925	2253.77	1679.0	0.0	0.0	1126.885
los	None	dead	0.0	0.0	0.0	0.0	0.0	0.0	0.0	0.0
dup	None	dead	0.0	0.0	0.0	0.0	0.0	0.0	0.0	0.0
hgt	1437	GCA.002702065.1.Bacteria.Chloroflexota	1218.17	0.0	609.085	1425.69	1010.65	0.0	0.0	712.845
los	None	dead	0.0	0.0	0.0	0.0	0.0	0.0	0.0	0.0
hgt	1467	GCA.002292925.1.Bacteria.Chloroflexota	1808.245	0.0	904.1225	2082.93	1533.56	0.0	0.0	1041.465
los	None	dead	0.0	0.0	0.0	0.0	0.0	0.0	0.0	0.0
hgt	None	dead	0.0	0.0	0.0	0.0	0.0	0.0	0.0	0.0
hgt	1473	GCA.003243965.1.Bacteria.Chloroflexota	1423.81	0.0	711.905	1699.81	1147.81	0.0	0.0	849.905
los	None	dead	0.0	0.0	0.0	0.0	0.0	0.0	0.0	0.0
hgt	None	dead	0.0	0.0	0.0	0.0	0.0	0.0	0.0	0.0
hgt	1180	GCF.001029505.1.Bacteria.Actinobacteriota	2187.185	0.0	1093.5925	2433.9	1940.47	0.0	0.0	1216.95
los	None	dead	0.0	0.0	0.0	0.0	0.0	0.0	0.0	0.0
spe	1439	1438	1555.635	1347.94	1451.7875	1768.59	1342.68	1557.13	1138.75	1453.67
spe	1438	1437	1347.94	1218.17	1283.055	1557.13	1138.75	1425.69	1010.65	1283.89
hgt	None	dead	0.0	0.0	0.0	0.0	0.0	0.0	0.0	0.0
los	1437	GCA.002702065.1.Bacteria.Chloroflexota	1218.17	0.0	609.085	1425.69	1010.65	0.0	0.0	712.845
hgt	1470	GCF.000025005.1.Bacteria.Chloroflexota	2147.93	0.0	1073.965	2388.86	1907.0	0.0	0.0	1194.43
los	None	dead	0.0	0.0	0.0	0.0	0.0	0.0	0.0	0.0
hgt	None	dead	0.0	0.0	0.0	0.0	0.0	0.0	0.0	0.0
hgt	None	dead	0.0	0.0	0.0	0.0	0.0	0.0	0.0	0.0
dup	None	dead	0.0	0.0	0.0	0.0	0.0	0.0	0.0	0.0
hgt	1337	GCF.000092905.1.Bacteria.Firmicutes	1358.655	0.0	679.3275	1579.49	1137.82	0.0	0.0	789.745
los	None	dead	0.0	0.0	0.0	0.0	0.0	0.0	0.0	0.0
dup	None	dead	0.0	0.0	0.0	0.0	0.0	0.0	0.0	0.0
hgt	1355	GCF.004522215.1.Bacteria.Firmicutes	1273.085	0.0	636.5425	1444.33	1101.84	0.0	0.0	722.165
los	None	dead	0.0	0.0	0.0	0.0	0.0	0.0	0.0	0.0
hgt	1355	GCF.004522215.1.Bacteria.Firmicutes	1273.085	0.0	636.5425	1444.33	1101.84	0.0	0.0	722.165
los	None	dead	0.0	0.0	0.0	0.0	0.0	0.0	0.0	0.0
hgt	None	dead	0.0	0.0	0.0	0.0	0.0	0.0	0.0	0.0
hgt	None	dead	0.0	0.0	0.0	0.0	0.0	0.0	0.0	0.0
hgt	1177	GCA.003138355.1.Bacteria.Actinobacteriota	1440.505	0.0	720.2525	1704.68	1176.33	0.0	0.0	852.34
los	None	dead	0.0	0.0	0.0	0.0	0.0	0.0	0.0	0.0
dup	None	dead	0.0	0.0	0.0	0.0	0.0	0.0	0.0	0.0
hgt	1098	GCA.003244105.1.Bacteria.Eremiobacterota	1723.505	0.0	861.7525	2078.78	1368.23	0.0	0.0	1039.39
los	None	dead	0.0	0.0	0.0	0.0	0.0	0.0	0.0	0.0
hgt	817	813	1903.64	1756.665	1830.1525	2075.55	1731.73	1929.08	1584.25	1829.9
los	None	dead	0.0	0.0	0.0	0.0	0.0	0.0	0.0	0.0
hgt	None	dead	0.0	0.0	0.0	0.0	0.0	0.0	0.0	0.0
hgt	832	GCA.002696345.1.Bacteria.Myxococcota	1622.625	0.0	811.3125	1826.38	1418.87	0.0	0.0	913.19
los	None	dead	0.0	0.0	0.0	0.0	0.0	0.0	0.0	0.0
spe	817	813	1903.64	1756.665	1830.1525	2075.55	1731.73	1929.08	1584.25	1829.9
spe	813	807	1756.665	1533.145	1644.905	1929.08	1584.25	1724.66	1341.63	1635.355
los	807	GCA.002841945.1.Bacteria.Myxococcota	1533.145	0.0	766.5725	1724.66	1341.63	0.0	0.0	862.33
spe	813	812	1756.665	1631.73	1694.1975	1929.08	1584.25	1817.22	1446.24	1687.66
spe	812	811	1631.73	1440.74	1536.235	1817.22	1446.24	1635.33	1246.15	1531.685
hgt	None	dead	0.0	0.0	0.0	0.0	0.0	0.0	0.0	0.0
hgt	804	GCA.002731275.1.Bacteria.Myxococcota	2020.19	0.0	1010.095	2257.86	1782.52	0.0	0.0	1128.93
los	None	dead	0.0	0.0	0.0	0.0	0.0	0.0	0.0	0.0
hgt	None	dead	0.0	0.0	0.0	0.0	0.0	0.0	0.0	0.0
dup	None	dead	0.0	0.0	0.0	0.0	0.0	0.0	0.0	0.0
hgt	924	GCA.002348465.1.Bacteria.Gemmatimonadota	1862.1	0.0	931.05	2200.32	1523.88	0.0	0.0	1100.16
los	None	dead	0.0	0.0	0.0	0.0	0.0	0.0	0.0	0.0
hgt	832	GCA.002721815.1.Bacteria.Myxococcota	1622.625	0.0	811.3125	1826.38	1418.87	0.0	0.0	913.19
los	None	dead	0.0	0.0	0.0	0.0	0.0	0.0	0.0	0.0
hgt	None	dead	0.0	0.0	0.0	0.0	0.0	0.0	0.0	0.0
hgt	352	GCA.002167285.1.Bacteria.Planctomycetota	1776.1	0.0	888.05	2008.33	1543.87	0.0	0.0	1004.165
los	None	dead	0.0	0.0	0.0	0.0	0.0	0.0	0.0	0.0
hgt	1237	1221	2548.64	2065.095	2306.8675	2742.96	2354.32	2339.28	1790.91	2266.935
los	None	dead	0.0	0.0	0.0	0.0	0.0	0.0	0.0	0.0
spe	1237	1221	2548.64	2065.095	2306.8675	2742.96	2354.32	2339.28	1790.91	2266.935
hgt	None	dead	0.0	0.0	0.0	0.0	0.0	0.0	0.0	0.0
hgt	746	GCF.900079095.1.Bacteria.Tectomicrobia	2036.715	0.0	1018.3575	2336.38	1737.05	0.0	0.0	1168.19
los	None	dead	0.0	0.0	0.0	0.0	0.0	0.0	0.0	0.0
hgt	None	dead	0.0	0.0	0.0	0.0	0.0	0.0	0.0	0.0
hgt	1462	GCA.002436065.1.Bacteria.Chloroflexota	2298.115	0.0	1149.0575	2545.29	2050.94	0.0	0.0	1272.645
los	None	dead	0.0	0.0	0.0	0.0	0.0	0.0	0.0	0.0
hgt	None	dead	0.0	0.0	0.0	0.0	0.0	0.0	0.0	0.0
hgt	1240	GCA.002376045.1.Bacteria.Firmicutes.A	2224.995	0.0	1112.4975	2447.68	2002.31	0.0	0.0	1223.84
los	None	dead	0.0	0.0	0.0	0.0	0.0	0.0	0.0	0.0
hgt	None	dead	0.0	0.0	0.0	0.0	0.0	0.0	0.0	0.0
hgt	1305	GCF.002207765.1.Bacteria.Firmicutes.B	1518.03	0.0	759.015	1722.41	1313.65	0.0	0.0	861.205
los	None	dead	0.0	0.0	0.0	0.0	0.0	0.0	0.0	0.0
hgt	None	dead	0.0	0.0	0.0	0.0	0.0	0.0	0.0	0.0
hgt	None	dead	0.0	0.0	0.0	0.0	0.0	0.0	0.0	0.0
hgt	None	dead	0.0	0.0	0.0	0.0	0.0	0.0	0.0	0.0
hgt	None	dead	0.0	0.0	0.0	0.0	0.0	0.0	0.0	0.0
hgt	1123	GCA.002305165.1.Bacteria.Armatimonadota	2070.72	0.0	1035.36	2391.84	1749.6	0.0	0.0	1195.92
los	None	dead	0.0	0.0	0.0	0.0	0.0	0.0	0.0	0.0
hgt	None	dead	0.0	0.0	0.0	0.0	0.0	0.0	0.0	0.0
hgt	1119	GCA.002779825.1.Bacteria.Armatimonadota	2017.9	0.0	1008.95	2337.68	1698.12	0.0	0.0	1168.84
los	None	dead	0.0	0.0	0.0	0.0	0.0	0.0	0.0	0.0
hgt	None	dead	0.0	0.0	0.0	0.0	0.0	0.0	0.0	0.0
hgt	None	dead	0.0	0.0	0.0	0.0	0.0	0.0	0.0	0.0
hgt	None	dead	0.0	0.0	0.0	0.0	0.0	0.0	0.0	0.0
hgt	None	dead	0.0	0.0	0.0	0.0	0.0	0.0	0.0	0.0
hgt	302	GCF.000170755.1.Bacteria.Verrucomicrobiota	1395.265	0.0	697.6325	1631.99	1158.54	0.0	0.0	815.995
los	None	dead	0.0	0.0	0.0	0.0	0.0	0.0	0.0	0.0
dup	None	dead	0.0	0.0	0.0	0.0	0.0	0.0	0.0	0.0
hgt	289	GCA.002708005.1.Bacteria.Verrucomicrobiota	1953.23	0.0	976.615	2196.07	1710.39	0.0	0.0	1098.035
los	None	dead	0.0	0.0	0.0	0.0	0.0	0.0	0.0	0.0
hgt	1119	GCA.002779825.1.Bacteria.Armatimonadota	2017.9	0.0	1008.95	2337.68	1698.12	0.0	0.0	1168.84
los	None	dead	0.0	0.0	0.0	0.0	0.0	0.0	0.0	0.0
hgt	352	350	1776.1	1516.925	1646.5125	2008.33	1543.87	1763.53	1270.32	1639.325
los	None	dead	0.0	0.0	0.0	0.0	0.0	0.0	0.0	0.0
spe	352	350	1776.1	1516.925	1646.5125	2008.33	1543.87	1763.53	1270.32	1639.325
hgt	None	dead	0.0	0.0	0.0	0.0	0.0	0.0	0.0	0.0
hgt	326	GCA.002404095.1.Bacteria.Planctomycetota	1215.9915	0.0	607.99575	1444.02	987.963	0.0	0.0	722.01
los	None	dead	0.0	0.0	0.0	0.0	0.0	0.0	0.0	0.0
hgt	None	dead	0.0	0.0	0.0	0.0	0.0	0.0	0.0	0.0
hgt	347	GCA.002683135.1.Bacteria.Planctomycetota	2010.41	0.0	1005.205	2237.44	1783.38	0.0	0.0	1118.72
los	None	dead	0.0	0.0	0.0	0.0	0.0	0.0	0.0	0.0
dup	None	dead	0.0	0.0	0.0	0.0	0.0	0.0	0.0	0.0
hgt	259	GCA.001778375.1.Bacteria.Firestonebacteria	2490.295	0.0	1245.1475	2798.67	2181.92	0.0	0.0	1399.335
los	None	dead	0.0	0.0	0.0	0.0	0.0	0.0	0.0	0.0
hgt	1041	GCA.002686955.1.Bacteria.Gemmatimonadota.A	2693.13	0.0	1346.565	2889.17	2497.09	0.0	0.0	1444.585
los	None	dead	0.0	0.0	0.0	0.0	0.0	0.0	0.0	0.0
dup	None	dead	0.0	0.0	0.0	0.0	0.0	0.0	0.0	0.0
hgt	1119	GCA.002779825.1.Bacteria.Armatimonadota	2017.9	0.0	1008.95	2337.68	1698.12	0.0	0.0	1168.84
los	None	dead	0.0	0.0	0.0	0.0	0.0	0.0	0.0	0.0
hgt	None	dead	0.0	0.0	0.0	0.0	0.0	0.0	0.0	0.0
hgt	26	GCA.002083985.1.Archaea.Altiarchaeota	606.986	0.0	303.493	862.723	351.249	0.0	0.0	431.3615
los	None	dead	0.0	0.0	0.0	0.0	0.0	0.0	0.0	0.0
hgt	1330	GCA.003444595.1.Bacteria.Firmicutes.D	2019.045	0.0	1009.5225	2248.91	1789.18	0.0	0.0	1124.455
los	None	dead	0.0	0.0	0.0	0.0	0.0	0.0	0.0	0.0
hgt	None	dead	0.0	0.0	0.0	0.0	0.0	0.0	0.0	0.0
hgt	89	77	2018.03	1646.475	1832.2525	2233.95	1802.11	1886.1	1406.85	1820.4
los	None	dead	0.0	0.0	0.0	0.0	0.0	0.0	0.0	0.0
spe	89	77	2018.03	1646.475	1832.2525	2233.95	1802.11	1886.1	1406.85	1820.4
hgt	None	dead	0.0	0.0	0.0	0.0	0.0	0.0	0.0	0.0
hgt	86	GCA.001412335.1.Archaea.Halobacteriota	1547.845	0.0	773.9225	1766.34	1329.35	0.0	0.0	883.17
los	None	dead	0.0	0.0	0.0	0.0	0.0	0.0	0.0	0.0
dup	None	dead	0.0	0.0	0.0	0.0	0.0	0.0	0.0	0.0
hgt	93	GCF.000025525.1.Archaea.Methanobacteriota.A	2978.785	0.0	1489.3925	3114.91	2842.66	0.0	0.0	1557.455
los	None	dead	0.0	0.0	0.0	0.0	0.0	0.0	0.0	0.0
hgt	1216	GCF.000020005.1.Bacteria.Firmicutes.D	2264.52	0.0	1132.26	2522.36	2006.68	0.0	0.0	1261.18
los	None	dead	0.0	0.0	0.0	0.0	0.0	0.0	0.0	0.0
hgt	42	GCA.003230355.1.Archaea.Hydrothermarchaeota	2648.12	0.0	1324.06	2950.53	2345.71	0.0	0.0	1475.265
los	None	dead	0.0	0.0	0.0	0.0	0.0	0.0	0.0	0.0
hgt	None	dead	0.0	0.0	0.0	0.0	0.0	0.0	0.0	0.0
hgt	143	GCA.001940655.1.Archaea.Asgardarchaeota	2506.355	0.0	1253.1775	2769.4	2243.31	0.0	0.0	1384.7
los	None	dead	0.0	0.0	0.0	0.0	0.0	0.0	0.0	0.0
hgt	None	dead	0.0	0.0	0.0	0.0	0.0	0.0	0.0	0.0
hgt	151	147	2655.89	2129.97	2392.93	2813.75	2498.03	2400.45	1859.49	2336.62
los	None	dead	0.0	0.0	0.0	0.0	0.0	0.0	0.0	0.0
spe	151	147	2655.89	2129.97	2392.93	2813.75	2498.03	2400.45	1859.49	2336.62
hgt	267	GCA.002428325.1.Bacteria.UBP4	2781.505	0.0	1390.7525	3054.3	2508.71	0.0	0.0	1527.15
los	None	dead	0.0	0.0	0.0	0.0	0.0	0.0	0.0	0.0
hgt	None	dead	0.0	0.0	0.0	0.0	0.0	0.0	0.0	0.0
dup	None	dead	0.0	0.0	0.0	0.0	0.0	0.0	0.0	0.0
dup	None	dead	0.0	0.0	0.0	0.0	0.0	0.0	0.0	0.0
dup	None	dead	0.0	0.0	0.0	0.0	0.0	0.0	0.0	0.0
hgt	1440	GCF.001306175.1.Bacteria.Chloroflexota	1813.195	0.0	906.5975	2028.77	1597.62	0.0	0.0	1014.385
los	None	dead	0.0	0.0	0.0	0.0	0.0	0.0	0.0	0.0
hgt	1173	GCA.001768675.1.Bacteria.Actinobacteriota	1615.325	0.0	807.6625	1879.87	1350.78	0.0	0.0	939.935
los	None	dead	0.0	0.0	0.0	0.0	0.0	0.0	0.0	0.0
dup	None	dead	0.0	0.0	0.0	0.0	0.0	0.0	0.0	0.0
hgt	1449	GCA.002400365.1.Bacteria.Chloroflexota	1891.395	0.0	945.6975	2134.97	1647.82	0.0	0.0	1067.485
los	None	dead	0.0	0.0	0.0	0.0	0.0	0.0	0.0	0.0
hgt	1688	GCF.000353285.1.Bacteria.Cyanobacteria	1636.375	0.0	818.1875	1774.1	1498.65	0.0	0.0	887.05
los	None	dead	0.0	0.0	0.0	0.0	0.0	0.0	0.0	0.0
hgt	738	728	2387.34	2047.46	2217.4	2598.05	2176.63	2283.88	1811.04	2204.545
los	None	dead	0.0	0.0	0.0	0.0	0.0	0.0	0.0	0.0
hgt	None	dead	0.0	0.0	0.0	0.0	0.0	0.0	0.0	0.0
dup	None	dead	0.0	0.0	0.0	0.0	0.0	0.0	0.0	0.0
dup	None	dead	0.0	0.0	0.0	0.0	0.0	0.0	0.0	0.0
dup	None	dead	0.0	0.0	0.0	0.0	0.0	0.0	0.0	0.0
hgt	1319	GCF.900100785.1.Bacteria.Firmicutes.B	1933.46	0.0	966.73	2119.98	1746.94	0.0	0.0	1059.99
los	None	dead	0.0	0.0	0.0	0.0	0.0	0.0	0.0	0.0
hgt	1312	GCF.002607855.1.Bacteria.Firmicutes.B	1521.75	0.0	760.875	1739.03	1304.47	0.0	0.0	869.515
los	None	dead	0.0	0.0	0.0	0.0	0.0	0.0	0.0	0.0
hgt	1645	GCF.000212395.1.Bacteria.Thermodesulfobiota	3111.405	0.0	1555.7025	3340.86	2881.95	0.0	0.0	1670.43
los	None	dead	0.0	0.0	0.0	0.0	0.0	0.0	0.0	0.0
hgt	None	dead	0.0	0.0	0.0	0.0	0.0	0.0	0.0	0.0
dup	None	dead	0.0	0.0	0.0	0.0	0.0	0.0	0.0	0.0
hgt	1341	GCF.001653195.1.Bacteria.Firmicutes	1562.96	0.0	781.48	1772.81	1353.11	0.0	0.0	886.405
los	None	dead	0.0	0.0	0.0	0.0	0.0	0.0	0.0	0.0
hgt	1381	1380	1697.085	1588.96	1643.0225	1866.73	1527.44	1755.87	1422.05	1644.39
los	None	dead	0.0	0.0	0.0	0.0	0.0	0.0	0.0	0.0
spe	1381	1380	1697.085	1588.96	1643.0225	1866.73	1527.44	1755.87	1422.05	1644.39
spe	1380	1379	1588.96	1514.47	1551.715	1755.87	1422.05	1680.25	1348.69	1552.28
los	1379	1378	1514.47	1207.485	1360.9775	1680.25	1348.69	1362.77	1052.2	1366.225
spe	1379	1355	1514.47	1273.085	1393.7775	1680.25	1348.69	1444.33	1101.84	1391.045
hgt	None	dead	0.0	0.0	0.0	0.0	0.0	0.0	0.0	0.0
dup	None	dead	0.0	0.0	0.0	0.0	0.0	0.0	0.0	0.0
hgt	1288	1287	1737.805	1455.455	1596.63	1959.07	1516.54	1682.3	1228.61	1593.84
los	None	dead	0.0	0.0	0.0	0.0	0.0	0.0	0.0	0.0
spe	1288	1287	1737.805	1455.455	1596.63	1959.07	1516.54	1682.3	1228.61	1593.84
spe	1287	1285	1455.455	1344.265	1399.86	1682.3	1228.61	1565.83	1122.7	1402.5
los	1285	1284	1344.265	1051.609	1197.937	1565.83	1122.7	1266.32	836.898	1201.364
spe	1285	1281	1344.265	1116.4885	1230.37675	1565.83	1122.7	1331.85	901.127	1233.4785
spe	1281	1280	1116.4885	953.42	1034.95425	1331.85	901.127	1163.28	743.56	1037.705
los	1280	GCF.900104455.1.Bacteria.Firmicutes.C	953.42	0.0	476.71	1163.28	743.56	0.0	0.0	581.64
dup	None	dead	0.0	0.0	0.0	0.0	0.0	0.0	0.0	0.0
hgt	1280	GCF.900104455.1.Bacteria.Firmicutes.C	953.42	0.0	476.71	1163.28	743.56	0.0	0.0	581.64
los	None	dead	0.0	0.0	0.0	0.0	0.0	0.0	0.0	0.0
hgt	1119	GCF.002973605.1.Bacteria.Armatimonadota	2017.9	0.0	1008.95	2337.68	1698.12	0.0	0.0	1168.84
los	None	dead	0.0	0.0	0.0	0.0	0.0	0.0	0.0	0.0
hgt	None	dead	0.0	0.0	0.0	0.0	0.0	0.0	0.0	0.0
dup	None	dead	0.0	0.0	0.0	0.0	0.0	0.0	0.0	0.0
hgt	1284	GCF.001553315.1.Bacteria.Firmicutes.C	1051.609	0.0	525.8045	1266.32	836.898	0.0	0.0	633.16
los	None	dead	0.0	0.0	0.0	0.0	0.0	0.0	0.0	0.0
hgt	1703	1702	2155.655	2083.6	2119.6275	2243.27	2068.04	2167.45	1999.75	2121.51
los	None	dead	0.0	0.0	0.0	0.0	0.0	0.0	0.0	0.0
hgt	None	dead	0.0	0.0	0.0	0.0	0.0	0.0	0.0	0.0
hgt	None	dead	0.0	0.0	0.0	0.0	0.0	0.0	0.0	0.0
hgt	None	dead	0.0	0.0	0.0	0.0	0.0	0.0	0.0	0.0
spe	1703	1702	2155.655	2083.6	2119.6275	2243.27	2068.04	2167.45	1999.75	2121.51
hgt	None	dead	0.0	0.0	0.0	0.0	0.0	0.0	0.0	0.0
hgt	1672	GCF.002251945.1.Bacteria.Cyanobacteria	2002.185	0.0	1001.0925	2153.78	1850.59	0.0	0.0	1076.89
los	None	dead	0.0	0.0	0.0	0.0	0.0	0.0	0.0	0.0
spe	1702	1701	2083.6	2042.11	2062.855	2167.45	1999.75	2121.49	1962.73	2065.09
spe	1701	1700	2042.11	1961.585	2001.8475	2121.49	1962.73	2035.9	1887.27	2004.38
spe	1700	1688	1961.585	1636.375	1798.98	2035.9	1887.27	1774.1	1498.65	1767.275
los	1688	GCF.000353285.1.Bacteria.Cyanobacteria	1636.375	0.0	818.1875	1774.1	1498.65	0.0	0.0	887.05
spe	1700	1699	1961.585	1903.88	1932.7325	2035.9	1887.27	1972.93	1834.83	1935.365
los	1699	GCF.000317045.1.Bacteria.Cyanobacteria	1903.88	0.0	951.94	1972.93	1834.83	0.0	0.0	986.465
spe	1699	1698	1903.88	1614.145	1759.0125	1972.93	1834.83	1628.1	1600.19	1786.56
spe	1698	1692	1614.145	178.9818	896.5634	1628.1	1600.19	287.502	70.4616	849.2808
spe	1698	1697	1614.145	1294.515	1454.33	1628.1	1600.19	1416.54	1172.49	1400.295
spe	1697	1695	1294.515	878.0175	1086.26625	1416.54	1172.49	1068.32	687.715	1052.1275
spe	1701	1685	2042.11	1873.315	1957.7125	2121.49	1962.73	1989.89	1756.74	1939.115
spe	1685	1684	1873.315	1661.66	1767.4875	1989.89	1756.74	1813.5	1509.82	1749.855
hgt	None	dead	0.0	0.0	0.0	0.0	0.0	0.0	0.0	0.0
los	1684	GCA.001698445.1.Bacteria.Cyanobacteria	1661.66	0.0	830.83	1813.5	1509.82	0.0	0.0	906.75
hgt	1679	GCF.000473895.1.Bacteria.Cyanobacteria	1829.33	0.0	914.665	1977.8	1680.86	0.0	0.0	988.9
los	None	dead	0.0	0.0	0.0	0.0	0.0	0.0	0.0	0.0
hgt	None	dead	0.0	0.0	0.0	0.0	0.0	0.0	0.0	0.0
hgt	1719	GCF.000013205.1.Bacteria.Cyanobacteria	2498.57	0.0	1249.285	2595.21	2401.93	0.0	0.0	1297.605
los	None	dead	0.0	0.0	0.0	0.0	0.0	0.0	0.0	0.0
hgt	None	dead	0.0	0.0	0.0	0.0	0.0	0.0	0.0	0.0
hgt	1679	1678	1829.33	892.4805	1360.90525	1977.8	1680.86	1125.82	659.141	1318.4705
los	None	dead	0.0	0.0	0.0	0.0	0.0	0.0	0.0	0.0
spe	1679	1678	1829.33	892.4805	1360.90525	1977.8	1680.86	1125.82	659.141	1318.4705
spe	1678	1676	892.4805	250.8965	571.6885	1125.82	659.141	362.735	139.058	632.439
dup	None	dead	0.0	0.0	0.0	0.0	0.0	0.0	0.0	0.0
dup	None	dead	0.0	0.0	0.0	0.0	0.0	0.0	0.0	0.0
hgt	695	GCA.003131705.1.Bacteria.Acidobacteriota	1321.86	0.0	660.93	1513.66	1130.06	0.0	0.0	756.83
los	None	dead	0.0	0.0	0.0	0.0	0.0	0.0	0.0	0.0
hgt	1300	GCF.000620305.1.Bacteria.Firmicutes.B	1565.1	0.0	782.55	1781.13	1349.07	0.0	0.0	890.565
los	None	dead	0.0	0.0	0.0	0.0	0.0	0.0	0.0	0.0
hgt	1312	GCF.000019165.1.Bacteria.Firmicutes.B	1521.75	0.0	760.875	1739.03	1304.47	0.0	0.0	869.515
los	None	dead	0.0	0.0	0.0	0.0	0.0	0.0	0.0	0.0
hgt	None	dead	0.0	0.0	0.0	0.0	0.0	0.0	0.0	0.0
hgt	1263	GCA.002307275.1.Bacteria.Firmicutes.A	1142.5375	0.0	571.26875	1345.02	940.055	0.0	0.0	672.51
los	None	dead	0.0	0.0	0.0	0.0	0.0	0.0	0.0	0.0
hgt	None	dead	0.0	0.0	0.0	0.0	0.0	0.0	0.0	0.0
dup	None	dead	0.0	0.0	0.0	0.0	0.0	0.0	0.0	0.0
hgt	1319	GCF.900100785.1.Bacteria.Firmicutes.B	1933.46	0.0	966.73	2119.98	1746.94	0.0	0.0	1059.99
los	None	dead	0.0	0.0	0.0	0.0	0.0	0.0	0.0	0.0
hgt	1330	GCA.003444595.1.Bacteria.Firmicutes.D	2019.045	0.0	1009.5225	2248.91	1789.18	0.0	0.0	1124.455
los	None	dead	0.0	0.0	0.0	0.0	0.0	0.0	0.0	0.0
dup	None	dead	0.0	0.0	0.0	0.0	0.0	0.0	0.0	0.0
dup	None	dead	0.0	0.0	0.0	0.0	0.0	0.0	0.0	0.0
hgt	1251	GCA.002478485.1.Bacteria.Firmicutes.A	1313.25	0.0	656.625	1519.57	1106.93	0.0	0.0	759.785
los	None	dead	0.0	0.0	0.0	0.0	0.0	0.0	0.0	0.0
dup	None	dead	0.0	0.0	0.0	0.0	0.0	0.0	0.0	0.0
hgt	370	GCF.000092845.1.Bacteria.Spirochaetota	2115.08	0.0	1057.54	2426.61	1803.55	0.0	0.0	1213.305
los	None	dead	0.0	0.0	0.0	0.0	0.0	0.0	0.0	0.0
hgt	1253	GCF.900142265.1.Bacteria.Firmicutes.A	1684.93	0.0	842.465	1873.49	1496.37	0.0	0.0	936.745
los	None	dead	0.0	0.0	0.0	0.0	0.0	0.0	0.0	0.0
dup	None	dead	0.0	0.0	0.0	0.0	0.0	0.0	0.0	0.0
hgt	1684	GCA.001698445.1.Bacteria.Cyanobacteria	1661.66	0.0	830.83	1813.5	1509.82	0.0	0.0	906.75
los	None	dead	0.0	0.0	0.0	0.0	0.0	0.0	0.0	0.0
hgt	1245	GCA.002399285.1.Bacteria.Firmicutes.A	1615.79	0.0	807.895	1837.85	1393.73	0.0	0.0	918.925
los	None	dead	0.0	0.0	0.0	0.0	0.0	0.0	0.0	0.0
dup	None	dead	0.0	0.0	0.0	0.0	0.0	0.0	0.0	0.0
hgt	1360	GCF.002902625.1.Bacteria.Firmicutes	814.663	0.0	407.3315	955.024	674.302	0.0	0.0	477.512
los	None	dead	0.0	0.0	0.0	0.0	0.0	0.0	0.0	0.0
dup	None	dead	0.0	0.0	0.0	0.0	0.0	0.0	0.0	0.0
hgt	1355	GCF.004522215.1.Bacteria.Firmicutes	1273.085	0.0	636.5425	1444.33	1101.84	0.0	0.0	722.165
los	None	dead	0.0	0.0	0.0	0.0	0.0	0.0	0.0	0.0
hgt	1347	GCF.900099895.1.Bacteria.Firmicutes	1294.365	0.0	647.1825	1476.68	1112.05	0.0	0.0	738.34
los	None	dead	0.0	0.0	0.0	0.0	0.0	0.0	0.0	0.0
hgt	1297	GCA.002329495.1.Bacteria.Firmicutes.B	1985.275	0.0	992.6375	2195.62	1774.93	0.0	0.0	1097.81
los	None	dead	0.0	0.0	0.0	0.0	0.0	0.0	0.0	0.0
hgt	None	dead	0.0	0.0	0.0	0.0	0.0	0.0	0.0	0.0
hgt	1338	GCF.002335525.1.Bacteria.Firmicutes	1618.77	0.0	809.385	1818.56	1418.98	0.0	0.0	909.28
los	None	dead	0.0	0.0	0.0	0.0	0.0	0.0	0.0	0.0
hgt	None	dead	0.0	0.0	0.0	0.0	0.0	0.0	0.0	0.0
hgt	1300	GCA.002418765.1.Bacteria.Firmicutes.B	1565.1	0.0	782.55	1781.13	1349.07	0.0	0.0	890.565
los	None	dead	0.0	0.0	0.0	0.0	0.0	0.0	0.0	0.0
hgt	None	dead	0.0	0.0	0.0	0.0	0.0	0.0	0.0	0.0
hgt	1258	GCA.003527145.1.Bacteria.Firmicutes.A	1568.675	0.0	784.3375	1758.42	1378.93	0.0	0.0	879.21
los	None	dead	0.0	0.0	0.0	0.0	0.0	0.0	0.0	0.0
hgt	None	dead	0.0	0.0	0.0	0.0	0.0	0.0	0.0	0.0
hgt	1253	1252	1684.93	1492.085	1588.5075	1873.49	1496.37	1682.67	1301.5	1587.495
los	None	dead	0.0	0.0	0.0	0.0	0.0	0.0	0.0	0.0
spe	1253	1252	1684.93	1492.085	1588.5075	1873.49	1496.37	1682.67	1301.5	1587.495
spe	1252	1251	1492.085	1313.25	1402.6675	1682.67	1301.5	1519.57	1106.93	1394.8
hgt	None	dead	0.0	0.0	0.0	0.0	0.0	0.0	0.0	0.0
los	1251	GCA.002478485.1.Bacteria.Firmicutes.A	1313.25	0.0	656.625	1519.57	1106.93	0.0	0.0	759.785
hgt	1315	GCF.002224645.1.Bacteria.Firmicutes.B	1023.5775	0.0	511.78875	1225.27	821.885	0.0	0.0	612.635
los	None	dead	0.0	0.0	0.0	0.0	0.0	0.0	0.0	0.0
hgt	None	dead	0.0	0.0	0.0	0.0	0.0	0.0	0.0	0.0
dup	None	dead	0.0	0.0	0.0	0.0	0.0	0.0	0.0	0.0
hgt	326	GCF.900129635.1.Bacteria.Planctomycetota	1215.9915	0.0	607.99575	1444.02	987.963	0.0	0.0	722.01
los	None	dead	0.0	0.0	0.0	0.0	0.0	0.0	0.0	0.0
hgt	1444	GCA.003451595.1.Bacteria.Chloroflexota	1539.09	0.0	769.545	1770.71	1307.47	0.0	0.0	885.355
los	None	dead	0.0	0.0	0.0	0.0	0.0	0.0	0.0	0.0
spe	738	728	2387.34	2047.46	2217.4	2598.05	2176.63	2283.88	1811.04	2204.545
hgt	None	dead	0.0	0.0	0.0	0.0	0.0	0.0	0.0	0.0
hgt	None	dead	0.0	0.0	0.0	0.0	0.0	0.0	0.0	0.0
hgt	None	dead	0.0	0.0	0.0	0.0	0.0	0.0	0.0	0.0
hgt	794	GCA.003161515.1.Bacteria.Desulfobacterota.B	1455.87	0.0	727.935	1673.56	1238.18	0.0	0.0	836.78
los	None	dead	0.0	0.0	0.0	0.0	0.0	0.0	0.0	0.0
hgt	None	dead	0.0	0.0	0.0	0.0	0.0	0.0	0.0	0.0
dup	None	dead	0.0	0.0	0.0	0.0	0.0	0.0	0.0	0.0
hgt	837	GCA.001768075.1.Bacteria.Myxococcota	1633.315	0.0	816.6575	1837.63	1429.0	0.0	0.0	918.815
los	None	dead	0.0	0.0	0.0	0.0	0.0	0.0	0.0	0.0
hgt	977	GCA.001567195.1.Bacteria.Bacteroidota	1171.8395	0.0	585.91975	1362.86	980.819	0.0	0.0	681.43
los	None	dead	0.0	0.0	0.0	0.0	0.0	0.0	0.0	0.0
spe	728	724	2047.46	1631.91	1839.685	2283.88	1811.04	1903.61	1360.21	1822.045
los	724	GCA.001803875.1.Bacteria.Nitrospirota	1631.91	0.0	815.955	1903.61	1360.21	0.0	0.0	951.805
hgt	None	dead	0.0	0.0	0.0	0.0	0.0	0.0	0.0	0.0
hgt	697	GCA.003222815.1.Bacteria.Acidobacteriota	1651.7	0.0	825.85	1852.38	1451.02	0.0	0.0	926.19
los	None	dead	0.0	0.0	0.0	0.0	0.0	0.0	0.0	0.0
dup	None	dead	0.0	0.0	0.0	0.0	0.0	0.0	0.0	0.0
hgt	670	GCA.002898535.1.Bacteria.Acidobacteriota	2401.115	0.0	1200.5575	2634.12	2168.11	0.0	0.0	1317.06
los	None	dead	0.0	0.0	0.0	0.0	0.0	0.0	0.0	0.0
hgt	674	GCA.002298155.1.Bacteria.Acidobacteriota	1948.825	0.0	974.4125	2211.19	1686.46	0.0	0.0	1105.595
los	None	dead	0.0	0.0	0.0	0.0	0.0	0.0	0.0	0.0
hgt	588	576	1783.48	1633.525	1708.5025	1926.18	1640.78	1787.8	1479.25	1702.715
los	None	dead	0.0	0.0	0.0	0.0	0.0	0.0	0.0	0.0
spe	588	576	1783.48	1633.525	1708.5025	1926.18	1640.78	1787.8	1479.25	1702.715
hgt	None	dead	0.0	0.0	0.0	0.0	0.0	0.0	0.0	0.0
hgt	932	GCA.002414805.1.Bacteria.Fibrobacterota	1699.53	0.0	849.765	1968.92	1430.14	0.0	0.0	984.46
los	None	dead	0.0	0.0	0.0	0.0	0.0	0.0	0.0	0.0
hgt	None	dead	0.0	0.0	0.0	0.0	0.0	0.0	0.0	0.0
hgt	592	GCF.001720165.1.Bacteria.Proteobacteria	1273.13	0.0	636.565	1434.77	1111.49	0.0	0.0	717.385
los	None	dead	0.0	0.0	0.0	0.0	0.0	0.0	0.0	0.0
hgt	None	dead	0.0	0.0	0.0	0.0	0.0	0.0	0.0	0.0
hgt	434	GCA.002898275.1.Bacteria.Proteobacteria	1329.5	0.0	664.75	1502.98	1156.02	0.0	0.0	751.49
los	None	dead	0.0	0.0	0.0	0.0	0.0	0.0	0.0	0.0
hgt	None	dead	0.0	0.0	0.0	0.0	0.0	0.0	0.0	0.0
dup	None	dead	0.0	0.0	0.0	0.0	0.0	0.0	0.0	0.0
dup	None	dead	0.0	0.0	0.0	0.0	0.0	0.0	0.0	0.0
hgt	456	GCF.002148795.1.Bacteria.Proteobacteria	1329.135	0.0	664.5675	1490.23	1168.04	0.0	0.0	745.115
los	None	dead	0.0	0.0	0.0	0.0	0.0	0.0	0.0	0.0
hgt	595	GCA.002389045.1.Bacteria.Proteobacteria	1214.005	0.0	607.0025	1372.8	1055.21	0.0	0.0	686.4
los	None	dead	0.0	0.0	0.0	0.0	0.0	0.0	0.0	0.0
dup	None	dead	0.0	0.0	0.0	0.0	0.0	0.0	0.0	0.0
hgt	462	GCF.006980715.1.Bacteria.Proteobacteria	1065.146	0.0	532.573	1220.68	909.612	0.0	0.0	610.34
los	None	dead	0.0	0.0	0.0	0.0	0.0	0.0	0.0	0.0
hgt	529	GCA.002420425.1.Bacteria.Proteobacteria	1818.925	0.0	909.4625	2012.28	1625.57	0.0	0.0	1006.14
los	None	dead	0.0	0.0	0.0	0.0	0.0	0.0	0.0	0.0
hgt	None	dead	0.0	0.0	0.0	0.0	0.0	0.0	0.0	0.0
hgt	359	GCF.000949635.1.Bacteria.Planctomycetota	1876.535	0.0	938.2675	2114.78	1638.29	0.0	0.0	1057.39
los	None	dead	0.0	0.0	0.0	0.0	0.0	0.0	0.0	0.0
hgt	None	dead	0.0	0.0	0.0	0.0	0.0	0.0	0.0	0.0
hgt	None	dead	0.0	0.0	0.0	0.0	0.0	0.0	0.0	0.0
hgt	553	GCF.001641825.1.Bacteria.Proteobacteria	1630.725	0.0	815.3625	1789.39	1472.06	0.0	0.0	894.695
los	None	dead	0.0	0.0	0.0	0.0	0.0	0.0	0.0	0.0
hgt	None	dead	0.0	0.0	0.0	0.0	0.0	0.0	0.0	0.0
hgt	403	GCF.900177345.1.Bacteria.Proteobacteria	2523.57	0.0	1261.785	2749.35	2297.79	0.0	0.0	1374.675
los	None	dead	0.0	0.0	0.0	0.0	0.0	0.0	0.0	0.0
hgt	None	dead	0.0	0.0	0.0	0.0	0.0	0.0	0.0	0.0
hgt	542	GCA.002352565.1.Bacteria.Proteobacteria	1750.015	0.0	875.0075	1929.85	1570.18	0.0	0.0	964.925
los	None	dead	0.0	0.0	0.0	0.0	0.0	0.0	0.0	0.0
hgt	None	dead	0.0	0.0	0.0	0.0	0.0	0.0	0.0	0.0
hgt	644	636	1683.9	1603.01	1643.455	1827.27	1540.53	1754.71	1451.31	1639.29
los	None	dead	0.0	0.0	0.0	0.0	0.0	0.0	0.0	0.0
hgt	None	dead	0.0	0.0	0.0	0.0	0.0	0.0	0.0	0.0
dup	None	dead	0.0	0.0	0.0	0.0	0.0	0.0	0.0	0.0
hgt	804	GCA.003247575.1.Bacteria.Myxococcota.A	2020.19	0.0	1010.095	2257.86	1782.52	0.0	0.0	1128.93
los	None	dead	0.0	0.0	0.0	0.0	0.0	0.0	0.0	0.0
hgt	None	dead	0.0	0.0	0.0	0.0	0.0	0.0	0.0	0.0
hgt	455	GCF.900102465.1.Bacteria.Proteobacteria	974.476	0.0	487.238	1138.43	810.522	0.0	0.0	569.215
los	None	dead	0.0	0.0	0.0	0.0	0.0	0.0	0.0	0.0
hgt	None	dead	0.0	0.0	0.0	0.0	0.0	0.0	0.0	0.0
hgt	489	GCA.002348365.1.Bacteria.Proteobacteria	1225.83	0.0	612.915	1388.27	1063.39	0.0	0.0	694.135
los	None	dead	0.0	0.0	0.0	0.0	0.0	0.0	0.0	0.0
hgt	None	dead	0.0	0.0	0.0	0.0	0.0	0.0	0.0	0.0
dup	None	dead	0.0	0.0	0.0	0.0	0.0	0.0	0.0	0.0
hgt	446	GCA.002717185.1.Bacteria.Proteobacteria	1389.555	0.0	694.7775	1543.03	1236.08	0.0	0.0	771.515
los	None	dead	0.0	0.0	0.0	0.0	0.0	0.0	0.0	0.0
hgt	944	GCA.002712165.1.Bacteria.Proteobacteria	1432.315	0.0	716.1575	1664.44	1200.19	0.0	0.0	832.22
los	None	dead	0.0	0.0	0.0	0.0	0.0	0.0	0.0	0.0
dup	None	dead	0.0	0.0	0.0	0.0	0.0	0.0	0.0	0.0
hgt	462	GCF.006980715.1.Bacteria.Proteobacteria	1065.146	0.0	532.573	1220.68	909.612	0.0	0.0	610.34
los	None	dead	0.0	0.0	0.0	0.0	0.0	0.0	0.0	0.0
dup	None	dead	0.0	0.0	0.0	0.0	0.0	0.0	0.0	0.0
hgt	458	GCA.002340345.1.Bacteria.Proteobacteria	1513.53	0.0	756.765	1663.43	1363.63	0.0	0.0	831.715
los	None	dead	0.0	0.0	0.0	0.0	0.0	0.0	0.0	0.0
hgt	519	GCF.002109495.1.Bacteria.Proteobacteria	2628.48	0.0	1314.24	2774.64	2482.32	0.0	0.0	1387.32
los	None	dead	0.0	0.0	0.0	0.0	0.0	0.0	0.0	0.0
spe	644	636	1683.9	1603.01	1643.455	1827.27	1540.53	1754.71	1451.31	1639.29
spe	636	634	1603.01	1434.16	1518.585	1754.71	1451.31	1607.4	1260.92	1507.815
los	634	GCF.001697225.1.Bacteria.Proteobacteria	1434.16	0.0	717.08	1607.4	1260.92	0.0	0.0	803.7
hgt	None	dead	0.0	0.0	0.0	0.0	0.0	0.0	0.0	0.0
hgt	None	dead	0.0	0.0	0.0	0.0	0.0	0.0	0.0	0.0
hgt	546	GCA.002747435.1.Bacteria.Proteobacteria	1496.095	0.0	748.0475	1672.06	1320.13	0.0	0.0	836.03
los	None	dead	0.0	0.0	0.0	0.0	0.0	0.0	0.0	0.0
hgt	None	dead	0.0	0.0	0.0	0.0	0.0	0.0	0.0	0.0
dup	None	dead	0.0	0.0	0.0	0.0	0.0	0.0	0.0	0.0
hgt	183	GCA.002402105.1.Bacteria.UBP17	2959.72	0.0	1479.86	3396.2	2523.24	0.0	0.0	1698.1
los	None	dead	0.0	0.0	0.0	0.0	0.0	0.0	0.0	0.0
hgt	868	GCA.002347095.1.Bacteria.Desulfobacterota	1758.21	0.0	879.105	1962.57	1553.85	0.0	0.0	981.285
los	None	dead	0.0	0.0	0.0	0.0	0.0	0.0	0.0	0.0
hgt	612	611	1191.86	907.6015	1049.73075	1341.59	1042.13	1068.3	746.903	1044.2465
los	None	dead	0.0	0.0	0.0	0.0	0.0	0.0	0.0	0.0
spe	612	611	1191.86	907.6015	1049.73075	1341.59	1042.13	1068.3	746.903	1044.2465
hgt	None	dead	0.0	0.0	0.0	0.0	0.0	0.0	0.0	0.0
dup	None	dead	0.0	0.0	0.0	0.0	0.0	0.0	0.0	0.0
hgt	1041	GCA.002686955.1.Bacteria.Gemmatimonadota.A	2693.13	0.0	1346.565	2889.17	2497.09	0.0	0.0	1444.585
los	None	dead	0.0	0.0	0.0	0.0	0.0	0.0	0.0	0.0
dup	None	dead	0.0	0.0	0.0	0.0	0.0	0.0	0.0	0.0
hgt	603	GCA.002085445.1.Bacteria.Proteobacteria	1669.485	0.0	834.7425	1811.47	1527.5	0.0	0.0	905.735
los	None	dead	0.0	0.0	0.0	0.0	0.0	0.0	0.0	0.0
hgt	406	GCA.001872725.1.Bacteria.Proteobacteria	2569.1	0.0	1284.55	2747.05	2391.15	0.0	0.0	1373.525
los	None	dead	0.0	0.0	0.0	0.0	0.0	0.0	0.0	0.0
hgt	None	dead	0.0	0.0	0.0	0.0	0.0	0.0	0.0	0.0
hgt	751	GCA.002500605.1.Bacteria.Nitrospinota	1941.285	0.0	970.6425	2197.64	1684.93	0.0	0.0	1098.82
los	None	dead	0.0	0.0	0.0	0.0	0.0	0.0	0.0	0.0
spe	576	574	1633.525	1374.275	1503.9	1787.8	1479.25	1546.58	1201.97	1494.885
hgt	None	dead	0.0	0.0	0.0	0.0	0.0	0.0	0.0	0.0
hgt	None	dead	0.0	0.0	0.0	0.0	0.0	0.0	0.0	0.0
hgt	546	GCF.000021985.1.Bacteria.Proteobacteria	1496.095	0.0	748.0475	1672.06	1320.13	0.0	0.0	836.03
los	None	dead	0.0	0.0	0.0	0.0	0.0	0.0	0.0	0.0
hgt	None	dead	0.0	0.0	0.0	0.0	0.0	0.0	0.0	0.0
hgt	653	GCF.001399755.1.Bacteria.Proteobacteria	2568.17	0.0	1284.085	2711.59	2424.75	0.0	0.0	1355.795
los	None	dead	0.0	0.0	0.0	0.0	0.0	0.0	0.0	0.0
dup	None	dead	0.0	0.0	0.0	0.0	0.0	0.0	0.0	0.0
hgt	613	GCF.003097315.1.Bacteria.Proteobacteria	1345.44	0.0	672.72	1490.64	1200.24	0.0	0.0	745.32
los	None	dead	0.0	0.0	0.0	0.0	0.0	0.0	0.0	0.0
hgt	None	dead	0.0	0.0	0.0	0.0	0.0	0.0	0.0	0.0
hgt	400	GCA.002401295.1.Bacteria.SAR324	2394.165	0.0	1197.0825	2660.57	2127.76	0.0	0.0	1330.285
los	None	dead	0.0	0.0	0.0	0.0	0.0	0.0	0.0	0.0
hgt	None	dead	0.0	0.0	0.0	0.0	0.0	0.0	0.0	0.0
dup	None	dead	0.0	0.0	0.0	0.0	0.0	0.0	0.0	0.0
hgt	674	GCA.002747255.1.Bacteria.Acidobacteriota	1948.825	0.0	974.4125	2211.19	1686.46	0.0	0.0	1105.595
los	None	dead	0.0	0.0	0.0	0.0	0.0	0.0	0.0	0.0
hgt	1015	GCA.002790835.1.Bacteria.Krumholzibacteriota	2074.465	0.0	1037.2325	2357.8	1791.13	0.0	0.0	1178.9
los	None	dead	0.0	0.0	0.0	0.0	0.0	0.0	0.0	0.0
hgt	749	GCA.002705185.1.Bacteria.Nitrospinota	1781.81	0.0	890.905	2044.22	1519.4	0.0	0.0	1022.11
los	None	dead	0.0	0.0	0.0	0.0	0.0	0.0	0.0	0.0
hgt	None	dead	0.0	0.0	0.0	0.0	0.0	0.0	0.0	0.0
hgt	570	GCA.002255365.1.Bacteria.Proteobacteria	1624.36	0.0	812.18	1779.57	1469.15	0.0	0.0	889.785
los	None	dead	0.0	0.0	0.0	0.0	0.0	0.0	0.0	0.0
hgt	None	dead	0.0	0.0	0.0	0.0	0.0	0.0	0.0	0.0
hgt	585	GCA.002688175.1.Bacteria.Proteobacteria	1098.223	0.0	549.1115	1267.88	928.566	0.0	0.0	633.94
los	None	dead	0.0	0.0	0.0	0.0	0.0	0.0	0.0	0.0
hgt	None	dead	0.0	0.0	0.0	0.0	0.0	0.0	0.0	0.0
hgt	642	GCA.001447805.1.Bacteria.Proteobacteria	1352.47	0.0	676.235	1515.86	1189.08	0.0	0.0	757.93
los	None	dead	0.0	0.0	0.0	0.0	0.0	0.0	0.0	0.0
hgt	None	dead	0.0	0.0	0.0	0.0	0.0	0.0	0.0	0.0
hgt	552	GCF.001614315.2.Bacteria.Proteobacteria	1397.305	0.0	698.6525	1566.02	1228.59	0.0	0.0	783.01
los	None	dead	0.0	0.0	0.0	0.0	0.0	0.0	0.0	0.0
hgt	None	dead	0.0	0.0	0.0	0.0	0.0	0.0	0.0	0.0
hgt	579	GCA.003155415.1.Bacteria.Proteobacteria	971.347	0.0	485.6735	1155.18	787.514	0.0	0.0	577.59
los	None	dead	0.0	0.0	0.0	0.0	0.0	0.0	0.0	0.0
hgt	None	dead	0.0	0.0	0.0	0.0	0.0	0.0	0.0	0.0
hgt	711	GCA.001664505.1.Bacteria.Acidobacteriota	1902.735	0.0	951.3675	2119.38	1686.09	0.0	0.0	1059.69
los	None	dead	0.0	0.0	0.0	0.0	0.0	0.0	0.0	0.0
hgt	None	dead	0.0	0.0	0.0	0.0	0.0	0.0	0.0	0.0
dup	None	dead	0.0	0.0	0.0	0.0	0.0	0.0	0.0	0.0
hgt	568	GCA.002862435.1.Bacteria.Proteobacteria	1463.05	0.0	731.525	1635.35	1290.75	0.0	0.0	817.675
los	None	dead	0.0	0.0	0.0	0.0	0.0	0.0	0.0	0.0
hgt	634	GCF.001697225.1.Bacteria.Proteobacteria	1434.16	0.0	717.08	1607.4	1260.92	0.0	0.0	803.7
los	None	dead	0.0	0.0	0.0	0.0	0.0	0.0	0.0	0.0
hgt	660	659	2563.03	1482.555	2022.7925	2816.78	2309.28	1819.93	1145.18	1980.98
los	None	dead	0.0	0.0	0.0	0.0	0.0	0.0	0.0	0.0
hgt	None	dead	0.0	0.0	0.0	0.0	0.0	0.0	0.0	0.0
hgt	376	GCA.002418835.1.Bacteria.Spirochaetota	2164.345	0.0	1082.1725	2427.34	1901.35	0.0	0.0	1213.67
los	None	dead	0.0	0.0	0.0	0.0	0.0	0.0	0.0	0.0
hgt	None	dead	0.0	0.0	0.0	0.0	0.0	0.0	0.0	0.0
hgt	966	GCA.003167015.1.Bacteria.Bacteroidota	1461.28	0.0	730.64	1661.11	1261.45	0.0	0.0	830.555
los	None	dead	0.0	0.0	0.0	0.0	0.0	0.0	0.0	0.0
spe	660	659	2563.03	1482.555	2022.7925	2816.78	2309.28	1819.93	1145.18	1980.98
hgt	None	dead	0.0	0.0	0.0	0.0	0.0	0.0	0.0	0.0
hgt	None	dead	0.0	0.0	0.0	0.0	0.0	0.0	0.0	0.0
hgt	396	GCF.000177635.2.Bacteria.Chrysiogenota	2626.695	0.0	1313.3475	2851.47	2401.92	0.0	0.0	1425.735
los	None	dead	0.0	0.0	0.0	0.0	0.0	0.0	0.0	0.0
hgt	720	GCA.002347965.1.Bacteria.UBA2233	2336.65	0.0	1168.325	2619.25	2054.05	0.0	0.0	1309.625
los	None	dead	0.0	0.0	0.0	0.0	0.0	0.0	0.0	0.0
hgt	None	dead	0.0	0.0	0.0	0.0	0.0	0.0	0.0	0.0
hgt	1078	1076	1978.035	1449.05	1713.5425	2265.17	1690.9	1728.8	1169.3	1717.235
los	None	dead	0.0	0.0	0.0	0.0	0.0	0.0	0.0	0.0
spe	1078	1076	1978.035	1449.05	1713.5425	2265.17	1690.9	1728.8	1169.3	1717.235
hgt	None	dead	0.0	0.0	0.0	0.0	0.0	0.0	0.0	0.0
dup	None	dead	0.0	0.0	0.0	0.0	0.0	0.0	0.0	0.0
hgt	941	GCA.003477045.1.Bacteria.Delongbacteria	2334.605	0.0	1167.3025	2549.68	2119.53	0.0	0.0	1274.84
los	None	dead	0.0	0.0	0.0	0.0	0.0	0.0	0.0	0.0
hgt	477	GCA.001897475.1.Bacteria.Proteobacteria	981.752	0.0	490.876	1141.03	822.474	0.0	0.0	570.515
los	None	dead	0.0	0.0	0.0	0.0	0.0	0.0	0.0	0.0
hgt	None	dead	0.0	0.0	0.0	0.0	0.0	0.0	0.0	0.0
dup	None	dead	0.0	0.0	0.0	0.0	0.0	0.0	0.0	0.0
hgt	370	GCA.003497555.1.Bacteria.Spirochaetota	2115.08	0.0	1057.54	2426.61	1803.55	0.0	0.0	1213.305
los	None	dead	0.0	0.0	0.0	0.0	0.0	0.0	0.0	0.0
hgt	386	GCA.001829155.1.Bacteria.Spirochaetota	2009.02	0.0	1004.51	2288.32	1729.72	0.0	0.0	1144.16
los	None	dead	0.0	0.0	0.0	0.0	0.0	0.0	0.0	0.0
hgt	None	dead	0.0	0.0	0.0	0.0	0.0	0.0	0.0	0.0
dup	None	dead	0.0	0.0	0.0	0.0	0.0	0.0	0.0	0.0
hgt	1344	GCF.000218765.1.Bacteria.Firmicutes	1531.325	0.0	765.6625	1719.64	1343.01	0.0	0.0	859.82
los	None	dead	0.0	0.0	0.0	0.0	0.0	0.0	0.0	0.0
dup	None	dead	0.0	0.0	0.0	0.0	0.0	0.0	0.0	0.0
hgt	1307	GCA.000987045.1.Bacteria.Firmicutes.B	1703.5	0.0	851.75	1894.89	1512.11	0.0	0.0	947.445
los	None	dead	0.0	0.0	0.0	0.0	0.0	0.0	0.0	0.0
dup	None	dead	0.0	0.0	0.0	0.0	0.0	0.0	0.0	0.0
hgt	600	GCA.002007425.1.Bacteria.Proteobacteria	1212.31	0.0	606.155	1364.67	1059.95	0.0	0.0	682.335
los	None	dead	0.0	0.0	0.0	0.0	0.0	0.0	0.0	0.0
hgt	532	GCA.002405475.1.Bacteria.Proteobacteria	1641.495	0.0	820.7475	1864.28	1418.71	0.0	0.0	932.14
los	None	dead	0.0	0.0	0.0	0.0	0.0	0.0	0.0	0.0
hgt	None	dead	0.0	0.0	0.0	0.0	0.0	0.0	0.0	0.0
hgt	694	GCA.001767075.1.Bacteria.Acidobacteriota	1248.195	0.0	624.0975	1437.94	1058.45	0.0	0.0	718.97
los	None	dead	0.0	0.0	0.0	0.0	0.0	0.0	0.0	0.0
hgt	None	dead	0.0	0.0	0.0	0.0	0.0	0.0	0.0	0.0
hgt	1148	GCF.000969705.1.Bacteria.Actinobacteriota	1851.865	0.0	925.9325	2104.07	1599.66	0.0	0.0	1052.035
los	None	dead	0.0	0.0	0.0	0.0	0.0	0.0	0.0	0.0
hgt	None	dead	0.0	0.0	0.0	0.0	0.0	0.0	0.0	0.0
hgt	1128	GCA.002898935.1.Bacteria.CSP1.3	3162.27	0.0	1581.135	3356.79	2967.75	0.0	0.0	1678.395
los	None	dead	0.0	0.0	0.0	0.0	0.0	0.0	0.0	0.0
hgt	None	dead	0.0	0.0	0.0	0.0	0.0	0.0	0.0	0.0
hgt	826	825	1516.045	1214.79	1365.4175	1693.77	1338.32	1405.39	1024.19	1358.98
los	None	dead	0.0	0.0	0.0	0.0	0.0	0.0	0.0	0.0
spe	826	825	1516.045	1214.79	1365.4175	1693.77	1338.32	1405.39	1024.19	1358.98
hgt	None	dead	0.0	0.0	0.0	0.0	0.0	0.0	0.0	0.0
hgt	1106	GCA.003134215.1.Bacteria.Armatimonadota	1668.05	0.0	834.025	1965.72	1370.38	0.0	0.0	982.86
los	None	dead	0.0	0.0	0.0	0.0	0.0	0.0	0.0	0.0
spe	728	727	2047.46	1801.01	1924.235	2283.88	1811.04	2055.82	1546.2	1915.04
hgt	None	dead	0.0	0.0	0.0	0.0	0.0	0.0	0.0	0.0
hgt	None	dead	0.0	0.0	0.0	0.0	0.0	0.0	0.0	0.0
hgt	756	GCA.001790645.1.Bacteria.Schekmanbacteria	2635.78	0.0	1317.89	2841.14	2430.42	0.0	0.0	1420.57
los	None	dead	0.0	0.0	0.0	0.0	0.0	0.0	0.0	0.0
hgt	None	dead	0.0	0.0	0.0	0.0	0.0	0.0	0.0	0.0
hgt	853	GCA.001797415.1.Bacteria.Desulfobacterota	2065.005	0.0	1032.5025	2302.51	1827.5	0.0	0.0	1151.255
los	None	dead	0.0	0.0	0.0	0.0	0.0	0.0	0.0	0.0
dup	None	dead	0.0	0.0	0.0	0.0	0.0	0.0	0.0	0.0
hgt	1350	GCF.001742305.1.Bacteria.Firmicutes	1409.0	0.0	704.5	1596.52	1221.48	0.0	0.0	798.26
los	None	dead	0.0	0.0	0.0	0.0	0.0	0.0	0.0	0.0
dup	None	dead	0.0	0.0	0.0	0.0	0.0	0.0	0.0	0.0
hgt	383	GCA.001829315.1.Bacteria.Spirochaetota	1910.295	0.0	955.1475	2169.33	1651.26	0.0	0.0	1084.665
los	None	dead	0.0	0.0	0.0	0.0	0.0	0.0	0.0	0.0
hgt	1269	GCF.002252565.1.Bacteria.Firmicutes.A	1538.365	0.0	769.1825	1724.93	1351.8	0.0	0.0	862.465
los	None	dead	0.0	0.0	0.0	0.0	0.0	0.0	0.0	0.0
hgt	274	GCA.000406005.1.Bacteria.Poribacteria	2118.375	0.0	1059.1875	2473.84	1762.91	0.0	0.0	1236.92
los	None	dead	0.0	0.0	0.0	0.0	0.0	0.0	0.0	0.0
hgt	None	dead	0.0	0.0	0.0	0.0	0.0	0.0	0.0	0.0
hgt	282	GCF.900105685.1.Bacteria.Verrucomicrobiota	1374.795	0.0	687.3975	1628.61	1120.98	0.0	0.0	814.305
los	None	dead	0.0	0.0	0.0	0.0	0.0	0.0	0.0	0.0
hgt	None	dead	0.0	0.0	0.0	0.0	0.0	0.0	0.0	0.0
hgt	681	GCA.002712885.1.Bacteria.Acidobacteriota	1934.475	0.0	967.2375	2141.55	1727.4	0.0	0.0	1070.775
los	None	dead	0.0	0.0	0.0	0.0	0.0	0.0	0.0	0.0
hgt	None	dead	0.0	0.0	0.0	0.0	0.0	0.0	0.0	0.0
hgt	704	702	1616.3	1354.27	1485.285	1839.91	1392.69	1586.23	1122.31	1481.11
los	None	dead	0.0	0.0	0.0	0.0	0.0	0.0	0.0	0.0
spe	704	702	1616.3	1354.27	1485.285	1839.91	1392.69	1586.23	1122.31	1481.11
hgt	None	dead	0.0	0.0	0.0	0.0	0.0	0.0	0.0	0.0
hgt	1038	1032	2137.765	1723.11	1930.4375	2370.96	1904.57	1986.49	1459.73	1915.345
los	None	dead	0.0	0.0	0.0	0.0	0.0	0.0	0.0	0.0
hgt	None	dead	0.0	0.0	0.0	0.0	0.0	0.0	0.0	0.0
hgt	1021	GCA.002686915.1.Bacteria.ARS69	2221.035	0.0	1110.5175	2475.21	1966.86	0.0	0.0	1237.605
los	None	dead	0.0	0.0	0.0	0.0	0.0	0.0	0.0	0.0
hgt	None	dead	0.0	0.0	0.0	0.0	0.0	0.0	0.0	0.0
dup	None	dead	0.0	0.0	0.0	0.0	0.0	0.0	0.0	0.0
hgt	395	GCF.000487995.1.Bacteria.Deferribacterota	1520.715	0.0	760.3575	1836.24	1205.19	0.0	0.0	918.12
los	None	dead	0.0	0.0	0.0	0.0	0.0	0.0	0.0	0.0
dup	None	dead	0.0	0.0	0.0	0.0	0.0	0.0	0.0	0.0
hgt	514	436	1851.4	1731.205	1791.3025	1991.92	1710.88	1880.65	1581.76	1786.84
los	None	dead	0.0	0.0	0.0	0.0	0.0	0.0	0.0	0.0
hgt	None	dead	0.0	0.0	0.0	0.0	0.0	0.0	0.0	0.0
hgt	874	873	1965.97	1792.01	1878.99	2151.74	1780.2	1991.39	1592.63	1872.185
los	None	dead	0.0	0.0	0.0	0.0	0.0	0.0	0.0	0.0
hgt	None	dead	0.0	0.0	0.0	0.0	0.0	0.0	0.0	0.0
hgt	462	GCF.000315795.1.Bacteria.Proteobacteria	1065.146	0.0	532.573	1220.68	909.612	0.0	0.0	610.34
los	None	dead	0.0	0.0	0.0	0.0	0.0	0.0	0.0	0.0
spe	874	873	1965.97	1792.01	1878.99	2151.74	1780.2	1991.39	1592.63	1872.185
hgt	None	dead	0.0	0.0	0.0	0.0	0.0	0.0	0.0	0.0
hgt	439	GCA.002723345.1.Bacteria.Proteobacteria	1430.985	0.0	715.4925	1588.14	1273.83	0.0	0.0	794.07
los	None	dead	0.0	0.0	0.0	0.0	0.0	0.0	0.0	0.0
spe	873	871	1792.01	1532.675	1662.3425	1991.39	1592.63	1744.25	1321.1	1656.245
los	871	GCA.002899795.1.Bacteria.Desulfobacterota	1532.675	0.0	766.3375	1744.25	1321.1	0.0	0.0	872.125
hgt	None	dead	0.0	0.0	0.0	0.0	0.0	0.0	0.0	0.0
hgt	849	GCF.000266945.1.Bacteria.Desulfobacterota	1938.415	0.0	969.2075	2174.57	1702.26	0.0	0.0	1087.285
los	None	dead	0.0	0.0	0.0	0.0	0.0	0.0	0.0	0.0
hgt	None	dead	0.0	0.0	0.0	0.0	0.0	0.0	0.0	0.0
spe	514	436	1851.4	1731.205	1791.3025	1991.92	1710.88	1880.65	1581.76	1786.84
hgt	None	dead	0.0	0.0	0.0	0.0	0.0	0.0	0.0	0.0
spe	436	435	1731.205	1539.415	1635.31	1880.65	1581.76	1697.37	1381.46	1631.055
los	435	434	1539.415	1329.5	1434.4575	1697.37	1381.46	1502.98	1156.02	1426.695
hgt	492	GCF.900172325.1.Bacteria.Proteobacteria	1247.39	0.0	623.695	1403.42	1091.36	0.0	0.0	701.71
los	None	dead	0.0	0.0	0.0	0.0	0.0	0.0	0.0	0.0
hgt	None	dead	0.0	0.0	0.0	0.0	0.0	0.0	0.0	0.0
hgt	445	GCA.002717225.1.Bacteria.Proteobacteria	1267.47	0.0	633.735	1430.96	1103.98	0.0	0.0	715.48
los	None	dead	0.0	0.0	0.0	0.0	0.0	0.0	0.0	0.0
dup	None	dead	0.0	0.0	0.0	0.0	0.0	0.0	0.0	0.0
hgt	498	GCA.002731375.1.Bacteria.Proteobacteria	1143.1505	0.0	571.57525	1299.85	986.451	0.0	0.0	649.925
los	None	dead	0.0	0.0	0.0	0.0	0.0	0.0	0.0	0.0
hgt	453	GCA.003280605.1.Bacteria.Proteobacteria	720.6325	0.0	360.31625	876.145	565.12	0.0	0.0	438.0725
los	None	dead	0.0	0.0	0.0	0.0	0.0	0.0	0.0	0.0
hgt	512	486	1671.055	1393.215	1532.135	1813.33	1528.78	1554.79	1231.64	1522.485
los	None	dead	0.0	0.0	0.0	0.0	0.0	0.0	0.0	0.0
spe	512	486	1671.055	1393.215	1532.135	1813.33	1528.78	1554.79	1231.64	1522.485
hgt	None	dead	0.0	0.0	0.0	0.0	0.0	0.0	0.0	0.0
hgt	None	dead	0.0	0.0	0.0	0.0	0.0	0.0	0.0	0.0
hgt	506	GCA.002480495.1.Bacteria.Proteobacteria	1020.1165	0.0	510.05825	1171.97	868.263	0.0	0.0	585.985
los	None	dead	0.0	0.0	0.0	0.0	0.0	0.0	0.0	0.0
hgt	None	dead	0.0	0.0	0.0	0.0	0.0	0.0	0.0	0.0
hgt	None	dead	0.0	0.0	0.0	0.0	0.0	0.0	0.0	0.0
hgt	807	GCA.002841945.1.Bacteria.Myxococcota	1533.145	0.0	766.5725	1724.66	1341.63	0.0	0.0	862.33
los	None	dead	0.0	0.0	0.0	0.0	0.0	0.0	0.0	0.0
hgt	None	dead	0.0	0.0	0.0	0.0	0.0	0.0	0.0	0.0
hgt	509	495	1417.44	1152.21	1284.825	1560.37	1274.51	1304.12	1000.3	1280.335
los	None	dead	0.0	0.0	0.0	0.0	0.0	0.0	0.0	0.0
spe	509	495	1417.44	1152.21	1284.825	1560.37	1274.51	1304.12	1000.3	1280.335
hgt	None	dead	0.0	0.0	0.0	0.0	0.0	0.0	0.0	0.0
dup	None	dead	0.0	0.0	0.0	0.0	0.0	0.0	0.0	0.0
hgt	463	GCF.002251795.1.Bacteria.Proteobacteria	1313.945	0.0	656.9725	1461.65	1166.24	0.0	0.0	730.825
los	None	dead	0.0	0.0	0.0	0.0	0.0	0.0	0.0	0.0
hgt	468	GCF.900167455.1.Bacteria.Proteobacteria	1270.185	0.0	635.0925	1420.59	1119.78	0.0	0.0	710.295
los	None	dead	0.0	0.0	0.0	0.0	0.0	0.0	0.0	0.0
hgt	None	dead	0.0	0.0	0.0	0.0	0.0	0.0	0.0	0.0
hgt	None	dead	0.0	0.0	0.0	0.0	0.0	0.0	0.0	0.0
hgt	536	GCF.900111015.1.Bacteria.Proteobacteria	1887.95	0.0	943.975	2062.1	1713.8	0.0	0.0	1031.05
los	None	dead	0.0	0.0	0.0	0.0	0.0	0.0	0.0	0.0
dup	None	dead	0.0	0.0	0.0	0.0	0.0	0.0	0.0	0.0
hgt	434	GCA.002238885.1.Bacteria.Proteobacteria	1329.5	0.0	664.75	1502.98	1156.02	0.0	0.0	751.49
los	None	dead	0.0	0.0	0.0	0.0	0.0	0.0	0.0	0.0
hgt	492	GCF.002798435.1.Bacteria.Proteobacteria	1247.39	0.0	623.695	1403.42	1091.36	0.0	0.0	701.71
los	None	dead	0.0	0.0	0.0	0.0	0.0	0.0	0.0	0.0
hgt	None	dead	0.0	0.0	0.0	0.0	0.0	0.0	0.0	0.0
hgt	536	GCF.002940605.1.Bacteria.Proteobacteria	1887.95	0.0	943.975	2062.1	1713.8	0.0	0.0	1031.05
los	None	dead	0.0	0.0	0.0	0.0	0.0	0.0	0.0	0.0
hgt	507	503	1064.673	930.456	997.5645	1214.52	914.826	1085.53	775.382	994.951
los	None	dead	0.0	0.0	0.0	0.0	0.0	0.0	0.0	0.0
spe	507	503	1064.673	930.456	997.5645	1214.52	914.826	1085.53	775.382	994.951
spe	503	501	930.456	746.3765	838.41625	1085.53	775.382	912.334	580.419	832.9745
los	501	GCA.003158585.1.Bacteria.Proteobacteria	746.3765	0.0	373.18825	912.334	580.419	0.0	0.0	456.167
hgt	None	dead	0.0	0.0	0.0	0.0	0.0	0.0	0.0	0.0
hgt	None	dead	0.0	0.0	0.0	0.0	0.0	0.0	0.0	0.0
hgt	467	GCF.003258945.1.Bacteria.Proteobacteria	1108.71	0.0	554.355	1267.07	950.35	0.0	0.0	633.535
los	None	dead	0.0	0.0	0.0	0.0	0.0	0.0	0.0	0.0
dup	None	dead	0.0	0.0	0.0	0.0	0.0	0.0	0.0	0.0
hgt	579	GCA.003137095.1.Bacteria.Proteobacteria	971.347	0.0	485.6735	1155.18	787.514	0.0	0.0	577.59
los	None	dead	0.0	0.0	0.0	0.0	0.0	0.0	0.0	0.0
hgt	439	GCF.001613805.1.Bacteria.Proteobacteria	1430.985	0.0	715.4925	1588.14	1273.83	0.0	0.0	794.07
los	None	dead	0.0	0.0	0.0	0.0	0.0	0.0	0.0	0.0
hgt	612	GCF.003612015.1.Bacteria.Proteobacteria	1191.86	0.0	595.93	1341.59	1042.13	0.0	0.0	670.795
los	None	dead	0.0	0.0	0.0	0.0	0.0	0.0	0.0	0.0
hgt	None	dead	0.0	0.0	0.0	0.0	0.0	0.0	0.0	0.0
dup	None	dead	0.0	0.0	0.0	0.0	0.0	0.0	0.0	0.0
hgt	498	GCF.000192575.1.Bacteria.Proteobacteria	1143.1505	0.0	571.57525	1299.85	986.451	0.0	0.0	649.925
los	None	dead	0.0	0.0	0.0	0.0	0.0	0.0	0.0	0.0
hgt	498	GCF.000192575.1.Bacteria.Proteobacteria	1143.1505	0.0	571.57525	1299.85	986.451	0.0	0.0	649.925
los	None	dead	0.0	0.0	0.0	0.0	0.0	0.0	0.0	0.0
spe	1038	1032	2137.765	1723.11	1930.4375	2370.96	1904.57	1986.49	1459.73	1915.345
hgt	None	dead	0.0	0.0	0.0	0.0	0.0	0.0	0.0	0.0
hgt	568	GCF.001051235.1.Bacteria.Proteobacteria	1463.05	0.0	731.525	1635.35	1290.75	0.0	0.0	817.675
los	None	dead	0.0	0.0	0.0	0.0	0.0	0.0	0.0	0.0
