event	left_node	right_node	left_date	right_date	midpoint_date	left_date_lower	left_date_upper	right_date_lower	right_date_upper	midpoint_date_all
hgt	None	dead	0.0	0.0	0.0	0.0	0.0	0.0	0.0	0.0
hgt	1228	GCA.003023725.1.Bacteria.Firmicutes.E	2207.365	0.0	1103.6825	2441.9	1972.83	0.0	0.0	1220.95
los	None	dead	0.0	0.0	0.0	0.0	0.0	0.0	0.0	0.0
hgt	None	dead	0.0	0.0	0.0	0.0	0.0	0.0	0.0	0.0
dup	None	dead	0.0	0.0	0.0	0.0	0.0	0.0	0.0	0.0
dup	None	dead	0.0	0.0	0.0	0.0	0.0	0.0	0.0	0.0
hgt	445	GCA.002717225.1.Bacteria.Proteobacteria	1267.47	0.0	633.735	1430.96	1103.98	0.0	0.0	715.48
los	None	dead	0.0	0.0	0.0	0.0	0.0	0.0	0.0	0.0
hgt	1177	GCA.001464275.1.Bacteria.Actinobacteriota	1440.505	0.0	720.2525	1704.68	1176.33	0.0	0.0	852.34
los	None	dead	0.0	0.0	0.0	0.0	0.0	0.0	0.0	0.0
dup	None	dead	0.0	0.0	0.0	0.0	0.0	0.0	0.0	0.0
hgt	1154	GCF.001591405.1.Bacteria.Actinobacteria	907.0585	0.0	453.52925	1120.3	693.817	0.0	0.0	560.15
los	None	dead	0.0	0.0	0.0	0.0	0.0	0.0	0.0	0.0
hgt	1163	GCF.000384115.1.Bacteria.Actinobacteriota	995.9815	0.0	497.99075	1205.77	786.193	0.0	0.0	602.885
los	None	dead	0.0	0.0	0.0	0.0	0.0	0.0	0.0	0.0
hgt	None	dead	0.0	0.0	0.0	0.0	0.0	0.0	0.0	0.0
hgt	447	446	1590.07	1389.555	1489.8125	1734.74	1445.4	1543.03	1236.08	1485.41
los	None	dead	0.0	0.0	0.0	0.0	0.0	0.0	0.0	0.0
spe	447	446	1590.07	1389.555	1489.8125	1734.74	1445.4	1543.03	1236.08	1485.41
hgt	None	dead	0.0	0.0	0.0	0.0	0.0	0.0	0.0	0.0
hgt	741	GCA.003220615.1.Bacteria.Methylomirabilota	2099.065	0.0	1049.5325	2384.47	1813.66	0.0	0.0	1192.235
los	None	dead	0.0	0.0	0.0	0.0	0.0	0.0	0.0	0.0
hgt	None	dead	0.0	0.0	0.0	0.0	0.0	0.0	0.0	0.0
hgt	1396	GCA.003151665.1.Bacteria.Dormibacterota	2089.7	0.0	1044.85	2454.33	1725.07	0.0	0.0	1227.165
los	None	dead	0.0	0.0	0.0	0.0	0.0	0.0	0.0	0.0
spe	446	445	1389.555	1267.47	1328.5125	1543.03	1236.08	1430.96	1103.98	1323.505
hgt	None	dead	0.0	0.0	0.0	0.0	0.0	0.0	0.0	0.0
dup	None	dead	0.0	0.0	0.0	0.0	0.0	0.0	0.0	0.0
hgt	1226	GCA.003242195.1.Bacteria.Firmicutes.E	1819.185	0.0	909.5925	2087.96	1550.41	0.0	0.0	1043.98
los	None	dead	0.0	0.0	0.0	0.0	0.0	0.0	0.0	0.0
hgt	1128	GCA.002898935.1.Bacteria.CSP1.3	3162.27	0.0	1581.135	3356.79	2967.75	0.0	0.0	1678.395
los	None	dead	0.0	0.0	0.0	0.0	0.0	0.0	0.0	0.0
hgt	None	dead	0.0	0.0	0.0	0.0	0.0	0.0	0.0	0.0
dup	None	dead	0.0	0.0	0.0	0.0	0.0	0.0	0.0	0.0
hgt	1438	GCA.002841995.1.Bacteria.Chloroflexota	1347.94	0.0	673.97	1557.13	1138.75	0.0	0.0	778.565
los	None	dead	0.0	0.0	0.0	0.0	0.0	0.0	0.0	0.0
hgt	1440	GCF.001306175.1.Bacteria.Chloroflexota	1813.195	0.0	906.5975	2028.77	1597.62	0.0	0.0	1014.385
los	None	dead	0.0	0.0	0.0	0.0	0.0	0.0	0.0	0.0
hgt	None	dead	0.0	0.0	0.0	0.0	0.0	0.0	0.0	0.0
dup	None	dead	0.0	0.0	0.0	0.0	0.0	0.0	0.0	0.0
dup	None	dead	0.0	0.0	0.0	0.0	0.0	0.0	0.0	0.0
dup	None	dead	0.0	0.0	0.0	0.0	0.0	0.0	0.0	0.0
hgt	1166	GCF.004348535.1.Bacteria.Actinobacteriota	1472.335	0.0	736.1675	1697.69	1246.98	0.0	0.0	848.845
los	None	dead	0.0	0.0	0.0	0.0	0.0	0.0	0.0	0.0
hgt	1158	GCF.900106035.1.Bacteria.Actinobacteriota	905.248	0.0	452.624	1113.91	696.586	0.0	0.0	556.955
los	None	dead	0.0	0.0	0.0	0.0	0.0	0.0	0.0	0.0
hgt	1148	GCF.000969705.1.Bacteria.Actinobacteriota	1851.865	0.0	925.9325	2104.07	1599.66	0.0	0.0	1052.035
los	None	dead	0.0	0.0	0.0	0.0	0.0	0.0	0.0	0.0
hgt	None	dead	0.0	0.0	0.0	0.0	0.0	0.0	0.0	0.0
dup	None	dead	0.0	0.0	0.0	0.0	0.0	0.0	0.0	0.0
hgt	1399	GCA.002708145.1.Bacteria.Chloroflexota	1824.235	0.0	912.1175	2117.89	1530.58	0.0	0.0	1058.945
los	None	dead	0.0	0.0	0.0	0.0	0.0	0.0	0.0	0.0
hgt	1399	GCA.002708145.1.Bacteria.Chloroflexota	1824.235	0.0	912.1175	2117.89	1530.58	0.0	0.0	1058.945
los	None	dead	0.0	0.0	0.0	0.0	0.0	0.0	0.0	0.0
dup	None	dead	0.0	0.0	0.0	0.0	0.0	0.0	0.0	0.0
hgt	445	GCA.002717225.1.Bacteria.Proteobacteria	1267.47	0.0	633.735	1430.96	1103.98	0.0	0.0	715.48
los	None	dead	0.0	0.0	0.0	0.0	0.0	0.0	0.0	0.0
hgt	741	GCA.003220615.1.Bacteria.Methylomirabilota	2099.065	0.0	1049.5325	2384.47	1813.66	0.0	0.0	1192.235
los	None	dead	0.0	0.0	0.0	0.0	0.0	0.0	0.0	0.0
hgt	None	dead	0.0	0.0	0.0	0.0	0.0	0.0	0.0	0.0
hgt	741	GCA.003220615.1.Bacteria.Methylomirabilota	2099.065	0.0	1049.5325	2384.47	1813.66	0.0	0.0	1192.235
los	None	dead	0.0	0.0	0.0	0.0	0.0	0.0	0.0	0.0
hgt	None	dead	0.0	0.0	0.0	0.0	0.0	0.0	0.0	0.0
hgt	453	GCA.003280605.1.Bacteria.Proteobacteria	720.6325	0.0	360.31625	876.145	565.12	0.0	0.0	438.0725
los	None	dead	0.0	0.0	0.0	0.0	0.0	0.0	0.0	0.0
hgt	None	dead	0.0	0.0	0.0	0.0	0.0	0.0	0.0	0.0
hgt	446	GCA.002717185.1.Bacteria.Proteobacteria	1389.555	0.0	694.7775	1543.03	1236.08	0.0	0.0	771.515
los	None	dead	0.0	0.0	0.0	0.0	0.0	0.0	0.0	0.0
hgt	None	dead	0.0	0.0	0.0	0.0	0.0	0.0	0.0	0.0
spe	445	444	1267.47	1089.937	1178.7035	1430.96	1103.98	1263.85	916.024	1173.492
los	444	GCA.002686135.1.Bacteria.Proteobacteria	1089.937	0.0	544.9685	1263.85	916.024	0.0	0.0	631.925
hgt	None	dead	0.0	0.0	0.0	0.0	0.0	0.0	0.0	0.0
hgt	444	GCA.002348425.1.Bacteria.Proteobacteria	1089.937	0.0	544.9685	1263.85	916.024	0.0	0.0	631.925
los	None	dead	0.0	0.0	0.0	0.0	0.0	0.0	0.0	0.0
hgt	None	dead	0.0	0.0	0.0	0.0	0.0	0.0	0.0	0.0
hgt	446	GCA.002717185.1.Bacteria.Proteobacteria	1389.555	0.0	694.7775	1543.03	1236.08	0.0	0.0	771.515
los	None	dead	0.0	0.0	0.0	0.0	0.0	0.0	0.0	0.0
hgt	None	dead	0.0	0.0	0.0	0.0	0.0	0.0	0.0	0.0
hgt	489	GCA.002348365.1.Bacteria.Proteobacteria	1225.83	0.0	612.915	1388.27	1063.39	0.0	0.0	694.135
los	None	dead	0.0	0.0	0.0	0.0	0.0	0.0	0.0	0.0
dup	None	dead	0.0	0.0	0.0	0.0	0.0	0.0	0.0	0.0
hgt	439	GCA.002723345.1.Bacteria.Proteobacteria	1430.985	0.0	715.4925	1588.14	1273.83	0.0	0.0	794.07
los	None	dead	0.0	0.0	0.0	0.0	0.0	0.0	0.0	0.0
hgt	439	GCA.002723345.1.Bacteria.Proteobacteria	1430.985	0.0	715.4925	1588.14	1273.83	0.0	0.0	794.07
los	None	dead	0.0	0.0	0.0	0.0	0.0	0.0	0.0	0.0
hgt	None	dead	0.0	0.0	0.0	0.0	0.0	0.0	0.0	0.0
hgt	None	dead	0.0	0.0	0.0	0.0	0.0	0.0	0.0	0.0
dup	None	dead	0.0	0.0	0.0	0.0	0.0	0.0	0.0	0.0
hgt	746	GCF.900079095.1.Bacteria.Tectomicrobia	2036.715	0.0	1018.3575	2336.38	1737.05	0.0	0.0	1168.19
los	None	dead	0.0	0.0	0.0	0.0	0.0	0.0	0.0	0.0
hgt	741	GCA.003220615.1.Bacteria.Methylomirabilota	2099.065	0.0	1049.5325	2384.47	1813.66	0.0	0.0	1192.235
los	None	dead	0.0	0.0	0.0	0.0	0.0	0.0	0.0	0.0
hgt	None	dead	0.0	0.0	0.0	0.0	0.0	0.0	0.0	0.0
hgt	None	dead	0.0	0.0	0.0	0.0	0.0	0.0	0.0	0.0
hgt	1355	GCF.000503775.1.Bacteria.Firmicutes	1273.085	0.0	636.5425	1444.33	1101.84	0.0	0.0	722.165
los	None	dead	0.0	0.0	0.0	0.0	0.0	0.0	0.0	0.0
hgt	None	dead	0.0	0.0	0.0	0.0	0.0	0.0	0.0	0.0
hgt	444	GCA.002348425.1.Bacteria.Proteobacteria	1089.937	0.0	544.9685	1263.85	916.024	0.0	0.0	631.925
los	None	dead	0.0	0.0	0.0	0.0	0.0	0.0	0.0	0.0
hgt	741	GCA.003220615.1.Bacteria.Methylomirabilota	2099.065	0.0	1049.5325	2384.47	1813.66	0.0	0.0	1192.235
los	None	dead	0.0	0.0	0.0	0.0	0.0	0.0	0.0	0.0
hgt	None	dead	0.0	0.0	0.0	0.0	0.0	0.0	0.0	0.0
dup	None	dead	0.0	0.0	0.0	0.0	0.0	0.0	0.0	0.0
hgt	741	GCA.003220615.1.Bacteria.Methylomirabilota	2099.065	0.0	1049.5325	2384.47	1813.66	0.0	0.0	1192.235
los	None	dead	0.0	0.0	0.0	0.0	0.0	0.0	0.0	0.0
hgt	741	GCA.003220615.1.Bacteria.Methylomirabilota	2099.065	0.0	1049.5325	2384.47	1813.66	0.0	0.0	1192.235
los	None	dead	0.0	0.0	0.0	0.0	0.0	0.0	0.0	0.0
dup	None	dead	0.0	0.0	0.0	0.0	0.0	0.0	0.0	0.0
hgt	741	GCA.003220615.1.Bacteria.Methylomirabilota	2099.065	0.0	1049.5325	2384.47	1813.66	0.0	0.0	1192.235
los	None	dead	0.0	0.0	0.0	0.0	0.0	0.0	0.0	0.0
hgt	1158	GCF.900106035.1.Bacteria.Actinobacteriota	905.248	0.0	452.624	1113.91	696.586	0.0	0.0	556.955
los	None	dead	0.0	0.0	0.0	0.0	0.0	0.0	0.0	0.0
hgt	None	dead	0.0	0.0	0.0	0.0	0.0	0.0	0.0	0.0
hgt	462	GCF.006980715.1.Bacteria.Proteobacteria	1065.146	0.0	532.573	1220.68	909.612	0.0	0.0	610.34
los	None	dead	0.0	0.0	0.0	0.0	0.0	0.0	0.0	0.0
hgt	None	dead	0.0	0.0	0.0	0.0	0.0	0.0	0.0	0.0
dup	None	dead	0.0	0.0	0.0	0.0	0.0	0.0	0.0	0.0
hgt	1406	GCA.002710215.1.Bacteria.Chloroflexota	1650.16	0.0	825.08	1881.35	1418.97	0.0	0.0	940.675
los	None	dead	0.0	0.0	0.0	0.0	0.0	0.0	0.0	0.0
hgt	1406	GCA.002710215.1.Bacteria.Chloroflexota	1650.16	0.0	825.08	1881.35	1418.97	0.0	0.0	940.675
los	None	dead	0.0	0.0	0.0	0.0	0.0	0.0	0.0	0.0
hgt	None	dead	0.0	0.0	0.0	0.0	0.0	0.0	0.0	0.0
dup	None	dead	0.0	0.0	0.0	0.0	0.0	0.0	0.0	0.0
dup	None	dead	0.0	0.0	0.0	0.0	0.0	0.0	0.0	0.0
hgt	1347	GCF.900099895.1.Bacteria.Firmicutes	1294.365	0.0	647.1825	1476.68	1112.05	0.0	0.0	738.34
los	None	dead	0.0	0.0	0.0	0.0	0.0	0.0	0.0	0.0
dup	None	dead	0.0	0.0	0.0	0.0	0.0	0.0	0.0	0.0
hgt	1338	1337	1618.77	1358.655	1488.7125	1818.56	1418.98	1579.49	1137.82	1478.19
los	None	dead	0.0	0.0	0.0	0.0	0.0	0.0	0.0	0.0
hgt	None	dead	0.0	0.0	0.0	0.0	0.0	0.0	0.0	0.0
spe	1338	1337	1618.77	1358.655	1488.7125	1818.56	1418.98	1579.49	1137.82	1478.19
dup	None	dead	0.0	0.0	0.0	0.0	0.0	0.0	0.0	0.0
hgt	489	GCA.002348365.1.Bacteria.Proteobacteria	1225.83	0.0	612.915	1388.27	1063.39	0.0	0.0	694.135
los	None	dead	0.0	0.0	0.0	0.0	0.0	0.0	0.0	0.0
hgt	489	GCA.002348365.1.Bacteria.Proteobacteria	1225.83	0.0	612.915	1388.27	1063.39	0.0	0.0	694.135
los	None	dead	0.0	0.0	0.0	0.0	0.0	0.0	0.0	0.0
dup	None	dead	0.0	0.0	0.0	0.0	0.0	0.0	0.0	0.0
hgt	741	GCA.003220615.1.Bacteria.Methylomirabilota	2099.065	0.0	1049.5325	2384.47	1813.66	0.0	0.0	1192.235
los	None	dead	0.0	0.0	0.0	0.0	0.0	0.0	0.0	0.0
hgt	None	dead	0.0	0.0	0.0	0.0	0.0	0.0	0.0	0.0
dup	None	dead	0.0	0.0	0.0	0.0	0.0	0.0	0.0	0.0
dup	None	dead	0.0	0.0	0.0	0.0	0.0	0.0	0.0	0.0
hgt	446	GCA.002717185.1.Bacteria.Proteobacteria	1389.555	0.0	694.7775	1543.03	1236.08	0.0	0.0	771.515
los	None	dead	0.0	0.0	0.0	0.0	0.0	0.0	0.0	0.0
hgt	None	dead	0.0	0.0	0.0	0.0	0.0	0.0	0.0	0.0
hgt	498	GCA.002731375.1.Bacteria.Proteobacteria	1143.1505	0.0	571.57525	1299.85	986.451	0.0	0.0	649.925
los	None	dead	0.0	0.0	0.0	0.0	0.0	0.0	0.0	0.0
hgt	None	dead	0.0	0.0	0.0	0.0	0.0	0.0	0.0	0.0
hgt	446	GCA.002717185.1.Bacteria.Proteobacteria	1389.555	0.0	694.7775	1543.03	1236.08	0.0	0.0	771.515
los	None	dead	0.0	0.0	0.0	0.0	0.0	0.0	0.0	0.0
hgt	None	dead	0.0	0.0	0.0	0.0	0.0	0.0	0.0	0.0
dup	None	dead	0.0	0.0	0.0	0.0	0.0	0.0	0.0	0.0
hgt	456	GCF.002148795.1.Bacteria.Proteobacteria	1329.135	0.0	664.5675	1490.23	1168.04	0.0	0.0	745.115
los	None	dead	0.0	0.0	0.0	0.0	0.0	0.0	0.0	0.0
hgt	435	GCA.006969625.1.Bacteria.Proteobacteria	1539.415	0.0	769.7075	1697.37	1381.46	0.0	0.0	848.685
los	None	dead	0.0	0.0	0.0	0.0	0.0	0.0	0.0	0.0
dup	None	dead	0.0	0.0	0.0	0.0	0.0	0.0	0.0	0.0
hgt	1158	GCF.001942305.1.Bacteria.Actinobacteriota	905.248	0.0	452.624	1113.91	696.586	0.0	0.0	556.955
los	None	dead	0.0	0.0	0.0	0.0	0.0	0.0	0.0	0.0
hgt	1148	GCF.000969705.1.Bacteria.Actinobacteriota	1851.865	0.0	925.9325	2104.07	1599.66	0.0	0.0	1052.035
los	None	dead	0.0	0.0	0.0	0.0	0.0	0.0	0.0	0.0
dup	None	dead	0.0	0.0	0.0	0.0	0.0	0.0	0.0	0.0
hgt	796	GCA.002238415.1.Bacteria.Desulfobacterota.B	1757.055	0.0	878.5275	1958.83	1555.28	0.0	0.0	979.415
los	None	dead	0.0	0.0	0.0	0.0	0.0	0.0	0.0	0.0
hgt	None	dead	0.0	0.0	0.0	0.0	0.0	0.0	0.0	0.0
dup	None	dead	0.0	0.0	0.0	0.0	0.0	0.0	0.0	0.0
hgt	796	GCA.002238415.1.Bacteria.Desulfobacterota.B	1757.055	0.0	878.5275	1958.83	1555.28	0.0	0.0	979.415
los	None	dead	0.0	0.0	0.0	0.0	0.0	0.0	0.0	0.0
hgt	796	GCA.002238415.1.Bacteria.Desulfobacterota.B	1757.055	0.0	878.5275	1958.83	1555.28	0.0	0.0	979.415
los	None	dead	0.0	0.0	0.0	0.0	0.0	0.0	0.0	0.0
hgt	None	dead	0.0	0.0	0.0	0.0	0.0	0.0	0.0	0.0
hgt	796	GCA.002238415.1.Bacteria.Desulfobacterota.B	1757.055	0.0	878.5275	1958.83	1555.28	0.0	0.0	979.415
los	None	dead	0.0	0.0	0.0	0.0	0.0	0.0	0.0	0.0
hgt	1402	GCA.003228115.1.Bacteria.Chloroflexota	1732.845	0.0	866.4225	1968.92	1496.77	0.0	0.0	984.46
los	None	dead	0.0	0.0	0.0	0.0	0.0	0.0	0.0	0.0
hgt	None	dead	0.0	0.0	0.0	0.0	0.0	0.0	0.0	0.0
hgt	536	GCF.900111015.1.Bacteria.Proteobacteria	1887.95	0.0	943.975	2062.1	1713.8	0.0	0.0	1031.05
los	None	dead	0.0	0.0	0.0	0.0	0.0	0.0	0.0	0.0
hgt	None	dead	0.0	0.0	0.0	0.0	0.0	0.0	0.0	0.0
dup	None	dead	0.0	0.0	0.0	0.0	0.0	0.0	0.0	0.0
hgt	1141	GCA.003140175.1.Bacteria.Actinobacteriota	1437.0	0.0	718.5	1670.58	1203.42	0.0	0.0	835.29
los	None	dead	0.0	0.0	0.0	0.0	0.0	0.0	0.0	0.0
hgt	1141	GCA.003140175.1.Bacteria.Actinobacteriota	1437.0	0.0	718.5	1670.58	1203.42	0.0	0.0	835.29
los	None	dead	0.0	0.0	0.0	0.0	0.0	0.0	0.0	0.0
dup	None	dead	0.0	0.0	0.0	0.0	0.0	0.0	0.0	0.0
hgt	741	GCA.003220615.1.Bacteria.Methylomirabilota	2099.065	0.0	1049.5325	2384.47	1813.66	0.0	0.0	1192.235
los	None	dead	0.0	0.0	0.0	0.0	0.0	0.0	0.0	0.0
hgt	None	dead	0.0	0.0	0.0	0.0	0.0	0.0	0.0	0.0
hgt	483	447	1736.705	1590.07	1663.3875	1875.69	1597.72	1734.74	1445.4	1660.545
los	None	dead	0.0	0.0	0.0	0.0	0.0	0.0	0.0	0.0
hgt	None	dead	0.0	0.0	0.0	0.0	0.0	0.0	0.0	0.0
dup	None	dead	0.0	0.0	0.0	0.0	0.0	0.0	0.0	0.0
hgt	446	GCA.002717185.1.Bacteria.Proteobacteria	1389.555	0.0	694.7775	1543.03	1236.08	0.0	0.0	771.515
los	None	dead	0.0	0.0	0.0	0.0	0.0	0.0	0.0	0.0
hgt	498	GCA.002731375.1.Bacteria.Proteobacteria	1143.1505	0.0	571.57525	1299.85	986.451	0.0	0.0	649.925
los	None	dead	0.0	0.0	0.0	0.0	0.0	0.0	0.0	0.0
hgt	None	dead	0.0	0.0	0.0	0.0	0.0	0.0	0.0	0.0
hgt	462	GCF.006980715.1.Bacteria.Proteobacteria	1065.146	0.0	532.573	1220.68	909.612	0.0	0.0	610.34
los	None	dead	0.0	0.0	0.0	0.0	0.0	0.0	0.0	0.0
spe	483	447	1736.705	1590.07	1663.3875	1875.69	1597.72	1734.74	1445.4	1660.545
spe	447	439	1590.07	1430.985	1510.5275	1734.74	1445.4	1588.14	1273.83	1504.285
hgt	None	dead	0.0	0.0	0.0	0.0	0.0	0.0	0.0	0.0
los	439	GCF.001613805.1.Bacteria.Proteobacteria	1430.985	0.0	715.4925	1588.14	1273.83	0.0	0.0	794.07
hgt	495	GCA.002796975.1.Bacteria.Proteobacteria	1152.21	0.0	576.105	1304.12	1000.3	0.0	0.0	652.06
los	None	dead	0.0	0.0	0.0	0.0	0.0	0.0	0.0	0.0
spe	447	446	1590.07	1389.555	1489.8125	1734.74	1445.4	1543.03	1236.08	1485.41
spe	446	445	1389.555	1267.47	1328.5125	1543.03	1236.08	1430.96	1103.98	1323.505
los	445	GCA.002717225.1.Bacteria.Proteobacteria	1267.47	0.0	633.735	1430.96	1103.98	0.0	0.0	715.48
spe	445	444	1267.47	1089.937	1178.7035	1430.96	1103.98	1263.85	916.024	1173.492
los	444	GCA.002686135.1.Bacteria.Proteobacteria	1089.937	0.0	544.9685	1263.85	916.024	0.0	0.0	631.925
hgt	796	GCA.002238415.1.Bacteria.Desulfobacterota.B	1757.055	0.0	878.5275	1958.83	1555.28	0.0	0.0	979.415
los	None	dead	0.0	0.0	0.0	0.0	0.0	0.0	0.0	0.0
hgt	None	dead	0.0	0.0	0.0	0.0	0.0	0.0	0.0	0.0
dup	None	dead	0.0	0.0	0.0	0.0	0.0	0.0	0.0	0.0
hgt	741	GCA.003220615.1.Bacteria.Methylomirabilota	2099.065	0.0	1049.5325	2384.47	1813.66	0.0	0.0	1192.235
los	None	dead	0.0	0.0	0.0	0.0	0.0	0.0	0.0	0.0
hgt	498	GCA.002731375.1.Bacteria.Proteobacteria	1143.1505	0.0	571.57525	1299.85	986.451	0.0	0.0	649.925
los	None	dead	0.0	0.0	0.0	0.0	0.0	0.0	0.0	0.0
hgt	797	796	1933.19	1757.055	1845.1225	2131.05	1735.33	1958.83	1555.28	1843.165
los	None	dead	0.0	0.0	0.0	0.0	0.0	0.0	0.0	0.0
spe	797	796	1933.19	1757.055	1845.1225	2131.05	1735.33	1958.83	1555.28	1843.165
hgt	107	GCA.003019535.1.Archaea.Thermoproteota	1874.74	0.0	937.37	2176.29	1573.19	0.0	0.0	1088.145
spe	796	795	1757.055	1569.94	1663.4975	1958.83	1555.28	1775.68	1364.2	1661.515
los	795	791	1569.94	1320.57	1445.255	1775.68	1364.2	1532.25	1108.89	1442.285
spe	795	794	1569.94	1455.87	1512.905	1775.68	1364.2	1673.56	1238.18	1506.93
hgt	None	dead	0.0	0.0	0.0	0.0	0.0	0.0	0.0	0.0
los	794	GCA.003161515.1.Bacteria.Desulfobacterota.B	1455.87	0.0	727.935	1673.56	1238.18	0.0	0.0	836.78
dup	None	dead	0.0	0.0	0.0	0.0	0.0	0.0	0.0	0.0
hgt	796	GCA.002238415.1.Bacteria.Desulfobacterota.B	1757.055	0.0	878.5275	1958.83	1555.28	0.0	0.0	979.415
los	None	dead	0.0	0.0	0.0	0.0	0.0	0.0	0.0	0.0
dup	None	dead	0.0	0.0	0.0	0.0	0.0	0.0	0.0	0.0
hgt	1347	GCF.900099895.1.Bacteria.Firmicutes	1294.365	0.0	647.1825	1476.68	1112.05	0.0	0.0	738.34
los	None	dead	0.0	0.0	0.0	0.0	0.0	0.0	0.0	0.0
hgt	1355	GCF.004522215.1.Bacteria.Firmicutes	1273.085	0.0	636.5425	1444.33	1101.84	0.0	0.0	722.165
los	None	dead	0.0	0.0	0.0	0.0	0.0	0.0	0.0	0.0
spe	754	746	2364.085	2036.715	2200.4	2588.61	2139.56	2336.38	1737.05	2162.83
hgt	None	dead	0.0	0.0	0.0	0.0	0.0	0.0	0.0	0.0
hgt	1128	GCA.002898935.1.Bacteria.CSP1.3	3162.27	0.0	1581.135	3356.79	2967.75	0.0	0.0	1678.395
los	None	dead	0.0	0.0	0.0	0.0	0.0	0.0	0.0	0.0
hgt	None	dead	0.0	0.0	0.0	0.0	0.0	0.0	0.0	0.0
hgt	1402	GCA.003228115.1.Bacteria.Chloroflexota	1732.845	0.0	866.4225	1968.92	1496.77	0.0	0.0	984.46
los	None	dead	0.0	0.0	0.0	0.0	0.0	0.0	0.0	0.0
hgt	None	dead	0.0	0.0	0.0	0.0	0.0	0.0	0.0	0.0
hgt	1402	GCA.003228115.1.Bacteria.Chloroflexota	1732.845	0.0	866.4225	1968.92	1496.77	0.0	0.0	984.46
los	None	dead	0.0	0.0	0.0	0.0	0.0	0.0	0.0	0.0
hgt	None	dead	0.0	0.0	0.0	0.0	0.0	0.0	0.0	0.0
hgt	746	GCF.900079095.1.Bacteria.Tectomicrobia	2036.715	0.0	1018.3575	2336.38	1737.05	0.0	0.0	1168.19
los	None	dead	0.0	0.0	0.0	0.0	0.0	0.0	0.0	0.0
hgt	None	dead	0.0	0.0	0.0	0.0	0.0	0.0	0.0	0.0
hgt	1406	GCA.002710215.1.Bacteria.Chloroflexota	1650.16	0.0	825.08	1881.35	1418.97	0.0	0.0	940.675
los	None	dead	0.0	0.0	0.0	0.0	0.0	0.0	0.0	0.0
hgt	None	dead	0.0	0.0	0.0	0.0	0.0	0.0	0.0	0.0
dup	None	dead	0.0	0.0	0.0	0.0	0.0	0.0	0.0	0.0
hgt	1406	GCA.002710215.1.Bacteria.Chloroflexota	1650.16	0.0	825.08	1881.35	1418.97	0.0	0.0	940.675
los	None	dead	0.0	0.0	0.0	0.0	0.0	0.0	0.0	0.0
hgt	1406	GCA.002710215.1.Bacteria.Chloroflexota	1650.16	0.0	825.08	1881.35	1418.97	0.0	0.0	940.675
los	None	dead	0.0	0.0	0.0	0.0	0.0	0.0	0.0	0.0
hgt	None	dead	0.0	0.0	0.0	0.0	0.0	0.0	0.0	0.0
hgt	None	dead	0.0	0.0	0.0	0.0	0.0	0.0	0.0	0.0
dup	None	dead	0.0	0.0	0.0	0.0	0.0	0.0	0.0	0.0
hgt	468	GCF.900167455.1.Bacteria.Proteobacteria	1270.185	0.0	635.0925	1420.59	1119.78	0.0	0.0	710.295
los	None	dead	0.0	0.0	0.0	0.0	0.0	0.0	0.0	0.0
hgt	849	GCF.000266945.1.Bacteria.Desulfobacterota	1938.415	0.0	969.2075	2174.57	1702.26	0.0	0.0	1087.285
los	None	dead	0.0	0.0	0.0	0.0	0.0	0.0	0.0	0.0
hgt	None	dead	0.0	0.0	0.0	0.0	0.0	0.0	0.0	0.0
hgt	None	dead	0.0	0.0	0.0	0.0	0.0	0.0	0.0	0.0
hgt	1462	1461	2298.115	1906.91	2102.5125	2545.29	2050.94	2201.28	1612.54	2078.915
los	None	dead	0.0	0.0	0.0	0.0	0.0	0.0	0.0	0.0
spe	1462	1461	2298.115	1906.91	2102.5125	2545.29	2050.94	2201.28	1612.54	2078.915
hgt	None	dead	0.0	0.0	0.0	0.0	0.0	0.0	0.0	0.0
hgt	None	dead	0.0	0.0	0.0	0.0	0.0	0.0	0.0	0.0
hgt	1148	GCF.000969705.1.Bacteria.Actinobacteriota	1851.865	0.0	925.9325	2104.07	1599.66	0.0	0.0	1052.035
los	None	dead	0.0	0.0	0.0	0.0	0.0	0.0	0.0	0.0
hgt	None	dead	0.0	0.0	0.0	0.0	0.0	0.0	0.0	0.0
hgt	1396	GCA.003151665.1.Bacteria.Dormibacterota	2089.7	0.0	1044.85	2454.33	1725.07	0.0	0.0	1227.165
los	None	dead	0.0	0.0	0.0	0.0	0.0	0.0	0.0	0.0
dup	None	dead	0.0	0.0	0.0	0.0	0.0	0.0	0.0	0.0
hgt	1158	GCF.900106035.1.Bacteria.Actinobacteriota	905.248	0.0	452.624	1113.91	696.586	0.0	0.0	556.955
los	None	dead	0.0	0.0	0.0	0.0	0.0	0.0	0.0	0.0
dup	None	dead	0.0	0.0	0.0	0.0	0.0	0.0	0.0	0.0
hgt	552	GCF.001614315.2.Bacteria.Proteobacteria	1397.305	0.0	698.6525	1566.02	1228.59	0.0	0.0	783.01
los	None	dead	0.0	0.0	0.0	0.0	0.0	0.0	0.0	0.0
hgt	532	GCA.001750625.1.Bacteria.Proteobacteria	1641.495	0.0	820.7475	1864.28	1418.71	0.0	0.0	932.14
los	None	dead	0.0	0.0	0.0	0.0	0.0	0.0	0.0	0.0
hgt	None	dead	0.0	0.0	0.0	0.0	0.0	0.0	0.0	0.0
dup	None	dead	0.0	0.0	0.0	0.0	0.0	0.0	0.0	0.0
dup	None	dead	0.0	0.0	0.0	0.0	0.0	0.0	0.0	0.0
hgt	1439	GCF.900187885.1.Bacteria.Chloroflexota	1555.635	0.0	777.8175	1768.59	1342.68	0.0	0.0	884.295
los	None	dead	0.0	0.0	0.0	0.0	0.0	0.0	0.0	0.0
hgt	1226	GCA.003242195.1.Bacteria.Firmicutes.E	1819.185	0.0	909.5925	2087.96	1550.41	0.0	0.0	1043.98
los	None	dead	0.0	0.0	0.0	0.0	0.0	0.0	0.0	0.0
dup	None	dead	0.0	0.0	0.0	0.0	0.0	0.0	0.0	0.0
hgt	1228	GCA.003023725.1.Bacteria.Firmicutes.E	2207.365	0.0	1103.6825	2441.9	1972.83	0.0	0.0	1220.95
los	None	dead	0.0	0.0	0.0	0.0	0.0	0.0	0.0	0.0
hgt	1341	GCF.001653195.1.Bacteria.Firmicutes	1562.96	0.0	781.48	1772.81	1353.11	0.0	0.0	886.405
los	None	dead	0.0	0.0	0.0	0.0	0.0	0.0	0.0	0.0
hgt	None	dead	0.0	0.0	0.0	0.0	0.0	0.0	0.0	0.0
hgt	107	GCA.003019535.1.Archaea.Thermoproteota	1874.74	0.0	937.37	2176.29	1573.19	0.0	0.0	1088.145
los	None	dead	0.0	0.0	0.0	0.0	0.0	0.0	0.0	0.0
hgt	None	dead	0.0	0.0	0.0	0.0	0.0	0.0	0.0	0.0
hgt	1473	GCA.001443375.1.Bacteria.Chloroflexota	1423.81	0.0	711.905	1699.81	1147.81	0.0	0.0	849.905
los	None	dead	0.0	0.0	0.0	0.0	0.0	0.0	0.0	0.0
hgt	None	dead	0.0	0.0	0.0	0.0	0.0	0.0	0.0	0.0
hgt	1469	GCA.001898225.1.Bacteria.Chloroflexota	1964.555	0.0	982.2775	2217.5	1711.61	0.0	0.0	1108.75
los	None	dead	0.0	0.0	0.0	0.0	0.0	0.0	0.0	0.0
hgt	None	dead	0.0	0.0	0.0	0.0	0.0	0.0	0.0	0.0
hgt	400	GCA.002707655.1.Bacteria.SAR324	2394.165	0.0	1197.0825	2660.57	2127.76	0.0	0.0	1330.285
los	None	dead	0.0	0.0	0.0	0.0	0.0	0.0	0.0	0.0
hgt	None	dead	0.0	0.0	0.0	0.0	0.0	0.0	0.0	0.0
dup	None	dead	0.0	0.0	0.0	0.0	0.0	0.0	0.0	0.0
hgt	741	GCA.003220615.1.Bacteria.Methylomirabilota	2099.065	0.0	1049.5325	2384.47	1813.66	0.0	0.0	1192.235
los	None	dead	0.0	0.0	0.0	0.0	0.0	0.0	0.0	0.0
hgt	684	GCA.002483445.1.Bacteria.Acidobacteriota	1325.86	0.0	662.93	1548.2	1103.52	0.0	0.0	774.1
los	None	dead	0.0	0.0	0.0	0.0	0.0	0.0	0.0	0.0
hgt	None	dead	0.0	0.0	0.0	0.0	0.0	0.0	0.0	0.0
dup	None	dead	0.0	0.0	0.0	0.0	0.0	0.0	0.0	0.0
hgt	1461	GCA.002413265.1.Bacteria.Chloroflexota	1906.91	0.0	953.455	2201.28	1612.54	0.0	0.0	1100.64
los	None	dead	0.0	0.0	0.0	0.0	0.0	0.0	0.0	0.0
hgt	1470	1469	2147.93	1964.555	2056.2425	2388.86	1907.0	2217.5	1711.61	2050.235
los	None	dead	0.0	0.0	0.0	0.0	0.0	0.0	0.0	0.0
hgt	None	dead	0.0	0.0	0.0	0.0	0.0	0.0	0.0	0.0
dup	None	dead	0.0	0.0	0.0	0.0	0.0	0.0	0.0	0.0
hgt	1406	GCA.002710215.1.Bacteria.Chloroflexota	1650.16	0.0	825.08	1881.35	1418.97	0.0	0.0	940.675
los	None	dead	0.0	0.0	0.0	0.0	0.0	0.0	0.0	0.0
hgt	None	dead	0.0	0.0	0.0	0.0	0.0	0.0	0.0	0.0
hgt	1228	GCA.003023725.1.Bacteria.Firmicutes.E	2207.365	0.0	1103.6825	2441.9	1972.83	0.0	0.0	1220.95
los	None	dead	0.0	0.0	0.0	0.0	0.0	0.0	0.0	0.0
hgt	None	dead	0.0	0.0	0.0	0.0	0.0	0.0	0.0	0.0
hgt	1338	1337	1618.77	1358.655	1488.7125	1818.56	1418.98	1579.49	1137.82	1478.19
los	None	dead	0.0	0.0	0.0	0.0	0.0	0.0	0.0	0.0
spe	1338	1337	1618.77	1358.655	1488.7125	1818.56	1418.98	1579.49	1137.82	1478.19
hgt	None	dead	0.0	0.0	0.0	0.0	0.0	0.0	0.0	0.0
hgt	1379	1355	1514.47	1273.085	1393.7775	1680.25	1348.69	1444.33	1101.84	1391.045
los	None	dead	0.0	0.0	0.0	0.0	0.0	0.0	0.0	0.0
spe	1379	1355	1514.47	1273.085	1393.7775	1680.25	1348.69	1444.33	1101.84	1391.045
hgt	1128	GCA.002898935.1.Bacteria.CSP1.3	3162.27	0.0	1581.135	3356.79	2967.75	0.0	0.0	1678.395
los	None	dead	0.0	0.0	0.0	0.0	0.0	0.0	0.0	0.0
hgt	None	dead	0.0	0.0	0.0	0.0	0.0	0.0	0.0	0.0
hgt	107	GCA.003019535.1.Archaea.Thermoproteota	1874.74	0.0	937.37	2176.29	1573.19	0.0	0.0	1088.145
los	None	dead	0.0	0.0	0.0	0.0	0.0	0.0	0.0	0.0
spe	1470	1469	2147.93	1964.555	2056.2425	2388.86	1907.0	2217.5	1711.61	2050.235
hgt	None	dead	0.0	0.0	0.0	0.0	0.0	0.0	0.0	0.0
hgt	1446	1440	1960.08	1813.195	1886.6375	2176.15	1744.01	2028.77	1597.62	1886.885
los	None	dead	0.0	0.0	0.0	0.0	0.0	0.0	0.0	0.0
hgt	None	dead	0.0	0.0	0.0	0.0	0.0	0.0	0.0	0.0
spe	1446	1440	1960.08	1813.195	1886.6375	2176.15	1744.01	2028.77	1597.62	1886.885
spe	1440	1439	1813.195	1555.635	1684.415	2028.77	1597.62	1768.59	1342.68	1685.725
los	1439	1438	1555.635	1347.94	1451.7875	1768.59	1342.68	1557.13	1138.75	1453.67
hgt	741	GCA.003220615.1.Bacteria.Methylomirabilota	2099.065	0.0	1049.5325	2384.47	1813.66	0.0	0.0	1192.235
los	None	dead	0.0	0.0	0.0	0.0	0.0	0.0	0.0	0.0
hgt	None	dead	0.0	0.0	0.0	0.0	0.0	0.0	0.0	0.0
dup	None	dead	0.0	0.0	0.0	0.0	0.0	0.0	0.0	0.0
hgt	436	435	1731.205	1539.415	1635.31	1880.65	1581.76	1697.37	1381.46	1631.055
los	None	dead	0.0	0.0	0.0	0.0	0.0	0.0	0.0	0.0
hgt	None	dead	0.0	0.0	0.0	0.0	0.0	0.0	0.0	0.0
dup	None	dead	0.0	0.0	0.0	0.0	0.0	0.0	0.0	0.0
hgt	446	GCA.002717185.1.Bacteria.Proteobacteria	1389.555	0.0	694.7775	1543.03	1236.08	0.0	0.0	771.515
los	None	dead	0.0	0.0	0.0	0.0	0.0	0.0	0.0	0.0
dup	None	dead	0.0	0.0	0.0	0.0	0.0	0.0	0.0	0.0
hgt	468	GCF.900167455.1.Bacteria.Proteobacteria	1270.185	0.0	635.0925	1420.59	1119.78	0.0	0.0	710.295
los	None	dead	0.0	0.0	0.0	0.0	0.0	0.0	0.0	0.0
hgt	506	GCA.002480495.1.Bacteria.Proteobacteria	1020.1165	0.0	510.05825	1171.97	868.263	0.0	0.0	585.985
los	None	dead	0.0	0.0	0.0	0.0	0.0	0.0	0.0	0.0
spe	436	435	1731.205	1539.415	1635.31	1880.65	1581.76	1697.37	1381.46	1631.055
hgt	None	dead	0.0	0.0	0.0	0.0	0.0	0.0	0.0	0.0
hgt	495	GCA.002796975.1.Bacteria.Proteobacteria	1152.21	0.0	576.105	1304.12	1000.3	0.0	0.0	652.06
los	None	dead	0.0	0.0	0.0	0.0	0.0	0.0	0.0	0.0
hgt	None	dead	0.0	0.0	0.0	0.0	0.0	0.0	0.0	0.0
hgt	492	GCF.900172325.1.Bacteria.Proteobacteria	1247.39	0.0	623.695	1403.42	1091.36	0.0	0.0	701.71
los	None	dead	0.0	0.0	0.0	0.0	0.0	0.0	0.0	0.0
spe	435	434	1539.415	1329.5	1434.4575	1697.37	1381.46	1502.98	1156.02	1426.695
hgt	None	dead	0.0	0.0	0.0	0.0	0.0	0.0	0.0	0.0
los	434	GCA.002238885.1.Bacteria.Proteobacteria	1329.5	0.0	664.75	1502.98	1156.02	0.0	0.0	751.49
hgt	498	GCA.002731375.1.Bacteria.Proteobacteria	1143.1505	0.0	571.57525	1299.85	986.451	0.0	0.0	649.925
los	None	dead	0.0	0.0	0.0	0.0	0.0	0.0	0.0	0.0
hgt	400	GCA.002707655.1.Bacteria.SAR324	2394.165	0.0	1197.0825	2660.57	2127.76	0.0	0.0	1330.285
los	None	dead	0.0	0.0	0.0	0.0	0.0	0.0	0.0	0.0
hgt	None	dead	0.0	0.0	0.0	0.0	0.0	0.0	0.0	0.0
dup	None	dead	0.0	0.0	0.0	0.0	0.0	0.0	0.0	0.0
hgt	515	514	2002.575	1851.4	1926.9875	2145.74	1859.41	1991.92	1710.88	1928.31
los	None	dead	0.0	0.0	0.0	0.0	0.0	0.0	0.0	0.0
hgt	None	dead	0.0	0.0	0.0	0.0	0.0	0.0	0.0	0.0
hgt	435	GCA.006969625.1.Bacteria.Proteobacteria	1539.415	0.0	769.7075	1697.37	1381.46	0.0	0.0	848.685
los	None	dead	0.0	0.0	0.0	0.0	0.0	0.0	0.0	0.0
hgt	None	dead	0.0	0.0	0.0	0.0	0.0	0.0	0.0	0.0
spe	515	514	2002.575	1851.4	1926.9875	2145.74	1859.41	1991.92	1710.88	1928.31
spe	514	436	1851.4	1731.205	1791.3025	1991.92	1710.88	1880.65	1581.76	1786.84
hgt	436	GCA.002722885.1.Bacteria.Proteobacteria	1731.205	0.0	865.6025	1880.65	1581.76	0.0	0.0	940.325
hgt	436	GCA.002722885.1.Bacteria.Proteobacteria	1731.205	0.0	865.6025	1880.65	1581.76	0.0	0.0	940.325
los	436	435	1731.205	1539.415	1635.31	1880.65	1581.76	1697.37	1381.46	1631.055
hgt	None	dead	0.0	0.0	0.0	0.0	0.0	0.0	0.0	0.0
hgt	741	GCA.003220615.1.Bacteria.Methylomirabilota	2099.065	0.0	1049.5325	2384.47	1813.66	0.0	0.0	1192.235
los	None	dead	0.0	0.0	0.0	0.0	0.0	0.0	0.0	0.0
hgt	None	dead	0.0	0.0	0.0	0.0	0.0	0.0	0.0	0.0
hgt	486	GCA.002721365.1.Bacteria.Proteobacteria	1393.215	0.0	696.6075	1554.79	1231.64	0.0	0.0	777.395
los	None	dead	0.0	0.0	0.0	0.0	0.0	0.0	0.0	0.0
spe	514	513	1851.4	1786.09	1818.745	1991.92	1710.88	1924.53	1647.65	1819.785
hgt	None	dead	0.0	0.0	0.0	0.0	0.0	0.0	0.0	0.0
hgt	506	GCA.002480495.1.Bacteria.Proteobacteria	1020.1165	0.0	510.05825	1171.97	868.263	0.0	0.0	585.985
los	None	dead	0.0	0.0	0.0	0.0	0.0	0.0	0.0	0.0
spe	513	512	1786.09	1671.055	1728.5725	1924.53	1647.65	1813.33	1528.78	1726.655
spe	512	486	1671.055	1393.215	1532.135	1813.33	1528.78	1554.79	1231.64	1522.485
los	486	GCA.002721365.1.Bacteria.Proteobacteria	1393.215	0.0	696.6075	1554.79	1231.64	0.0	0.0	777.395
spe	512	511	1671.055	1589.625	1630.34	1813.33	1528.78	1731.04	1448.21	1630.77
spe	511	510	1589.625	1517.685	1553.655	1731.04	1448.21	1658.83	1376.54	1553.79
hgt	None	dead	0.0	0.0	0.0	0.0	0.0	0.0	0.0	0.0
hgt	434	GCA.002898275.1.Bacteria.Proteobacteria	1329.5	0.0	664.75	1502.98	1156.02	0.0	0.0	751.49
los	None	dead	0.0	0.0	0.0	0.0	0.0	0.0	0.0	0.0
spe	510	492	1517.685	1247.39	1382.5375	1658.83	1376.54	1403.42	1091.36	1375.095
spe	510	509	1517.685	1417.44	1467.5625	1658.83	1376.54	1560.37	1274.51	1466.67
hgt	None	dead	0.0	0.0	0.0	0.0	0.0	0.0	0.0	0.0
spe	509	508	1417.44	1290.24	1353.84	1560.37	1274.51	1437.86	1142.62	1351.495
los	508	507	1290.24	1064.673	1177.4565	1437.86	1142.62	1214.52	914.826	1176.343
spe	508	498	1290.24	1143.1505	1216.69525	1437.86	1142.62	1299.85	986.451	1212.1555
los	498	GCF.000192575.1.Bacteria.Proteobacteria	1143.1505	0.0	571.57525	1299.85	986.451	0.0	0.0	649.925
hgt	446	GCA.002717185.1.Bacteria.Proteobacteria	1389.555	0.0	694.7775	1543.03	1236.08	0.0	0.0	771.515
los	None	dead	0.0	0.0	0.0	0.0	0.0	0.0	0.0	0.0
hgt	None	dead	0.0	0.0	0.0	0.0	0.0	0.0	0.0	0.0
hgt	469	468	1451.305	1270.185	1360.745	1594.82	1307.79	1420.59	1119.78	1357.3
los	None	dead	0.0	0.0	0.0	0.0	0.0	0.0	0.0	0.0
hgt	None	dead	0.0	0.0	0.0	0.0	0.0	0.0	0.0	0.0
spe	469	468	1451.305	1270.185	1360.745	1594.82	1307.79	1420.59	1119.78	1357.3
spe	468	467	1270.185	1108.71	1189.4475	1420.59	1119.78	1267.07	950.35	1185.47
los	467	GCA.002291925.1.Bacteria.Proteobacteria	1108.71	0.0	554.355	1267.07	950.35	0.0	0.0	633.535
hgt	458	456	1513.53	1329.135	1421.3325	1663.43	1363.63	1490.23	1168.04	1415.735
los	None	dead	0.0	0.0	0.0	0.0	0.0	0.0	0.0	0.0
spe	458	456	1513.53	1329.135	1421.3325	1663.43	1363.63	1490.23	1168.04	1415.735
spe	456	455	1329.135	974.476	1151.8055	1490.23	1168.04	1138.43	810.522	1150.376
spe	455	454	974.476	839.502	906.989	1138.43	810.522	1000.07	678.934	908.682
spe	454	453	839.502	720.6325	780.06725	1000.07	678.934	876.145	565.12	782.595
los	453	GCA.002457765.1.Bacteria.Proteobacteria	720.6325	0.0	360.31625	876.145	565.12	0.0	0.0	438.0725
hgt	None	dead	0.0	0.0	0.0	0.0	0.0	0.0	0.0	0.0
hgt	468	GCF.900167455.1.Bacteria.Proteobacteria	1270.185	0.0	635.0925	1420.59	1119.78	0.0	0.0	710.295
los	None	dead	0.0	0.0	0.0	0.0	0.0	0.0	0.0	0.0
spe	509	495	1417.44	1152.21	1284.825	1560.37	1274.51	1304.12	1000.3	1280.335
hgt	None	dead	0.0	0.0	0.0	0.0	0.0	0.0	0.0	0.0
los	495	GCF.003173035.1.Bacteria.Proteobacteria	1152.21	0.0	576.105	1304.12	1000.3	0.0	0.0	652.06
hgt	467	GCF.003258945.1.Bacteria.Proteobacteria	1108.71	0.0	554.355	1267.07	950.35	0.0	0.0	633.535
los	None	dead	0.0	0.0	0.0	0.0	0.0	0.0	0.0	0.0
hgt	None	dead	0.0	0.0	0.0	0.0	0.0	0.0	0.0	0.0
hgt	447	446	1590.07	1389.555	1489.8125	1734.74	1445.4	1543.03	1236.08	1485.41
los	None	dead	0.0	0.0	0.0	0.0	0.0	0.0	0.0	0.0
spe	447	446	1590.07	1389.555	1489.8125	1734.74	1445.4	1543.03	1236.08	1485.41
spe	446	445	1389.555	1267.47	1328.5125	1543.03	1236.08	1430.96	1103.98	1323.505
hgt	None	dead	0.0	0.0	0.0	0.0	0.0	0.0	0.0	0.0
hgt	741	GCA.003220615.1.Bacteria.Methylomirabilota	2099.065	0.0	1049.5325	2384.47	1813.66	0.0	0.0	1192.235
los	None	dead	0.0	0.0	0.0	0.0	0.0	0.0	0.0	0.0
spe	445	444	1267.47	1089.937	1178.7035	1430.96	1103.98	1263.85	916.024	1173.492
hgt	None	dead	0.0	0.0	0.0	0.0	0.0	0.0	0.0	0.0
hgt	446	GCA.002717185.1.Bacteria.Proteobacteria	1389.555	0.0	694.7775	1543.03	1236.08	0.0	0.0	771.515
los	None	dead	0.0	0.0	0.0	0.0	0.0	0.0	0.0	0.0
hgt	None	dead	0.0	0.0	0.0	0.0	0.0	0.0	0.0	0.0
los	444	GCA.002686135.1.Bacteria.Proteobacteria	1089.937	0.0	544.9685	1263.85	916.024	0.0	0.0	631.925
dup	None	dead	0.0	0.0	0.0	0.0	0.0	0.0	0.0	0.0
hgt	446	GCA.002717185.1.Bacteria.Proteobacteria	1389.555	0.0	694.7775	1543.03	1236.08	0.0	0.0	771.515
los	None	dead	0.0	0.0	0.0	0.0	0.0	0.0	0.0	0.0
dup	None	dead	0.0	0.0	0.0	0.0	0.0	0.0	0.0	0.0
dup	None	dead	0.0	0.0	0.0	0.0	0.0	0.0	0.0	0.0
hgt	741	GCA.003220615.1.Bacteria.Methylomirabilota	2099.065	0.0	1049.5325	2384.47	1813.66	0.0	0.0	1192.235
los	None	dead	0.0	0.0	0.0	0.0	0.0	0.0	0.0	0.0
hgt	741	GCA.003220615.1.Bacteria.Methylomirabilota	2099.065	0.0	1049.5325	2384.47	1813.66	0.0	0.0	1192.235
los	None	dead	0.0	0.0	0.0	0.0	0.0	0.0	0.0	0.0
dup	None	dead	0.0	0.0	0.0	0.0	0.0	0.0	0.0	0.0
hgt	498	GCA.002731375.1.Bacteria.Proteobacteria	1143.1505	0.0	571.57525	1299.85	986.451	0.0	0.0	649.925
los	None	dead	0.0	0.0	0.0	0.0	0.0	0.0	0.0	0.0
hgt	446	GCA.002717185.1.Bacteria.Proteobacteria	1389.555	0.0	694.7775	1543.03	1236.08	0.0	0.0	771.515
los	None	dead	0.0	0.0	0.0	0.0	0.0	0.0	0.0	0.0
hgt	None	dead	0.0	0.0	0.0	0.0	0.0	0.0	0.0	0.0
hgt	489	GCA.002348365.1.Bacteria.Proteobacteria	1225.83	0.0	612.915	1388.27	1063.39	0.0	0.0	694.135
los	None	dead	0.0	0.0	0.0	0.0	0.0	0.0	0.0	0.0
hgt	None	dead	0.0	0.0	0.0	0.0	0.0	0.0	0.0	0.0
dup	None	dead	0.0	0.0	0.0	0.0	0.0	0.0	0.0	0.0
hgt	469	468	1451.305	1270.185	1360.745	1594.82	1307.79	1420.59	1119.78	1357.3
los	None	dead	0.0	0.0	0.0	0.0	0.0	0.0	0.0	0.0
hgt	None	dead	0.0	0.0	0.0	0.0	0.0	0.0	0.0	0.0
hgt	498	GCA.002731375.1.Bacteria.Proteobacteria	1143.1505	0.0	571.57525	1299.85	986.451	0.0	0.0	649.925
los	None	dead	0.0	0.0	0.0	0.0	0.0	0.0	0.0	0.0
spe	469	468	1451.305	1270.185	1360.745	1594.82	1307.79	1420.59	1119.78	1357.3
spe	468	467	1270.185	1108.71	1189.4475	1420.59	1119.78	1267.07	950.35	1185.47
los	467	GCA.002291925.1.Bacteria.Proteobacteria	1108.71	0.0	554.355	1267.07	950.35	0.0	0.0	633.535
dup	None	dead	0.0	0.0	0.0	0.0	0.0	0.0	0.0	0.0
hgt	468	GCF.900167455.1.Bacteria.Proteobacteria	1270.185	0.0	635.0925	1420.59	1119.78	0.0	0.0	710.295
los	None	dead	0.0	0.0	0.0	0.0	0.0	0.0	0.0	0.0
hgt	435	GCA.006969625.1.Bacteria.Proteobacteria	1539.415	0.0	769.7075	1697.37	1381.46	0.0	0.0	848.685
los	None	dead	0.0	0.0	0.0	0.0	0.0	0.0	0.0	0.0
hgt	None	dead	0.0	0.0	0.0	0.0	0.0	0.0	0.0	0.0
hgt	458	456	1513.53	1329.135	1421.3325	1663.43	1363.63	1490.23	1168.04	1415.735
los	None	dead	0.0	0.0	0.0	0.0	0.0	0.0	0.0	0.0
spe	458	456	1513.53	1329.135	1421.3325	1663.43	1363.63	1490.23	1168.04	1415.735
spe	456	455	1329.135	974.476	1151.8055	1490.23	1168.04	1138.43	810.522	1150.376
los	455	454	974.476	839.502	906.989	1138.43	810.522	1000.07	678.934	908.682
hgt	None	dead	0.0	0.0	0.0	0.0	0.0	0.0	0.0	0.0
hgt	None	dead	0.0	0.0	0.0	0.0	0.0	0.0	0.0	0.0
dup	None	dead	0.0	0.0	0.0	0.0	0.0	0.0	0.0	0.0
hgt	489	GCA.002348365.1.Bacteria.Proteobacteria	1225.83	0.0	612.915	1388.27	1063.39	0.0	0.0	694.135
los	None	dead	0.0	0.0	0.0	0.0	0.0	0.0	0.0	0.0
hgt	469	468	1451.305	1270.185	1360.745	1594.82	1307.79	1420.59	1119.78	1357.3
los	None	dead	0.0	0.0	0.0	0.0	0.0	0.0	0.0	0.0
hgt	None	dead	0.0	0.0	0.0	0.0	0.0	0.0	0.0	0.0
hgt	489	GCA.002348365.1.Bacteria.Proteobacteria	1225.83	0.0	612.915	1388.27	1063.39	0.0	0.0	694.135
los	None	dead	0.0	0.0	0.0	0.0	0.0	0.0	0.0	0.0
spe	469	468	1451.305	1270.185	1360.745	1594.82	1307.79	1420.59	1119.78	1357.3
spe	468	467	1270.185	1108.71	1189.4475	1420.59	1119.78	1267.07	950.35	1185.47
los	467	GCA.002291925.1.Bacteria.Proteobacteria	1108.71	0.0	554.355	1267.07	950.35	0.0	0.0	633.535
spe	511	489	1589.625	1225.83	1407.7275	1731.04	1448.21	1388.27	1063.39	1397.215
hgt	None	dead	0.0	0.0	0.0	0.0	0.0	0.0	0.0	0.0
los	489	GCA.002701885.1.Bacteria.Proteobacteria	1225.83	0.0	612.915	1388.27	1063.39	0.0	0.0	694.135
hgt	489	GCA.002348365.1.Bacteria.Proteobacteria	1225.83	0.0	612.915	1388.27	1063.39	0.0	0.0	694.135
los	None	dead	0.0	0.0	0.0	0.0	0.0	0.0	0.0	0.0
dup	None	dead	0.0	0.0	0.0	0.0	0.0	0.0	0.0	0.0
dup	None	dead	0.0	0.0	0.0	0.0	0.0	0.0	0.0	0.0
hgt	467	GCF.003258945.1.Bacteria.Proteobacteria	1108.71	0.0	554.355	1267.07	950.35	0.0	0.0	633.535
los	None	dead	0.0	0.0	0.0	0.0	0.0	0.0	0.0	0.0
dup	None	dead	0.0	0.0	0.0	0.0	0.0	0.0	0.0	0.0
hgt	455	GCF.900102465.1.Bacteria.Proteobacteria	974.476	0.0	487.238	1138.43	810.522	0.0	0.0	569.215
los	None	dead	0.0	0.0	0.0	0.0	0.0	0.0	0.0	0.0
hgt	498	GCA.002731375.1.Bacteria.Proteobacteria	1143.1505	0.0	571.57525	1299.85	986.451	0.0	0.0	649.925
los	None	dead	0.0	0.0	0.0	0.0	0.0	0.0	0.0	0.0
hgt	489	GCA.002348365.1.Bacteria.Proteobacteria	1225.83	0.0	612.915	1388.27	1063.39	0.0	0.0	694.135
los	None	dead	0.0	0.0	0.0	0.0	0.0	0.0	0.0	0.0
hgt	None	dead	0.0	0.0	0.0	0.0	0.0	0.0	0.0	0.0
hgt	492	GCF.002798435.1.Bacteria.Proteobacteria	1247.39	0.0	623.695	1403.42	1091.36	0.0	0.0	701.71
los	None	dead	0.0	0.0	0.0	0.0	0.0	0.0	0.0	0.0
spe	513	483	1786.09	1736.705	1761.3975	1924.53	1647.65	1875.69	1597.72	1761.125
hgt	None	dead	0.0	0.0	0.0	0.0	0.0	0.0	0.0	0.0
hgt	486	GCA.002721365.1.Bacteria.Proteobacteria	1393.215	0.0	696.6075	1554.79	1231.64	0.0	0.0	777.395
los	None	dead	0.0	0.0	0.0	0.0	0.0	0.0	0.0	0.0
hgt	None	dead	0.0	0.0	0.0	0.0	0.0	0.0	0.0	0.0
hgt	514	436	1851.4	1731.205	1791.3025	1991.92	1710.88	1880.65	1581.76	1786.84
los	None	dead	0.0	0.0	0.0	0.0	0.0	0.0	0.0	0.0
spe	514	436	1851.4	1731.205	1791.3025	1991.92	1710.88	1880.65	1581.76	1786.84
spe	436	435	1731.205	1539.415	1635.31	1880.65	1581.76	1697.37	1381.46	1631.055
spe	435	434	1539.415	1329.5	1434.4575	1697.37	1381.46	1502.98	1156.02	1426.695
los	434	GCA.002238885.1.Bacteria.Proteobacteria	1329.5	0.0	664.75	1502.98	1156.02	0.0	0.0	751.49
hgt	None	dead	0.0	0.0	0.0	0.0	0.0	0.0	0.0	0.0
hgt	463	GCF.002251795.1.Bacteria.Proteobacteria	1313.945	0.0	656.9725	1461.65	1166.24	0.0	0.0	730.825
los	None	dead	0.0	0.0	0.0	0.0	0.0	0.0	0.0	0.0
spe	483	482	1736.705	1642.38	1689.5425	1875.69	1597.72	1782.01	1502.75	1689.22
hgt	None	dead	0.0	0.0	0.0	0.0	0.0	0.0	0.0	0.0
hgt	506	GCA.001464215.1.Bacteria.Proteobacteria	1020.1165	0.0	510.05825	1171.97	868.263	0.0	0.0	585.985
los	None	dead	0.0	0.0	0.0	0.0	0.0	0.0	0.0	0.0
spe	482	458	1642.38	1513.53	1577.955	1782.01	1502.75	1663.43	1363.63	1572.82
los	458	GCA.002340345.1.Bacteria.Proteobacteria	1513.53	0.0	756.765	1663.43	1363.63	0.0	0.0	831.715
spe	458	456	1513.53	1329.135	1421.3325	1663.43	1363.63	1490.23	1168.04	1415.735
spe	456	455	1329.135	974.476	1151.8055	1490.23	1168.04	1138.43	810.522	1150.376
hgt	None	dead	0.0	0.0	0.0	0.0	0.0	0.0	0.0	0.0
los	455	454	974.476	839.502	906.989	1138.43	810.522	1000.07	678.934	908.682
dup	None	dead	0.0	0.0	0.0	0.0	0.0	0.0	0.0	0.0
hgt	468	GCF.900167455.1.Bacteria.Proteobacteria	1270.185	0.0	635.0925	1420.59	1119.78	0.0	0.0	710.295
los	None	dead	0.0	0.0	0.0	0.0	0.0	0.0	0.0	0.0
dup	None	dead	0.0	0.0	0.0	0.0	0.0	0.0	0.0	0.0
hgt	492	GCF.002798435.1.Bacteria.Proteobacteria	1247.39	0.0	623.695	1403.42	1091.36	0.0	0.0	701.71
los	None	dead	0.0	0.0	0.0	0.0	0.0	0.0	0.0	0.0
hgt	455	GCF.900102465.1.Bacteria.Proteobacteria	974.476	0.0	487.238	1138.43	810.522	0.0	0.0	569.215
los	None	dead	0.0	0.0	0.0	0.0	0.0	0.0	0.0	0.0
hgt	None	dead	0.0	0.0	0.0	0.0	0.0	0.0	0.0	0.0
los	482	481	1642.38	1564.755	1603.5675	1782.01	1502.75	1703.88	1425.63	1603.82
dup	None	dead	0.0	0.0	0.0	0.0	0.0	0.0	0.0	0.0
hgt	944	GCA.002712165.1.Bacteria.Proteobacteria	1432.315	0.0	716.1575	1664.44	1200.19	0.0	0.0	832.22
los	None	dead	0.0	0.0	0.0	0.0	0.0	0.0	0.0	0.0
hgt	463	462	1313.945	1065.146	1189.5455	1461.65	1166.24	1220.68	909.612	1185.631
los	None	dead	0.0	0.0	0.0	0.0	0.0	0.0	0.0	0.0
spe	463	462	1313.945	1065.146	1189.5455	1461.65	1166.24	1220.68	909.612	1185.631
hgt	None	dead	0.0	0.0	0.0	0.0	0.0	0.0	0.0	0.0
dup	None	dead	0.0	0.0	0.0	0.0	0.0	0.0	0.0	0.0
hgt	489	GCA.002348365.1.Bacteria.Proteobacteria	1225.83	0.0	612.915	1388.27	1063.39	0.0	0.0	694.135
los	None	dead	0.0	0.0	0.0	0.0	0.0	0.0	0.0	0.0
hgt	489	GCA.002348365.1.Bacteria.Proteobacteria	1225.83	0.0	612.915	1388.27	1063.39	0.0	0.0	694.135
los	None	dead	0.0	0.0	0.0	0.0	0.0	0.0	0.0	0.0
hgt	None	dead	0.0	0.0	0.0	0.0	0.0	0.0	0.0	0.0
hgt	486	GCA.002721365.1.Bacteria.Proteobacteria	1393.215	0.0	696.6075	1554.79	1231.64	0.0	0.0	777.395
los	None	dead	0.0	0.0	0.0	0.0	0.0	0.0	0.0	0.0
hgt	None	dead	0.0	0.0	0.0	0.0	0.0	0.0	0.0	0.0
hgt	741	GCA.003220615.1.Bacteria.Methylomirabilota	2099.065	0.0	1049.5325	2384.47	1813.66	0.0	0.0	1192.235
los	None	dead	0.0	0.0	0.0	0.0	0.0	0.0	0.0	0.0
hgt	None	dead	0.0	0.0	0.0	0.0	0.0	0.0	0.0	0.0
hgt	None	dead	0.0	0.0	0.0	0.0	0.0	0.0	0.0	0.0
hgt	439	GCA.002723345.1.Bacteria.Proteobacteria	1430.985	0.0	715.4925	1588.14	1273.83	0.0	0.0	794.07
los	None	dead	0.0	0.0	0.0	0.0	0.0	0.0	0.0	0.0
hgt	None	dead	0.0	0.0	0.0	0.0	0.0	0.0	0.0	0.0
dup	None	dead	0.0	0.0	0.0	0.0	0.0	0.0	0.0	0.0
hgt	444	GCA.002348425.1.Bacteria.Proteobacteria	1089.937	0.0	544.9685	1263.85	916.024	0.0	0.0	631.925
los	None	dead	0.0	0.0	0.0	0.0	0.0	0.0	0.0	0.0
hgt	483	447	1736.705	1590.07	1663.3875	1875.69	1597.72	1734.74	1445.4	1660.545
los	None	dead	0.0	0.0	0.0	0.0	0.0	0.0	0.0	0.0
hgt	None	dead	0.0	0.0	0.0	0.0	0.0	0.0	0.0	0.0
hgt	444	GCA.002348425.1.Bacteria.Proteobacteria	1089.937	0.0	544.9685	1263.85	916.024	0.0	0.0	631.925
los	None	dead	0.0	0.0	0.0	0.0	0.0	0.0	0.0	0.0
spe	483	447	1736.705	1590.07	1663.3875	1875.69	1597.72	1734.74	1445.4	1660.545
spe	447	439	1590.07	1430.985	1510.5275	1734.74	1445.4	1588.14	1273.83	1504.285
los	439	GCF.001613805.1.Bacteria.Proteobacteria	1430.985	0.0	715.4925	1588.14	1273.83	0.0	0.0	794.07
spe	447	446	1590.07	1389.555	1489.8125	1734.74	1445.4	1543.03	1236.08	1485.41
spe	446	445	1389.555	1267.47	1328.5125	1543.03	1236.08	1430.96	1103.98	1323.505
los	445	GCA.002717225.1.Bacteria.Proteobacteria	1267.47	0.0	633.735	1430.96	1103.98	0.0	0.0	715.48
spe	445	444	1267.47	1089.937	1178.7035	1430.96	1103.98	1263.85	916.024	1173.492
los	444	GCA.002686135.1.Bacteria.Proteobacteria	1089.937	0.0	544.9685	1263.85	916.024	0.0	0.0	631.925
spe	483	447	1736.705	1590.07	1663.3875	1875.69	1597.72	1734.74	1445.4	1660.545
spe	447	446	1590.07	1389.555	1489.8125	1734.74	1445.4	1543.03	1236.08	1485.41
spe	446	445	1389.555	1267.47	1328.5125	1543.03	1236.08	1430.96	1103.98	1323.505
spe	445	444	1267.47	1089.937	1178.7035	1430.96	1103.98	1263.85	916.024	1173.492
hgt	None	dead	0.0	0.0	0.0	0.0	0.0	0.0	0.0	0.0
los	444	GCA.002686135.1.Bacteria.Proteobacteria	1089.937	0.0	544.9685	1263.85	916.024	0.0	0.0	631.925
hgt	489	GCA.002348365.1.Bacteria.Proteobacteria	1225.83	0.0	612.915	1388.27	1063.39	0.0	0.0	694.135
los	None	dead	0.0	0.0	0.0	0.0	0.0	0.0	0.0	0.0
spe	447	439	1590.07	1430.985	1510.5275	1734.74	1445.4	1588.14	1273.83	1504.285
hgt	None	dead	0.0	0.0	0.0	0.0	0.0	0.0	0.0	0.0
los	439	GCF.001613805.1.Bacteria.Proteobacteria	1430.985	0.0	715.4925	1588.14	1273.83	0.0	0.0	794.07
dup	None	dead	0.0	0.0	0.0	0.0	0.0	0.0	0.0	0.0
dup	None	dead	0.0	0.0	0.0	0.0	0.0	0.0	0.0	0.0
hgt	439	GCA.002723345.1.Bacteria.Proteobacteria	1430.985	0.0	715.4925	1588.14	1273.83	0.0	0.0	794.07
los	None	dead	0.0	0.0	0.0	0.0	0.0	0.0	0.0	0.0
hgt	444	GCA.002348425.1.Bacteria.Proteobacteria	1089.937	0.0	544.9685	1263.85	916.024	0.0	0.0	631.925
los	None	dead	0.0	0.0	0.0	0.0	0.0	0.0	0.0	0.0
hgt	439	GCA.002723345.1.Bacteria.Proteobacteria	1430.985	0.0	715.4925	1588.14	1273.83	0.0	0.0	794.07
los	None	dead	0.0	0.0	0.0	0.0	0.0	0.0	0.0	0.0
hgt	None	dead	0.0	0.0	0.0	0.0	0.0	0.0	0.0	0.0
dup	None	dead	0.0	0.0	0.0	0.0	0.0	0.0	0.0	0.0
hgt	468	GCF.900167455.1.Bacteria.Proteobacteria	1270.185	0.0	635.0925	1420.59	1119.78	0.0	0.0	710.295
los	None	dead	0.0	0.0	0.0	0.0	0.0	0.0	0.0	0.0
dup	None	dead	0.0	0.0	0.0	0.0	0.0	0.0	0.0	0.0
hgt	741	GCA.003220615.1.Bacteria.Methylomirabilota	2099.065	0.0	1049.5325	2384.47	1813.66	0.0	0.0	1192.235
los	None	dead	0.0	0.0	0.0	0.0	0.0	0.0	0.0	0.0
hgt	439	GCA.002723345.1.Bacteria.Proteobacteria	1430.985	0.0	715.4925	1588.14	1273.83	0.0	0.0	794.07
los	None	dead	0.0	0.0	0.0	0.0	0.0	0.0	0.0	0.0
dup	None	dead	0.0	0.0	0.0	0.0	0.0	0.0	0.0	0.0
dup	None	dead	0.0	0.0	0.0	0.0	0.0	0.0	0.0	0.0
hgt	444	GCA.002348425.1.Bacteria.Proteobacteria	1089.937	0.0	544.9685	1263.85	916.024	0.0	0.0	631.925
los	None	dead	0.0	0.0	0.0	0.0	0.0	0.0	0.0	0.0
hgt	489	GCA.002348365.1.Bacteria.Proteobacteria	1225.83	0.0	612.915	1388.27	1063.39	0.0	0.0	694.135
los	None	dead	0.0	0.0	0.0	0.0	0.0	0.0	0.0	0.0
dup	None	dead	0.0	0.0	0.0	0.0	0.0	0.0	0.0	0.0
hgt	439	GCA.002723345.1.Bacteria.Proteobacteria	1430.985	0.0	715.4925	1588.14	1273.83	0.0	0.0	794.07
los	None	dead	0.0	0.0	0.0	0.0	0.0	0.0	0.0	0.0
hgt	444	GCA.002348425.1.Bacteria.Proteobacteria	1089.937	0.0	544.9685	1263.85	916.024	0.0	0.0	631.925
los	None	dead	0.0	0.0	0.0	0.0	0.0	0.0	0.0	0.0
dup	None	dead	0.0	0.0	0.0	0.0	0.0	0.0	0.0	0.0
hgt	446	GCA.002717185.1.Bacteria.Proteobacteria	1389.555	0.0	694.7775	1543.03	1236.08	0.0	0.0	771.515
los	None	dead	0.0	0.0	0.0	0.0	0.0	0.0	0.0	0.0
hgt	512	486	1671.055	1393.215	1532.135	1813.33	1528.78	1554.79	1231.64	1522.485
los	None	dead	0.0	0.0	0.0	0.0	0.0	0.0	0.0	0.0
spe	512	486	1671.055	1393.215	1532.135	1813.33	1528.78	1554.79	1231.64	1522.485
hgt	None	dead	0.0	0.0	0.0	0.0	0.0	0.0	0.0	0.0
hgt	468	GCF.900167455.1.Bacteria.Proteobacteria	1270.185	0.0	635.0925	1420.59	1119.78	0.0	0.0	710.295
los	None	dead	0.0	0.0	0.0	0.0	0.0	0.0	0.0	0.0
dup	None	dead	0.0	0.0	0.0	0.0	0.0	0.0	0.0	0.0
hgt	462	GCF.000315795.1.Bacteria.Proteobacteria	1065.146	0.0	532.573	1220.68	909.612	0.0	0.0	610.34
los	None	dead	0.0	0.0	0.0	0.0	0.0	0.0	0.0	0.0
hgt	486	GCF.000264455.2.Bacteria.Proteobacteria	1393.215	0.0	696.6075	1554.79	1231.64	0.0	0.0	777.395
los	None	dead	0.0	0.0	0.0	0.0	0.0	0.0	0.0	0.0
hgt	None	dead	0.0	0.0	0.0	0.0	0.0	0.0	0.0	0.0
dup	None	dead	0.0	0.0	0.0	0.0	0.0	0.0	0.0	0.0
dup	None	dead	0.0	0.0	0.0	0.0	0.0	0.0	0.0	0.0
hgt	434	GCA.002238885.1.Bacteria.Proteobacteria	1329.5	0.0	664.75	1502.98	1156.02	0.0	0.0	751.49
los	None	dead	0.0	0.0	0.0	0.0	0.0	0.0	0.0	0.0
dup	None	dead	0.0	0.0	0.0	0.0	0.0	0.0	0.0	0.0
hgt	467	GCF.003258945.1.Bacteria.Proteobacteria	1108.71	0.0	554.355	1267.07	950.35	0.0	0.0	633.535
los	None	dead	0.0	0.0	0.0	0.0	0.0	0.0	0.0	0.0
hgt	492	GCF.002798435.1.Bacteria.Proteobacteria	1247.39	0.0	623.695	1403.42	1091.36	0.0	0.0	701.71
los	None	dead	0.0	0.0	0.0	0.0	0.0	0.0	0.0	0.0
hgt	458	456	1513.53	1329.135	1421.3325	1663.43	1363.63	1490.23	1168.04	1415.735
los	None	dead	0.0	0.0	0.0	0.0	0.0	0.0	0.0	0.0
hgt	None	dead	0.0	0.0	0.0	0.0	0.0	0.0	0.0	0.0
dup	None	dead	0.0	0.0	0.0	0.0	0.0	0.0	0.0	0.0
hgt	574	GCF.000374645.1.Bacteria.Proteobacteria	1374.275	0.0	687.1375	1546.58	1201.97	0.0	0.0	773.29
los	None	dead	0.0	0.0	0.0	0.0	0.0	0.0	0.0	0.0
hgt	552	GCF.001614315.2.Bacteria.Proteobacteria	1397.305	0.0	698.6525	1566.02	1228.59	0.0	0.0	783.01
los	None	dead	0.0	0.0	0.0	0.0	0.0	0.0	0.0	0.0
spe	458	456	1513.53	1329.135	1421.3325	1663.43	1363.63	1490.23	1168.04	1415.735
spe	456	455	1329.135	974.476	1151.8055	1490.23	1168.04	1138.43	810.522	1150.376
los	455	454	974.476	839.502	906.989	1138.43	810.522	1000.07	678.934	908.682
spe	1469	1467	1964.555	1808.245	1886.4	2217.5	1711.61	2082.93	1533.56	1875.53
hgt	None	dead	0.0	0.0	0.0	0.0	0.0	0.0	0.0	0.0
los	1467	GCA.002440805.1.Bacteria.Chloroflexota	1808.245	0.0	904.1225	2082.93	1533.56	0.0	0.0	1041.465
hgt	1470	GCF.000025005.1.Bacteria.Chloroflexota	2147.93	0.0	1073.965	2388.86	1907.0	0.0	0.0	1194.43
los	None	dead	0.0	0.0	0.0	0.0	0.0	0.0	0.0	0.0
hgt	None	dead	0.0	0.0	0.0	0.0	0.0	0.0	0.0	0.0
hgt	None	dead	0.0	0.0	0.0	0.0	0.0	0.0	0.0	0.0
hgt	None	dead	0.0	0.0	0.0	0.0	0.0	0.0	0.0	0.0
hgt	None	dead	0.0	0.0	0.0	0.0	0.0	0.0	0.0	0.0
hgt	684	GCA.002483445.1.Bacteria.Acidobacteriota	1325.86	0.0	662.93	1548.2	1103.52	0.0	0.0	774.1
los	None	dead	0.0	0.0	0.0	0.0	0.0	0.0	0.0	0.0
hgt	None	dead	0.0	0.0	0.0	0.0	0.0	0.0	0.0	0.0
hgt	347	GCA.002683135.1.Bacteria.Planctomycetota	2010.41	0.0	1005.205	2237.44	1783.38	0.0	0.0	1118.72
los	None	dead	0.0	0.0	0.0	0.0	0.0	0.0	0.0	0.0
dup	None	dead	0.0	0.0	0.0	0.0	0.0	0.0	0.0	0.0
hgt	1116	GCA.002898575.1.Bacteria.Armatimonadota	2382.81	0.0	1191.405	2709.7	2055.92	0.0	0.0	1354.85
los	None	dead	0.0	0.0	0.0	0.0	0.0	0.0	0.0	0.0
hgt	692	GCA.003152325.1.Bacteria.Acidobacteriota	1141.9465	0.0	570.97325	1341.08	942.813	0.0	0.0	670.54
los	None	dead	0.0	0.0	0.0	0.0	0.0	0.0	0.0	0.0
dup	None	dead	0.0	0.0	0.0	0.0	0.0	0.0	0.0	0.0
hgt	697	GCA.003222815.1.Bacteria.Acidobacteriota	1651.7	0.0	825.85	1852.38	1451.02	0.0	0.0	926.19
los	None	dead	0.0	0.0	0.0	0.0	0.0	0.0	0.0	0.0
dup	None	dead	0.0	0.0	0.0	0.0	0.0	0.0	0.0	0.0
hgt	681	GCA.002712885.1.Bacteria.Acidobacteriota	1934.475	0.0	967.2375	2141.55	1727.4	0.0	0.0	1070.775
los	None	dead	0.0	0.0	0.0	0.0	0.0	0.0	0.0	0.0
hgt	1457	GCF.003967555.1.Bacteria.Chloroflexota	1966.385	0.0	983.1925	2253.77	1679.0	0.0	0.0	1126.885
los	None	dead	0.0	0.0	0.0	0.0	0.0	0.0	0.0	0.0
hgt	1226	GCA.003242195.1.Bacteria.Firmicutes.E	1819.185	0.0	909.5925	2087.96	1550.41	0.0	0.0	1043.98
los	None	dead	0.0	0.0	0.0	0.0	0.0	0.0	0.0	0.0
hgt	None	dead	0.0	0.0	0.0	0.0	0.0	0.0	0.0	0.0
hgt	1160	1158	1016.58	905.248	960.914	1228.58	804.58	1113.91	696.586	962.583
los	None	dead	0.0	0.0	0.0	0.0	0.0	0.0	0.0	0.0
spe	1160	1158	1016.58	905.248	960.914	1228.58	804.58	1113.91	696.586	962.583
hgt	None	dead	0.0	0.0	0.0	0.0	0.0	0.0	0.0	0.0
dup	None	dead	0.0	0.0	0.0	0.0	0.0	0.0	0.0	0.0
hgt	1180	GCF.001029505.1.Bacteria.Actinobacteriota	2187.185	0.0	1093.5925	2433.9	1940.47	0.0	0.0	1216.95
los	None	dead	0.0	0.0	0.0	0.0	0.0	0.0	0.0	0.0
hgt	1180	GCF.001029505.1.Bacteria.Actinobacteriota	2187.185	0.0	1093.5925	2433.9	1940.47	0.0	0.0	1216.95
los	None	dead	0.0	0.0	0.0	0.0	0.0	0.0	0.0	0.0
hgt	None	dead	0.0	0.0	0.0	0.0	0.0	0.0	0.0	0.0
dup	None	dead	0.0	0.0	0.0	0.0	0.0	0.0	0.0	0.0
hgt	1166	GCF.004348535.1.Bacteria.Actinobacteriota	1472.335	0.0	736.1675	1697.69	1246.98	0.0	0.0	848.845
los	None	dead	0.0	0.0	0.0	0.0	0.0	0.0	0.0	0.0
hgt	1148	GCF.000969705.1.Bacteria.Actinobacteriota	1851.865	0.0	925.9325	2104.07	1599.66	0.0	0.0	1052.035
los	None	dead	0.0	0.0	0.0	0.0	0.0	0.0	0.0	0.0
hgt	None	dead	0.0	0.0	0.0	0.0	0.0	0.0	0.0	0.0
hgt	1163	GCF.000384115.1.Bacteria.Actinobacteriota	995.9815	0.0	497.99075	1205.77	786.193	0.0	0.0	602.885
los	None	dead	0.0	0.0	0.0	0.0	0.0	0.0	0.0	0.0
hgt	None	dead	0.0	0.0	0.0	0.0	0.0	0.0	0.0	0.0
hgt	1155	1154	1195.766	907.0585	1051.41225	1415.51	976.022	1120.3	693.817	1054.6635
los	None	dead	0.0	0.0	0.0	0.0	0.0	0.0	0.0	0.0
spe	1155	1154	1195.766	907.0585	1051.41225	1415.51	976.022	1120.3	693.817	1054.6635
hgt	1396	GCA.003151665.1.Bacteria.Dormibacterota	2089.7	0.0	1044.85	2454.33	1725.07	0.0	0.0	1227.165
los	None	dead	0.0	0.0	0.0	0.0	0.0	0.0	0.0	0.0
hgt	None	dead	0.0	0.0	0.0	0.0	0.0	0.0	0.0	0.0
dup	None	dead	0.0	0.0	0.0	0.0	0.0	0.0	0.0	0.0
hgt	1469	GCA.001898225.1.Bacteria.Chloroflexota	1964.555	0.0	982.2775	2217.5	1711.61	0.0	0.0	1108.75
los	None	dead	0.0	0.0	0.0	0.0	0.0	0.0	0.0	0.0
dup	None	dead	0.0	0.0	0.0	0.0	0.0	0.0	0.0	0.0
hgt	107	GCA.003019535.1.Archaea.Thermoproteota	1874.74	0.0	937.37	2176.29	1573.19	0.0	0.0	1088.145
los	None	dead	0.0	0.0	0.0	0.0	0.0	0.0	0.0	0.0
hgt	101	GCF.000011205.1.Archaea.Thermoproteota	1883.85	0.0	941.925	2144.44	1623.26	0.0	0.0	1072.22
los	None	dead	0.0	0.0	0.0	0.0	0.0	0.0	0.0	0.0
hgt	1470	1469	2147.93	1964.555	2056.2425	2388.86	1907.0	2217.5	1711.61	2050.235
los	None	dead	0.0	0.0	0.0	0.0	0.0	0.0	0.0	0.0
spe	1470	1469	2147.93	1964.555	2056.2425	2388.86	1907.0	2217.5	1711.61	2050.235
hgt	None	dead	0.0	0.0	0.0	0.0	0.0	0.0	0.0	0.0
hgt	1145	1143	2028.235	1828.16	1928.1975	2257.09	1799.38	2065.05	1591.27	1924.18
los	None	dead	0.0	0.0	0.0	0.0	0.0	0.0	0.0	0.0
hgt	None	dead	0.0	0.0	0.0	0.0	0.0	0.0	0.0	0.0
hgt	680	GCA.002238705.1.Bacteria.Acidobacteriota	1748.645	0.0	874.3225	1979.3	1517.99	0.0	0.0	989.65
los	None	dead	0.0	0.0	0.0	0.0	0.0	0.0	0.0	0.0
spe	1145	1143	2028.235	1828.16	1928.1975	2257.09	1799.38	2065.05	1591.27	1924.18
hgt	None	dead	0.0	0.0	0.0	0.0	0.0	0.0	0.0	0.0
dup	None	dead	0.0	0.0	0.0	0.0	0.0	0.0	0.0	0.0
hgt	444	GCA.002686135.1.Bacteria.Proteobacteria	1089.937	0.0	544.9685	1263.85	916.024	0.0	0.0	631.925
los	None	dead	0.0	0.0	0.0	0.0	0.0	0.0	0.0	0.0
hgt	1140	GCA.002722565.1.Bacteria.Actinobacteriota	1211.153	0.0	605.5765	1451.23	971.076	0.0	0.0	725.615
los	None	dead	0.0	0.0	0.0	0.0	0.0	0.0	0.0	0.0
hgt	None	dead	0.0	0.0	0.0	0.0	0.0	0.0	0.0	0.0
hgt	1396	GCA.003151665.1.Bacteria.Dormibacterota	2089.7	0.0	1044.85	2454.33	1725.07	0.0	0.0	1227.165
los	None	dead	0.0	0.0	0.0	0.0	0.0	0.0	0.0	0.0
spe	1143	1141	1828.16	1437.0	1632.58	2065.05	1591.27	1670.58	1203.42	1634.235
spe	1141	1140	1437.0	1211.153	1324.0765	1670.58	1203.42	1451.23	971.076	1320.828
los	1140	GCA.003162395.1.Bacteria.Actinobacteriota	1211.153	0.0	605.5765	1451.23	971.076	0.0	0.0	725.615
hgt	None	dead	0.0	0.0	0.0	0.0	0.0	0.0	0.0	0.0
hgt	741	GCA.003220615.1.Bacteria.Methylomirabilota	2099.065	0.0	1049.5325	2384.47	1813.66	0.0	0.0	1192.235
los	None	dead	0.0	0.0	0.0	0.0	0.0	0.0	0.0	0.0
spe	1469	1467	1964.555	1808.245	1886.4	2217.5	1711.61	2082.93	1533.56	1875.53
hgt	None	dead	0.0	0.0	0.0	0.0	0.0	0.0	0.0	0.0
los	1467	GCA.002292925.1.Bacteria.Chloroflexota	1808.245	0.0	904.1225	2082.93	1533.56	0.0	0.0	1041.465
hgt	1470	GCF.000025005.1.Bacteria.Chloroflexota	2147.93	0.0	1073.965	2388.86	1907.0	0.0	0.0	1194.43
los	None	dead	0.0	0.0	0.0	0.0	0.0	0.0	0.0	0.0
hgt	None	dead	0.0	0.0	0.0	0.0	0.0	0.0	0.0	0.0
hgt	1148	GCF.000969705.1.Bacteria.Actinobacteriota	1851.865	0.0	925.9325	2104.07	1599.66	0.0	0.0	1052.035
los	None	dead	0.0	0.0	0.0	0.0	0.0	0.0	0.0	0.0
hgt	None	dead	0.0	0.0	0.0	0.0	0.0	0.0	0.0	0.0
hgt	741	GCA.003220615.1.Bacteria.Methylomirabilota	2099.065	0.0	1049.5325	2384.47	1813.66	0.0	0.0	1192.235
los	None	dead	0.0	0.0	0.0	0.0	0.0	0.0	0.0	0.0
hgt	None	dead	0.0	0.0	0.0	0.0	0.0	0.0	0.0	0.0
dup	None	dead	0.0	0.0	0.0	0.0	0.0	0.0	0.0	0.0
hgt	741	GCA.003220615.1.Bacteria.Methylomirabilota	2099.065	0.0	1049.5325	2384.47	1813.66	0.0	0.0	1192.235
los	None	dead	0.0	0.0	0.0	0.0	0.0	0.0	0.0	0.0
hgt	741	GCA.003220615.1.Bacteria.Methylomirabilota	2099.065	0.0	1049.5325	2384.47	1813.66	0.0	0.0	1192.235
los	None	dead	0.0	0.0	0.0	0.0	0.0	0.0	0.0	0.0
