event	left_node	right_node	left_date	right_date	midpoint_date	left_date_lower	left_date_upper	right_date_lower	right_date_upper	midpoint_date_all
spe	173	151	2879.565	2655.89	2767.7275	3003.72	2755.41	2813.75	2498.03	2750.875
spe	151	147	2655.89	2129.97	2392.93	2813.75	2498.03	2400.45	1859.49	2336.62
los	147	GCA.001940755.1.Archaea.Asgardarchaeota	2129.97	0.0	1064.985	2400.45	1859.49	0.0	0.0	1200.225
spe	151	150	2655.89	1958.415	2307.1525	2813.75	2498.03	2236.46	1680.37	2247.06
hgt	None	dead	0.0	0.0	0.0	0.0	0.0	0.0	0.0	0.0
hgt	38	GCA.001515205.2.Archaea.Hadarchaeota	2493.245	0.0	1246.6225	2769.67	2216.82	0.0	0.0	1384.835
los	None	dead	0.0	0.0	0.0	0.0	0.0	0.0	0.0	0.0
hgt	None	dead	0.0	0.0	0.0	0.0	0.0	0.0	0.0	0.0
hgt	None	dead	0.0	0.0	0.0	0.0	0.0	0.0	0.0	0.0
hgt	188	GCA.001787855.1.Bacteria.Riflebacteria	3280.19	0.0	1640.095	3542.63	3017.75	0.0	0.0	1771.315
los	None	dead	0.0	0.0	0.0	0.0	0.0	0.0	0.0	0.0
dup	None	dead	0.0	0.0	0.0	0.0	0.0	0.0	0.0	0.0
hgt	265	GCA.003290465.1.Bacteria.Sumerlaeota	1973.575	0.0	986.7875	2327.22	1619.93	0.0	0.0	1163.61
los	None	dead	0.0	0.0	0.0	0.0	0.0	0.0	0.0	0.0
hgt	None	dead	0.0	0.0	0.0	0.0	0.0	0.0	0.0	0.0
hgt	241	GCA.002841695.1.Bacteria.Elusimicrobiota	1559.885	0.0	779.9425	1765.89	1353.88	0.0	0.0	882.945
los	None	dead	0.0	0.0	0.0	0.0	0.0	0.0	0.0	0.0
dup	None	dead	0.0	0.0	0.0	0.0	0.0	0.0	0.0	0.0
dup	None	dead	0.0	0.0	0.0	0.0	0.0	0.0	0.0	0.0
dup	None	dead	0.0	0.0	0.0	0.0	0.0	0.0	0.0	0.0
hgt	918	GCA.001412365.1.Bacteria.WOR.3	2521.105	0.0	1260.5525	2776.44	2265.77	0.0	0.0	1388.22
los	None	dead	0.0	0.0	0.0	0.0	0.0	0.0	0.0	0.0
hgt	None	dead	0.0	0.0	0.0	0.0	0.0	0.0	0.0	0.0
dup	None	dead	0.0	0.0	0.0	0.0	0.0	0.0	0.0	0.0
hgt	675	GCA.002789615.1.Bacteria.Acidobacteriota	2219.92	0.0	1109.96	2448.95	1990.89	0.0	0.0	1224.475
los	None	dead	0.0	0.0	0.0	0.0	0.0	0.0	0.0	0.0
hgt	946	GCA.002347855.1.Bacteria.Marinisomatota	1709.46	0.0	854.73	1921.62	1497.3	0.0	0.0	960.81
los	None	dead	0.0	0.0	0.0	0.0	0.0	0.0	0.0	0.0
dup	None	dead	0.0	0.0	0.0	0.0	0.0	0.0	0.0	0.0
hgt	275	GCA.001784175.1.Bacteria.Lindowbacteria	2878.805	0.0	1439.4025	3143.08	2614.53	0.0	0.0	1571.54
los	None	dead	0.0	0.0	0.0	0.0	0.0	0.0	0.0	0.0
hgt	914	GCA.002366725.1.Bacteria.WOR.3	2118.525	0.0	1059.2625	2416.47	1820.58	0.0	0.0	1208.235
los	None	dead	0.0	0.0	0.0	0.0	0.0	0.0	0.0	0.0
dup	None	dead	0.0	0.0	0.0	0.0	0.0	0.0	0.0	0.0
hgt	267	GCA.002428325.1.Bacteria.UBP4	2781.505	0.0	1390.7525	3054.3	2508.71	0.0	0.0	1527.15
los	None	dead	0.0	0.0	0.0	0.0	0.0	0.0	0.0	0.0
hgt	None	dead	0.0	0.0	0.0	0.0	0.0	0.0	0.0	0.0
hgt	284	GCA.003164675.1.Bacteria.Verrucomicrobiota	1761.175	0.0	880.5875	2009.73	1512.62	0.0	0.0	1004.865
los	None	dead	0.0	0.0	0.0	0.0	0.0	0.0	0.0	0.0
dup	None	dead	0.0	0.0	0.0	0.0	0.0	0.0	0.0	0.0
dup	None	dead	0.0	0.0	0.0	0.0	0.0	0.0	0.0	0.0
dup	None	dead	0.0	0.0	0.0	0.0	0.0	0.0	0.0	0.0
hgt	47	GCA.002495235.1.Archaea.Thermoplasmatota	1758.69	0.0	879.345	2012.02	1505.36	0.0	0.0	1006.01
los	None	dead	0.0	0.0	0.0	0.0	0.0	0.0	0.0	0.0
dup	None	dead	0.0	0.0	0.0	0.0	0.0	0.0	0.0	0.0
hgt	1098	GCA.003167155.1.Bacteria.Eremiobacterota	1723.505	0.0	861.7525	2078.78	1368.23	0.0	0.0	1039.39
los	None	dead	0.0	0.0	0.0	0.0	0.0	0.0	0.0	0.0
hgt	1697	Fischerella.muscicola.CCMEE5323	1294.515	0.0	647.2575	1416.54	1172.49	0.0	0.0	708.27
los	None	dead	0.0	0.0	0.0	0.0	0.0	0.0	0.0	0.0
dup	None	dead	0.0	0.0	0.0	0.0	0.0	0.0	0.0	0.0
hgt	1454	1446	2214.935	1960.08	2087.5075	2430.94	1998.93	2176.15	1744.01	2087.475
los	None	dead	0.0	0.0	0.0	0.0	0.0	0.0	0.0	0.0
hgt	None	dead	0.0	0.0	0.0	0.0	0.0	0.0	0.0	0.0
hgt	1461	GCA.002413265.1.Bacteria.Chloroflexota	1906.91	0.0	953.455	2201.28	1612.54	0.0	0.0	1100.64
los	None	dead	0.0	0.0	0.0	0.0	0.0	0.0	0.0	0.0
hgt	None	dead	0.0	0.0	0.0	0.0	0.0	0.0	0.0	0.0
hgt	None	dead	0.0	0.0	0.0	0.0	0.0	0.0	0.0	0.0
spe	1454	1446	2214.935	1960.08	2087.5075	2430.94	1998.93	2176.15	1744.01	2087.475
spe	1446	1440	1960.08	1813.195	1886.6375	2176.15	1744.01	2028.77	1597.62	1886.885
spe	1440	1439	1813.195	1555.635	1684.415	2028.77	1597.62	1768.59	1342.68	1685.725
spe	1439	1438	1555.635	1347.94	1451.7875	1768.59	1342.68	1557.13	1138.75	1453.67
hgt	None	dead	0.0	0.0	0.0	0.0	0.0	0.0	0.0	0.0
los	1438	1437	1347.94	1218.17	1283.055	1557.13	1138.75	1425.69	1010.65	1283.89
hgt	1449	GCA.002400365.1.Bacteria.Chloroflexota	1891.395	0.0	945.6975	2134.97	1647.82	0.0	0.0	1067.485
los	None	dead	0.0	0.0	0.0	0.0	0.0	0.0	0.0	0.0
spe	1446	1445	1960.08	1742.485	1851.2825	2176.15	1744.01	1965.0	1519.97	1848.06
spe	1445	1444	1742.485	1539.09	1640.7875	1965.0	1519.97	1770.71	1307.47	1636.235
los	1444	GCA.003451595.1.Bacteria.Chloroflexota	1539.09	0.0	769.545	1770.71	1307.47	0.0	0.0	885.355
hgt	1457	GCF.003967555.1.Bacteria.Chloroflexota	1966.385	0.0	983.1925	2253.77	1679.0	0.0	0.0	1126.885
los	None	dead	0.0	0.0	0.0	0.0	0.0	0.0	0.0	0.0
hgt	None	dead	0.0	0.0	0.0	0.0	0.0	0.0	0.0	0.0
hgt	1437	GCF.900066015.1.Bacteria.Chloroflexota	1218.17	0.0	609.085	1425.69	1010.65	0.0	0.0	712.845
los	None	dead	0.0	0.0	0.0	0.0	0.0	0.0	0.0	0.0
hgt	895	GCA.000739515.1.Bacteria.Moduliflexota	2233.715	0.0	1116.8575	2507.56	1959.87	0.0	0.0	1253.78
los	None	dead	0.0	0.0	0.0	0.0	0.0	0.0	0.0	0.0
hgt	None	dead	0.0	0.0	0.0	0.0	0.0	0.0	0.0	0.0
hgt	692	GCA.003152325.1.Bacteria.Acidobacteriota	1141.9465	0.0	570.97325	1341.08	942.813	0.0	0.0	670.54
los	None	dead	0.0	0.0	0.0	0.0	0.0	0.0	0.0	0.0
hgt	None	dead	0.0	0.0	0.0	0.0	0.0	0.0	0.0	0.0
hgt	895	GCA.000739515.1.Bacteria.Moduliflexota	2233.715	0.0	1116.8575	2507.56	1959.87	0.0	0.0	1253.78
los	None	dead	0.0	0.0	0.0	0.0	0.0	0.0	0.0	0.0
hgt	813	807	1756.665	1533.145	1644.905	1929.08	1584.25	1724.66	1341.63	1635.355
los	None	dead	0.0	0.0	0.0	0.0	0.0	0.0	0.0	0.0
spe	813	807	1756.665	1533.145	1644.905	1929.08	1584.25	1724.66	1341.63	1635.355
hgt	None	dead	0.0	0.0	0.0	0.0	0.0	0.0	0.0	0.0
hgt	1026	GCA.001304015.1.Bacteria.TA06.A	2285.975	0.0	1142.9875	2553.74	2018.21	0.0	0.0	1276.87
los	None	dead	0.0	0.0	0.0	0.0	0.0	0.0	0.0	0.0
hgt	None	dead	0.0	0.0	0.0	0.0	0.0	0.0	0.0	0.0
hgt	185	GCA.001791795.1.Bacteria.Wallbacteria	3376.945	0.0	1688.4725	3617.79	3136.1	0.0	0.0	1808.895
los	None	dead	0.0	0.0	0.0	0.0	0.0	0.0	0.0	0.0
hgt	None	dead	0.0	0.0	0.0	0.0	0.0	0.0	0.0	0.0
hgt	1041	GCA.002686955.1.Bacteria.Gemmatimonadota.A	2693.13	0.0	1346.565	2889.17	2497.09	0.0	0.0	1444.585
los	None	dead	0.0	0.0	0.0	0.0	0.0	0.0	0.0	0.0
hgt	None	dead	0.0	0.0	0.0	0.0	0.0	0.0	0.0	0.0
hgt	674	GCA.002747255.1.Bacteria.Acidobacteriota	1948.825	0.0	974.4125	2211.19	1686.46	0.0	0.0	1105.595
los	None	dead	0.0	0.0	0.0	0.0	0.0	0.0	0.0	0.0
hgt	None	dead	0.0	0.0	0.0	0.0	0.0	0.0	0.0	0.0
dup	None	dead	0.0	0.0	0.0	0.0	0.0	0.0	0.0	0.0
hgt	1099	GCA.900313515.1.Bacteria.Eremiobacterota	2899.85	0.0	1449.925	3167.29	2632.41	0.0	0.0	1583.645
los	None	dead	0.0	0.0	0.0	0.0	0.0	0.0	0.0	0.0
hgt	390	GCA.002780065.1.Bacteria.UBA8481	3128.085	0.0	1564.0425	3305.45	2950.72	0.0	0.0	1652.725
los	None	dead	0.0	0.0	0.0	0.0	0.0	0.0	0.0	0.0
hgt	None	dead	0.0	0.0	0.0	0.0	0.0	0.0	0.0	0.0
dup	None	dead	0.0	0.0	0.0	0.0	0.0	0.0	0.0	0.0
hgt	613	GCF.003097315.1.Bacteria.Proteobacteria	1345.44	0.0	672.72	1490.64	1200.24	0.0	0.0	745.32
los	None	dead	0.0	0.0	0.0	0.0	0.0	0.0	0.0	0.0
hgt	380	GCA.002406055.1.Bacteria.Spirochaetota	1365.355	0.0	682.6775	1618.24	1112.47	0.0	0.0	809.12
los	None	dead	0.0	0.0	0.0	0.0	0.0	0.0	0.0	0.0
hgt	1071	1063	2820.66	1808.72	2314.69	3054.91	2586.41	2124.28	1493.16	2274.035
los	None	dead	0.0	0.0	0.0	0.0	0.0	0.0	0.0	0.0
hgt	None	dead	0.0	0.0	0.0	0.0	0.0	0.0	0.0	0.0
hgt	1245	GCA.002399285.1.Bacteria.Firmicutes.A	1615.79	0.0	807.895	1837.85	1393.73	0.0	0.0	918.925
los	None	dead	0.0	0.0	0.0	0.0	0.0	0.0	0.0	0.0
hgt	None	dead	0.0	0.0	0.0	0.0	0.0	0.0	0.0	0.0
hgt	1145	GCA.001767695.1.Bacteria.Actinobacteriota	2028.235	0.0	1014.1175	2257.09	1799.38	0.0	0.0	1128.545
los	None	dead	0.0	0.0	0.0	0.0	0.0	0.0	0.0	0.0
hgt	None	dead	0.0	0.0	0.0	0.0	0.0	0.0	0.0	0.0
hgt	1090	1088	2959.12	1684.665	2321.8925	3202.49	2715.75	1970.35	1398.98	2300.735
los	None	dead	0.0	0.0	0.0	0.0	0.0	0.0	0.0	0.0
spe	1090	1088	2959.12	1684.665	2321.8925	3202.49	2715.75	1970.35	1398.98	2300.735
spe	1088	1087	1684.665	1326.12	1505.3925	1970.35	1398.98	1606.52	1045.72	1508.035
los	1087	GCA.001778455.1.Bacteria.Bipolaricaulota	1326.12	0.0	663.06	1606.52	1045.72	0.0	0.0	803.26
spe	1071	1063	2820.66	1808.72	2314.69	3054.91	2586.41	2124.28	1493.16	2274.035
spe	1063	1061	1808.72	1460.525	1634.6225	2124.28	1493.16	1770.55	1150.5	1637.39
hgt	None	dead	0.0	0.0	0.0	0.0	0.0	0.0	0.0	0.0
hgt	1015	GCA.002790835.1.Bacteria.Krumholzibacteriota	2074.465	0.0	1037.2325	2357.8	1791.13	0.0	0.0	1178.9
los	None	dead	0.0	0.0	0.0	0.0	0.0	0.0	0.0	0.0
hgt	None	dead	0.0	0.0	0.0	0.0	0.0	0.0	0.0	0.0
hgt	1252	GCF.900107485.1.Bacteria.Firmicutes.A	1492.085	0.0	746.0425	1682.67	1301.5	0.0	0.0	841.335
los	None	dead	0.0	0.0	0.0	0.0	0.0	0.0	0.0	0.0
hgt	None	dead	0.0	0.0	0.0	0.0	0.0	0.0	0.0	0.0
dup	None	dead	0.0	0.0	0.0	0.0	0.0	0.0	0.0	0.0
hgt	1315	GCF.002224645.1.Bacteria.Firmicutes.B	1023.5775	0.0	511.78875	1225.27	821.885	0.0	0.0	612.635
los	None	dead	0.0	0.0	0.0	0.0	0.0	0.0	0.0	0.0
hgt	1285	1281	1344.265	1116.4885	1230.37675	1565.83	1122.7	1331.85	901.127	1233.4785
los	None	dead	0.0	0.0	0.0	0.0	0.0	0.0	0.0	0.0
hgt	None	dead	0.0	0.0	0.0	0.0	0.0	0.0	0.0	0.0
spe	1285	1281	1344.265	1116.4885	1230.37675	1565.83	1122.7	1331.85	901.127	1233.4785
spe	1281	1280	1116.4885	953.42	1034.95425	1331.85	901.127	1163.28	743.56	1037.705
los	1280	GCF.900104455.1.Bacteria.Firmicutes.C	953.42	0.0	476.71	1163.28	743.56	0.0	0.0	581.64
hgt	None	dead	0.0	0.0	0.0	0.0	0.0	0.0	0.0	0.0
hgt	1300	GCF.000620305.1.Bacteria.Firmicutes.B	1565.1	0.0	782.55	1781.13	1349.07	0.0	0.0	890.565
los	None	dead	0.0	0.0	0.0	0.0	0.0	0.0	0.0	0.0
hgt	None	dead	0.0	0.0	0.0	0.0	0.0	0.0	0.0	0.0
hgt	1319	GCF.900100785.1.Bacteria.Firmicutes.B	1933.46	0.0	966.73	2119.98	1746.94	0.0	0.0	1059.99
los	None	dead	0.0	0.0	0.0	0.0	0.0	0.0	0.0	0.0
dup	None	dead	0.0	0.0	0.0	0.0	0.0	0.0	0.0	0.0
hgt	1287	GCA.002329525.1.Bacteria.Firmicutes.C	1455.455	0.0	727.7275	1682.3	1228.61	0.0	0.0	841.15
los	None	dead	0.0	0.0	0.0	0.0	0.0	0.0	0.0	0.0
hgt	1253	GCF.900142265.1.Bacteria.Firmicutes.A	1684.93	0.0	842.465	1873.49	1496.37	0.0	0.0	936.745
los	None	dead	0.0	0.0	0.0	0.0	0.0	0.0	0.0	0.0
hgt	249	248	1808.655	1213.735	1511.195	2017.91	1599.4	1423.28	1004.19	1511.05
los	None	dead	0.0	0.0	0.0	0.0	0.0	0.0	0.0	0.0
spe	249	248	1808.655	1213.735	1511.195	2017.91	1599.4	1423.28	1004.19	1511.05
hgt	None	dead	0.0	0.0	0.0	0.0	0.0	0.0	0.0	0.0
hgt	834	GCA.001798605.1.Bacteria.Myxococcota	1863.715	0.0	931.8575	2045.73	1681.7	0.0	0.0	1022.865
los	None	dead	0.0	0.0	0.0	0.0	0.0	0.0	0.0	0.0
hgt	None	dead	0.0	0.0	0.0	0.0	0.0	0.0	0.0	0.0
hgt	821	GCA.002841825.1.Bacteria.Myxococcota	1480.98	0.0	740.49	1673.3	1288.66	0.0	0.0	836.65
los	None	dead	0.0	0.0	0.0	0.0	0.0	0.0	0.0	0.0
