event	left_node	right_node	left_date	right_date	midpoint_date	left_date_lower	left_date_upper	right_date_lower	right_date_upper	midpoint_date_all
spe	889	888	2616.235	2336.71	2476.4725	2841.39	2391.08	2614.71	2058.71	2450.05
spe	888	854	2336.71	2075.68	2206.195	2614.71	2058.71	2396.33	1755.03	2184.87
los	854	853	2075.68	1743.175	1909.4275	2396.33	1755.03	2129.35	1357.0	1876.665
spe	854	850	2075.68	2017.715	2046.6975	2396.33	1755.03	2343.11	1692.32	2044.325
los	850	846	2017.715	1673.82	1845.7675	2343.11	1692.32	2082.2	1265.44	1804.275
spe	850	849	2017.715	1605.6	1811.6575	2343.11	1692.32	2007.54	1203.66	1773.385
los	849	GCA.001896555.1.Bacteria.Desulfobacterota	1605.6	0.0	802.8	2007.54	1203.66	0.0	0.0	1003.77
spe	888	887	2336.71	2137.8	2237.255	2614.71	2058.71	2389.64	1885.96	2250.335
hgt	None	dead	0.0	0.0	0.0	0.0	0.0	0.0	0.0	0.0
hgt	397	GCF.000526155.1.Bacteria.Desulfobacterota	2713.19	0.0	1356.595	3215.27	2211.11	0.0	0.0	1607.635
los	None	dead	0.0	0.0	0.0	0.0	0.0	0.0	0.0	0.0
spe	887	886	2137.8	1905.655	2021.7275	2389.64	1885.96	2131.89	1679.42	2034.53
spe	886	874	1905.655	1792.455	1849.055	2131.89	1679.42	2028.47	1556.44	1844.165
los	874	868	1792.455	1587.525	1689.99	2028.47	1556.44	1838.99	1336.06	1682.265
spe	874	873	1792.455	1600.675	1696.565	2028.47	1556.44	1876.83	1324.52	1676.495
los	873	871	1600.675	1358.76	1479.7175	1876.83	1324.52	1643.54	1073.98	1475.405
hgt	None	dead	0.0	0.0	0.0	0.0	0.0	0.0	0.0	0.0
los	886	885	1905.655	1770.19	1837.9225	2131.89	1679.42	2001.88	1538.5	1835.195
dup	None	dead	0.0	0.0	0.0	0.0	0.0	0.0	0.0	0.0
hgt	1449	GCA.002400365.1.Bacteria.Chloroflexota	1589.82	0.0	794.91	1942.5	1237.14	0.0	0.0	971.25
los	None	dead	0.0	0.0	0.0	0.0	0.0	0.0	0.0	0.0
hgt	1326	1325	2039.05	1862.485	1950.7675	2290.01	1788.09	2083.02	1641.95	1965.98
los	None	dead	0.0	0.0	0.0	0.0	0.0	0.0	0.0	0.0
hgt	None	dead	0.0	0.0	0.0	0.0	0.0	0.0	0.0	0.0
dup	None	dead	0.0	0.0	0.0	0.0	0.0	0.0	0.0	0.0
hgt	1355	GCF.004522215.1.Bacteria.Firmicutes	1426.77	0.0	713.385	1769.44	1084.1	0.0	0.0	884.72
los	None	dead	0.0	0.0	0.0	0.0	0.0	0.0	0.0	0.0
hgt	1178	GCA.002347645.1.Bacteria.Actinobacteriota	1434.165	0.0	717.0825	1689.01	1179.32	0.0	0.0	844.505
los	None	dead	0.0	0.0	0.0	0.0	0.0	0.0	0.0	0.0
hgt	None	dead	0.0	0.0	0.0	0.0	0.0	0.0	0.0	0.0
dup	None	dead	0.0	0.0	0.0	0.0	0.0	0.0	0.0	0.0
hgt	861	GCA.002327985.1.Bacteria.Desulfobacterota	1399.46	0.0	699.73	1712.04	1086.88	0.0	0.0	856.02
los	None	dead	0.0	0.0	0.0	0.0	0.0	0.0	0.0	0.0
dup	None	dead	0.0	0.0	0.0	0.0	0.0	0.0	0.0	0.0
hgt	220	GCA.003451585.1.Bacteria.Omnitrophota	1229.222	0.0	614.611	1461.7	996.744	0.0	0.0	730.85
los	None	dead	0.0	0.0	0.0	0.0	0.0	0.0	0.0	0.0
dup	None	dead	0.0	0.0	0.0	0.0	0.0	0.0	0.0	0.0
hgt	1020	GCA.003235575.1.Bacteria.Eisenbacteria	1410.39	0.0	705.195	1757.86	1062.92	0.0	0.0	878.93
los	None	dead	0.0	0.0	0.0	0.0	0.0	0.0	0.0	0.0
hgt	753	GCA.001803565.1.Bacteria.Nitrospinota.B	1778.33	0.0	889.165	2125.97	1430.69	0.0	0.0	1062.985
los	None	dead	0.0	0.0	0.0	0.0	0.0	0.0	0.0	0.0
dup	1326	1325	2039.05	1862.485	1950.7675	2290.01	1788.09	2083.02	1641.95	1965.98
spe	1326	1325	2039.05	1862.485	1950.7675	2290.01	1788.09	2083.02	1641.95	1965.98
los	1325	1297	1862.485	1576.575	1719.53	2083.02	1641.95	1886.7	1266.45	1674.735
spe	1325	1324	1862.485	1779.53	1821.0075	2083.02	1641.95	1989.46	1569.6	1826.31
los	1324	1323	1779.53	1708.06	1743.795	1989.46	1569.6	1917.5	1498.62	1744.04
spe	1324	1308	1779.53	1606.55	1693.04	1989.46	1569.6	1832.18	1380.92	1685.19
spe	1308	1307	1606.55	1451.1	1528.825	1832.18	1380.92	1682.57	1219.63	1525.905
los	1307	1305	1451.1	1336.995	1394.0475	1682.57	1219.63	1578.59	1095.4	1388.985
spe	1308	1300	1606.55	1333.34	1469.945	1832.18	1380.92	1595.67	1071.01	1451.595
los	1300	GCF.000620305.1.Bacteria.Firmicutes.B	1333.34	0.0	666.67	1595.67	1071.01	0.0	0.0	797.835
spe	1326	1325	2039.05	1862.485	1950.7675	2290.01	1788.09	2083.02	1641.95	1965.98
spe	1325	1297	1862.485	1576.575	1719.53	2083.02	1641.95	1886.7	1266.45	1674.735
los	1297	GCA.002329495.1.Bacteria.Firmicutes.B	1576.575	0.0	788.2875	1886.7	1266.45	0.0	0.0	943.35
spe	1297	1296	1576.575	1436.52	1506.5475	1886.7	1266.45	1763.25	1109.79	1498.245
hgt	None	dead	0.0	0.0	0.0	0.0	0.0	0.0	0.0	0.0
dup	None	dead	0.0	0.0	0.0	0.0	0.0	0.0	0.0	0.0
hgt	849	GCF.000266945.1.Bacteria.Desulfobacterota	1605.6	0.0	802.8	2007.54	1203.66	0.0	0.0	1003.77
los	None	dead	0.0	0.0	0.0	0.0	0.0	0.0	0.0	0.0
hgt	1315	GCF.002224645.1.Bacteria.Firmicutes.B	955.8	0.0	477.9	1256.7	654.9	0.0	0.0	628.35
los	None	dead	0.0	0.0	0.0	0.0	0.0	0.0	0.0	0.0
dup	1315	GCF.002224645.1.Bacteria.Firmicutes.B	955.8	0.0	477.9	1256.7	654.9	0.0	0.0	628.35
hgt	None	dead	0.0	0.0	0.0	0.0	0.0	0.0	0.0	0.0
spe	1325	1324	1862.485	1779.53	1821.0075	2083.02	1641.95	1989.46	1569.6	1826.31
spe	1324	1323	1779.53	1708.06	1743.795	1989.46	1569.6	1917.5	1498.62	1744.04
los	1323	1322	1708.06	1384.555	1546.3075	1917.5	1498.62	1682.41	1086.7	1502.1
spe	1323	1319	1708.06	1607.725	1657.8925	1917.5	1498.62	1817.85	1397.6	1657.55
hgt	None	dead	0.0	0.0	0.0	0.0	0.0	0.0	0.0	0.0
dup	None	dead	0.0	0.0	0.0	0.0	0.0	0.0	0.0	0.0
hgt	674	GCA.002298155.1.Bacteria.Acidobacteriota	1626.005	0.0	813.0025	2061.09	1190.92	0.0	0.0	1030.545
los	None	dead	0.0	0.0	0.0	0.0	0.0	0.0	0.0	0.0
hgt	1257	GCF.900104115.1.Bacteria.Firmicutes.A	1285.645	0.0	642.8225	1517.55	1053.74	0.0	0.0	758.775
los	None	dead	0.0	0.0	0.0	0.0	0.0	0.0	0.0	0.0
spe	1319	1318	1607.725	1519.645	1563.685	1817.85	1397.6	1736.35	1302.94	1560.395
hgt	None	dead	0.0	0.0	0.0	0.0	0.0	0.0	0.0	0.0
los	1318	1317	1519.645	1148.381	1334.013	1736.35	1302.94	1413.4	883.362	1309.856
hgt	1296	GCF.900176005.1.Bacteria.Firmicutes.B	1436.52	0.0	718.26	1763.25	1109.79	0.0	0.0	881.625
los	None	dead	0.0	0.0	0.0	0.0	0.0	0.0	0.0	0.0
spe	1318	1312	1519.645	1284.875	1402.26	1736.35	1302.94	1547.99	1021.76	1379.055
hgt	None	dead	0.0	0.0	0.0	0.0	0.0	0.0	0.0	0.0
los	1312	GCF.002607855.1.Bacteria.Firmicutes.B	1284.875	0.0	642.4375	1547.99	1021.76	0.0	0.0	773.995
hgt	1307	GCA.000987045.1.Bacteria.Firmicutes.B	1451.1	0.0	725.55	1682.57	1219.63	0.0	0.0	841.285
los	None	dead	0.0	0.0	0.0	0.0	0.0	0.0	0.0	0.0
spe	1324	1308	1779.53	1606.55	1693.04	1989.46	1569.6	1832.18	1380.92	1685.19
los	1308	1307	1606.55	1451.1	1528.825	1832.18	1380.92	1682.57	1219.63	1525.905
hgt	None	dead	0.0	0.0	0.0	0.0	0.0	0.0	0.0	0.0
hgt	613	GCF.003097315.1.Bacteria.Proteobacteria	1391.71	0.0	695.855	1592.53	1190.89	0.0	0.0	796.265
los	None	dead	0.0	0.0	0.0	0.0	0.0	0.0	0.0	0.0
spe	1308	1300	1606.55	1333.34	1469.945	1832.18	1380.92	1595.67	1071.01	1451.595
los	1300	GCF.000620305.1.Bacteria.Firmicutes.B	1333.34	0.0	666.67	1595.67	1071.01	0.0	0.0	797.835
dup	1300	GCA.002418765.1.Bacteria.Firmicutes.B	1333.34	0.0	666.67	1595.67	1071.01	0.0	0.0	797.835
dup	None	dead	0.0	0.0	0.0	0.0	0.0	0.0	0.0	0.0
hgt	595	GCA.002389045.1.Bacteria.Proteobacteria	1266.66	0.0	633.33	1469.01	1064.31	0.0	0.0	734.505
los	None	dead	0.0	0.0	0.0	0.0	0.0	0.0	0.0	0.0
dup	None	dead	0.0	0.0	0.0	0.0	0.0	0.0	0.0	0.0
hgt	38	GCA.001515205.2.Archaea.Hadarchaeota	1770.925	0.0	885.4625	2300.92	1240.93	0.0	0.0	1150.46
los	None	dead	0.0	0.0	0.0	0.0	0.0	0.0	0.0	0.0
hgt	1469	GCA.001898225.1.Bacteria.Chloroflexota	1574.225	0.0	787.1125	1892.87	1255.58	0.0	0.0	946.435
los	None	dead	0.0	0.0	0.0	0.0	0.0	0.0	0.0	0.0
spe	887	863	2137.8	1855.945	1996.8725	2389.64	1885.96	2157.72	1554.17	1971.905
spe	863	857	1855.945	1680.31	1768.1275	2157.72	1554.17	2026.99	1333.63	1745.675
los	857	GCA.001830835.1.Bacteria.Desulfobacterota	1680.31	0.0	840.155	2026.99	1333.63	0.0	0.0	1013.495
spe	863	862	1855.945	1513.555	1684.75	2157.72	1554.17	1819.77	1207.34	1682.53
los	862	GCA.002782605.1.Bacteria.Desulfobacterota	1513.555	0.0	756.7775	1819.77	1207.34	0.0	0.0	909.885
spe	862	861	1513.555	1399.46	1456.5075	1819.77	1207.34	1712.04	1086.88	1453.325
los	861	GCA.001304105.1.Bacteria.Desulfobacterota	1399.46	0.0	699.73	1712.04	1086.88	0.0	0.0	856.02
