event	left_node	right_node	left_date	right_date	midpoint_date	left_date_lower	left_date_upper	right_date_lower	right_date_upper	midpoint_date_all
spe	1048	1047	3607.975	3589.185	3598.58	3913.75	3302.2	3892.18	3286.19	3599.97
spe	1047	365	3589.185	3304.24	3446.7125	3892.18	3286.19	3615.9	2992.58	3442.38
los	365	GCA.001730085.1.Bacteria.GCA.001730085	3304.24	0.0	1652.12	3615.9	2992.58	0.0	0.0	1807.95
spe	365	364	3304.24	3193.95	3249.095	3615.9	2992.58	3504.98	2882.92	3249.41
spe	364	363	3193.95	2735.485	2964.7175	3504.98	2882.92	3024.57	2446.4	2975.69
los	363	362	2735.485	2549.525	2642.505	3024.57	2446.4	2821.39	2277.66	2651.115
spe	363	321	2735.485	2381.485	2558.485	3024.57	2446.4	2804.33	1958.64	2491.605
los	321	GCA.003136555.1.Bacteria.Planctomycetota	2381.485	0.0	1190.7425	2804.33	1958.64	0.0	0.0	1402.165
spe	321	320	2381.485	2045.545	2213.515	2804.33	1958.64	2538.07	1553.02	2178.675
los	320	GCA.002746535.1.Bacteria.Planctomycetota	2045.545	0.0	1022.7725	2538.07	1553.02	0.0	0.0	1269.035
spe	364	316	3193.95	2939.28	3066.615	3504.98	2882.92	3260.47	2618.09	3061.535
los	316	315	2939.28	2704.015	2821.6475	3260.47	2618.09	3094.62	2313.41	2786.94
spe	316	308	2939.28	2482.645	2710.9625	3260.47	2618.09	2786.12	2179.17	2719.82
los	308	290	2482.645	2065.88	2274.2625	2786.12	2179.17	2380.72	1751.04	2268.58
hgt	None	dead	0.0	0.0	0.0	0.0	0.0	0.0	0.0	0.0
hgt	332	GCA.002704825.1.Bacteria.Planctomycetota	1114.632	0.0	557.316	1388.09	841.174	0.0	0.0	694.045
los	None	dead	0.0	0.0	0.0	0.0	0.0	0.0	0.0	0.0
spe	308	307	2482.645	2342.65	2412.6475	2786.12	2179.17	2645.8	2039.5	2412.81
los	307	306	2342.65	1842.35	2092.5	2645.8	2039.5	2147.78	1536.92	2091.36
spe	307	297	2342.65	1989.305	2165.9775	2645.8	2039.5	2332.71	1645.9	2145.85
los	297	296	1989.305	1450.325	1719.815	2332.71	1645.9	1813.73	1086.92	1709.815
spe	297	293	1989.305	1595.865	1792.585	2332.71	1645.9	2014.86	1176.87	1754.79
spe	1047	1046	3589.185	3513.075	3551.13	3892.18	3286.19	3806.64	3219.51	3555.845
los	1046	1045	3513.075	3138.485	3325.78	3806.64	3219.51	3454.21	2822.76	3314.7
spe	1046	902	3513.075	3405.845	3459.46	3806.64	3219.51	3689.17	3122.52	3464.58
dup	902	901	3405.845	3300.53	3353.1875	3689.17	3122.52	3575.42	3025.64	3357.405
spe	902	901	3405.845	3300.53	3353.1875	3689.17	3122.52	3575.42	3025.64	3357.405
los	901	900	3300.53	3098.985	3199.7575	3575.42	3025.64	3380.82	2817.15	3196.285
hgt	None	dead	0.0	0.0	0.0	0.0	0.0	0.0	0.0	0.0
spe	901	663	3300.53	3210.05	3255.29	3575.42	3025.64	3476.56	2943.54	3259.48
los	663	662	3210.05	3126.015	3168.0325	3476.56	2943.54	3383.83	2868.2	3172.38
spe	663	397	3210.05	2713.19	2961.62	3476.56	2943.54	3215.27	2211.11	2843.835
los	397	396	2713.19	2315.495	2514.3425	3215.27	2211.11	2856.45	1774.54	2494.905
hgt	887	886	2137.8	1905.655	2021.7275	2389.64	1885.96	2131.89	1679.42	2034.53
los	None	dead	0.0	0.0	0.0	0.0	0.0	0.0	0.0	0.0
spe	887	886	2137.8	1905.655	2021.7275	2389.64	1885.96	2131.89	1679.42	2034.53
spe	886	885	1905.655	1770.19	1837.9225	2131.89	1679.42	2001.88	1538.5	1835.195
los	885	877	1770.19	1616.13	1693.16	2001.88	1538.5	1882.89	1349.37	1675.625
spe	885	884	1770.19	1647.595	1708.8925	2001.88	1538.5	1883.47	1411.72	1706.8
los	884	883	1647.595	1311.85	1479.7225	1883.47	1411.72	1564.19	1059.51	1471.49
spe	884	880	1647.595	1365.41	1506.5025	1883.47	1411.72	1637.86	1092.96	1488.215
los	880	GCA.001577715.1.Bacteria.Desulfobacterota	1365.41	0.0	682.705	1637.86	1092.96	0.0	0.0	818.93
spe	886	874	1905.655	1792.455	1849.055	2131.89	1679.42	2028.47	1556.44	1844.165
spe	874	873	1792.455	1600.675	1696.565	2028.47	1556.44	1876.83	1324.52	1676.495
los	873	GCA.002011835.1.Bacteria.Desulfobacterota	1600.675	0.0	800.3375	1876.83	1324.52	0.0	0.0	938.415
spe	873	871	1600.675	1358.76	1479.7175	1876.83	1324.52	1643.54	1073.98	1475.405
los	871	GCA.002899795.1.Bacteria.Desulfobacterota	1358.76	0.0	679.38	1643.54	1073.98	0.0	0.0	821.77
spe	874	868	1792.455	1587.525	1689.99	2028.47	1556.44	1838.99	1336.06	1682.265
hgt	849	GCF.000266945.1.Bacteria.Desulfobacterota	1605.6	0.0	802.8	2007.54	1203.66	0.0	0.0	1003.77
los	868	866	1587.525	1297.81	1442.6675	1838.99	1336.06	1547.62	1048.0	1443.495
hgt	None	dead	0.0	0.0	0.0	0.0	0.0	0.0	0.0	0.0
hgt	932	GCA.002414805.1.Bacteria.Fibrobacterota	1559.44	0.0	779.72	1863.79	1255.09	0.0	0.0	931.895
los	None	dead	0.0	0.0	0.0	0.0	0.0	0.0	0.0	0.0
hgt	None	dead	0.0	0.0	0.0	0.0	0.0	0.0	0.0	0.0
hgt	None	dead	0.0	0.0	0.0	0.0	0.0	0.0	0.0	0.0
hgt	1323	1319	1708.06	1607.725	1657.8925	1917.5	1498.62	1817.85	1397.6	1657.55
los	None	dead	0.0	0.0	0.0	0.0	0.0	0.0	0.0	0.0
spe	1323	1319	1708.06	1607.725	1657.8925	1917.5	1498.62	1817.85	1397.6	1657.55
spe	1319	1318	1607.725	1519.645	1563.685	1817.85	1397.6	1736.35	1302.94	1560.395
los	1318	1317	1519.645	1148.381	1334.013	1736.35	1302.94	1413.4	883.362	1309.856
spe	1318	1312	1519.645	1284.875	1402.26	1736.35	1302.94	1547.99	1021.76	1379.055
los	1312	GCF.002607855.1.Bacteria.Firmicutes.B	1284.875	0.0	642.4375	1547.99	1021.76	0.0	0.0	773.995
spe	902	901	3405.845	3300.53	3353.1875	3689.17	3122.52	3575.42	3025.64	3357.405
spe	901	900	3300.53	3098.985	3199.7575	3575.42	3025.64	3380.82	2817.15	3196.285
los	900	716	3098.985	2659.235	2879.11	3380.82	2817.15	2943.59	2374.88	2877.85
spe	900	899	3098.985	2936.525	3017.755	3380.82	2817.15	3198.27	2674.78	3027.8
spe	899	743	2936.525	2681.09	2808.8075	3198.27	2674.78	3020.99	2341.19	2769.73
spe	743	721	2681.09	2277.575	2479.3325	3020.99	2341.19	2744.86	1810.29	2415.64
los	721	GCA.003230535.1.Bacteria.SZUA.182	2277.575	0.0	1138.7875	2744.86	1810.29	0.0	0.0	1372.43
spe	721	720	2277.575	1930.555	2104.065	2744.86	1810.29	2446.78	1414.33	2079.595
los	720	GCA.001775255.1.Bacteria.Desulfobacterota.D	1930.555	0.0	965.2775	2446.78	1414.33	0.0	0.0	1223.39
hgt	None	dead	0.0	0.0	0.0	0.0	0.0	0.0	0.0	0.0
los	743	742	2681.09	2393.59	2537.34	3020.99	2341.19	2740.14	2047.04	2534.015
hgt	1720	1719	2510.455	2371.88	2441.1675	2678.67	2342.24	2533.31	2210.45	2444.56
los	None	dead	0.0	0.0	0.0	0.0	0.0	0.0	0.0	0.0
spe	1720	1719	2510.455	2371.88	2441.1675	2678.67	2342.24	2533.31	2210.45	2444.56
spe	1719	1718	2371.88	2232.24	2302.06	2533.31	2210.45	2378.44	2086.04	2309.675
los	1718	1717	2232.24	2064.395	2148.3175	2378.44	2086.04	2238.25	1890.54	2134.49
dup	1718	1704	2232.24	2105.22	2168.73	2378.44	2086.04	2238.26	1972.18	2175.31
spe	1718	1704	2232.24	2105.22	2168.73	2378.44	2086.04	2238.26	1972.18	2175.31
spe	1704	1672	2105.22	1717.695	1911.4575	2238.26	1972.18	2070.17	1365.22	1801.74
los	1672	GCF.000015965.1.Bacteria.Cyanobacteria	1717.695	0.0	858.8475	2070.17	1365.22	0.0	0.0	1035.085
spe	1704	1703	2105.22	2001.35	2053.285	2238.26	1972.18	2116.53	1886.17	2062.215
los	1703	1679	2001.35	1509.135	1755.2425	2116.53	1886.17	1896.29	1121.98	1619.255
spe	1703	1702	2001.35	1938.175	1969.7625	2116.53	1886.17	2044.36	1831.99	1974.26
los	1702	GCF.003838225.1.Bacteria.Cyanobacteria	1938.175	0.0	969.0875	2044.36	1831.99	0.0	0.0	1022.18
spe	1702	1701	1938.175	1887.235	1912.705	2044.36	1831.99	1985.34	1789.13	1916.745
spe	1701	1685	1887.235	1635.52	1761.3775	1985.34	1789.13	1883.48	1387.56	1686.45
los	1685	GCF.000018105.1.Bacteria.Cyanobacteria	1635.52	0.0	817.76	1883.48	1387.56	0.0	0.0	941.74
spe	1685	1684	1635.52	1444.79	1540.155	1883.48	1387.56	1759.1	1130.48	1506.98
los	1684	GCA.001698445.1.Bacteria.Cyanobacteria	1444.79	0.0	722.395	1759.1	1130.48	0.0	0.0	879.55
spe	1701	1700	1887.235	1825.65	1856.4425	1985.34	1789.13	1915.11	1736.19	1860.765
los	1700	1699	1825.65	1773.275	1799.4625	1915.11	1736.19	1850.15	1696.4	1805.755
spe	1700	1688	1825.65	1436.775	1631.2125	1915.11	1736.19	1766.73	1106.82	1510.965
spe	1718	1704	2232.24	2105.22	2168.73	2378.44	2086.04	2238.26	1972.18	2175.31
los	1704	1672	2105.22	1717.695	1911.4575	2238.26	1972.18	2070.17	1365.22	1801.74
spe	1704	1703	2105.22	2001.35	2053.285	2238.26	1972.18	2116.53	1886.17	2062.215
spe	1703	1702	2001.35	1938.175	1969.7625	2116.53	1886.17	2044.36	1831.99	1974.26
spe	1702	1701	1938.175	1887.235	1912.705	2044.36	1831.99	1985.34	1789.13	1916.745
los	1701	1685	1887.235	1635.52	1761.3775	1985.34	1789.13	1883.48	1387.56	1686.45
spe	1701	1700	1887.235	1825.65	1856.4425	1985.34	1789.13	1915.11	1736.19	1860.765
los	1700	1688	1825.65	1436.775	1631.2125	1915.11	1736.19	1766.73	1106.82	1510.965
spe	1700	1699	1825.65	1773.275	1799.4625	1915.11	1736.19	1850.15	1696.4	1805.755
los	1699	GCF.000317045.1.Bacteria.Cyanobacteria	1773.275	0.0	886.6375	1850.15	1696.4	0.0	0.0	925.075
dup	1699	1698	1773.275	1634.795	1704.035	1850.15	1696.4	1669.04	1600.55	1725.35
spe	1699	1698	1773.275	1634.795	1704.035	1850.15	1696.4	1669.04	1600.55	1725.35
los	1698	1692	1634.795	34.435	834.615	1669.04	1600.55	57.4215	11.4485	840.24425
spe	1698	1697	1634.795	920.2075	1277.50125	1669.04	1600.55	1581.01	259.405	964.2225
los	1697	1695	920.2075	795.37	857.78875	1581.01	259.405	1453.6	137.14	859.075
spe	1699	1698	1773.275	1634.795	1704.035	1850.15	1696.4	1669.04	1600.55	1725.35
spe	1698	1692	1634.795	34.435	834.615	1669.04	1600.55	57.4215	11.4485	840.24425
los	1692	Richelia.intracellularis.HM01	34.435	0.0	17.2175	57.4215	11.4485	0.0	0.0	28.71075
spe	1698	1697	1634.795	920.2075	1277.50125	1669.04	1600.55	1581.01	259.405	964.2225
dup	1697	1695	920.2075	795.37	857.78875	1581.01	259.405	1453.6	137.14	859.075
spe	1697	1695	920.2075	795.37	857.78875	1581.01	259.405	1453.6	137.14	859.075
los	1695	Nostoc.sp.PCC7120	795.37	0.0	397.685	1453.6	137.14	0.0	0.0	726.8
spe	1697	1695	920.2075	795.37	857.78875	1581.01	259.405	1453.6	137.14	859.075
spe	1703	1679	2001.35	1509.135	1755.2425	2116.53	1886.17	1896.29	1121.98	1619.255
los	1679	GCF.000473895.1.Bacteria.Cyanobacteria	1509.135	0.0	754.5675	1896.29	1121.98	0.0	0.0	948.145
spe	1679	1678	1509.135	796.3525	1152.74375	1896.29	1121.98	1296.27	296.435	1096.3625
spe	1678	1676	796.3525	163.12655	479.73952	1296.27	296.435	232.712	93.5411	694.90555
spe	899	898	2936.525	2864.305	2900.415	3198.27	2674.78	3119.95	2608.66	2903.465
spe	898	756	2864.305	2320.99	2592.6475	3119.95	2608.66	2718.41	1923.57	2521.76
los	756	GCA.001790645.1.Bacteria.Schekmanbacteria	2320.99	0.0	1160.495	2718.41	1923.57	0.0	0.0	1359.205
spe	756	754	2320.99	2042.42	2181.705	2718.41	1923.57	2408.05	1676.79	2197.6
los	754	746	2042.42	1667.435	1854.9275	2408.05	1676.79	2098.35	1236.52	1822.285
spe	754	753	2042.42	1778.33	1910.375	2408.05	1676.79	2125.97	1430.69	1919.37
los	753	GCA.001803565.1.Bacteria.Nitrospinota.B	1778.33	0.0	889.165	2125.97	1430.69	0.0	0.0	1062.985
spe	753	751	1778.33	1613.625	1695.9775	2125.97	1430.69	1945.94	1281.31	1703.64
los	751	GCA.002500605.1.Bacteria.Nitrospinota	1613.625	0.0	806.8125	1945.94	1281.31	0.0	0.0	972.97
spe	751	749	1613.625	1448.555	1531.09	1945.94	1281.31	1782.86	1114.25	1530.095
los	749	GCA.002705185.1.Bacteria.Nitrospinota	1448.555	0.0	724.2775	1782.86	1114.25	0.0	0.0	891.43
spe	898	897	2864.305	2785.14	2824.7225	3119.95	2608.66	3031.51	2538.77	2829.36
los	897	896	2785.14	2307.21	2546.175	3031.51	2538.77	2775.78	1838.64	2435.075
spe	897	889	2785.14	2616.235	2700.6875	3031.51	2538.77	2841.39	2391.08	2711.295
los	889	843	2616.235	2520.86	2568.5475	2841.39	2391.08	2742.85	2298.87	2570.13
spe	889	888	2616.235	2336.71	2476.4725	2841.39	2391.08	2614.71	2058.71	2450.05
los	888	887	2336.71	2137.8	2237.255	2614.71	2058.71	2389.64	1885.96	2250.335
spe	888	854	2336.71	2075.68	2206.195	2614.71	2058.71	2396.33	1755.03	2184.87
los	854	850	2075.68	2017.715	2046.6975	2396.33	1755.03	2343.11	1692.32	2044.325
spe	854	853	2075.68	1743.175	1909.4275	2396.33	1755.03	2129.35	1357.0	1876.665
los	853	GCA.001797415.1.Bacteria.Desulfobacterota	1743.175	0.0	871.5875	2129.35	1357.0	0.0	0.0	1064.675
spe	901	663	3300.53	3210.05	3255.29	3575.42	3025.64	3476.56	2943.54	3259.48
spe	663	397	3210.05	2713.19	2961.62	3476.56	2943.54	3215.27	2211.11	2843.835
hgt	None	dead	0.0	0.0	0.0	0.0	0.0	0.0	0.0	0.0
los	397	GCF.000526155.1.Bacteria.Desulfobacterota	2713.19	0.0	1356.595	3215.27	2211.11	0.0	0.0	1607.635
hgt	737	733	1863.46	1467.515	1665.4875	2163.3	1563.62	1757.8	1177.23	1670.265
los	None	dead	0.0	0.0	0.0	0.0	0.0	0.0	0.0	0.0
spe	737	733	1863.46	1467.515	1665.4875	2163.3	1563.62	1757.8	1177.23	1670.265
spe	733	732	1467.515	1232.2775	1349.89625	1757.8	1177.23	1527.66	936.895	1347.3475
los	732	GCA.002011735.1.Bacteria.Nitrospirota	1232.2775	0.0	616.13875	1527.66	936.895	0.0	0.0	763.83
spe	397	396	2713.19	2315.495	2514.3425	3215.27	2211.11	2856.45	1774.54	2494.905
spe	396	395	2315.495	1504.32	1909.9075	2856.45	1774.54	1938.87	1069.77	1963.11
los	395	GCF.000487995.1.Bacteria.Deferribacterota	1504.32	0.0	752.16	1938.87	1069.77	0.0	0.0	969.435
spe	663	662	3210.05	3126.015	3168.0325	3476.56	2943.54	3383.83	2868.2	3172.38
los	662	400	3126.015	1933.765	2529.89	3383.83	2868.2	2579.57	1287.96	2335.895
spe	662	661	3126.015	3067.985	3097.0	3383.83	2868.2	3322.98	2812.99	3098.41
spe	661	660	3067.985	2386.55	2727.2675	3322.98	2812.99	2810.74	1962.36	2642.67
los	660	GCA.002395105.1.Bacteria.Proteobacteria	2386.55	0.0	1193.275	2810.74	1962.36	0.0	0.0	1405.37
hgt	None	dead	0.0	0.0	0.0	0.0	0.0	0.0	0.0	0.0
hgt	846	GCF.001611275.1.Bacteria.Desulfobacterota	1673.82	0.0	836.91	2082.2	1265.44	0.0	0.0	1041.1
los	None	dead	0.0	0.0	0.0	0.0	0.0	0.0	0.0	0.0
spe	660	659	2386.55	1329.6085	1858.07925	2810.74	1962.36	1758.41	900.807	1855.7735
los	659	GCF.000021725.1.Bacteria.Campylobacterota	1329.6085	0.0	664.80425	1758.41	900.807	0.0	0.0	879.205
spe	661	655	3067.985	2988.07	3028.0275	3322.98	2812.99	3234.75	2741.39	3032.185
los	655	403	2988.07	2061.575	2524.8225	3234.75	2741.39	2630.37	1492.78	2363.765
spe	655	654	2988.07	2847.715	2917.8925	3234.75	2741.39	3085.46	2609.97	2922.36
spe	654	653	2847.715	2587.485	2717.6	3085.46	2609.97	2815.0	2359.97	2722.715
los	653	GCF.001399755.1.Bacteria.Proteobacteria	2587.485	0.0	1293.7425	2815.0	2359.97	0.0	0.0	1407.5
hgt	None	dead	0.0	0.0	0.0	0.0	0.0	0.0	0.0	0.0
hgt	736	GCA.001803795.1.Bacteria.Nitrospirota	1526.965	0.0	763.4825	1902.65	1151.28	0.0	0.0	951.325
los	None	dead	0.0	0.0	0.0	0.0	0.0	0.0	0.0	0.0
spe	653	652	2587.485	2416.38	2501.9325	2815.0	2359.97	2632.34	2200.42	2507.71
los	652	526	2416.38	1930.815	2173.5975	2632.34	2200.42	2270.04	1591.59	2111.965
hgt	None	dead	0.0	0.0	0.0	0.0	0.0	0.0	0.0	0.0
hgt	837	GCA.001768075.1.Bacteria.Myxococcota	1472.175	0.0	736.0875	1791.61	1152.74	0.0	0.0	895.805
los	None	dead	0.0	0.0	0.0	0.0	0.0	0.0	0.0	0.0
spe	652	651	2416.38	2271.59	2343.985	2632.34	2200.42	2470.47	2072.71	2352.525
los	651	533	2271.59	1932.55	2102.07	2470.47	2072.71	2227.11	1637.99	2054.23
spe	651	650	2271.59	2175.61	2223.6	2470.47	2072.71	2365.28	1985.94	2228.205
spe	650	536	2175.61	1675.53	1925.57	2365.28	1985.94	2101.36	1249.7	1807.49
los	536	GCF.002940605.1.Bacteria.Proteobacteria	1675.53	0.0	837.765	2101.36	1249.7	0.0	0.0	1050.68
spe	650	649	2175.61	2098.745	2137.1775	2365.28	1985.94	2281.8	1915.69	2140.485
los	649	543	2098.745	1839.06	1968.9025	2281.8	1915.69	2104.01	1574.11	1927.955
hgt	None	dead	0.0	0.0	0.0	0.0	0.0	0.0	0.0	0.0
hgt	483	482	1836.685	1750.105	1793.395	1999.79	1673.58	1912.36	1587.85	1793.82
hgt	495	GCF.003173035.1.Bacteria.Proteobacteria	1237.1635	0.0	618.58175	1474.36	999.967	0.0	0.0	737.18
los	None	dead	0.0	0.0	0.0	0.0	0.0	0.0	0.0	0.0
spe	483	482	1836.685	1750.105	1793.395	1999.79	1673.58	1912.36	1587.85	1793.82
spe	482	458	1750.105	1624.365	1687.235	1912.36	1587.85	1810.7	1438.03	1675.195
los	458	456	1624.365	1476.57	1550.4675	1810.7	1438.03	1673.09	1280.05	1545.375
spe	482	481	1750.105	1674.98	1712.5425	1912.36	1587.85	1835.32	1514.64	1713.5
los	481	480	1674.98	1549.46	1612.22	1835.32	1514.64	1716.36	1382.56	1608.94
spe	481	469	1674.98	1543.27	1609.125	1835.32	1514.64	1718.34	1368.2	1601.76
los	469	468	1543.27	1359.195	1451.2325	1718.34	1368.2	1556.34	1162.05	1440.195
spe	469	463	1543.27	1394.155	1468.7125	1718.34	1368.2	1606.24	1182.07	1450.205
los	463	GCF.002251795.1.Bacteria.Proteobacteria	1394.155	0.0	697.0775	1606.24	1182.07	0.0	0.0	803.12
spe	463	462	1394.155	1117.2015	1255.67825	1606.24	1182.07	1403.11	831.293	1218.7665
spe	649	648	2098.745	2020.585	2059.665	2281.8	1915.69	2196.19	1844.98	2063.39
los	648	562	2020.585	1844.995	1932.79	2196.19	1844.98	2036.09	1653.9	1925.045
spe	648	647	2020.585	1948.805	1984.695	2196.19	1844.98	2118.06	1779.55	1987.87
spe	647	571	1948.805	1706.635	1827.72	2118.06	1779.55	1950.26	1463.01	1790.535
los	571	565	1706.635	1414.39	1560.5125	1950.26	1463.01	1716.39	1112.39	1531.325
spe	571	570	1706.635	1535.435	1621.035	1950.26	1463.01	1809.94	1260.93	1605.595
los	570	GCA.002255365.1.Bacteria.Proteobacteria	1535.435	0.0	767.7175	1809.94	1260.93	0.0	0.0	904.97
spe	570	568	1535.435	1379.435	1457.435	1809.94	1260.93	1661.92	1096.95	1453.445
los	568	GCF.001051235.1.Bacteria.Proteobacteria	1379.435	0.0	689.7175	1661.92	1096.95	0.0	0.0	830.96
spe	647	646	1948.805	1902.685	1925.745	2118.06	1779.55	2069.61	1735.76	1926.91
los	646	588	1902.685	1773.33	1838.0075	2069.61	1735.76	1953.51	1593.15	1831.38
spe	646	645	1902.685	1840.255	1871.47	2069.61	1735.76	2005.54	1674.97	1872.29
los	645	631	1840.255	1777.47	1808.8625	2005.54	1674.97	1936.32	1618.62	1812.08
spe	645	644	1840.255	1647.11	1743.6825	2005.54	1674.97	1863.23	1430.99	1718.265
los	644	643	1647.11	1467.95	1557.53	1863.23	1430.99	1701.45	1234.45	1548.84
hgt	None	dead	0.0	0.0	0.0	0.0	0.0	0.0	0.0	0.0
spe	644	636	1647.11	1555.685	1601.3975	1863.23	1430.99	1786.38	1324.99	1594.11
los	636	GCA.002840095.1.Bacteria.Proteobacteria	1555.685	0.0	777.8425	1786.38	1324.99	0.0	0.0	893.19
spe	636	634	1555.685	1386.92	1471.3025	1786.38	1324.99	1651.6	1122.24	1454.31
los	634	GCF.002020875.1.Bacteria.Proteobacteria	1386.92	0.0	693.46	1651.6	1122.24	0.0	0.0	825.8
hgt	498	GCF.000192575.1.Bacteria.Proteobacteria	1261.48	0.0	630.74	1455.41	1067.55	0.0	0.0	727.705
los	None	dead	0.0	0.0	0.0	0.0	0.0	0.0	0.0	0.0
spe	654	520	2847.715	2756.655	2802.185	3085.46	2609.97	2992.66	2520.65	2803.055
spe	520	406	2756.655	2159.8	2458.2275	2992.66	2520.65	2741.58	1578.02	2285.34
hgt	None	dead	0.0	0.0	0.0	0.0	0.0	0.0	0.0	0.0
los	406	GCF.002795805.1.Bacteria.Proteobacteria	2159.8	0.0	1079.9	2741.58	1578.02	0.0	0.0	1370.79
hgt	636	GCA.002840095.1.Bacteria.Proteobacteria	1555.685	0.0	777.8425	1786.38	1324.99	0.0	0.0	893.19
los	None	dead	0.0	0.0	0.0	0.0	0.0	0.0	0.0	0.0
spe	520	519	2756.655	2611.035	2683.845	2992.66	2520.65	2836.91	2385.16	2688.91
los	519	518	2611.035	2442.195	2526.615	2836.91	2385.16	2659.56	2224.83	2530.87
hgt	None	dead	0.0	0.0	0.0	0.0	0.0	0.0	0.0	0.0
hgt	542	GCA.002352565.1.Bacteria.Proteobacteria	1583.705	0.0	791.8525	1912.35	1255.06	0.0	0.0	956.175
los	None	dead	0.0	0.0	0.0	0.0	0.0	0.0	0.0	0.0
dup	None	dead	0.0	0.0	0.0	0.0	0.0	0.0	0.0	0.0
hgt	1173	GCA.002897715.1.Bacteria.Actinobacteriota	1376.77	0.0	688.385	1664.76	1088.78	0.0	0.0	832.38
los	None	dead	0.0	0.0	0.0	0.0	0.0	0.0	0.0	0.0
hgt	1271	1270	1755.96	1598.315	1677.1375	1960.31	1551.61	1803.53	1393.1	1676.705
hgt	84	GCF.000970205.1.Archaea.Halobacteriota	1169.197	0.0	584.5985	1403.93	934.464	0.0	0.0	701.965
los	None	dead	0.0	0.0	0.0	0.0	0.0	0.0	0.0	0.0
hgt	1289	1288	1989.36	1620.075	1804.7175	2274.49	1704.23	1888.5	1351.65	1813.07
spe	1271	1270	1755.96	1598.315	1677.1375	1960.31	1551.61	1803.53	1393.1	1676.705
spe	1270	1264	1598.315	1360.255	1479.285	1803.53	1393.1	1585.16	1135.35	1469.44
los	1264	GCA.900317035.1.Bacteria.Firmicutes.A	1360.255	0.0	680.1275	1585.16	1135.35	0.0	0.0	792.58
spe	1264	1263	1360.255	1096.349	1228.302	1585.16	1135.35	1366.33	826.368	1205.764
los	1263	GCA.002308775.1.Bacteria.Firmicutes.A	1096.349	0.0	548.1745	1366.33	826.368	0.0	0.0	683.165
spe	1270	1269	1598.315	1451.62	1524.9675	1803.53	1393.1	1671.19	1232.05	1517.79
los	1269	1268	1451.62	1275.485	1363.5525	1671.19	1232.05	1498.58	1052.39	1361.79
hgt	None	dead	0.0	0.0	0.0	0.0	0.0	0.0	0.0	0.0
hgt	1350	GCF.001742305.1.Bacteria.Firmicutes	1481.1	0.0	740.55	1809.84	1152.36	0.0	0.0	904.92
los	None	dead	0.0	0.0	0.0	0.0	0.0	0.0	0.0	0.0
spe	1289	1288	1989.36	1620.075	1804.7175	2274.49	1704.23	1888.5	1351.65	1813.07
hgt	1312	GCF.002607855.1.Bacteria.Firmicutes.B	1284.875	0.0	642.4375	1547.99	1021.76	0.0	0.0	773.995
spe	1288	1287	1620.075	1424.27	1522.1725	1888.5	1351.65	1673.04	1175.5	1532.0
los	1287	GCA.002329525.1.Bacteria.Firmicutes.C	1424.27	0.0	712.135	1673.04	1175.5	0.0	0.0	836.52
spe	1287	1285	1424.27	1338.6	1381.435	1673.04	1175.5	1586.21	1090.99	1382.015
los	1285	1284	1338.6	1065.8455	1202.22275	1586.21	1090.99	1351.63	780.061	1183.1355
spe	1285	1281	1338.6	1109.4215	1224.01075	1586.21	1090.99	1419.04	799.803	1193.0065
spe	1281	1280	1109.4215	950.2895	1029.8555	1419.04	799.803	1302.52	598.059	1008.5495
spe	902	390	3405.845	3029.745	3217.795	3689.17	3122.52	3379.02	2680.47	3184.82
los	390	GCA.002780065.1.Bacteria.UBA8481	3029.745	0.0	1514.8725	3379.02	2680.47	0.0	0.0	1689.51
spe	390	389	3029.745	2648.15	2838.9475	3379.02	2680.47	2985.91	2310.39	2844.705
los	389	371	2648.15	2295.32	2471.735	2985.91	2310.39	2711.63	1879.01	2432.46
spe	389	388	2648.15	2422.78	2535.465	2985.91	2310.39	2738.78	2106.78	2546.345
spe	388	387	2422.78	2192.38	2307.58	2738.78	2106.78	2512.33	1872.43	2305.605
spe	387	383	2192.38	1799.86	1996.12	2512.33	1872.43	2104.95	1494.77	2003.55
los	383	381	1799.86	1432.255	1616.0575	2104.95	1494.77	1711.82	1152.69	1628.82
spe	387	386	2192.38	1753.72	1973.05	2512.33	1872.43	2160.86	1346.58	1929.455
los	386	GCA.002450905.1.Bacteria.Spirochaetota	1753.72	0.0	876.86	2160.86	1346.58	0.0	0.0	1080.43
spe	388	376	2422.78	1994.345	2208.5625	2738.78	2106.78	2379.5	1609.19	2173.985
hgt	None	dead	0.0	0.0	0.0	0.0	0.0	0.0	0.0	0.0
los	376	374	1994.345	1504.65	1749.4975	2379.5	1609.19	1879.98	1129.32	1754.41
hgt	895	GCA.000739515.1.Bacteria.Moduliflexota	1810.42	0.0	905.21	2358.35	1262.49	0.0	0.0	1179.175
hgt	883	GCA.000961655.1.Bacteria.Desulfobacterota	1311.85	0.0	655.925	1564.19	1059.51	0.0	0.0	782.095
los	None	dead	0.0	0.0	0.0	0.0	0.0	0.0	0.0	0.0
hgt	None	dead	0.0	0.0	0.0	0.0	0.0	0.0	0.0	0.0
hgt	1651	GCA.003242895.1.Bacteria.Margulisbacteria	1776.02	0.0	888.01	2230.5	1321.54	0.0	0.0	1115.25
los	None	dead	0.0	0.0	0.0	0.0	0.0	0.0	0.0	0.0
