event	left_node	right_node	left_date	right_date	midpoint_date	left_date_lower	left_date_upper	right_date_lower	right_date_upper	midpoint_date_all
spe	None	1728	0.0	0.0	0.0	0.0	0.0	0.0	0.0	0.0
spe	1728	180	0.0	3318.57	1659.285	0.0	0.0	3511.11	3126.03	1563.015
spe	180	179	3318.57	3274.245	3296.4075	3511.11	3126.03	3465.96	3082.53	3296.82
los	179	23	3274.245	3029.29	3151.7675	3465.96	3082.53	3285.29	2773.29	3119.625
spe	179	178	3274.245	3153.655	3213.95	3465.96	3082.53	3350.0	2957.31	3211.635
spe	178	177	3153.655	2975.235	3064.445	3350.0	2957.31	3172.02	2778.45	3064.225
spe	177	176	2975.235	2798.9	2887.0675	3172.02	2778.45	2996.96	2600.84	2886.43
los	176	140	2798.9	2626.73	2712.815	2996.96	2600.84	2837.91	2415.55	2706.255
spe	176	175	2798.9	2653.515	2726.2075	2996.96	2600.84	2862.53	2444.5	2720.73
los	175	174	2653.515	2527.615	2590.565	2862.53	2444.5	2745.47	2309.76	2586.145
spe	175	143	2653.515	1902.65	2278.0825	2862.53	2444.5	2361.92	1443.38	2152.955
los	143	GCA.001563325.1.Archaea.Asgardarchaeota	1902.65	0.0	951.325	2361.92	1443.38	0.0	0.0	1180.96
spe	177	95	2975.235	2751.94	2863.5875	3172.02	2778.45	2968.59	2535.29	2853.655
los	95	39	2751.94	2176.73	2464.335	2968.59	2535.29	2662.29	1691.17	2329.88
spe	95	94	2751.94	2705.465	2728.7025	2968.59	2535.29	2926.2	2484.73	2726.66
los	94	42	2705.465	2027.525	2366.495	2926.2	2484.73	2532.54	1522.51	2224.355
spe	94	93	2705.465	2558.825	2632.145	2926.2	2484.73	2775.71	2341.94	2634.07
los	93	GCF.000025525.1.Archaea.Methanobacteriota.A	2558.825	0.0	1279.4125	2775.71	2341.94	0.0	0.0	1387.855
spe	93	92	2558.825	2447.115	2502.97	2775.71	2341.94	2665.58	2228.65	2502.18
spe	92	70	2447.115	2126.625	2286.87	2665.58	2228.65	2338.09	1915.16	2290.37
los	70	54	2126.625	1938.605	2032.615	2338.09	1915.16	2167.1	1710.11	2024.1
spe	70	69	2126.625	1947.51	2037.0675	2338.09	1915.16	2163.01	1732.01	2035.05
los	69	68	1947.51	1695.025	1821.2675	2163.01	1732.01	1934.33	1455.72	1809.365
spe	69	61	1947.51	1811.47	1879.49	2163.01	1732.01	2045.17	1577.77	1870.39
los	61	GCA.002497685.1.Archaea.Thermoplasmatota	1811.47	0.0	905.735	2045.17	1577.77	0.0	0.0	1022.585
spe	61	60	1811.47	1534.115	1672.7925	2045.17	1577.77	1781.72	1286.51	1665.84
los	60	GCF.002078355.1.Archaea.Thermoplasmatota	1534.115	0.0	767.0575	1781.72	1286.51	0.0	0.0	890.86
spe	60	59	1534.115	1276.445	1405.28	1781.72	1286.51	1522.67	1030.22	1405.97
los	59	GCA.002011395.1.Archaea.Thermoplasmatota	1276.445	0.0	638.2225	1522.67	1030.22	0.0	0.0	761.335
spe	92	91	2447.115	2166.265	2306.69	2665.58	2228.65	2401.72	1930.81	2298.195
los	91	90	2166.265	1969.495	2067.88	2401.72	1930.81	2197.74	1741.25	2071.485
spe	178	32	3153.655	2402.345	2778.0	3350.0	2957.31	2862.85	1941.84	2645.92
hgt	None	dead	0.0	0.0	0.0	0.0	0.0	0.0	0.0	0.0
los	32	31	2402.345	1919.745	2161.045	2862.85	1941.84	2381.01	1458.48	2160.665
hgt	853	GCA.003232385.1.Bacteria.SZUA.79	1743.175	0.0	871.5875	2129.35	1357.0	0.0	0.0	1064.675
los	None	dead	0.0	0.0	0.0	0.0	0.0	0.0	0.0	0.0
spe	32	26	2402.345	790.375	1596.36	2862.85	1941.84	1278.57	302.18	1582.515
hgt	70	54	2126.625	1938.605	2032.615	2338.09	1915.16	2167.1	1710.11	2024.1
hgt	107	GCA.001717025.1.Archaea.Thermoproteota	1515.18	0.0	757.59	1853.29	1177.07	0.0	0.0	926.645
hgt	118	116	1643.115	1108.5585	1375.83675	1910.17	1376.06	1411.12	805.997	1358.0835
los	180	GCA.001889985.1.Archaea.Micrarchaeota	3318.57	0.0	1659.285	3511.11	3126.03	0.0	0.0	1755.555
spe	118	116	1643.115	1108.5585	1375.83675	1910.17	1376.06	1411.12	805.997	1358.0835
hgt	356	GCA.001828445.1.Bacteria.Planctomycetota	1629.915	0.0	814.9575	2024.86	1234.97	0.0	0.0	1012.43
spe	70	54	2126.625	1938.605	2032.615	2338.09	1915.16	2167.1	1710.11	2024.1
spe	54	53	1938.605	1580.44	1759.5225	2167.1	1710.11	1846.71	1314.17	1740.635
hgt	137	GCA.002255045.1.Archaea.Thermoproteota	2168.41	0.0	1084.205	2408.53	1928.29	0.0	0.0	1204.265
los	53	52	1580.44	1320.27	1450.355	1846.71	1314.17	1581.03	1059.51	1453.11
spe	54	48	1938.605	1716.14	1827.3725	2167.1	1710.11	1982.66	1449.62	1808.36
los	48	GCA.003009755.1.Archaea.Thermoplasmatota	1716.14	0.0	858.07	1982.66	1449.62	0.0	0.0	991.33
spe	48	47	1716.14	1480.595	1598.3675	1982.66	1449.62	1786.51	1174.68	1578.67
spe	1728	1727	0.0	3922.83	1961.415	0.0	0.0	4279.81	3565.85	1782.925
spe	1727	1726	3922.83	3874.525	3898.6775	4279.81	3565.85	4213.25	3535.8	3907.805
spe	1726	1725	3874.525	3797.605	3836.065	4213.25	3535.8	4126.01	3469.2	3841.225
hgt	None	dead	0.0	0.0	0.0	0.0	0.0	0.0	0.0	0.0
hgt	1360	GCF.002902625.1.Bacteria.Firmicutes	1258.375	0.0	629.1875	1500.04	1016.71	0.0	0.0	750.02
los	None	dead	0.0	0.0	0.0	0.0	0.0	0.0	0.0	0.0
hgt	None	dead	0.0	0.0	0.0	0.0	0.0	0.0	0.0	0.0
los	1725	1724	3797.605	3674.455	3736.03	4126.01	3469.2	3987.9	3361.01	3743.51
hgt	1284	GCF.001553315.1.Bacteria.Firmicutes.C	1065.8455	0.0	532.92275	1351.63	780.061	0.0	0.0	675.815
los	None	dead	0.0	0.0	0.0	0.0	0.0	0.0	0.0	0.0
spe	1725	1393	3797.605	3319.26	3558.4325	4126.01	3469.2	3693.81	2944.71	3535.36
los	1393	1392	3319.26	3133.075	3226.1675	3693.81	2944.71	3469.76	2796.39	3245.1
spe	1393	1129	3319.26	2723.85	3021.555	3693.81	2944.71	3115.19	2332.51	3013.16
los	1129	1101	2723.85	2538.56	2631.205	3115.19	2332.51	2973.67	2103.45	2609.32
spe	1129	1128	2723.85	2537.965	2630.9075	3115.19	2332.51	2911.99	2163.94	2639.565
hgt	None	dead	0.0	0.0	0.0	0.0	0.0	0.0	0.0	0.0
hgt	334	GCA.002338715.1.Bacteria.Planctomycetota	1547.105	0.0	773.5525	1802.02	1292.19	0.0	0.0	901.01
los	None	dead	0.0	0.0	0.0	0.0	0.0	0.0	0.0	0.0
hgt	743	742	2681.09	2393.59	2537.34	3020.99	2341.19	2740.14	2047.04	2534.015
hgt	681	GCA.002712885.1.Bacteria.Acidobacteriota	1727.015	0.0	863.5075	2032.78	1421.25	0.0	0.0	1016.39
spe	743	742	2681.09	2393.59	2537.34	3020.99	2341.19	2740.14	2047.04	2534.015
hgt	None	dead	0.0	0.0	0.0	0.0	0.0	0.0	0.0	0.0
dup	None	dead	0.0	0.0	0.0	0.0	0.0	0.0	0.0	0.0
hgt	1180	GCF.001029505.1.Bacteria.Actinobacteriota	1876.995	0.0	938.4975	2165.65	1588.34	0.0	0.0	1082.825
los	None	dead	0.0	0.0	0.0	0.0	0.0	0.0	0.0	0.0
hgt	807	GCA.002789955.1.Bacteria.Myxococcota	1389.97	0.0	694.985	1659.67	1120.27	0.0	0.0	829.835
los	None	dead	0.0	0.0	0.0	0.0	0.0	0.0	0.0	0.0
hgt	None	dead	0.0	0.0	0.0	0.0	0.0	0.0	0.0	0.0
hgt	825	GCA.003170275.1.Bacteria.Myxococcota	1134.553	0.0	567.2765	1400.01	869.096	0.0	0.0	700.005
los	None	dead	0.0	0.0	0.0	0.0	0.0	0.0	0.0	0.0
spe	742	738	2393.59	2076.07	2234.83	2740.14	2047.04	2381.91	1770.23	2255.185
spe	738	728	2076.07	1746.94	1911.505	2381.91	1770.23	2055.81	1438.07	1909.99
spe	728	727	1746.94	1484.11	1615.525	2055.81	1438.07	1827.43	1140.79	1598.3
hgt	1116	GCA.002435745.1.Bacteria.UBP15	1799.18	0.0	899.59	2205.43	1392.93	0.0	0.0	1102.715
los	727	GCA.001805205.1.Bacteria.Nitrospirota	1484.11	0.0	742.055	1827.43	1140.79	0.0	0.0	913.715
hgt	275	274	2298.405	1625.32	1961.8625	2814.32	1782.49	2112.15	1138.49	1976.405
los	728	724	1746.94	1396.405	1571.6725	2055.81	1438.07	1709.69	1083.12	1569.465
spe	275	274	2298.405	1625.32	1961.8625	2814.32	1782.49	2112.15	1138.49	1976.405
hgt	1444	GCA.003451595.1.Bacteria.Chloroflexota	1386.06	0.0	693.03	1673.58	1098.54	0.0	0.0	836.79
hgt	1437	GCA.002702065.1.Bacteria.Chloroflexota	1158.264	0.0	579.132	1381.67	934.858	0.0	0.0	690.835
hgt	798	797	2124.995	1832.825	1978.91	2377.41	1872.58	2092.41	1573.24	1975.325
hgt	None	dead	0.0	0.0	0.0	0.0	0.0	0.0	0.0	0.0
hgt	1385	1384	2240.33	2049.01	2144.67	2474.59	2006.07	2270.99	1827.03	2150.81
spe	738	737	2076.07	1863.46	1969.765	2381.91	1770.23	2163.3	1563.62	1972.765
hgt	1377	GCF.001618145.1.Bacteria.Firmicutes	1551.145	0.0	775.5725	1743.39	1358.9	0.0	0.0	871.695
los	737	733	1863.46	1467.515	1665.4875	2163.3	1563.62	1757.8	1177.23	1670.265
spe	737	736	1863.46	1526.965	1695.2125	2163.3	1563.62	1902.65	1151.28	1657.29
los	736	GCA.003454665.1.Bacteria.Nitrospirota	1526.965	0.0	763.4825	1902.65	1151.28	0.0	0.0	951.325
hgt	None	dead	0.0	0.0	0.0	0.0	0.0	0.0	0.0	0.0
spe	1385	1384	2240.33	2049.01	2144.67	2474.59	2006.07	2270.99	1827.03	2150.81
spe	1384	1338	2049.01	1549.595	1799.3025	2270.99	1827.03	1917.57	1181.62	1726.305
los	1338	1337	1549.595	1365.895	1457.745	1917.57	1181.62	1723.9	1007.89	1462.73
spe	1384	1383	2049.01	1971.49	2010.25	2270.99	1827.03	2185.06	1757.92	2014.455
los	1383	1341	1971.49	1523.81	1747.65	2185.06	1757.92	1926.97	1120.65	1652.855
spe	1383	1382	1971.49	1907.445	1939.4675	2185.06	1757.92	2119.76	1695.13	1940.095
spe	1382	1344	1907.445	1520.89	1714.1675	2119.76	1695.13	1933.44	1108.34	1614.05
los	1344	GCA.002159075.1.Bacteria.Firmicutes	1520.89	0.0	760.445	1933.44	1108.34	0.0	0.0	966.72
spe	1382	1381	1907.445	1843.345	1875.395	2119.76	1695.13	2050.47	1636.22	1877.99
los	1381	1351	1843.345	1688.26	1765.8025	2050.47	1636.22	1952.2	1424.32	1737.395
spe	1381	1380	1843.345	1785.675	1814.51	2050.47	1636.22	1991.06	1580.29	1815.38
spe	1380	1379	1785.675	1743.235	1764.455	1991.06	1580.29	1945.76	1540.71	1765.885
spe	1379	1355	1743.235	1426.77	1585.0025	1945.76	1540.71	1769.44	1084.1	1514.93
los	1355	GCF.000503775.1.Bacteria.Firmicutes	1426.77	0.0	713.385	1769.44	1084.1	0.0	0.0	884.72
hgt	None	dead	0.0	0.0	0.0	0.0	0.0	0.0	0.0	0.0
los	1379	1378	1743.235	1618.42	1680.8275	1945.76	1540.71	1816.1	1420.74	1683.25
hgt	1341	GCF.001311905.1.Bacteria.Firmicutes	1523.81	0.0	761.905	1926.97	1120.65	0.0	0.0	963.485
los	None	dead	0.0	0.0	0.0	0.0	0.0	0.0	0.0	0.0
dup	None	dead	0.0	0.0	0.0	0.0	0.0	0.0	0.0	0.0
hgt	895	GCA.000739515.1.Bacteria.Moduliflexota	1810.42	0.0	905.21	2358.35	1262.49	0.0	0.0	1179.175
los	None	dead	0.0	0.0	0.0	0.0	0.0	0.0	0.0	0.0
hgt	1355	GCF.000503775.1.Bacteria.Firmicutes	1426.77	0.0	713.385	1769.44	1084.1	0.0	0.0	884.72
los	None	dead	0.0	0.0	0.0	0.0	0.0	0.0	0.0	0.0
dup	None	dead	0.0	0.0	0.0	0.0	0.0	0.0	0.0	0.0
dup	None	dead	0.0	0.0	0.0	0.0	0.0	0.0	0.0	0.0
hgt	746	GCA.002238965.1.Bacteria.UBA8248	1667.435	0.0	833.7175	2098.35	1236.52	0.0	0.0	1049.175
los	None	dead	0.0	0.0	0.0	0.0	0.0	0.0	0.0	0.0
dup	None	dead	0.0	0.0	0.0	0.0	0.0	0.0	0.0	0.0
hgt	1467	GCA.002440805.1.Bacteria.Chloroflexota	1431.56	0.0	715.78	1750.93	1112.19	0.0	0.0	875.465
los	None	dead	0.0	0.0	0.0	0.0	0.0	0.0	0.0	0.0
dup	None	dead	0.0	0.0	0.0	0.0	0.0	0.0	0.0	0.0
hgt	1032	GCA.002727195.1.Bacteria.Latescibacterota	1430.62	0.0	715.31	1762.83	1098.41	0.0	0.0	881.415
los	None	dead	0.0	0.0	0.0	0.0	0.0	0.0	0.0	0.0
hgt	332	GCA.002704825.1.Bacteria.Planctomycetota	1114.632	0.0	557.316	1388.09	841.174	0.0	0.0	694.045
los	None	dead	0.0	0.0	0.0	0.0	0.0	0.0	0.0	0.0
hgt	1702	1701	1938.175	1887.235	1912.705	2044.36	1831.99	1985.34	1789.13	1916.745
los	None	dead	0.0	0.0	0.0	0.0	0.0	0.0	0.0	0.0
dup	1702	1701	1938.175	1887.235	1912.705	2044.36	1831.99	1985.34	1789.13	1916.745
spe	1702	1701	1938.175	1887.235	1912.705	2044.36	1831.99	1985.34	1789.13	1916.745
spe	1701	1685	1887.235	1635.52	1761.3775	1985.34	1789.13	1883.48	1387.56	1686.45
los	1685	GCF.000018105.1.Bacteria.Cyanobacteria	1635.52	0.0	817.76	1883.48	1387.56	0.0	0.0	941.74
spe	1685	1684	1635.52	1444.79	1540.155	1883.48	1387.56	1759.1	1130.48	1506.98
hgt	1672	GCF.002251945.1.Bacteria.Cyanobacteria	1717.695	0.0	858.8475	2070.17	1365.22	0.0	0.0	1035.085
hgt	1678	GCF.000017845.1.Bacteria.Cyanobacteria	796.3525	0.0	398.17625	1296.27	296.435	0.0	0.0	648.135
spe	1701	1700	1887.235	1825.65	1856.4425	1985.34	1789.13	1915.11	1736.19	1860.765
los	1700	1688	1825.65	1436.775	1631.2125	1915.11	1736.19	1766.73	1106.82	1510.965
spe	1700	1699	1825.65	1773.275	1799.4625	1915.11	1736.19	1850.15	1696.4	1805.755
spe	1699	1698	1773.275	1634.795	1704.035	1850.15	1696.4	1669.04	1600.55	1725.35
los	1698	1692	1634.795	34.435	834.615	1669.04	1600.55	57.4215	11.4485	840.24425
spe	1698	1697	1634.795	920.2075	1277.50125	1669.04	1600.55	1581.01	259.405	964.2225
spe	1697	1695	920.2075	795.37	857.78875	1581.01	259.405	1453.6	137.14	859.075
spe	1702	1701	1938.175	1887.235	1912.705	2044.36	1831.99	1985.34	1789.13	1916.745
los	1701	1685	1887.235	1635.52	1761.3775	1985.34	1789.13	1883.48	1387.56	1686.45
spe	1701	1700	1887.235	1825.65	1856.4425	1985.34	1789.13	1915.11	1736.19	1860.765
los	1700	1699	1825.65	1773.275	1799.4625	1915.11	1736.19	1850.15	1696.4	1805.755
spe	1700	1688	1825.65	1436.775	1631.2125	1915.11	1736.19	1766.73	1106.82	1510.965
dup	798	797	2124.995	1832.825	1978.91	2377.41	1872.58	2092.41	1573.24	1975.325
spe	798	797	2124.995	1832.825	1978.91	2377.41	1872.58	2092.41	1573.24	1975.325
los	797	GCA.002311335.1.Bacteria.Desulfobacterota.B	1832.825	0.0	916.4125	2092.41	1573.24	0.0	0.0	1046.205
spe	797	796	1832.825	1652.795	1742.81	2092.41	1573.24	1900.16	1405.43	1748.92
los	796	GCA.002238415.1.Bacteria.Desulfobacterota.B	1652.795	0.0	826.3975	1900.16	1405.43	0.0	0.0	950.08
spe	796	795	1652.795	1481.005	1566.9	1900.16	1405.43	1717.52	1244.49	1572.325
los	795	794	1481.005	1350.25	1415.6275	1717.52	1244.49	1609.55	1090.95	1404.235
spe	795	791	1481.005	1228.3465	1354.67575	1717.52	1244.49	1482.5	974.193	1345.8565
hgt	1020	GCA.001780165.1.Bacteria.Eisenbacteria	1410.39	0.0	705.195	1757.86	1062.92	0.0	0.0	878.93
hgt	709	GCA.003223145.1.Bacteria.Acidobacteriota	1397.765	0.0	698.8825	1717.19	1078.34	0.0	0.0	858.595
hgt	65	GCA.001800745.1.Archaea.Thermoplasmatota	1261.09	0.0	630.545	1500.52	1021.66	0.0	0.0	750.26
spe	798	797	2124.995	1832.825	1978.91	2377.41	1872.58	2092.41	1573.24	1975.325
hgt	837	GCA.001768075.1.Bacteria.Myxococcota	1472.175	0.0	736.0875	1791.61	1152.74	0.0	0.0	895.805
hgt	1341	GCF.001653195.1.Bacteria.Firmicutes	1523.81	0.0	761.905	1926.97	1120.65	0.0	0.0	963.485
spe	797	796	1832.825	1652.795	1742.81	2092.41	1573.24	1900.16	1405.43	1748.92
hgt	720	GCA.002347965.1.Bacteria.UBA2233	1930.555	0.0	965.2775	2446.78	1414.33	0.0	0.0	1223.39
hgt	339	GCA.002311745.1.Bacteria.Planctomycetota	1559.885	0.0	779.9425	1829.43	1290.34	0.0	0.0	914.715
los	796	795	1652.795	1481.005	1566.9	1900.16	1405.43	1717.52	1244.49	1572.325
spe	742	741	2393.59	1693.345	2043.4675	2740.14	2047.04	2199.48	1187.21	1963.675
hgt	1426	GCF.001953175.1.Bacteria.Chloroflexota	1994.025	0.0	997.0125	2287.24	1700.81	0.0	0.0	1143.62
hgt	326	GCF.900129635.1.Bacteria.Planctomycetota	1208.648	0.0	604.324	1527.79	889.506	0.0	0.0	763.895
hgt	68	GCA.002495185.1.Archaea.Thermoplasmatota	1695.025	0.0	847.5125	1934.33	1455.72	0.0	0.0	967.165
spe	1128	1127	2537.965	2426.2	2482.0825	2911.99	2163.94	2768.99	2083.41	2497.7
hgt	None	dead	0.0	0.0	0.0	0.0	0.0	0.0	0.0	0.0
los	1127	1113	2426.2	2045.295	2235.7475	2768.99	2083.41	2385.32	1705.27	2237.13
hgt	1467	GCA.002292925.1.Bacteria.Chloroflexota	1431.56	0.0	715.78	1750.93	1112.19	0.0	0.0	875.465
los	None	dead	0.0	0.0	0.0	0.0	0.0	0.0	0.0	0.0
spe	1127	1126	2426.2	2238.98	2332.59	2768.99	2083.41	2575.29	1902.67	2335.83
spe	1126	1125	2238.98	2045.895	2142.4375	2575.29	1902.67	2373.86	1717.93	2146.61
los	1125	1124	2045.895	1805.495	1925.695	2373.86	1717.93	2149.35	1461.64	1917.75
spe	1125	1119	2045.895	1519.685	1782.79	2373.86	1717.93	1896.55	1142.82	1758.34
los	1119	GCA.002779825.1.Bacteria.Armatimonadota	1519.685	0.0	759.8425	1896.55	1142.82	0.0	0.0	948.275
spe	1126	1116	2238.98	1799.18	2019.08	2575.29	1902.67	2205.43	1392.93	1984.11
los	1116	GCA.002435745.1.Bacteria.UBP15	1799.18	0.0	899.59	2205.43	1392.93	0.0	0.0	1102.715
spe	1726	1094	3874.525	3784.185	3829.355	4213.25	3535.8	4116.28	3452.09	3832.67
los	1094	1093	3784.185	3252.63	3518.4075	4116.28	3452.09	3717.03	2788.23	3452.255
spe	1094	1048	3784.185	3607.975	3696.08	4116.28	3452.09	3913.75	3302.2	3709.24
los	1048	278	3607.975	3314.9	3461.4375	3913.75	3302.2	3672.04	2957.76	3435.755
spe	1048	1047	3607.975	3589.185	3598.58	3913.75	3302.2	3892.18	3286.19	3599.97
los	1047	365	3589.185	3304.24	3446.7125	3892.18	3286.19	3615.9	2992.58	3442.38
spe	1047	1046	3589.185	3513.075	3551.13	3892.18	3286.19	3806.64	3219.51	3555.845
los	1046	1045	3513.075	3138.485	3325.78	3806.64	3219.51	3454.21	2822.76	3314.7
spe	1046	902	3513.075	3405.845	3459.46	3806.64	3219.51	3689.17	3122.52	3464.58
spe	902	390	3405.845	3029.745	3217.795	3689.17	3122.52	3379.02	2680.47	3184.82
hgt	None	dead	0.0	0.0	0.0	0.0	0.0	0.0	0.0	0.0
los	390	389	3029.745	2648.15	2838.9475	3379.02	2680.47	2985.91	2310.39	2844.705
hgt	883	GCA.000961655.1.Bacteria.Desulfobacterota	1311.85	0.0	655.925	1564.19	1059.51	0.0	0.0	782.095
los	None	dead	0.0	0.0	0.0	0.0	0.0	0.0	0.0	0.0
hgt	None	dead	0.0	0.0	0.0	0.0	0.0	0.0	0.0	0.0
hgt	91	90	2166.265	1969.495	2067.88	2401.72	1930.81	2197.74	1741.25	2071.485
los	None	dead	0.0	0.0	0.0	0.0	0.0	0.0	0.0	0.0
spe	91	90	2166.265	1969.495	2067.88	2401.72	1930.81	2197.74	1741.25	2071.485
spe	90	74	1969.495	1616.7	1793.0975	2197.74	1741.25	1969.17	1264.23	1730.985
los	74	GCA.002011165.1.Archaea.Halobacteriota	1616.7	0.0	808.35	1969.17	1264.23	0.0	0.0	984.585
spe	90	89	1969.495	1812.405	1890.95	2197.74	1741.25	2030.99	1593.82	1895.78
hgt	686	GCA.002451015.1.Bacteria.Acidobacteriota	1587.93	0.0	793.965	1852.98	1322.88	0.0	0.0	926.49
los	89	77	1812.405	1412.42	1612.4125	2030.99	1593.82	1711.62	1113.22	1572.105
spe	89	88	1812.405	1663.625	1738.015	2030.99	1593.82	1881.51	1445.74	1738.365
los	88	87	1663.625	1542.125	1602.875	1881.51	1445.74	1762.59	1321.66	1601.585
spe	88	80	1663.625	1371.305	1517.465	1881.51	1445.74	1640.83	1101.78	1491.645
los	80	GCA.003158275.1.Archaea.Halobacteriota	1371.305	0.0	685.6525	1640.83	1101.78	0.0	0.0	820.415
hgt	177	95	2975.235	2751.94	2863.5875	3172.02	2778.45	2968.59	2535.29	2853.655
hgt	128	GCA.002011075.1.Archaea.Thermoproteota	925.9285	0.0	462.96425	1257.47	594.387	0.0	0.0	628.735
dup	177	95	2975.235	2751.94	2863.5875	3172.02	2778.45	2968.59	2535.29	2853.655
spe	177	95	2975.235	2751.94	2863.5875	3172.02	2778.45	2968.59	2535.29	2853.655
spe	95	39	2751.94	2176.73	2464.335	2968.59	2535.29	2662.29	1691.17	2329.88
los	39	35	2176.73	1886.455	2031.5925	2662.29	1691.17	2412.29	1360.62	2011.455
spe	39	38	2176.73	1770.925	1973.8275	2662.29	1691.17	2300.92	1240.93	1951.61
los	38	GCA.001515205.2.Archaea.Hadarchaeota	1770.925	0.0	885.4625	2300.92	1240.93	0.0	0.0	1150.46
spe	95	94	2751.94	2705.465	2728.7025	2968.59	2535.29	2926.2	2484.73	2726.66
spe	94	42	2705.465	2027.525	2366.495	2926.2	2484.73	2532.54	1522.51	2224.355
los	42	GCA.002502135.1.Archaea.Undinarchaeota	2027.525	0.0	1013.7625	2532.54	1522.51	0.0	0.0	1266.27
spe	94	93	2705.465	2558.825	2632.145	2926.2	2484.73	2775.71	2341.94	2634.07
los	93	92	2558.825	2447.115	2502.97	2775.71	2341.94	2665.58	2228.65	2502.18
spe	177	95	2975.235	2751.94	2863.5875	3172.02	2778.45	2968.59	2535.29	2853.655
los	95	94	2751.94	2705.465	2728.7025	2968.59	2535.29	2926.2	2484.73	2726.66
spe	95	39	2751.94	2176.73	2464.335	2968.59	2535.29	2662.29	1691.17	2329.88
spe	39	38	2176.73	1770.925	1973.8275	2662.29	1691.17	2300.92	1240.93	1951.61
los	38	GCF.002214485.1.Archaea.Methanobacteriota.B	1770.925	0.0	885.4625	2300.92	1240.93	0.0	0.0	1150.46
hgt	139	109	2517.75	2214.8	2366.275	2733.29	2302.21	2483.59	1946.01	2339.65
spe	39	35	2176.73	1886.455	2031.5925	2662.29	1691.17	2412.29	1360.62	2011.455
los	35	GCA.001587715.1.Archaea.Methanobacteriota.B	1886.455	0.0	943.2275	2412.29	1360.62	0.0	0.0	1206.145
spe	139	109	2517.75	2214.8	2366.275	2733.29	2302.21	2483.59	1946.01	2339.65
spe	109	103	2214.8	1798.43	2006.615	2483.59	1946.01	2110.45	1486.41	1985.0
los	103	GCA.002254745.1.Archaea.Thermoproteota	1798.43	0.0	899.215	2110.45	1486.41	0.0	0.0	1055.225
spe	103	101	1798.43	1577.935	1688.1825	2110.45	1486.41	1881.51	1274.36	1692.405
los	101	99	1577.935	1356.82	1467.3775	1881.51	1274.36	1642.61	1071.03	1476.27
hgt	None	dead	0.0	0.0	0.0	0.0	0.0	0.0	0.0	0.0
hgt	124	123	2123.145	1998.805	2060.975	2381.0	1865.29	2251.98	1745.63	2063.315
spe	109	108	2214.8	1863.195	2038.9975	2483.59	1946.01	2170.45	1555.94	2019.765
hgt	133	GCA.000405685.1.Archaea.Thermoproteota	1484.13	0.0	742.065	1802.63	1165.63	0.0	0.0	901.315
spe	108	107	1863.195	1515.18	1689.1875	2170.45	1555.94	1853.29	1177.07	1673.76
hgt	89	77	1812.405	1412.42	1612.4125	2030.99	1593.82	1711.62	1113.22	1572.105
los	107	GCA.001717025.1.Archaea.Thermoproteota	1515.18	0.0	757.59	1853.29	1177.07	0.0	0.0	926.645
spe	89	77	1812.405	1412.42	1612.4125	2030.99	1593.82	1711.62	1113.22	1572.105
spe	124	123	2123.145	1998.805	2060.975	2381.0	1865.29	2251.98	1745.63	2063.315
spe	123	122	1998.805	1853.335	1926.07	2251.98	1745.63	2102.13	1604.54	1928.26
spe	122	118	1853.335	1643.115	1748.225	2102.13	1604.54	1910.17	1376.06	1739.095
los	118	116	1643.115	1108.5585	1375.83675	1910.17	1376.06	1411.12	805.997	1358.0835
spe	122	121	1853.335	1422.225	1637.78	2102.13	1604.54	1736.27	1108.18	1605.155
spe	123	113	1998.805	1643.05	1820.9275	2251.98	1745.63	2015.58	1270.52	1761.25
hgt	140	GCF.000019605.1.Archaea.Thermoproteota	2626.73	0.0	1313.365	2837.91	2415.55	0.0	0.0	1418.955
hgt	174	GCA.001940665.1.Archaea.Asgardarchaeota	2527.615	0.0	1263.8075	2745.47	2309.76	0.0	0.0	1372.735
hgt	89	88	1812.405	1663.625	1738.015	2030.99	1593.82	1881.51	1445.74	1738.365
los	None	dead	0.0	0.0	0.0	0.0	0.0	0.0	0.0	0.0
spe	89	88	1812.405	1663.625	1738.015	2030.99	1593.82	1881.51	1445.74	1738.365
spe	88	87	1663.625	1542.125	1602.875	1881.51	1445.74	1762.59	1321.66	1601.585
spe	87	86	1542.125	1366.345	1454.235	1762.59	1321.66	1587.43	1145.26	1453.925
los	86	GCA.001412335.1.Archaea.Halobacteriota	1366.345	0.0	683.1725	1587.43	1145.26	0.0	0.0	793.715
spe	86	84	1366.345	1169.197	1267.771	1587.43	1145.26	1403.93	934.464	1260.947
spe	88	80	1663.625	1371.305	1517.465	1881.51	1445.74	1640.83	1101.78	1491.645
hgt	74	GCA.002011165.1.Archaea.Halobacteriota	1616.7	0.0	808.35	1969.17	1264.23	0.0	0.0	984.585
los	80	GCF.002114285.1.Archaea.Halobacteriota	1371.305	0.0	685.6525	1640.83	1101.78	0.0	0.0	820.415
spe	902	901	3405.845	3300.53	3353.1875	3689.17	3122.52	3575.42	3025.64	3357.405
hgt	None	dead	0.0	0.0	0.0	0.0	0.0	0.0	0.0	0.0
hgt	1227	GCA.003242675.1.Bacteria.Firmicutes.E	1509.365	0.0	754.6825	1811.9	1206.83	0.0	0.0	905.95
los	None	dead	0.0	0.0	0.0	0.0	0.0	0.0	0.0	0.0
hgt	None	dead	0.0	0.0	0.0	0.0	0.0	0.0	0.0	0.0
los	901	900	3300.53	3098.985	3199.7575	3575.42	3025.64	3380.82	2817.15	3196.285
hgt	86	GCA.001412335.1.Archaea.Halobacteriota	1366.345	0.0	683.1725	1587.43	1145.26	0.0	0.0	793.715
los	None	dead	0.0	0.0	0.0	0.0	0.0	0.0	0.0	0.0
spe	901	663	3300.53	3210.05	3255.29	3575.42	3025.64	3476.56	2943.54	3259.48
los	663	397	3210.05	2713.19	2961.62	3476.56	2943.54	3215.27	2211.11	2843.835
spe	663	662	3210.05	3126.015	3168.0325	3476.56	2943.54	3383.83	2868.2	3172.38
los	662	400	3126.015	1933.765	2529.89	3383.83	2868.2	2579.57	1287.96	2335.895
spe	662	661	3126.015	3067.985	3097.0	3383.83	2868.2	3322.98	2812.99	3098.41
los	661	660	3067.985	2386.55	2727.2675	3322.98	2812.99	2810.74	1962.36	2642.67
spe	661	655	3067.985	2988.07	3028.0275	3322.98	2812.99	3234.75	2741.39	3032.185
los	655	403	2988.07	2061.575	2524.8225	3234.75	2741.39	2630.37	1492.78	2363.765
spe	655	654	2988.07	2847.715	2917.8925	3234.75	2741.39	3085.46	2609.97	2922.36
los	654	520	2847.715	2756.655	2802.185	3085.46	2609.97	2992.66	2520.65	2803.055
spe	654	653	2847.715	2587.485	2717.6	3085.46	2609.97	2815.0	2359.97	2722.715
spe	653	652	2587.485	2416.38	2501.9325	2815.0	2359.97	2632.34	2200.42	2507.71
hgt	None	dead	0.0	0.0	0.0	0.0	0.0	0.0	0.0	0.0
los	652	526	2416.38	1930.815	2173.5975	2632.34	2200.42	2270.04	1591.59	2111.965
hgt	634	GCF.001697225.1.Bacteria.Proteobacteria	1386.92	0.0	693.46	1651.6	1122.24	0.0	0.0	825.8
los	None	dead	0.0	0.0	0.0	0.0	0.0	0.0	0.0	0.0
spe	652	651	2416.38	2271.59	2343.985	2632.34	2200.42	2470.47	2072.71	2352.525
spe	651	650	2271.59	2175.61	2223.6	2470.47	2072.71	2365.28	1985.94	2228.205
spe	650	649	2175.61	2098.745	2137.1775	2365.28	1985.94	2281.8	1915.69	2140.485
los	649	543	2098.745	1839.06	1968.9025	2281.8	1915.69	2104.01	1574.11	1927.955
dup	649	648	2098.745	2020.585	2059.665	2281.8	1915.69	2196.19	1844.98	2063.39
spe	649	648	2098.745	2020.585	2059.665	2281.8	1915.69	2196.19	1844.98	2063.39
hgt	None	dead	0.0	0.0	0.0	0.0	0.0	0.0	0.0	0.0
dup	648	562	2020.585	1844.995	1932.79	2196.19	1844.98	2036.09	1653.9	1925.045
hgt	1704	1703	2105.22	2001.35	2053.285	2238.26	1972.18	2116.53	1886.17	2062.215
spe	648	562	2020.585	1844.995	1932.79	2196.19	1844.98	2036.09	1653.9	1925.045
spe	562	561	1844.995	1768.445	1806.72	2036.09	1653.9	1961.68	1575.21	1805.65
los	561	560	1768.445	1588.765	1678.605	1961.68	1575.21	1792.9	1384.63	1673.155
spe	561	553	1768.445	1596.945	1682.695	1961.68	1575.21	1821.5	1372.39	1667.035
los	553	GCF.001641825.1.Bacteria.Proteobacteria	1596.945	0.0	798.4725	1821.5	1372.39	0.0	0.0	910.75
spe	553	552	1596.945	1380.83	1488.8875	1821.5	1372.39	1621.66	1140.0	1480.75
los	552	551	1380.83	1067.6595	1224.24475	1621.66	1140.0	1372.61	762.709	1192.1845
spe	562	546	1844.995	1417.275	1631.135	2036.09	1653.9	1742.85	1091.7	1563.895
los	546	GCF.000021985.1.Bacteria.Proteobacteria	1417.275	0.0	708.6375	1742.85	1091.7	0.0	0.0	871.425
spe	1704	1703	2105.22	2001.35	2053.285	2238.26	1972.18	2116.53	1886.17	2062.215
spe	1703	1702	2001.35	1938.175	1969.7625	2116.53	1886.17	2044.36	1831.99	1974.26
spe	1702	1701	1938.175	1887.235	1912.705	2044.36	1831.99	1985.34	1789.13	1916.745
los	1701	1700	1887.235	1825.65	1856.4425	1985.34	1789.13	1915.11	1736.19	1860.765
spe	1701	1685	1887.235	1635.52	1761.3775	1985.34	1789.13	1883.48	1387.56	1686.45
los	1685	1684	1635.52	1444.79	1540.155	1883.48	1387.56	1759.1	1130.48	1506.98
dup	1685	GCF.000018105.1.Bacteria.Cyanobacteria	1635.52	0.0	817.76	1883.48	1387.56	0.0	0.0	941.74
hgt	1678	GCF.000017845.1.Bacteria.Cyanobacteria	796.3525	0.0	398.17625	1296.27	296.435	0.0	0.0	648.135
hgt	631	603	1777.47	1696.92	1737.195	1936.32	1618.62	1869.02	1524.82	1730.57
spe	1703	1679	2001.35	1509.135	1755.2425	2116.53	1886.17	1896.29	1121.98	1619.255
los	1679	1678	1509.135	796.3525	1152.74375	1896.29	1121.98	1296.27	296.435	1096.3625
spe	631	603	1777.47	1696.92	1737.195	1936.32	1618.62	1869.02	1524.82	1730.57
spe	603	602	1696.92	1612.41	1654.665	1869.02	1524.82	1790.83	1433.99	1651.505
los	602	601	1612.41	1475.48	1543.945	1790.83	1433.99	1662.78	1288.18	1539.505
spe	602	592	1612.41	1273.215	1442.8125	1790.83	1433.99	1530.36	1016.07	1403.45
hgt	642	GCA.001464965.1.Bacteria.Proteobacteria	1332.36	0.0	666.18	1580.86	1083.86	0.0	0.0	790.43
hgt	None	dead	0.0	0.0	0.0	0.0	0.0	0.0	0.0	0.0
spe	648	562	2020.585	1844.995	1932.79	2196.19	1844.98	2036.09	1653.9	1925.045
spe	562	561	1844.995	1768.445	1806.72	2036.09	1653.9	1961.68	1575.21	1805.65
spe	561	553	1768.445	1596.945	1682.695	1961.68	1575.21	1821.5	1372.39	1667.035
los	553	552	1596.945	1380.83	1488.8875	1821.5	1372.39	1621.66	1140.0	1480.75
spe	561	560	1768.445	1588.765	1678.605	1961.68	1575.21	1792.9	1384.63	1673.155
spe	560	558	1588.765	1434.31	1511.5375	1792.9	1384.63	1652.56	1216.06	1504.48
hgt	542	GCA.002631715.1.Bacteria.Proteobacteria	1583.705	0.0	791.8525	1912.35	1255.06	0.0	0.0	956.175
los	558	557	1434.31	1225.2445	1329.77725	1652.56	1216.06	1451.49	998.999	1325.7795
hgt	None	dead	0.0	0.0	0.0	0.0	0.0	0.0	0.0	0.0
hgt	585	GCA.002688175.1.Bacteria.Proteobacteria	1166.9135	0.0	583.45675	1423.99	909.837	0.0	0.0	711.995
los	None	dead	0.0	0.0	0.0	0.0	0.0	0.0	0.0	0.0
hgt	602	601	1612.41	1475.48	1543.945	1790.83	1433.99	1662.78	1288.18	1539.505
spe	562	546	1844.995	1417.275	1631.135	2036.09	1653.9	1742.85	1091.7	1563.895
los	546	GCA.002747435.1.Bacteria.Proteobacteria	1417.275	0.0	708.6375	1742.85	1091.7	0.0	0.0	871.425
spe	602	601	1612.41	1475.48	1543.945	1790.83	1433.99	1662.78	1288.18	1539.505
spe	601	600	1475.48	1276.255	1375.8675	1662.78	1288.18	1480.95	1071.56	1367.17
los	600	GCA.002007425.1.Bacteria.Proteobacteria	1276.255	0.0	638.1275	1480.95	1071.56	0.0	0.0	740.475
spe	600	598	1276.255	953.337	1114.796	1480.95	1071.56	1225.19	681.484	1081.217
spe	601	595	1475.48	1266.66	1371.07	1662.78	1288.18	1469.01	1064.31	1363.545
hgt	557	GCA.002728355.1.Bacteria.Proteobacteria	1225.2445	0.0	612.62225	1451.49	998.999	0.0	0.0	725.745
los	595	GCA.002454015.1.Bacteria.Proteobacteria	1266.66	0.0	633.33	1469.01	1064.31	0.0	0.0	734.505
hgt	587	581	1495.94	1344.875	1420.4075	1691.37	1300.51	1554.57	1135.18	1413.275
los	None	dead	0.0	0.0	0.0	0.0	0.0	0.0	0.0	0.0
spe	587	581	1495.94	1344.875	1420.4075	1691.37	1300.51	1554.57	1135.18	1413.275
spe	581	579	1344.875	1079.9275	1212.40125	1554.57	1135.18	1322.47	837.385	1195.9775
hgt	1032	GCA.002693325.1.Bacteria.Latescibacterota	1430.62	0.0	715.31	1762.83	1098.41	0.0	0.0	881.415
los	579	GCA.003137095.1.Bacteria.Proteobacteria	1079.9275	0.0	539.96375	1322.47	837.385	0.0	0.0	661.235
hgt	600	GCA.002007425.1.Bacteria.Proteobacteria	1276.255	0.0	638.1275	1480.95	1071.56	0.0	0.0	740.475
hgt	588	576	1773.33	1581.265	1677.2975	1953.51	1593.15	1817.5	1345.03	1649.27
los	None	dead	0.0	0.0	0.0	0.0	0.0	0.0	0.0	0.0
spe	588	576	1773.33	1581.265	1677.2975	1953.51	1593.15	1817.5	1345.03	1649.27
spe	576	574	1581.265	1330.6	1455.9325	1817.5	1345.03	1590.49	1070.71	1444.105
los	574	GCF.000374645.1.Bacteria.Proteobacteria	1330.6	0.0	665.3	1590.49	1070.71	0.0	0.0	795.245
spe	648	647	2020.585	1948.805	1984.695	2196.19	1844.98	2118.06	1779.55	1987.87
spe	647	571	1948.805	1706.635	1827.72	2118.06	1779.55	1950.26	1463.01	1790.535
los	571	570	1706.635	1535.435	1621.035	1950.26	1463.01	1809.94	1260.93	1605.595
spe	571	565	1706.635	1414.39	1560.5125	1950.26	1463.01	1716.39	1112.39	1531.325
los	565	GCF.000239355.1.Bacteria.Proteobacteria	1414.39	0.0	707.195	1716.39	1112.39	0.0	0.0	858.195
spe	647	646	1948.805	1902.685	1925.745	2118.06	1779.55	2069.61	1735.76	1926.91
los	646	588	1902.685	1773.33	1838.0075	2069.61	1735.76	1953.51	1593.15	1831.38
spe	646	645	1902.685	1840.255	1871.47	2069.61	1735.76	2005.54	1674.97	1872.29
spe	645	644	1840.255	1647.11	1743.6825	2005.54	1674.97	1863.23	1430.99	1718.265
los	644	643	1647.11	1467.95	1557.53	1863.23	1430.99	1701.45	1234.45	1548.84
spe	644	636	1647.11	1555.685	1601.3975	1863.23	1430.99	1786.38	1324.99	1594.11
los	636	GCA.002840095.1.Bacteria.Proteobacteria	1555.685	0.0	777.8425	1786.38	1324.99	0.0	0.0	893.19
spe	636	634	1555.685	1386.92	1471.3025	1786.38	1324.99	1651.6	1122.24	1454.31
los	634	GCF.002020875.1.Bacteria.Proteobacteria	1386.92	0.0	693.46	1651.6	1122.24	0.0	0.0	825.8
spe	645	631	1840.255	1777.47	1808.8625	2005.54	1674.97	1936.32	1618.62	1812.08
los	631	630	1777.47	1673.23	1725.35	1936.32	1618.62	1832.02	1514.44	1725.38
spe	631	603	1777.47	1696.92	1737.195	1936.32	1618.62	1869.02	1524.82	1730.57
los	603	GCA.002085445.1.Bacteria.Proteobacteria	1696.92	0.0	848.46	1869.02	1524.82	0.0	0.0	934.51
spe	603	602	1696.92	1612.41	1654.665	1869.02	1524.82	1790.83	1433.99	1651.505
los	602	592	1612.41	1273.215	1442.8125	1790.83	1433.99	1530.36	1016.07	1403.45
spe	602	601	1612.41	1475.48	1543.945	1790.83	1433.99	1662.78	1288.18	1539.505
los	601	600	1475.48	1276.255	1375.8675	1662.78	1288.18	1480.95	1071.56	1367.17
spe	601	595	1475.48	1266.66	1371.07	1662.78	1288.18	1469.01	1064.31	1363.545
los	595	GCA.002389045.1.Bacteria.Proteobacteria	1266.66	0.0	633.33	1469.01	1064.31	0.0	0.0	734.505
spe	649	648	2098.745	2020.585	2059.665	2281.8	1915.69	2196.19	1844.98	2063.39
los	648	562	2020.585	1844.995	1932.79	2196.19	1844.98	2036.09	1653.9	1925.045
spe	648	647	2020.585	1948.805	1984.695	2196.19	1844.98	2118.06	1779.55	1987.87
spe	647	571	1948.805	1706.635	1827.72	2118.06	1779.55	1950.26	1463.01	1790.535
hgt	542	GCA.002352565.1.Bacteria.Proteobacteria	1583.705	0.0	791.8525	1912.35	1255.06	0.0	0.0	956.175
los	571	565	1706.635	1414.39	1560.5125	1950.26	1463.01	1716.39	1112.39	1531.325
spe	571	570	1706.635	1535.435	1621.035	1950.26	1463.01	1809.94	1260.93	1605.595
spe	570	568	1535.435	1379.435	1457.435	1809.94	1260.93	1661.92	1096.95	1453.445
los	568	GCA.002862435.1.Bacteria.Proteobacteria	1379.435	0.0	689.7175	1661.92	1096.95	0.0	0.0	830.96
spe	647	646	1948.805	1902.685	1925.745	2118.06	1779.55	2069.61	1735.76	1926.91
spe	646	588	1902.685	1773.33	1838.0075	2069.61	1735.76	1953.51	1593.15	1831.38
hgt	None	dead	0.0	0.0	0.0	0.0	0.0	0.0	0.0	0.0
los	588	587	1773.33	1495.94	1634.635	1953.51	1593.15	1691.37	1300.51	1627.01
hgt	611	GCF.000284615.1.Bacteria.Proteobacteria	936.1675	0.0	468.08375	1239.98	632.355	0.0	0.0	619.99
los	None	dead	0.0	0.0	0.0	0.0	0.0	0.0	0.0	0.0
spe	588	576	1773.33	1581.265	1677.2975	1953.51	1593.15	1817.5	1345.03	1649.27
los	576	GCA.002432655.1.Bacteria.Proteobacteria	1581.265	0.0	790.6325	1817.5	1345.03	0.0	0.0	908.75
spe	576	574	1581.265	1330.6	1455.9325	1817.5	1345.03	1590.49	1070.71	1444.105
los	574	GCF.900112605.1.Bacteria.Proteobacteria	1330.6	0.0	665.3	1590.49	1070.71	0.0	0.0	795.245
spe	646	645	1902.685	1840.255	1871.47	2069.61	1735.76	2005.54	1674.97	1872.29
spe	645	631	1840.255	1777.47	1808.8625	2005.54	1674.97	1936.32	1618.62	1812.08
los	631	603	1777.47	1696.92	1737.195	1936.32	1618.62	1869.02	1524.82	1730.57
spe	631	630	1777.47	1673.23	1725.35	1936.32	1618.62	1832.02	1514.44	1725.38
los	630	629	1673.23	1532.81	1603.02	1832.02	1514.44	1696.95	1368.67	1600.345
spe	630	614	1673.23	1511.555	1592.3925	1832.02	1514.44	1698.12	1324.99	1578.505
los	614	606	1511.555	1316.435	1413.995	1698.12	1324.99	1546.95	1085.92	1392.02
spe	614	613	1511.555	1391.71	1451.6325	1698.12	1324.99	1592.53	1190.89	1444.505
spe	613	612	1391.71	1256.25	1323.98	1592.53	1190.89	1460.33	1052.17	1322.35
spe	612	611	1256.25	936.1675	1096.20875	1460.33	1052.17	1239.98	632.355	1046.3425
los	611	GCF.000284615.1.Bacteria.Proteobacteria	936.1675	0.0	468.08375	1239.98	632.355	0.0	0.0	619.99
spe	645	644	1840.255	1647.11	1743.6825	2005.54	1674.97	1863.23	1430.99	1718.265
spe	644	643	1647.11	1467.95	1557.53	1863.23	1430.99	1701.45	1234.45	1548.84
los	643	639	1467.95	1269.845	1368.8975	1701.45	1234.45	1517.47	1022.22	1361.835
spe	643	642	1467.95	1332.36	1400.155	1701.45	1234.45	1580.86	1083.86	1392.655
los	642	GCA.001464965.1.Bacteria.Proteobacteria	1332.36	0.0	666.18	1580.86	1083.86	0.0	0.0	790.43
spe	644	636	1647.11	1555.685	1601.3975	1863.23	1430.99	1786.38	1324.99	1594.11
hgt	None	dead	0.0	0.0	0.0	0.0	0.0	0.0	0.0	0.0
los	636	634	1555.685	1386.92	1471.3025	1786.38	1324.99	1651.6	1122.24	1454.31
hgt	568	GCA.002862435.1.Bacteria.Proteobacteria	1379.435	0.0	689.7175	1661.92	1096.95	0.0	0.0	830.96
los	None	dead	0.0	0.0	0.0	0.0	0.0	0.0	0.0	0.0
hgt	536	GCF.002940605.1.Bacteria.Proteobacteria	1675.53	0.0	837.765	2101.36	1249.7	0.0	0.0	1050.68
hgt	839	829	2054.51	2001.85	2028.18	2262.05	1846.97	2204.71	1798.99	2030.52
los	650	536	2175.61	1675.53	1925.57	2365.28	1985.94	2101.36	1249.7	1807.49
spe	839	829	2054.51	2001.85	2028.18	2262.05	1846.97	2204.71	1798.99	2030.52
hgt	515	514	2084.22	1954.11	2019.165	2265.7	1902.74	2125.97	1782.25	2023.975
spe	829	817	2001.85	1835.155	1918.5025	2204.71	1798.99	2046.73	1623.58	1914.145
los	817	816	1835.155	1328.145	1581.65	2046.73	1623.58	1593.25	1063.04	1554.885
spe	817	813	1835.155	1676.35	1755.7525	2046.73	1623.58	1896.42	1456.28	1751.505
spe	813	812	1676.35	1516.905	1596.6275	1896.42	1456.28	1751.13	1282.68	1589.55
los	812	811	1516.905	1313.225	1415.065	1751.13	1282.68	1553.88	1072.57	1411.85
spe	813	807	1676.35	1389.97	1533.16	1896.42	1456.28	1659.67	1120.27	1508.345
los	807	GCA.002789955.1.Bacteria.Myxococcota	1389.97	0.0	694.985	1659.67	1120.27	0.0	0.0	829.835
dup	515	514	2084.22	1954.11	2019.165	2265.7	1902.74	2125.97	1782.25	2023.975
dup	515	514	2084.22	1954.11	2019.165	2265.7	1902.74	2125.97	1782.25	2023.975
spe	515	514	2084.22	1954.11	2019.165	2265.7	1902.74	2125.97	1782.25	2023.975
hgt	None	dead	0.0	0.0	0.0	0.0	0.0	0.0	0.0	0.0
hgt	462	GCF.000315795.1.Bacteria.Proteobacteria	1117.2015	0.0	558.60075	1403.11	831.293	0.0	0.0	701.555
los	None	dead	0.0	0.0	0.0	0.0	0.0	0.0	0.0	0.0
spe	514	436	1954.11	1751.05	1852.58	2125.97	1782.25	1998.82	1503.28	1814.625
spe	436	435	1751.05	1536.91	1643.98	1998.82	1503.28	1809.13	1264.69	1631.755
los	435	GCA.006969625.1.Bacteria.Proteobacteria	1536.91	0.0	768.455	1809.13	1264.69	0.0	0.0	904.565
spe	435	434	1536.91	1353.935	1445.4225	1809.13	1264.69	1639.23	1068.64	1438.885
los	434	GCA.002898275.1.Bacteria.Proteobacteria	1353.935	0.0	676.9675	1639.23	1068.64	0.0	0.0	819.615
hgt	492	GCF.900172325.1.Bacteria.Proteobacteria	1312.7	0.0	656.35	1571.16	1054.24	0.0	0.0	785.58
hgt	None	dead	0.0	0.0	0.0	0.0	0.0	0.0	0.0	0.0
dup	None	dead	0.0	0.0	0.0	0.0	0.0	0.0	0.0	0.0
hgt	832	GCA.002721815.1.Bacteria.Myxococcota	1444.88	0.0	722.44	1737.65	1152.11	0.0	0.0	868.825
los	None	dead	0.0	0.0	0.0	0.0	0.0	0.0	0.0	0.0
hgt	828	GCA.002699025.1.Bacteria.Myxococcota	1750.53	0.0	875.265	1966.78	1534.28	0.0	0.0	983.39
los	None	dead	0.0	0.0	0.0	0.0	0.0	0.0	0.0	0.0
spe	514	513	1954.11	1885.97	1920.04	2125.97	1782.25	2049.09	1722.85	1924.41
spe	513	512	1885.97	1775.885	1830.9275	2049.09	1722.85	1942.07	1609.7	1829.395
los	512	486	1775.885	1397.735	1586.81	1942.07	1609.7	1700.16	1095.31	1518.69
spe	512	511	1775.885	1694.565	1735.225	1942.07	1609.7	1858.49	1530.64	1736.355
los	511	489	1694.565	1316.195	1505.38	1858.49	1530.64	1571.14	1061.25	1459.87
spe	511	510	1694.565	1636.78	1665.6725	1858.49	1530.64	1799.17	1474.39	1666.44
los	510	492	1636.78	1312.7	1474.74	1799.17	1474.39	1571.16	1054.24	1426.705
spe	510	509	1636.78	1544.73	1590.755	1799.17	1474.39	1706.12	1383.34	1591.255
los	509	495	1544.73	1237.1635	1390.94675	1706.12	1383.34	1474.36	999.967	1353.0435
dup	509	508	1544.73	1436.825	1490.7775	1706.12	1383.34	1601.19	1272.46	1489.29
spe	509	508	1544.73	1436.825	1490.7775	1706.12	1383.34	1601.19	1272.46	1489.29
spe	508	498	1436.825	1261.48	1349.1525	1601.19	1272.46	1455.41	1067.55	1334.37
los	498	GCA.002731375.1.Bacteria.Proteobacteria	1261.48	0.0	630.74	1455.41	1067.55	0.0	0.0	727.705
spe	508	507	1436.825	1269.025	1352.925	1601.19	1272.46	1436.85	1101.2	1351.195
los	507	506	1269.025	1217.64	1243.3325	1436.85	1101.2	1393.38	1041.9	1239.375
spe	507	503	1269.025	1116.0495	1192.53725	1436.85	1101.2	1312.6	919.499	1178.1745
los	503	501	1116.0495	884.6055	1000.3275	1312.6	919.499	1159.88	609.331	960.9655
spe	509	508	1544.73	1436.825	1490.7775	1706.12	1383.34	1601.19	1272.46	1489.29
los	508	498	1436.825	1261.48	1349.1525	1601.19	1272.46	1455.41	1067.55	1334.37
spe	508	507	1436.825	1269.025	1352.925	1601.19	1272.46	1436.85	1101.2	1351.195
spe	507	503	1269.025	1116.0495	1192.53725	1436.85	1101.2	1312.6	919.499	1178.1745
los	503	GCA.002280485.1.Bacteria.Proteobacteria	1116.0495	0.0	558.02475	1312.6	919.499	0.0	0.0	656.3
spe	503	501	1116.0495	884.6055	1000.3275	1312.6	919.499	1159.88	609.331	960.9655
los	501	GCA.003158585.1.Bacteria.Proteobacteria	884.6055	0.0	442.30275	1159.88	609.331	0.0	0.0	579.94
spe	507	506	1269.025	1217.64	1243.3325	1436.85	1101.2	1393.38	1041.9	1239.375
dup	513	483	1885.97	1836.685	1861.3275	2049.09	1722.85	1999.79	1673.58	1861.335
spe	513	483	1885.97	1836.685	1861.3275	2049.09	1722.85	1999.79	1673.58	1861.335
los	483	447	1836.685	1643.315	1740.0	1999.79	1673.58	1842.47	1444.16	1721.975
spe	483	482	1836.685	1750.105	1793.395	1999.79	1673.58	1912.36	1587.85	1793.82
spe	482	481	1750.105	1674.98	1712.5425	1912.36	1587.85	1835.32	1514.64	1713.5
los	481	480	1674.98	1549.46	1612.22	1835.32	1514.64	1716.36	1382.56	1608.94
spe	481	469	1674.98	1543.27	1609.125	1835.32	1514.64	1718.34	1368.2	1601.76
los	469	463	1543.27	1394.155	1468.7125	1718.34	1368.2	1606.24	1182.07	1450.205
spe	469	468	1543.27	1359.195	1451.2325	1718.34	1368.2	1556.34	1162.05	1440.195
los	468	467	1359.195	1181.4985	1270.34675	1556.34	1162.05	1405.48	957.517	1256.9285
spe	482	458	1750.105	1624.365	1687.235	1912.36	1587.85	1810.7	1438.03	1675.195
los	458	GCA.002340345.1.Bacteria.Proteobacteria	1624.365	0.0	812.1825	1810.7	1438.03	0.0	0.0	905.35
spe	458	456	1624.365	1476.57	1550.4675	1810.7	1438.03	1673.09	1280.05	1545.375
los	456	GCF.002148795.1.Bacteria.Proteobacteria	1476.57	0.0	738.285	1673.09	1280.05	0.0	0.0	836.545
spe	456	455	1476.57	1226.72	1351.645	1673.09	1280.05	1447.93	1005.51	1339.3
spe	455	454	1226.72	1094.241	1160.4805	1447.93	1005.51	1336.59	851.892	1149.911
los	454	453	1094.241	948.5585	1021.39975	1336.59	851.892	1217.04	680.077	1008.3335
spe	513	483	1885.97	1836.685	1861.3275	2049.09	1722.85	1999.79	1673.58	1861.335
spe	483	447	1836.685	1643.315	1740.0	1999.79	1673.58	1842.47	1444.16	1721.975
los	447	439	1643.315	1422.265	1532.79	1842.47	1444.16	1693.15	1151.38	1496.925
spe	447	446	1643.315	1453.89	1548.6025	1842.47	1444.16	1664.75	1243.03	1542.75
los	446	445	1453.89	1339.17	1396.53	1664.75	1243.03	1557.66	1120.68	1392.715
spe	483	482	1836.685	1750.105	1793.395	1999.79	1673.58	1912.36	1587.85	1793.82
los	482	481	1750.105	1674.98	1712.5425	1912.36	1587.85	1835.32	1514.64	1713.5
spe	482	458	1750.105	1624.365	1687.235	1912.36	1587.85	1810.7	1438.03	1675.195
los	458	GCA.002340345.1.Bacteria.Proteobacteria	1624.365	0.0	812.1825	1810.7	1438.03	0.0	0.0	905.35
spe	458	456	1624.365	1476.57	1550.4675	1810.7	1438.03	1673.09	1280.05	1545.375
spe	456	455	1476.57	1226.72	1351.645	1673.09	1280.05	1447.93	1005.51	1339.3
hgt	498	GCA.002731375.1.Bacteria.Proteobacteria	1261.48	0.0	630.74	1455.41	1067.55	0.0	0.0	727.705
los	455	GCF.900102465.1.Bacteria.Proteobacteria	1226.72	0.0	613.36	1447.93	1005.51	0.0	0.0	723.965
spe	455	454	1226.72	1094.241	1160.4805	1447.93	1005.51	1336.59	851.892	1149.911
los	454	GCA.002709155.1.Bacteria.Proteobacteria	1094.241	0.0	547.1205	1336.59	851.892	0.0	0.0	668.295
spe	454	453	1094.241	948.5585	1021.39975	1336.59	851.892	1217.04	680.077	1008.3335
los	453	GCA.002457765.1.Bacteria.Proteobacteria	948.5585	0.0	474.27925	1217.04	680.077	0.0	0.0	608.52
hgt	944	GCA.002712165.1.Bacteria.Proteobacteria	1373.315	0.0	686.6575	1652.74	1093.89	0.0	0.0	826.37
spe	515	514	2084.22	1954.11	2019.165	2265.7	1902.74	2125.97	1782.25	2023.975
los	514	436	1954.11	1751.05	1852.58	2125.97	1782.25	1998.82	1503.28	1814.625
dup	514	513	1954.11	1885.97	1920.04	2125.97	1782.25	2049.09	1722.85	1924.41
hgt	None	dead	0.0	0.0	0.0	0.0	0.0	0.0	0.0	0.0
hgt	495	GCA.002796975.1.Bacteria.Proteobacteria	1237.1635	0.0	618.58175	1474.36	999.967	0.0	0.0	737.18
los	None	dead	0.0	0.0	0.0	0.0	0.0	0.0	0.0	0.0
spe	514	513	1954.11	1885.97	1920.04	2125.97	1782.25	2049.09	1722.85	1924.41
spe	513	512	1885.97	1775.885	1830.9275	2049.09	1722.85	1942.07	1609.7	1829.395
los	512	511	1775.885	1694.565	1735.225	1942.07	1609.7	1858.49	1530.64	1736.355
spe	512	486	1775.885	1397.735	1586.81	1942.07	1609.7	1700.16	1095.31	1518.69
los	486	GCF.000264455.2.Bacteria.Proteobacteria	1397.735	0.0	698.8675	1700.16	1095.31	0.0	0.0	850.08
spe	513	483	1885.97	1836.685	1861.3275	2049.09	1722.85	1999.79	1673.58	1861.335
los	483	447	1836.685	1643.315	1740.0	1999.79	1673.58	1842.47	1444.16	1721.975
spe	483	482	1836.685	1750.105	1793.395	1999.79	1673.58	1912.36	1587.85	1793.82
spe	482	458	1750.105	1624.365	1687.235	1912.36	1587.85	1810.7	1438.03	1675.195
los	458	456	1624.365	1476.57	1550.4675	1810.7	1438.03	1673.09	1280.05	1545.375
spe	482	481	1750.105	1674.98	1712.5425	1912.36	1587.85	1835.32	1514.64	1713.5
los	481	480	1674.98	1549.46	1612.22	1835.32	1514.64	1716.36	1382.56	1608.94
spe	481	469	1674.98	1543.27	1609.125	1835.32	1514.64	1718.34	1368.2	1601.76
spe	469	463	1543.27	1394.155	1468.7125	1718.34	1368.2	1606.24	1182.07	1450.205
spe	463	462	1394.155	1117.2015	1255.67825	1606.24	1182.07	1403.11	831.293	1218.7665
los	462	GCF.000315795.1.Bacteria.Proteobacteria	1117.2015	0.0	558.60075	1403.11	831.293	0.0	0.0	701.555
spe	469	468	1543.27	1359.195	1451.2325	1718.34	1368.2	1556.34	1162.05	1440.195
hgt	446	445	1453.89	1339.17	1396.53	1664.75	1243.03	1557.66	1120.68	1392.715
los	468	GCF.900167455.1.Bacteria.Proteobacteria	1359.195	0.0	679.5975	1556.34	1162.05	0.0	0.0	778.17
spe	446	445	1453.89	1339.17	1396.53	1664.75	1243.03	1557.66	1120.68	1392.715
spe	445	444	1339.17	1137.223	1238.1965	1557.66	1120.68	1395.86	878.586	1218.123
los	444	GCA.002348425.1.Bacteria.Proteobacteria	1137.223	0.0	568.6115	1395.86	878.586	0.0	0.0	697.93
spe	468	467	1359.195	1181.4985	1270.34675	1556.34	1162.05	1405.48	957.517	1256.9285
hgt	536	GCF.900111015.1.Bacteria.Proteobacteria	1675.53	0.0	837.765	2101.36	1249.7	0.0	0.0	1050.68
los	467	GCA.002291925.1.Bacteria.Proteobacteria	1181.4985	0.0	590.74925	1405.48	957.517	0.0	0.0	702.74
hgt	435	GCA.006969625.1.Bacteria.Proteobacteria	1536.91	0.0	768.455	1809.13	1264.69	0.0	0.0	904.565
hgt	1041	GCA.002686955.1.Bacteria.Gemmatimonadota.A	2350.395	0.0	1175.1975	2705.43	1995.36	0.0	0.0	1352.715
hgt	None	dead	0.0	0.0	0.0	0.0	0.0	0.0	0.0	0.0
hgt	804	GCA.002731275.1.Bacteria.Myxococcota	1824.305	0.0	912.1525	2197.3	1451.31	0.0	0.0	1098.65
los	None	dead	0.0	0.0	0.0	0.0	0.0	0.0	0.0	0.0
hgt	None	dead	0.0	0.0	0.0	0.0	0.0	0.0	0.0	0.0
hgt	453	GCA.002457765.1.Bacteria.Proteobacteria	948.5585	0.0	474.27925	1217.04	680.077	0.0	0.0	608.52
los	None	dead	0.0	0.0	0.0	0.0	0.0	0.0	0.0	0.0
spe	514	513	1954.11	1885.97	1920.04	2125.97	1782.25	2049.09	1722.85	1924.41
spe	513	483	1885.97	1836.685	1861.3275	2049.09	1722.85	1999.79	1673.58	1861.335
los	483	482	1836.685	1750.105	1793.395	1999.79	1673.58	1912.36	1587.85	1793.82
spe	483	447	1836.685	1643.315	1740.0	1999.79	1673.58	1842.47	1444.16	1721.975
los	447	446	1643.315	1453.89	1548.6025	1842.47	1444.16	1664.75	1243.03	1542.75
spe	447	439	1643.315	1422.265	1532.79	1842.47	1444.16	1693.15	1151.38	1496.925
los	439	GCA.002723345.1.Bacteria.Proteobacteria	1422.265	0.0	711.1325	1693.15	1151.38	0.0	0.0	846.575
spe	513	512	1885.97	1775.885	1830.9275	2049.09	1722.85	1942.07	1609.7	1829.395
hgt	None	dead	0.0	0.0	0.0	0.0	0.0	0.0	0.0	0.0
los	512	486	1775.885	1397.735	1586.81	1942.07	1609.7	1700.16	1095.31	1518.69
hgt	415	GCA.002717245.1.Bacteria.Proteobacteria	1297.065	0.0	648.5325	1524.67	1069.46	0.0	0.0	762.335
los	None	dead	0.0	0.0	0.0	0.0	0.0	0.0	0.0	0.0
spe	512	511	1775.885	1694.565	1735.225	1942.07	1609.7	1858.49	1530.64	1736.355
spe	511	510	1694.565	1636.78	1665.6725	1858.49	1530.64	1799.17	1474.39	1666.44
hgt	None	dead	0.0	0.0	0.0	0.0	0.0	0.0	0.0	0.0
los	510	509	1636.78	1544.73	1590.755	1799.17	1474.39	1706.12	1383.34	1591.255
hgt	816	GCA.002724675.1.Bacteria.Myxococcota.A	1328.145	0.0	664.0725	1593.25	1063.04	0.0	0.0	796.625
los	None	dead	0.0	0.0	0.0	0.0	0.0	0.0	0.0	0.0
spe	510	492	1636.78	1312.7	1474.74	1799.17	1474.39	1571.16	1054.24	1426.705
los	492	GCF.900172325.1.Bacteria.Proteobacteria	1312.7	0.0	656.35	1571.16	1054.24	0.0	0.0	785.58
spe	511	489	1694.565	1316.195	1505.38	1858.49	1530.64	1571.14	1061.25	1459.87
hgt	439	GCA.002723345.1.Bacteria.Proteobacteria	1422.265	0.0	711.1325	1693.15	1151.38	0.0	0.0	846.575
spe	515	514	2084.22	1954.11	2019.165	2265.7	1902.74	2125.97	1782.25	2023.975
spe	514	436	1954.11	1751.05	1852.58	2125.97	1782.25	1998.82	1503.28	1814.625
spe	436	435	1751.05	1536.91	1643.98	1998.82	1503.28	1809.13	1264.69	1631.755
los	435	GCA.006969625.1.Bacteria.Proteobacteria	1536.91	0.0	768.455	1809.13	1264.69	0.0	0.0	904.565
spe	435	434	1536.91	1353.935	1445.4225	1809.13	1264.69	1639.23	1068.64	1438.885
los	434	GCA.002238885.1.Bacteria.Proteobacteria	1353.935	0.0	676.9675	1639.23	1068.64	0.0	0.0	819.615
hgt	812	811	1516.905	1313.225	1415.065	1751.13	1282.68	1553.88	1072.57	1411.85
los	436	GCA.002722885.1.Bacteria.Proteobacteria	1751.05	0.0	875.525	1998.82	1503.28	0.0	0.0	999.41
spe	812	811	1516.905	1313.225	1415.065	1751.13	1282.68	1553.88	1072.57	1411.85
spe	514	513	1954.11	1885.97	1920.04	2125.97	1782.25	2049.09	1722.85	1924.41
los	513	483	1885.97	1836.685	1861.3275	2049.09	1722.85	1999.79	1673.58	1861.335
spe	513	512	1885.97	1775.885	1830.9275	2049.09	1722.85	1942.07	1609.7	1829.395
spe	512	511	1775.885	1694.565	1735.225	1942.07	1609.7	1858.49	1530.64	1736.355
los	511	489	1694.565	1316.195	1505.38	1858.49	1530.64	1571.14	1061.25	1459.87
spe	511	510	1694.565	1636.78	1665.6725	1858.49	1530.64	1799.17	1474.39	1666.44
los	510	492	1636.78	1312.7	1474.74	1799.17	1474.39	1571.16	1054.24	1426.705
spe	510	509	1636.78	1544.73	1590.755	1799.17	1474.39	1706.12	1383.34	1591.255
los	509	508	1544.73	1436.825	1490.7775	1706.12	1383.34	1601.19	1272.46	1489.29
spe	509	495	1544.73	1237.1635	1390.94675	1706.12	1383.34	1474.36	999.967	1353.0435
los	495	GCA.002796975.1.Bacteria.Proteobacteria	1237.1635	0.0	618.58175	1474.36	999.967	0.0	0.0	737.18
spe	512	486	1775.885	1397.735	1586.81	1942.07	1609.7	1700.16	1095.31	1518.69
los	486	GCA.002721365.1.Bacteria.Proteobacteria	1397.735	0.0	698.8675	1700.16	1095.31	0.0	0.0	850.08
spe	829	828	2001.85	1750.53	1876.19	2204.71	1798.99	1966.78	1534.28	1869.495
los	828	GCA.002699025.1.Bacteria.Myxococcota	1750.53	0.0	875.265	1966.78	1534.28	0.0	0.0	983.39
spe	828	827	1750.53	1617.135	1683.8325	1966.78	1534.28	1833.41	1400.86	1683.82
spe	827	821	1617.135	1377.535	1497.335	1833.41	1400.86	1637.42	1117.65	1475.53
los	821	GCA.002841825.1.Bacteria.Myxococcota	1377.535	0.0	688.7675	1637.42	1117.65	0.0	0.0	818.71
spe	827	826	1617.135	1444.855	1530.995	1833.41	1400.86	1661.37	1228.34	1530.875
los	826	GCA.002747355.1.Bacteria.Myxococcota	1444.855	0.0	722.4275	1661.37	1228.34	0.0	0.0	830.685
spe	826	825	1444.855	1134.553	1289.704	1661.37	1228.34	1400.01	869.096	1265.233
los	825	GCA.003170275.1.Bacteria.Myxococcota	1134.553	0.0	567.2765	1400.01	869.096	0.0	0.0	700.005
spe	651	533	2271.59	1932.55	2102.07	2470.47	2072.71	2227.11	1637.99	2054.23
hgt	275	GCA.001784175.1.Bacteria.Lindowbacteria	2298.405	0.0	1149.2025	2814.32	1782.49	0.0	0.0	1407.16
los	533	532	1932.55	1529.075	1730.8125	2227.11	1637.99	1880.57	1177.58	1702.345
spe	533	529	1932.55	1606.235	1769.3925	2227.11	1637.99	2001.73	1210.74	1718.925
hgt	345	GCA.002746235.1.Bacteria.Planctomycetota	1540.73	0.0	770.365	1889.75	1191.71	0.0	0.0	944.875
los	529	GCA.002420425.1.Bacteria.Proteobacteria	1606.235	0.0	803.1175	2001.73	1210.74	0.0	0.0	1000.865
spe	1727	189	3922.83	3225.865	3574.3475	4279.81	3565.85	3925.85	2525.88	3402.845
spe	189	188	3225.865	2641.665	2933.765	3925.85	2525.88	3499.21	1784.12	2854.985
los	188	GCA.002869225.1.Bacteria.Muirbacteria	2641.665	0.0	1320.8325	3499.21	1784.12	0.0	0.0	1749.605
spe	189	185	3225.865	3017.615	3121.74	3925.85	2525.88	3697.2	2338.03	3131.94
hgt	None	dead	0.0	0.0	0.0	0.0	0.0	0.0	0.0	0.0
los	185	183	3017.615	2699.305	2858.46	3697.2	2338.03	3359.33	2039.28	2868.24
hgt	794	GCA.003161515.1.Bacteria.Desulfobacterota.B	1350.25	0.0	675.125	1609.55	1090.95	0.0	0.0	804.775
los	None	dead	0.0	0.0	0.0	0.0	0.0	0.0	0.0	0.0
