event	left_node	right_node	left_date	right_date	midpoint_date
hgt	None	dead	0.0	0.0	0.0
hgt	1180	GCF.001029505.1.Bacteria.Actinobacteriota	1876.995	0.0	938.4975
hgt	170	169	1645.265	1475.775	1560.52
los	None	dead	0.0	0.0	0.0
spe	170	169	1645.265	1475.775	1560.52
hgt	None	dead	0.0	0.0	0.0
hgt	816	GCA.002707085.1.Bacteria.Myxococcota.A	1328.145	0.0	664.0725
los	None	dead	0.0	0.0	0.0
hgt	1667	GCA.002783405.1.Bacteria.Cyanobacteria	2112.65	0.0	1056.325
dup	169	168	1475.775	1389.275	1432.525
spe	169	168	1475.775	1389.275	1432.525
los	168	167	1389.275	1219.565	1304.42
spe	168	160	1389.275	1269.475	1329.375
los	160	GCA.015473125.1.Eukaryota.Viridiplantae	1269.475	0.0	634.7375
spe	160	159	1269.475	1084.09	1176.7825
los	159	GCF.000091205.1.Eukaryota.Rhodophyta	1084.09	0.0	542.045
spe	169	168	1475.775	1389.275	1432.525
spe	168	160	1389.275	1269.475	1329.375
los	160	159	1269.475	1084.09	1176.7825
spe	168	167	1389.275	1219.565	1304.42
los	167	GCA.000004985.1.Eukaryota.Heterolobosea	1219.565	0.0	609.7825
spe	167	166	1219.565	946.8465	1083.20575
dup	166	GCA.000209225.1.Eukaryota.Cnidaria	946.8465	0.0	473.42325
spe	166	165	946.8465	694.719	820.78275
hgt	339	GCA.002311745.1.Bacteria.Planctomycetota	1559.885	0.0	779.9425
spe	169	155	1475.775	1215.125	1345.45
los	155	GCF.000165345.1.Eukaryota.Apicocomplexa	1215.125	0.0	607.5625
hgt	334	332	1547.105	1114.632	1330.8685
spe	334	332	1547.105	1114.632	1330.8685
spe	1727	1726	3922.83	3874.525	3898.6775
spe	1726	1725	3874.525	3797.605	3836.065
los	1725	1393	3797.605	3319.26	3558.4325
spe	1725	1724	3797.605	3674.455	3736.03
spe	1724	1642	3674.455	3592.175	3633.315
los	1642	1641	3592.175	3376.77	3484.4725
spe	1642	1478	3592.175	3018.815	3305.495
spe	1478	1477	3018.815	2723.605	2871.21
spe	1477	1476	2723.605	2416.915	2570.26
hgt	756	GCA.001790645.1.Bacteria.Schekmanbacteria	2320.99	0.0	1160.495
spe	1476	1454	2416.915	1996.555	2206.735
spe	1454	1453	1996.555	1862.655	1929.605
los	1453	1449	1862.655	1589.82	1726.2375
spe	1453	1452	1862.655	1430.125	1646.39
los	1452	GCA.002423325.1.Bacteria.Chloroflexota	1430.125	0.0	715.0625
spe	1454	1446	1996.555	1803.385	1899.97
los	1446	1440	1803.385	1679.715	1741.55
spe	1446	1445	1803.385	1577.91	1690.6475
los	1445	GCA.003130875.1.Bacteria.Chloroflexota	1577.91	0.0	788.955
spe	1445	1444	1577.91	1386.06	1481.985
los	1444	GCA.003451595.1.Bacteria.Chloroflexota	1386.06	0.0	693.03
spe	1476	1475	2416.915	2249.485	2333.2
spe	1475	1474	2249.485	2094.15	2171.8175
los	1474	1473	2094.15	1294.4735	1694.31175
spe	1474	1470	2094.15	1749.085	1921.6175
los	1470	1469	1749.085	1574.225	1661.655
spe	1475	1463	2249.485	1987.575	2118.53
spe	1463	1462	1987.575	1858.705	1923.14
los	1462	GCA.002436065.1.Bacteria.Chloroflexota	1858.705	0.0	929.3525
spe	1462	1461	1858.705	1519.02	1688.8625
los	1461	GCA.002413265.1.Bacteria.Chloroflexota	1519.02	0.0	759.51
spe	1463	1457	1987.575	1538.99	1763.2825
hgt	1109	GCA.002898895.1.Bacteria.Armatimonadota	1709.425	0.0	854.7125
los	1457	GCA.002404055.1.Bacteria.Chloroflexota	1538.99	0.0	769.495
spe	1477	1431	2723.605	2420.455	2572.03
spe	1431	1427	2420.455	2216.53	2318.4925
los	1427	1426	2216.53	1994.025	2105.2775
hgt	None	dead	0.0	0.0	0.0
spe	1427	1413	2216.53	1968.2	2092.365
los	1413	1412	1968.2	1749.925	1859.0625
spe	1413	1399	1968.2	1604.38	1786.29
hgt	None	dead	0.0	0.0	0.0
los	1399	GCA.002708145.1.Bacteria.Chloroflexota	1604.38	0.0	802.19
hgt	1469	GCA.001898225.1.Bacteria.Chloroflexota	1574.225	0.0	787.1125
los	None	dead	0.0	0.0	0.0
hgt	746	GCF.900079095.1.Bacteria.Tectomicrobia	1667.435	0.0	833.7175
hgt	994	GCA.001304035.1.Bacteria.SM23.31	1793.76	0.0	896.88
los	None	dead	0.0	0.0	0.0
hgt	274	GCA.000406005.1.Bacteria.Poribacteria	1625.32	0.0	812.66
hgt	None	dead	0.0	0.0	0.0
hgt	400	GCA.002401295.1.Bacteria.SAR324	1933.765	0.0	966.8825
hgt	1462	GCA.002436065.1.Bacteria.Chloroflexota	1858.705	0.0	929.3525
los	None	dead	0.0	0.0	0.0
spe	1431	1430	2420.455	1801.635	2111.045
los	1430	GCA.002239025.1.Bacteria.Chloroflexota	1801.635	0.0	900.8175
hgt	None	dead	0.0	0.0	0.0
hgt	1032	GCA.002727195.1.Bacteria.Latescibacterota	1430.62	0.0	715.31
los	None	dead	0.0	0.0	0.0
hgt	None	dead	0.0	0.0	0.0
hgt	698	686	1837.19	1587.93	1712.56
hgt	1098	GCA.003244105.1.Bacteria.Eremiobacterota	1440.925	0.0	720.4625
los	None	dead	0.0	0.0	0.0
spe	698	686	1837.19	1587.93	1712.56
spe	686	684	1587.93	1233.956	1410.943
los	684	GCA.002483445.1.Bacteria.Acidobacteriota	1233.956	0.0	616.978
hgt	None	dead	0.0	0.0	0.0
hgt	1185	1169	2405.805	2113.35	2259.5775
hgt	1021	GCA.002686915.1.Bacteria.ARS69	1900.685	0.0	950.3425
los	None	dead	0.0	0.0	0.0
spe	1185	1169	2405.805	2113.35	2259.5775
spe	1169	1168	2113.35	2012.51	2062.93
los	1168	1148	2012.51	1487.92	1750.215
spe	1168	1167	2012.51	1838.915	1925.7125
los	1167	1166	1838.915	1480.79	1659.8525
spe	1169	1145	2113.35	1788.28	1950.815
spe	1145	1143	1788.28	1606.47	1697.375
los	1143	GCA.002352645.1.Bacteria.Actinobacteriota	1606.47	0.0	803.235
spe	1143	1141	1606.47	1323.465	1464.9675
spe	1141	1140	1323.465	1082.515	1202.99
los	1140	GCA.003162395.1.Bacteria.Actinobacteriota	1082.515	0.0	541.2575
hgt	None	dead	0.0	0.0	0.0
spe	1478	1396	3018.815	1723.235	2371.025
hgt	None	dead	0.0	0.0	0.0
hgt	832	GCA.002696345.1.Bacteria.Myxococcota	1444.88	0.0	722.44
los	None	dead	0.0	0.0	0.0
hgt	None	dead	0.0	0.0	0.0
hgt	955	GCF.001280305.1.Bacteria.Bacteroidota	1277.41	0.0	638.705
los	None	dead	0.0	0.0	0.0
hgt	None	dead	0.0	0.0	0.0
hgt	702	GCA.003152095.1.Bacteria.Acidobacteriota	1226.544	0.0	613.272
los	None	dead	0.0	0.0	0.0
hgt	746	GCA.002238965.1.Bacteria.UBA8248	1667.435	0.0	833.7175
los	1396	GCA.003151665.1.Bacteria.Dormibacterota	1723.235	0.0	861.6175
hgt	979	GCA.002763895.1.Bacteria.Bacteroidota	1531.79	0.0	765.895
hgt	1167	1166	1838.915	1480.79	1659.8525
hgt	1461	GCA.002413265.1.Bacteria.Chloroflexota	1519.02	0.0	759.51
dup	1167	1166	1838.915	1480.79	1659.8525
spe	1167	1166	1838.915	1480.79	1659.8525
los	1166	GCF.004348535.1.Bacteria.Actinobacteriota	1480.79	0.0	740.395
spe	1166	1165	1480.79	1370.47	1425.63
los	1165	1164	1370.47	1261.825	1316.1475
spe	1165	1155	1370.47	1276.115	1323.2925
los	1155	1154	1276.115	976.5785	1126.34675
spe	1167	1166	1838.915	1480.79	1659.8525
spe	1166	1165	1480.79	1370.47	1425.63
spe	1165	1155	1370.47	1276.115	1323.2925
los	1155	GCF.003443735.1.Bacteria.Actinobacteriota	1276.115	0.0	638.0575
spe	1155	1154	1276.115	976.5785	1126.34675
hgt	1163	GCF.000384115.1.Bacteria.Actinobacteriota	1087.464	0.0	543.732
dup	1154	GCF.003047285.1.Bacteria.Actinobacteriota	976.5785	0.0	488.28925
spe	1165	1164	1370.47	1261.825	1316.1475
los	1164	1163	1261.825	1087.464	1174.6445
spe	1164	1160	1261.825	1110.64	1186.2325
spe	1160	1158	1110.64	987.523	1049.0815
los	1158	GCF.001942305.1.Bacteria.Actinobacteriota	987.523	0.0	493.7615
hgt	670	GCA.002898535.1.Bacteria.Acidobacteriota	2196.425	0.0	1098.2125
hgt	798	797	2124.995	1832.825	1978.91
hgt	681	GCA.002712885.1.Bacteria.Acidobacteriota	1727.015	0.0	863.5075
los	None	dead	0.0	0.0	0.0
spe	798	797	2124.995	1832.825	1978.91
spe	797	796	1832.825	1652.795	1742.81
los	796	GCA.002238415.1.Bacteria.Desulfobacterota.B	1652.795	0.0	826.3975
spe	796	795	1652.795	1481.005	1566.9
los	795	794	1481.005	1350.25	1415.6275
spe	795	791	1481.005	1228.3465	1354.67575
los	791	GCA.002898795.1.Bacteria.Desulfobacterota.B	1228.3465	0.0	614.17325
spe	1724	1723	3674.455	3369.21	3521.8325
los	1723	1657	3369.21	3016.145	3192.6775
hgt	None	dead	0.0	0.0	0.0
hgt	1427	1413	2216.53	1968.2	2092.365
los	None	dead	0.0	0.0	0.0
dup	1427	1413	2216.53	1968.2	2092.365
spe	1427	1413	2216.53	1968.2	2092.365
spe	1413	1399	1968.2	1604.38	1786.29
los	1399	GCA.002450835.1.Bacteria.Chloroflexota	1604.38	0.0	802.19
spe	1413	1412	1968.2	1749.925	1859.0625
spe	1412	1408	1749.925	1662.42	1706.1725
los	1408	1402	1662.42	1501.935	1582.1775
spe	1408	1407	1662.42	1546.495	1604.4575
los	1407	1406	1546.495	1411.15	1478.8225
spe	1412	1411	1749.925	1413.835	1581.88
hgt	1402	GCA.002721445.1.Bacteria.Chloroflexota	1501.935	0.0	750.9675
spe	1427	1413	2216.53	1968.2	2092.365
los	1413	1399	1968.2	1604.38	1786.29
dup	1413	1412	1968.2	1749.925	1859.0625
spe	1413	1412	1968.2	1749.925	1859.0625
los	1412	1411	1749.925	1413.835	1581.88
spe	1412	1408	1749.925	1662.42	1706.1725
los	1408	1407	1662.42	1546.495	1604.4575
spe	1408	1402	1662.42	1501.935	1582.1775
los	1402	GCA.002721445.1.Bacteria.Chloroflexota	1501.935	0.0	750.9675
spe	1413	1412	1968.2	1749.925	1859.0625
spe	1412	1411	1749.925	1413.835	1581.88
los	1411	GCA.002717805.1.Bacteria.Chloroflexota	1413.835	0.0	706.9175
spe	1412	1408	1749.925	1662.42	1706.1725
los	1408	1402	1662.42	1501.935	1582.1775
spe	1408	1407	1662.42	1546.495	1604.4575
los	1407	GCA.002717565.1.Bacteria.Chloroflexota	1546.495	0.0	773.2475
spe	1407	1406	1546.495	1411.15	1478.8225
hgt	1069	GCF.000378005.1.Bacteria.Coprothermobacterota	1779.88	0.0	889.94
spe	1723	1722	3369.21	3050.45	3209.83
los	1722	1664	3050.45	2102.73	2576.59
hgt	None	dead	0.0	0.0	0.0
hgt	327	326	1556.09	1208.648	1382.369
los	None	dead	0.0	0.0	0.0
spe	327	326	1556.09	1208.648	1382.369
spe	1722	1721	3050.45	2916.245	2983.3475
los	1721	1667	2916.245	2112.65	2514.4475
spe	1721	1720	2916.245	2510.455	2713.35
spe	1720	1719	2510.455	2371.88	2441.1675
los	1719	GCF.000013205.1.Bacteria.Cyanobacteria	2371.88	0.0	1185.94
spe	1719	1718	2371.88	2232.24	2302.06
los	1718	1717	2232.24	2064.395	2148.3175
spe	1718	1704	2232.24	2105.22	2168.73
spe	1704	1672	2105.22	1717.695	1911.4575
los	1672	GCF.000015965.1.Bacteria.Cyanobacteria	1717.695	0.0	858.8475
dup	1704	1703	2105.22	2001.35	2053.285
spe	1704	1703	2105.22	2001.35	2053.285
los	1703	1679	2001.35	1509.135	1755.2425
spe	1703	1702	2001.35	1938.175	1969.7625
los	1702	GCF.003838225.1.Bacteria.Cyanobacteria	1938.175	0.0	969.0875
spe	1702	1701	1938.175	1887.235	1912.705
los	1701	1700	1887.235	1825.65	1856.4425
spe	1701	1685	1887.235	1635.52	1761.3775
los	1685	1684	1635.52	1444.79	1540.155
spe	1704	1703	2105.22	2001.35	2053.285
hgt	None	dead	0.0	0.0	0.0
hgt	1698	1697	1634.795	920.2075	1277.50125
los	None	dead	0.0	0.0	0.0
spe	1698	1697	1634.795	920.2075	1277.50125
spe	1697	1695	920.2075	795.37	857.78875
spe	1703	1702	2001.35	1938.175	1969.7625
spe	1702	1701	1938.175	1887.235	1912.705
spe	1701	1685	1887.235	1635.52	1761.3775
los	1685	GCF.000018105.1.Bacteria.Cyanobacteria	1635.52	0.0	817.76
spe	1685	1684	1635.52	1444.79	1540.155
los	1684	GCF.000316115.1.Bacteria.Cyanobacteria	1444.79	0.0	722.395
spe	1701	1700	1887.235	1825.65	1856.4425
spe	1700	1688	1825.65	1436.775	1631.2125
spe	1700	1699	1825.65	1773.275	1799.4625
los	1699	1698	1773.275	1634.795	1704.035
hgt	None	dead	0.0	0.0	0.0
hgt	1684	GCF.000316115.1.Bacteria.Cyanobacteria	1444.79	0.0	722.395
los	None	dead	0.0	0.0	0.0
spe	1703	1679	2001.35	1509.135	1755.2425
spe	1679	1678	1509.135	796.3525	1152.74375
los	1678	1676	796.3525	163.12655	479.73952
spe	1726	1094	3874.525	3784.185	3829.355
spe	1094	1093	3784.185	3252.63	3518.4075
los	1093	1055	3252.63	2857.665	3055.1475
hgt	None	dead	0.0	0.0	0.0
hgt	68	GCA.002495185.1.Archaea.Thermoplasmatota	1695.025	0.0	847.5125
hgt	1143	GCA.002352645.1.Bacteria.Actinobacteriota	1606.47	0.0	803.235
los	None	dead	0.0	0.0	0.0
spe	1093	1092	3252.63	2976.645	3114.6375
los	1092	1058	2976.645	1931.1	2453.8725
hgt	None	dead	0.0	0.0	0.0
hgt	791	GCA.002898795.1.Bacteria.Desulfobacterota.B	1228.3465	0.0	614.17325
los	None	dead	0.0	0.0	0.0
spe	1092	1091	2976.645	2844.735	2910.69
los	1091	1083	2844.735	2641.845	2743.29
spe	1091	1090	2844.735	2540.54	2692.6375
hgt	1177	GCA.001464275.1.Bacteria.Actinobacteriota	1221.364	0.0	610.682
hgt	1106	GCA.003134215.1.Bacteria.Armatimonadota	1340.34	0.0	670.17
los	1090	GCA.000353875.1.Bacteria.Atribacterota	2540.54	0.0	1270.27
spe	1090	1088	2540.54	1715.27	2127.905
spe	1088	1087	1715.27	1366.82	1541.045
hgt	1020	GCA.001780165.1.Bacteria.Eisenbacteria	1410.39	0.0	705.195
los	1087	GCA.003535305.1.Bacteria.Bipolaricaulota	1366.82	0.0	683.41
hgt	None	dead	0.0	0.0	0.0
hgt	536	GCF.900111015.1.Bacteria.Proteobacteria	1675.53	0.0	837.765
los	None	dead	0.0	0.0	0.0
hgt	None	dead	0.0	0.0	0.0
hgt	574	GCF.000374645.1.Bacteria.Proteobacteria	1330.6	0.0	665.3
los	None	dead	0.0	0.0	0.0
hgt	345	GCA.002748355.1.Bacteria.Planctomycetota	1540.73	0.0	770.365
hgt	711	GCA.001664505.1.Bacteria.Acidobacteriota	1691.09	0.0	845.545
los	1088	GCA.002010365.1.Bacteria.Bipolaricaulota	1715.27	0.0	857.635
spe	1094	1048	3784.185	3607.975	3696.08
spe	1048	278	3607.975	3314.9	3461.4375
los	278	262	3314.9	3036.86	3175.88
spe	278	277	3314.9	2637.64	2976.27
los	277	276	2637.64	2570.7	2604.17
hgt	None	dead	0.0	0.0	0.0
spe	277	267	2637.64	2213.055	2425.3475
los	267	GCA.002428325.1.Bacteria.UBP4	2213.055	0.0	1106.5275
spe	267	265	2213.055	1568.825	1890.94
los	265	GCA.003501375.1.Bacteria.Sumerlaeota	1568.825	0.0	784.4125
hgt	249	245	1764.145	1655.67	1709.9075
los	None	dead	0.0	0.0	0.0
spe	249	245	1764.145	1655.67	1709.9075
spe	245	241	1655.67	1455.26	1555.465
los	241	GCA.002841695.1.Bacteria.Elusimicrobiota	1455.26	0.0	727.63
spe	241	239	1455.26	1336.82	1396.04
los	239	GCF.001027545.1.Bacteria.Elusimicrobiota	1336.82	0.0	668.41
hgt	660	659	2386.55	1329.6085	1858.07925
spe	245	244	1655.67	1375.91	1515.79
los	244	GCA.001800095.1.Bacteria.Elusimicrobiota	1375.91	0.0	687.955
hgt	284	282	1696.525	1342.065	1519.295
spe	284	282	1696.525	1342.065	1519.295
hgt	328	GCF.002277955.1.Bacteria.Planctomycetota	1867.775	0.0	933.8875
hgt	288	GCA.002382525.1.Bacteria.Verrucomicrobiota	1496.535	0.0	748.2675
spe	660	659	2386.55	1329.6085	1858.07925
spe	1048	1047	3607.975	3589.185	3598.58
spe	1047	365	3589.185	3304.24	3446.7125
los	365	GCA.001730085.1.Bacteria.GCA.001730085	3304.24	0.0	1652.12
hgt	None	dead	0.0	0.0	0.0
spe	365	364	3304.24	3193.95	3249.095
los	364	316	3193.95	2939.28	3066.615
spe	364	363	3193.95	2735.485	2964.7175
spe	363	321	2735.485	2381.485	2558.485
los	321	320	2381.485	2045.545	2213.515
spe	363	362	2735.485	2549.525	2642.505
los	362	342	2549.525	2350.185	2449.855
spe	362	361	2549.525	2372.945	2461.235
los	361	360	2372.945	1977.84	2175.3925
hgt	None	dead	0.0	0.0	0.0
spe	361	353	2372.945	2156.12	2264.5325
los	353	352	2156.12	1705.385	1930.7525
spe	353	347	2156.12	1905.8	2030.96
los	347	345	1905.8	1540.73	1723.265
hgt	702	GCA.003223635.1.Bacteria.Acidobacteriota	1226.544	0.0	613.272
los	None	dead	0.0	0.0	0.0
hgt	376	GCA.002418835.1.Bacteria.Spirochaetota	1994.345	0.0	997.1725
hgt	183	GCA.002402105.1.Bacteria.UBP17	2699.305	0.0	1349.6525
hgt	926	924	2022.635	1568.375	1795.505
los	None	dead	0.0	0.0	0.0
spe	926	924	2022.635	1568.375	1795.505
hgt	780	GCA.001769805.1.Bacteria.Bdellovibrionota	1693.33	0.0	846.665
hgt	477	GCA.001897475.1.Bacteria.Proteobacteria	1066.3815	0.0	533.19075
spe	1047	1046	3589.185	3513.075	3551.13
los	1046	1045	3513.075	3138.485	3325.78
spe	1046	902	3513.075	3405.845	3459.46
hgt	None	dead	0.0	0.0	0.0
hgt	None	dead	0.0	0.0	0.0
hgt	967	966	1879.385	1606.29	1742.8375
hgt	1068	GCA.002428295.1.Bacteria.Caldisericota	1488.73	0.0	744.365
los	None	dead	0.0	0.0	0.0
spe	967	966	1879.385	1606.29	1742.8375
spe	966	965	1606.29	1429.675	1517.9825
los	965	964	1429.675	1306.425	1368.05
spe	965	955	1429.675	1277.41	1353.5425
los	955	GCF.001280305.1.Bacteria.Bacteroidota	1277.41	0.0	638.705
hgt	961	GCA.001769385.1.Bacteria.Bacteroidota	860.4425	0.0	430.22125
spe	902	901	3405.845	3300.53	3353.1875
hgt	None	dead	0.0	0.0	0.0
hgt	47	GCA.002494765.1.Archaea.Thermoplasmatota	1480.595	0.0	740.2975
los	None	dead	0.0	0.0	0.0
hgt	None	dead	0.0	0.0	0.0
hgt	1068	GCA.002877955.1.Bacteria.Caldisericota	1488.73	0.0	744.365
los	None	dead	0.0	0.0	0.0
spe	901	663	3300.53	3210.05	3255.29
los	663	662	3210.05	3126.015	3168.0325
hgt	None	dead	0.0	0.0	0.0
spe	663	397	3210.05	2713.19	2961.62
los	397	GCF.000526155.1.Bacteria.Desulfobacterota	2713.19	0.0	1356.595
spe	397	396	2713.19	2315.495	2514.3425
spe	396	395	2315.495	1504.32	1909.9075
los	395	GCF.000487995.1.Bacteria.Deferribacterota	1504.32	0.0	752.16
hgt	415	GCA.002717245.1.Bacteria.Proteobacteria	1297.065	0.0	648.5325
los	396	GCF.000177635.2.Bacteria.Chrysiogenota	2315.495	0.0	1157.7475
hgt	178	177	3153.655	2975.235	3064.445
hgt	77	GCA.003194435.1.Archaea.Halobacteriota	1412.42	0.0	706.21
los	None	dead	0.0	0.0	0.0
hgt	None	dead	0.0	0.0	0.0
hgt	123	113	1998.805	1643.05	1820.9275
los	None	dead	0.0	0.0	0.0
spe	123	113	1998.805	1643.05	1820.9275
spe	178	177	3153.655	2975.235	3064.445
spe	177	176	2975.235	2798.9	2887.0675
spe	176	175	2798.9	2653.515	2726.2075
los	175	174	2653.515	2527.615	2590.565
spe	175	143	2653.515	1902.65	2278.0825
los	143	GCA.001563325.1.Archaea.Asgardarchaeota	1902.65	0.0	951.325
spe	176	140	2798.9	2626.73	2712.815
los	140	GCF.000019605.1.Archaea.Thermoproteota	2626.73	0.0	1313.365
spe	140	139	2626.73	2517.75	2572.24
los	139	109	2517.75	2214.8	2366.275
spe	139	138	2517.75	2383.655	2450.7025
spe	138	124	2383.655	2123.145	2253.4
los	124	GCA.002495485.1.Archaea.Thermoproteota	2123.145	0.0	1061.5725
spe	124	123	2123.145	1998.805	2060.975
los	123	113	1998.805	1643.05	1820.9275
spe	123	122	1998.805	1853.335	1926.07
los	122	118	1853.335	1643.115	1748.225
spe	122	121	1853.335	1422.225	1637.78
los	121	GCA.001775995.1.Archaea.Thermoproteota	1422.225	0.0	711.1125
spe	138	137	2383.655	2168.41	2276.0325
los	137	GCA.002255045.1.Archaea.Thermoproteota	2168.41	0.0	1084.205
dup	137	136	2168.41	2026.55	2097.48
spe	137	136	2168.41	2026.55	2097.48
spe	136	134	2026.55	1807.525	1917.0375
los	134	130	1807.525	1643.645	1725.585
spe	134	133	1807.525	1484.13	1645.8275
los	133	GCA.000405685.1.Archaea.Thermoproteota	1484.13	0.0	742.065
hgt	107	GCA.003019535.1.Archaea.Thermoproteota	1515.18	0.0	757.59
spe	137	136	2168.41	2026.55	2097.48
los	136	GCA.000375685.1.Archaea.Thermoproteota	2026.55	0.0	1013.275
spe	136	134	2026.55	1807.525	1917.0375
los	134	133	1807.525	1484.13	1645.8275
hgt	None	dead	0.0	0.0	0.0
hgt	147	GCA.001940725.1.Archaea.Asgardarchaeota	1579.1	0.0	789.55
los	None	dead	0.0	0.0	0.0
spe	134	130	1807.525	1643.645	1725.585
los	130	GCA.001510295.1.Archaea.Thermoproteota	1643.645	0.0	821.8225
spe	130	128	1643.645	925.9285	1284.78675
spe	177	95	2975.235	2751.94	2863.5875
spe	95	94	2751.94	2705.465	2728.7025
los	94	42	2705.465	2027.525	2366.495
spe	94	93	2705.465	2558.825	2632.145
spe	93	92	2558.825	2447.115	2502.97
los	92	70	2447.115	2126.625	2286.87
spe	92	91	2447.115	2166.265	2306.69
dup	91	90	2166.265	1969.495	2067.88
spe	91	90	2166.265	1969.495	2067.88
los	90	74	1969.495	1616.7	1793.0975
spe	90	89	1969.495	1812.405	1890.95
los	89	77	1812.405	1412.42	1612.4125
spe	89	88	1812.405	1663.625	1738.015
spe	88	87	1663.625	1542.125	1602.875
los	87	GCA.002256595.1.Archaea.Halobacteriota	1542.125	0.0	771.0625
spe	87	86	1542.125	1366.345	1454.235
los	86	GCA.001412335.1.Archaea.Halobacteriota	1366.345	0.0	683.1725
spe	86	84	1366.345	1169.197	1267.771
los	84	GCF.000011005.1.Archaea.Euryarchaeota	1169.197	0.0	584.5985
spe	88	80	1663.625	1371.305	1517.465
hgt	84	GCF.000011005.1.Archaea.Euryarchaeota	1169.197	0.0	584.5985
spe	91	90	2166.265	1969.495	2067.88
spe	90	74	1969.495	1616.7	1793.0975
los	74	GCF.000194625.1.Archaea.Halobacteriota	1616.7	0.0	808.35
spe	90	89	1969.495	1812.405	1890.95
los	89	88	1812.405	1663.625	1738.015
spe	89	77	1812.405	1412.42	1612.4125
los	77	GCA.003194435.1.Archaea.Halobacteriota	1412.42	0.0	706.21
spe	95	39	2751.94	2176.73	2464.335
los	39	35	2176.73	1886.455	2031.5925
hgt	None	dead	0.0	0.0	0.0
spe	39	38	2176.73	1770.925	1973.8275
los	38	GCF.002214485.1.Archaea.Methanobacteriota.B	1770.925	0.0	885.4625
hgt	29	GCA.001742785.1.Archaea.Altiarchaeota	1492.545	0.0	746.2725
los	None	dead	0.0	0.0	0.0
spe	901	900	3300.53	3098.985	3199.7575
spe	900	716	3098.985	2659.235	2879.11
los	716	670	2659.235	2196.425	2427.83
spe	716	715	2659.235	2473.255	2566.245
los	715	714	2473.255	2337.43	2405.3425
hgt	None	dead	0.0	0.0	0.0
spe	715	675	2473.255	1949.475	2211.365
los	675	GCA.002789615.1.Bacteria.Acidobacteriota	1949.475	0.0	974.7375
spe	675	674	1949.475	1626.005	1787.74
los	674	GCA.002747255.1.Bacteria.Acidobacteriota	1626.005	0.0	813.0025
hgt	65	GCA.001800745.1.Archaea.Thermoplasmatota	1261.09	0.0	630.545
los	None	dead	0.0	0.0	0.0
hgt	None	dead	0.0	0.0	0.0
hgt	None	dead	0.0	0.0	0.0
hgt	1228	GCA.003023725.1.Bacteria.Firmicutes.E	1712.115	0.0	856.0575
los	None	dead	0.0	0.0	0.0
spe	900	899	3098.985	2936.525	3017.755
hgt	None	dead	0.0	0.0	0.0
spe	899	898	2936.525	2864.305	2900.415
los	898	897	2864.305	2785.14	2824.7225
hgt	655	654	2988.07	2847.715	2917.8925
spe	898	756	2864.305	2320.99	2592.6475
los	756	GCA.001790645.1.Bacteria.Schekmanbacteria	2320.99	0.0	1160.495
spe	756	754	2320.99	2042.42	2181.705
los	754	746	2042.42	1667.435	1854.9275
hgt	None	dead	0.0	0.0	0.0
hgt	42	GCA.003230355.1.Archaea.Hydrothermarchaeota	2027.525	0.0	1013.7625
los	None	dead	0.0	0.0	0.0
spe	754	753	2042.42	1778.33	1910.375
los	753	GCA.001803565.1.Bacteria.Nitrospinota.B	1778.33	0.0	889.165
spe	753	751	1778.33	1613.625	1695.9775
spe	751	749	1613.625	1448.555	1531.09
hgt	None	dead	0.0	0.0	0.0
los	749	GCA.003229375.1.Bacteria.Nitrospinota	1448.555	0.0	724.2775
hgt	724	GCA.001914955.1.Bacteria.Nitrospirota	1396.405	0.0	698.2025
los	None	dead	0.0	0.0	0.0
hgt	853	GCA.001797415.1.Bacteria.Desulfobacterota	1743.175	0.0	871.5875
spe	655	654	2988.07	2847.715	2917.8925
spe	654	520	2847.715	2756.655	2802.185
los	520	519	2756.655	2611.035	2683.845
spe	520	406	2756.655	2159.8	2458.2275
los	406	GCF.002795805.1.Bacteria.Proteobacteria	2159.8	0.0	1079.9
spe	654	653	2847.715	2587.485	2717.6
spe	653	652	2587.485	2416.38	2501.9325
los	652	526	2416.38	1930.815	2173.5975
dup	652	651	2416.38	2271.59	2343.985
spe	652	651	2416.38	2271.59	2343.985
spe	651	650	2271.59	2175.61	2223.6
los	650	536	2175.61	1675.53	1925.57
spe	650	649	2175.61	2098.745	2137.1775
los	649	543	2098.745	1839.06	1968.9025
dup	649	648	2098.745	2020.585	2059.665
dup	649	648	2098.745	2020.585	2059.665
spe	649	648	2098.745	2020.585	2059.665
spe	648	562	2020.585	1844.995	1932.79
los	562	561	1844.995	1768.445	1806.72
spe	562	546	1844.995	1417.275	1631.135
los	546	GCA.002747435.1.Bacteria.Proteobacteria	1417.275	0.0	708.6375
spe	648	647	2020.585	1948.805	1984.695
spe	647	646	1948.805	1902.685	1925.745
los	646	588	1902.685	1773.33	1838.0075
spe	646	645	1902.685	1840.255	1871.47
los	645	631	1840.255	1777.47	1808.8625
spe	645	644	1840.255	1647.11	1743.6825
los	644	643	1647.11	1467.95	1557.53
spe	644	636	1647.11	1555.685	1601.3975
los	636	GCA.002840095.1.Bacteria.Proteobacteria	1555.685	0.0	777.8425
spe	636	634	1555.685	1386.92	1471.3025
los	634	GCF.002020875.1.Bacteria.Proteobacteria	1386.92	0.0	693.46
spe	647	571	1948.805	1706.635	1827.72
los	571	565	1706.635	1414.39	1560.5125
spe	571	570	1706.635	1535.435	1621.035
los	570	GCA.002255365.1.Bacteria.Proteobacteria	1535.435	0.0	767.7175
spe	570	568	1535.435	1379.435	1457.435
los	568	GCF.001051235.1.Bacteria.Proteobacteria	1379.435	0.0	689.7175
hgt	None	dead	0.0	0.0	0.0
hgt	598	GCA.002292285.1.Bacteria.Proteobacteria	953.337	0.0	476.6685
los	None	dead	0.0	0.0	0.0
spe	649	648	2098.745	2020.585	2059.665
spe	648	562	2020.585	1844.995	1932.79
los	562	546	1844.995	1417.275	1631.135
spe	562	561	1844.995	1768.445	1806.72
los	561	560	1768.445	1588.765	1678.605
spe	561	553	1768.445	1596.945	1682.695
los	553	GCF.001641825.1.Bacteria.Proteobacteria	1596.945	0.0	798.4725
spe	553	552	1596.945	1380.83	1488.8875
los	552	551	1380.83	1067.6595	1224.24475
spe	648	647	2020.585	1948.805	1984.695
spe	647	571	1948.805	1706.635	1827.72
los	571	565	1706.635	1414.39	1560.5125
spe	571	570	1706.635	1535.435	1621.035
los	570	GCA.002255365.1.Bacteria.Proteobacteria	1535.435	0.0	767.7175
spe	570	568	1535.435	1379.435	1457.435
los	568	GCA.002862435.1.Bacteria.Proteobacteria	1379.435	0.0	689.7175
spe	647	646	1948.805	1902.685	1925.745
spe	646	645	1902.685	1840.255	1871.47
spe	645	644	1840.255	1647.11	1743.6825
los	644	643	1647.11	1467.95	1557.53
spe	644	636	1647.11	1555.685	1601.3975
spe	636	634	1555.685	1386.92	1471.3025
los	634	GCF.001697225.1.Bacteria.Proteobacteria	1386.92	0.0	693.46
spe	645	631	1840.255	1777.47	1808.8625
los	631	630	1777.47	1673.23	1725.35
hgt	None	dead	0.0	0.0	0.0
hgt	542	GCA.002631715.1.Bacteria.Proteobacteria	1583.705	0.0	791.8525
hgt	551	GCA.002746645.1.Bacteria.Proteobacteria	1067.6595	0.0	533.82975
los	None	dead	0.0	0.0	0.0
spe	631	603	1777.47	1696.92	1737.195
los	603	GCA.002085445.1.Bacteria.Proteobacteria	1696.92	0.0	848.46
dup	603	602	1696.92	1612.41	1654.665
spe	603	602	1696.92	1612.41	1654.665
spe	602	601	1612.41	1475.48	1543.945
los	601	595	1475.48	1266.66	1371.07
spe	601	600	1475.48	1276.255	1375.8675
los	600	598	1276.255	953.337	1114.796
hgt	560	558	1588.765	1434.31	1511.5375
spe	602	592	1612.41	1273.215	1442.8125
hgt	546	GCA.002747435.1.Bacteria.Proteobacteria	1417.275	0.0	708.6375
spe	560	558	1588.765	1434.31	1511.5375
spe	558	557	1434.31	1225.2445	1329.77725
hgt	576	GCA.002432655.1.Bacteria.Proteobacteria	1581.265	0.0	790.6325
los	557	GCA.002007405.1.Bacteria.Proteobacteria	1225.2445	0.0	612.62225
hgt	542	GCA.002352565.1.Bacteria.Proteobacteria	1583.705	0.0	791.8525
hgt	603	GCA.002085445.1.Bacteria.Proteobacteria	1696.92	0.0	848.46
spe	603	602	1696.92	1612.41	1654.665
los	602	592	1612.41	1273.215	1442.8125
spe	602	601	1612.41	1475.48	1543.945
spe	601	595	1475.48	1266.66	1371.07
los	595	GCA.002454015.1.Bacteria.Proteobacteria	1266.66	0.0	633.33
spe	601	600	1475.48	1276.255	1375.8675
los	600	GCA.002007425.1.Bacteria.Proteobacteria	1276.255	0.0	638.1275
spe	600	598	1276.255	953.337	1114.796
los	598	GCA.002292285.1.Bacteria.Proteobacteria	953.337	0.0	476.6685
spe	646	588	1902.685	1773.33	1838.0075
los	588	587	1773.33	1495.94	1634.635
spe	588	576	1773.33	1581.265	1677.2975
los	576	GCA.002432655.1.Bacteria.Proteobacteria	1581.265	0.0	790.6325
hgt	None	dead	0.0	0.0	0.0
spe	576	574	1581.265	1330.6	1455.9325
los	574	GCF.000374645.1.Bacteria.Proteobacteria	1330.6	0.0	665.3
hgt	529	GCA.002420425.1.Bacteria.Proteobacteria	1606.235	0.0	803.1175
los	None	dead	0.0	0.0	0.0
spe	649	648	2098.745	2020.585	2059.665
los	648	562	2020.585	1844.995	1932.79
spe	648	647	2020.585	1948.805	1984.695
los	647	571	1948.805	1706.635	1827.72
spe	647	646	1948.805	1902.685	1925.745
los	646	588	1902.685	1773.33	1838.0075
spe	646	645	1902.685	1840.255	1871.47
spe	645	631	1840.255	1777.47	1808.8625
los	631	630	1777.47	1673.23	1725.35
spe	631	603	1777.47	1696.92	1737.195
los	603	GCA.002085445.1.Bacteria.Proteobacteria	1696.92	0.0	848.46
spe	603	602	1696.92	1612.41	1654.665
los	602	592	1612.41	1273.215	1442.8125
spe	602	601	1612.41	1475.48	1543.945
los	601	600	1475.48	1276.255	1375.8675
spe	601	595	1475.48	1266.66	1371.07
los	595	GCA.002389045.1.Bacteria.Proteobacteria	1266.66	0.0	633.33
spe	645	644	1840.255	1647.11	1743.6825
los	644	636	1647.11	1555.685	1601.3975
dup	644	643	1647.11	1467.95	1557.53
spe	644	643	1647.11	1467.95	1557.53
los	643	639	1467.95	1269.845	1368.8975
spe	643	642	1467.95	1332.36	1400.155
los	642	GCA.001447805.1.Bacteria.Proteobacteria	1332.36	0.0	666.18
spe	644	643	1647.11	1467.95	1557.53
spe	643	642	1467.95	1332.36	1400.155
los	642	GCA.001464965.1.Bacteria.Proteobacteria	1332.36	0.0	666.18
spe	643	639	1467.95	1269.845	1368.8975
spe	651	533	2271.59	1932.55	2102.07
los	533	532	1932.55	1529.075	1730.8125
hgt	None	dead	0.0	0.0	0.0
spe	533	529	1932.55	1606.235	1769.3925
los	529	GCA.002420425.1.Bacteria.Proteobacteria	1606.235	0.0	803.1175
hgt	565	GCF.002958735.1.Bacteria.Proteobacteria	1414.39	0.0	707.195
los	None	dead	0.0	0.0	0.0
dup	565	GCF.002958735.1.Bacteria.Proteobacteria	1414.39	0.0	707.195
spe	652	651	2416.38	2271.59	2343.985
spe	651	533	2271.59	1932.55	2102.07
los	533	529	1932.55	1606.235	1769.3925
spe	533	532	1932.55	1529.075	1730.8125
hgt	560	GCA.001735895.1.Bacteria.Proteobacteria	1588.765	0.0	794.3825
hgt	416	GCA.002938255.1.Bacteria.Proteobacteria	1555.63	0.0	777.815
spe	651	650	2271.59	2175.61	2223.6
los	650	536	2175.61	1675.53	1925.57
spe	650	649	2175.61	2098.745	2137.1775
los	649	543	2098.745	1839.06	1968.9025
spe	649	648	2098.745	2020.585	2059.665
spe	648	647	2020.585	1948.805	1984.695
spe	647	571	1948.805	1706.635	1827.72
los	571	565	1706.635	1414.39	1560.5125
spe	571	570	1706.635	1535.435	1621.035
los	570	568	1535.435	1379.435	1457.435
hgt	514	513	1954.11	1885.97	1920.04
los	647	646	1948.805	1902.685	1925.745
dup	514	513	1954.11	1885.97	1920.04
hgt	None	dead	0.0	0.0	0.0
hgt	453	GCA.002457765.1.Bacteria.Proteobacteria	948.5585	0.0	474.27925
los	None	dead	0.0	0.0	0.0
dup	514	513	1954.11	1885.97	1920.04
hgt	None	dead	0.0	0.0	0.0
hgt	462	GCF.000315795.1.Bacteria.Proteobacteria	1117.2015	0.0	558.60075
los	None	dead	0.0	0.0	0.0
dup	514	513	1954.11	1885.97	1920.04
spe	514	513	1954.11	1885.97	1920.04
spe	513	483	1885.97	1836.685	1861.3275
spe	483	482	1836.685	1750.105	1793.395
los	482	458	1750.105	1624.365	1687.235
spe	482	481	1750.105	1674.98	1712.5425
los	481	480	1674.98	1549.46	1612.22
spe	481	469	1674.98	1543.27	1609.125
los	469	468	1543.27	1359.195	1451.2325
spe	469	463	1543.27	1394.155	1468.7125
los	463	GCF.002251795.1.Bacteria.Proteobacteria	1394.155	0.0	697.0775
spe	463	462	1394.155	1117.2015	1255.67825
los	462	GCF.000315795.1.Bacteria.Proteobacteria	1117.2015	0.0	558.60075
spe	483	447	1836.685	1643.315	1740.0
spe	447	439	1643.315	1422.265	1532.79
los	439	GCF.001613805.1.Bacteria.Proteobacteria	1422.265	0.0	711.1325
spe	447	446	1643.315	1453.89	1548.6025
los	446	GCA.002717185.1.Bacteria.Proteobacteria	1453.89	0.0	726.945
spe	446	445	1453.89	1339.17	1396.53
los	445	GCA.002717225.1.Bacteria.Proteobacteria	1339.17	0.0	669.585
hgt	None	dead	0.0	0.0	0.0
spe	445	444	1339.17	1137.223	1238.1965
los	444	GCA.002348425.1.Bacteria.Proteobacteria	1137.223	0.0	568.6115
hgt	434	GCA.002898275.1.Bacteria.Proteobacteria	1353.935	0.0	676.9675
los	None	dead	0.0	0.0	0.0
spe	513	512	1885.97	1775.885	1830.9275
los	512	486	1775.885	1397.735	1586.81
spe	512	511	1775.885	1694.565	1735.225
los	511	489	1694.565	1316.195	1505.38
spe	511	510	1694.565	1636.78	1665.6725
los	510	492	1636.78	1312.7	1474.74
spe	510	509	1636.78	1544.73	1590.755
los	509	508	1544.73	1436.825	1490.7775
spe	509	495	1544.73	1237.1635	1390.94675
hgt	467	GCF.003258945.1.Bacteria.Proteobacteria	1181.4985	0.0	590.74925
hgt	None	dead	0.0	0.0	0.0
hgt	944	GCA.002712165.1.Bacteria.Proteobacteria	1373.315	0.0	686.6575
los	None	dead	0.0	0.0	0.0
spe	514	513	1954.11	1885.97	1920.04
spe	513	512	1885.97	1775.885	1830.9275
los	512	486	1775.885	1397.735	1586.81
spe	512	511	1775.885	1694.565	1735.225
los	511	510	1694.565	1636.78	1665.6725
spe	511	489	1694.565	1316.195	1505.38
los	489	GCA.002701885.1.Bacteria.Proteobacteria	1316.195	0.0	658.0975
spe	513	483	1885.97	1836.685	1861.3275
spe	483	447	1836.685	1643.315	1740.0
los	447	439	1643.315	1422.265	1532.79
spe	447	446	1643.315	1453.89	1548.6025
los	446	GCA.002717185.1.Bacteria.Proteobacteria	1453.89	0.0	726.945
hgt	None	dead	0.0	0.0	0.0
spe	446	445	1453.89	1339.17	1396.53
los	445	444	1339.17	1137.223	1238.1965
hgt	506	GCA.002480495.1.Bacteria.Proteobacteria	1217.64	0.0	608.82
los	None	dead	0.0	0.0	0.0
hgt	514	436	1954.11	1751.05	1852.58
spe	483	482	1836.685	1750.105	1793.395
los	482	481	1750.105	1674.98	1712.5425
spe	482	458	1750.105	1624.365	1687.235
los	458	GCA.002340345.1.Bacteria.Proteobacteria	1624.365	0.0	812.1825
spe	458	456	1624.365	1476.57	1550.4675
spe	456	455	1476.57	1226.72	1351.645
spe	455	454	1226.72	1094.241	1160.4805
hgt	517	GCA.002937675.1.Bacteria.Proteobacteria	2290.125	0.0	1145.0625
hgt	444	GCA.002348425.1.Bacteria.Proteobacteria	1137.223	0.0	568.6115
spe	454	453	1094.241	948.5585	1021.39975
hgt	468	GCF.900167455.1.Bacteria.Proteobacteria	1359.195	0.0	679.5975
los	453	GCA.002457765.1.Bacteria.Proteobacteria	948.5585	0.0	474.27925
hgt	435	GCA.006969625.1.Bacteria.Proteobacteria	1536.91	0.0	768.455
spe	514	436	1954.11	1751.05	1852.58
spe	436	435	1751.05	1536.91	1643.98
los	435	GCA.006969625.1.Bacteria.Proteobacteria	1536.91	0.0	768.455
spe	435	434	1536.91	1353.935	1445.4225
los	434	GCA.002898275.1.Bacteria.Proteobacteria	1353.935	0.0	676.9675
spe	514	513	1954.11	1885.97	1920.04
spe	513	483	1885.97	1836.685	1861.3275
los	483	447	1836.685	1643.315	1740.0
spe	483	482	1836.685	1750.105	1793.395
los	482	458	1750.105	1624.365	1687.235
spe	482	481	1750.105	1674.98	1712.5425
los	481	480	1674.98	1549.46	1612.22
spe	481	469	1674.98	1543.27	1609.125
los	469	468	1543.27	1359.195	1451.2325
spe	469	463	1543.27	1394.155	1468.7125
los	463	462	1394.155	1117.2015	1255.67825
spe	513	512	1885.97	1775.885	1830.9275
los	512	486	1775.885	1397.735	1586.81
spe	512	511	1775.885	1694.565	1735.225
los	511	489	1694.565	1316.195	1505.38
spe	511	510	1694.565	1636.78	1665.6725
los	510	509	1636.78	1544.73	1590.755
spe	510	492	1636.78	1312.7	1474.74
spe	514	513	1954.11	1885.97	1920.04
spe	513	483	1885.97	1836.685	1861.3275
los	483	482	1836.685	1750.105	1793.395
spe	483	447	1836.685	1643.315	1740.0
los	447	446	1643.315	1453.89	1548.6025
spe	447	439	1643.315	1422.265	1532.79
los	439	GCA.002723345.1.Bacteria.Proteobacteria	1422.265	0.0	711.1325
spe	513	512	1885.97	1775.885	1830.9275
los	512	486	1775.885	1397.735	1586.81
spe	512	511	1775.885	1694.565	1735.225
los	511	489	1694.565	1316.195	1505.38
spe	511	510	1694.565	1636.78	1665.6725
los	510	492	1636.78	1312.7	1474.74
spe	510	509	1636.78	1544.73	1590.755
los	509	495	1544.73	1237.1635	1390.94675
spe	509	508	1544.73	1436.825	1490.7775
spe	508	498	1436.825	1261.48	1349.1525
los	498	GCA.002731375.1.Bacteria.Proteobacteria	1261.48	0.0	630.74
spe	508	507	1436.825	1269.025	1352.925
los	507	506	1269.025	1217.64	1243.3325
spe	507	503	1269.025	1116.0495	1192.53725
los	503	501	1116.0495	884.6055	1000.3275
spe	648	562	2020.585	1844.995	1932.79
los	562	546	1844.995	1417.275	1631.135
spe	562	561	1844.995	1768.445	1806.72
spe	561	553	1768.445	1596.945	1682.695
los	553	552	1596.945	1380.83	1488.8875
spe	561	560	1768.445	1588.765	1678.605
los	560	GCA.001735895.1.Bacteria.Proteobacteria	1588.765	0.0	794.3825
spe	560	558	1588.765	1434.31	1511.5375
spe	558	557	1434.31	1225.2445	1329.77725
los	557	GCA.002728355.1.Bacteria.Proteobacteria	1225.2445	0.0	612.62225
hgt	None	dead	0.0	0.0	0.0
los	558	GCA.002386945.1.Bacteria.Proteobacteria	1434.31	0.0	717.155
hgt	613	612	1391.71	1256.25	1323.98
los	None	dead	0.0	0.0	0.0
spe	613	612	1391.71	1256.25	1323.98
hgt	506	GCA.001464215.1.Bacteria.Proteobacteria	1217.64	0.0	608.82
spe	612	611	1256.25	936.1675	1096.20875
hgt	613	GCF.003097315.1.Bacteria.Proteobacteria	1391.71	0.0	695.855
hgt	38	GCF.002214485.1.Archaea.Methanobacteriota.B	1770.925	0.0	885.4625
hgt	118	116	1643.115	1108.5585	1375.83675
los	None	dead	0.0	0.0	0.0
spe	118	116	1643.115	1108.5585	1375.83675
spe	899	743	2936.525	2681.09	2808.8075
los	743	742	2681.09	2393.59	2537.34
spe	743	721	2681.09	2277.575	2479.3325
los	721	GCA.003230535.1.Bacteria.SZUA.182	2277.575	0.0	1138.7875
hgt	None	dead	0.0	0.0	0.0
spe	721	720	2277.575	1930.555	2104.065
los	720	GCA.001775255.1.Bacteria.Desulfobacterota.D	1930.555	0.0	965.2775
hgt	515	GCA.002632265.1.Bacteria.Proteobacteria	2084.22	0.0	1042.11
hgt	352	GCA.002167285.1.Bacteria.Planctomycetota	1705.385	0.0	852.6925
los	None	dead	0.0	0.0	0.0
hgt	1079	1078	1922.45	1701.455	1811.9525
hgt	159	GCF.000091205.1.Eukaryota.Rhodophyta	1084.09	0.0	542.045
los	None	dead	0.0	0.0	0.0
spe	1079	1078	1922.45	1701.455	1811.9525
spe	1078	1076	1701.455	1235.659	1468.557
hgt	None	dead	0.0	0.0	0.0
hgt	982	GCF.001535965.1.Bacteria.Bacteroidota	1900.265	0.0	950.1325
hgt	1082	GCA.002011615.1.Bacteria.WOR.3	2433.75	0.0	1216.875
los	None	dead	0.0	0.0	0.0
hgt	61	60	1811.47	1534.115	1672.7925
los	None	dead	0.0	0.0	0.0
spe	61	60	1811.47	1534.115	1672.7925
spe	60	59	1534.115	1276.445	1405.28
hgt	769	GCA.001798135.1.Bacteria.UBA10199	1816.45	0.0	908.225
los	59	GCA.002011395.1.Archaea.Thermoplasmatota	1276.445	0.0	638.2225
hgt	267	GCA.002428325.1.Bacteria.UBP4	2213.055	0.0	1106.5275
hgt	None	dead	0.0	0.0	0.0
hgt	1723	1722	3369.21	3050.45	3209.83
hgt	783	782	2397.91	2224.065	2310.9875
los	None	dead	0.0	0.0	0.0
spe	783	782	2397.91	2224.065	2310.9875
spe	782	781	2224.065	2000.73	2112.3975
spe	781	775	2000.73	1721.205	1860.9675
los	775	773	1721.205	1542.205	1631.705
spe	781	780	2000.73	1693.33	1847.03
los	780	GCA.001769805.1.Bacteria.Bdellovibrionota	1693.33	0.0	846.665
spe	780	778	1693.33	1459.395	1576.3625
hgt	302	GCF.000170755.1.Bacteria.Verrucomicrobiota	1318.23	0.0	659.115
hgt	320	GCA.002746535.1.Bacteria.Planctomycetota	2045.545	0.0	1022.7725
los	778	GCA.002321895.1.Bacteria.Bdellovibrionota	1459.395	0.0	729.6975
spe	782	770	2224.065	2053.975	2139.02
los	770	GCA.002787535.1.Bacteria.Bdellovibrionota	2053.975	0.0	1026.9875
spe	770	769	2053.975	1816.45	1935.2125
los	769	GCA.001798135.1.Bacteria.UBA10199	1816.45	0.0	908.225
dup	769	768	1816.45	1657.32	1736.885
spe	769	768	1816.45	1657.32	1736.885
los	768	GCA.001798715.1.Bacteria.UBA10199	1657.32	0.0	828.66
spe	768	767	1657.32	1475.25	1566.285
los	767	GCA.002796325.1.Bacteria.UBA10199	1475.25	0.0	737.625
spe	767	766	1475.25	1283.665	1379.4575
los	766	GCA.001798075.1.Bacteria.UBA10199	1283.665	0.0	641.8325
spe	769	768	1816.45	1657.32	1736.885
spe	768	767	1657.32	1475.25	1566.285
los	767	GCA.002796325.1.Bacteria.UBA10199	1475.25	0.0	737.625
spe	767	766	1475.25	1283.665	1379.4575
los	766	GCA.001798185.1.Bacteria.UBA10199	1283.665	0.0	641.8325
spe	1723	1722	3369.21	3050.45	3209.83
spe	1722	1721	3050.45	2916.245	2983.3475
los	1721	1667	2916.245	2112.65	2514.4475
spe	1721	1720	2916.245	2510.455	2713.35
los	1720	GCF.000484535.1.Bacteria.Cyanobacteria	2510.455	0.0	1255.2275
spe	1720	1719	2510.455	2371.88	2441.1675
spe	1719	1718	2371.88	2232.24	2302.06
los	1718	1704	2232.24	2105.22	2168.73
spe	1718	1717	2232.24	2064.395	2148.3175
los	1717	1716	2064.395	1811.985	1938.19
hgt	276	270	2570.7	2158.53	2364.615
spe	1722	1664	3050.45	2102.73	2576.59
los	1664	1660	2102.73	1690.83	1896.78
hgt	None	dead	0.0	0.0	0.0
hgt	220	GCA.001805375.1.Bacteria.Omnitrophota	1229.222	0.0	614.611
los	None	dead	0.0	0.0	0.0
spe	1664	1663	2102.73	1748.05	1925.39
los	1663	GCA.001784555.1.Bacteria.Cyanobacteria	1748.05	0.0	874.025
spe	276	270	2570.7	2158.53	2364.615
hgt	None	dead	0.0	0.0	0.0
hgt	588	587	1773.33	1495.94	1634.635
hgt	932	GCA.002414805.1.Bacteria.Fibrobacterota	1559.44	0.0	779.72
hgt	1098	GCA.003167155.1.Bacteria.Eremiobacterota	1440.925	0.0	720.4625
hgt	767	GCA.002796325.1.Bacteria.UBA10199	1475.25	0.0	737.625
los	None	dead	0.0	0.0	0.0
hgt	380	GCF.000758165.1.Bacteria.Spirochaetota	1262.3525	0.0	631.17625
hgt	288	GCA.002323895.1.Bacteria.Verrucomicrobiota	1496.535	0.0	748.2675
spe	588	587	1773.33	1495.94	1634.635
spe	587	586	1495.94	1375.33	1435.635
los	586	GCA.003228965.1.Bacteria.Proteobacteria	1375.33	0.0	687.665
spe	586	585	1375.33	1166.9135	1271.12175
los	585	GCA.002338605.1.Bacteria.Proteobacteria	1166.9135	0.0	583.45675
spe	587	581	1495.94	1344.875	1420.4075
los	581	GCA.002868855.1.Bacteria.Proteobacteria	1344.875	0.0	672.4375
spe	581	579	1344.875	1079.9275	1212.40125
hgt	585	GCA.002338605.1.Bacteria.Proteobacteria	1166.9135	0.0	583.45675
hgt	536	GCF.002940605.1.Bacteria.Proteobacteria	1675.53	0.0	837.765
hgt	403	GCF.900177345.1.Bacteria.Proteobacteria	2061.575	0.0	1030.7875
hgt	None	dead	0.0	0.0	0.0
hgt	220	GCA.001805375.1.Bacteria.Omnitrophota	1229.222	0.0	614.611
hgt	227	GCA.001804315.1.Bacteria.Omnitrophota	2241.54	0.0	1120.77
los	None	dead	0.0	0.0	0.0
spe	902	390	3405.845	3029.745	3217.795
los	390	GCA.002780065.1.Bacteria.UBA8481	3029.745	0.0	1514.8725
hgt	None	dead	0.0	0.0	0.0
hgt	930	GCA.003455335.1.Bacteria.Fibrobacterota	1300.89	0.0	650.445
los	None	dead	0.0	0.0	0.0
hgt	None	dead	0.0	0.0	0.0
spe	390	389	3029.745	2648.15	2838.9475
los	389	371	2648.15	2295.32	2471.735
hgt	None	dead	0.0	0.0	0.0
hgt	400	GCA.002707655.1.Bacteria.SAR324	1933.765	0.0	966.8825
los	None	dead	0.0	0.0	0.0
spe	389	388	2648.15	2422.78	2535.465
spe	388	387	2422.78	2192.38	2307.58
los	387	383	2192.38	1799.86	1996.12
spe	387	386	2192.38	1753.72	1973.05
los	386	GCA.001829155.1.Bacteria.Spirochaetota	1753.72	0.0	876.86
spe	388	376	2422.78	1994.345	2208.5625
los	376	GCA.002418835.1.Bacteria.Spirochaetota	1994.345	0.0	997.1725
spe	376	374	1994.345	1504.65	1749.4975
los	374	GCA.002730875.1.Bacteria.Spirochaetota	1504.65	0.0	752.325
hgt	228	227	2282.535	2241.54	2262.0375
los	None	dead	0.0	0.0	0.0
spe	228	227	2282.535	2241.54	2262.0375
spe	227	225	2241.54	2035.71	2138.625
los	225	207	2035.71	1826.045	1930.8775
spe	225	224	2035.71	1962.275	1998.9925
los	224	223	1962.275	1848.56	1905.4175
spe	224	210	1962.275	1576.255	1769.265
los	210	GCA.002779345.1.Bacteria.Omnitrophota	1576.255	0.0	788.1275
