event	left_node	right_node	left_date	right_date	midpoint_date
spe	None	1728	0.0	0.0	0.0
spe	1728	180	0.0	3318.57	1659.285
hgt	1470	GCF.000025005.1.Bacteria.Chloroflexota	1749.085	0.0	874.5425
los	180	GCA.001889985.1.Archaea.Micrarchaeota	3318.57	0.0	1659.285
spe	180	179	3318.57	3274.245	3296.4075
los	179	23	3274.245	3029.29	3151.7675
spe	179	178	3274.245	3153.655	3213.95
spe	178	32	3153.655	2402.345	2778.0
hgt	None	dead	0.0	0.0	0.0
hgt	80	GCF.002114285.1.Archaea.Halobacteriota	1371.305	0.0	685.6525
los	None	dead	0.0	0.0	0.0
hgt	1090	1088	2540.54	1715.27	2127.905
los	32	26	2402.345	790.375	1596.36
spe	1090	1088	2540.54	1715.27	2127.905
spe	1088	1087	1715.27	1366.82	1541.045
los	1087	GCA.001778455.1.Bacteria.Bipolaricaulota	1366.82	0.0	683.41
spe	32	31	2402.345	1919.745	2161.045
hgt	None	dead	0.0	0.0	0.0
los	31	29	1919.745	1492.545	1706.145
hgt	84	GCF.000011005.1.Archaea.Euryarchaeota	1169.197	0.0	584.5985
los	None	dead	0.0	0.0	0.0
dup	31	GCA.001723855.1.Archaea.Altiarchaeota	1919.745	0.0	959.8725
spe	178	177	3153.655	2975.235	3064.445
spe	177	95	2975.235	2751.94	2863.5875
los	95	39	2751.94	2176.73	2464.335
spe	95	94	2751.94	2705.465	2728.7025
los	94	93	2705.465	2558.825	2632.145
spe	94	42	2705.465	2027.525	2366.495
los	42	GCA.002502135.1.Archaea.Undinarchaeota	2027.525	0.0	1013.7625
spe	177	176	2975.235	2798.9	2887.0675
spe	176	140	2798.9	2626.73	2712.815
spe	140	139	2626.73	2517.75	2572.24
los	139	109	2517.75	2214.8	2366.275
spe	139	138	2517.75	2383.655	2450.7025
los	138	137	2383.655	2168.41	2276.0325
spe	138	124	2383.655	2123.145	2253.4
los	124	GCA.002495485.1.Archaea.Thermoproteota	2123.145	0.0	1061.5725
spe	124	123	2123.145	1998.805	2060.975
spe	123	122	1998.805	1853.335	1926.07
spe	122	121	1853.335	1422.225	1637.78
los	121	GCA.001775995.1.Archaea.Thermoproteota	1422.225	0.0	711.1125
spe	122	118	1853.335	1643.115	1748.225
spe	118	116	1643.115	1108.5585	1375.83675
los	116	GCA.001593875.1.Archaea.Thermoproteota	1108.5585	0.0	554.27925
hgt	38	GCA.001515205.2.Archaea.Hadarchaeota	1770.925	0.0	885.4625
spe	123	113	1998.805	1643.05	1820.9275
hgt	47	GCA.002494765.1.Archaea.Thermoplasmatota	1480.595	0.0	740.2975
los	113	GCA.002255025.1.Archaea.Thermoproteota	1643.05	0.0	821.525
hgt	130	128	1643.645	925.9285	1284.78675
spe	130	128	1643.645	925.9285	1284.78675
hgt	None	dead	0.0	0.0	0.0
hgt	88	87	1663.625	1542.125	1602.875
los	None	dead	0.0	0.0	0.0
spe	88	87	1663.625	1542.125	1602.875
spe	87	86	1542.125	1366.345	1454.235
los	86	GCA.001412335.1.Archaea.Halobacteriota	1366.345	0.0	683.1725
spe	86	84	1366.345	1169.197	1267.771
los	84	GCF.000011005.1.Archaea.Euryarchaeota	1169.197	0.0	584.5985
hgt	1431	1427	2420.455	2216.53	2318.4925
los	140	GCF.000019605.1.Archaea.Thermoproteota	2626.73	0.0	1313.365
spe	1431	1427	2420.455	2216.53	2318.4925
spe	1427	1413	2216.53	1968.2	2092.365
los	1413	1399	1968.2	1604.38	1786.29
spe	1413	1412	1968.2	1749.925	1859.0625
los	1412	1408	1749.925	1662.42	1706.1725
spe	1412	1411	1749.925	1413.835	1581.88
los	1411	GCA.002450515.1.Bacteria.Chloroflexota	1413.835	0.0	706.9175
spe	1427	1426	2216.53	1994.025	2105.2775
hgt	1016	GCA.002414865.1.Bacteria.Fermentibacterota	2032.895	0.0	1016.4475
los	1426	1425	1994.025	1783.375	1888.7
spe	176	175	2798.9	2653.515	2726.2075
spe	175	143	2653.515	1902.65	2278.0825
los	143	GCA.001563325.1.Archaea.Asgardarchaeota	1902.65	0.0	951.325
spe	175	174	2653.515	2527.615	2590.565
spe	174	173	2527.615	2445.14	2486.3775
hgt	1273	GCF.000166335.1.Bacteria.Firmicutes.A	2085.065	0.0	1042.5325
los	173	172	2445.14	1813.355	2129.2475
spe	173	151	2445.14	2127.23	2286.185
hgt	None	dead	0.0	0.0	0.0
los	151	150	2127.23	1481.835	1804.5325
hgt	65	GCA.001800745.1.Archaea.Thermoplasmatota	1261.09	0.0	630.545
los	None	dead	0.0	0.0	0.0
spe	151	147	2127.23	1579.1	1853.165
los	147	GCA.001940755.1.Archaea.Asgardarchaeota	1579.1	0.0	789.55
hgt	107	GCA.001717025.1.Archaea.Thermoproteota	1515.18	0.0	757.59
hgt	121	GCA.001775995.1.Archaea.Thermoproteota	1422.225	0.0	711.1125
spe	1728	1727	0.0	3922.83	1961.415
los	1727	189	3922.83	3225.865	3574.3475
dup	1727	1726	3922.83	3874.525	3898.6775
hgt	None	dead	0.0	0.0	0.0
hgt	150	GCA.001940645.1.Archaea.Asgardarchaeota	1481.835	0.0	740.9175
los	None	dead	0.0	0.0	0.0
hgt	None	dead	0.0	0.0	0.0
hgt	1136	GCA.003157385.1.Bacteria.Actinobacteriota	1777.3	0.0	888.65
los	None	dead	0.0	0.0	0.0
spe	1727	1726	3922.83	3874.525	3898.6775
spe	1726	1094	3874.525	3784.185	3829.355
los	1094	1093	3784.185	3252.63	3518.4075
spe	1094	1048	3784.185	3607.975	3696.08
los	1048	1047	3607.975	3589.185	3598.58
spe	1048	278	3607.975	3314.9	3461.4375
los	278	277	3314.9	2637.64	2976.27
spe	278	262	3314.9	3036.86	3175.88
los	262	261	3036.86	2934.875	2985.8675
spe	262	194	3036.86	2209.16	2623.01
los	194	193	2209.16	1901.335	2055.2475
dup	1726	1725	3874.525	3797.605	3836.065
spe	1726	1725	3874.525	3797.605	3836.065
los	1725	1724	3797.605	3674.455	3736.03
spe	1725	1393	3797.605	3319.26	3558.4325
los	1393	1129	3319.26	2723.85	3021.555
spe	1393	1392	3319.26	3133.075	3226.1675
spe	1392	1391	3133.075	2803.98	2968.5275
spe	1391	1390	2803.98	2692.555	2748.2675
spe	1390	1389	2692.555	2619.07	2655.8125
los	1389	1237	2619.07	2011.28	2315.175
spe	1389	1388	2619.07	2495.045	2557.0575
los	1388	1274	2495.045	2255.985	2375.515
spe	1388	1387	2495.045	2426.135	2460.59
los	1387	1386	2426.135	2312.805	2369.47
spe	1387	1327	2426.135	2263.0	2344.5675
los	1327	1326	2263.0	2039.05	2151.025
spe	1327	1289	2263.0	1989.36	2126.18
los	1289	1288	1989.36	1620.075	1804.7175
spe	1390	1218	2692.555	2397.09	2544.8225
spe	1218	1216	2397.09	1902.285	2149.6875
los	1216	1215	1902.285	1418.775	1660.53
hgt	1476	1454	2416.915	1996.555	2206.735
los	1391	1211	2803.98	2064.13	2434.055
spe	1476	1454	2416.915	1996.555	2206.735
spe	1454	1446	1996.555	1803.385	1899.97
los	1446	1440	1803.385	1679.715	1741.55
spe	1446	1445	1803.385	1577.91	1690.6475
los	1445	GCA.003130875.1.Bacteria.Chloroflexota	1577.91	0.0	788.955
spe	1445	1444	1577.91	1386.06	1481.985
los	1444	GCA.002366755.1.Bacteria.Chloroflexota	1386.06	0.0	693.03
spe	1454	1453	1996.555	1862.655	1929.605
spe	1453	1449	1862.655	1589.82	1726.2375
hgt	1437	GCF.900066015.1.Bacteria.Chloroflexota	1158.264	0.0	579.132
los	1449	GCA.002366595.1.Bacteria.Chloroflexota	1589.82	0.0	794.91
spe	1453	1452	1862.655	1430.125	1646.39
spe	1392	1188	3133.075	2752.47	2942.7725
los	1188	GCA.002779205.1.Bacteria.Actinobacteriota	2752.47	0.0	1376.235
spe	1188	1187	2752.47	2676.31	2714.39
los	1187	1133	2676.31	1803.285	2239.7975
spe	1187	1186	2676.31	2550.565	2613.4375
spe	1186	1136	2550.565	1777.3	2163.9325
los	1136	GCA.003157385.1.Bacteria.Actinobacteriota	1777.3	0.0	888.65
spe	1186	1185	2550.565	2405.805	2478.185
los	1185	1169	2405.805	2113.35	2259.5775
spe	1185	1184	2405.805	2236.7	2321.2525
spe	1184	1183	2236.7	1581.31	1909.005
los	1183	GCA.000434775.1.Bacteria.Actinobacteriota	1581.31	0.0	790.655
spe	1184	1180	2236.7	1876.995	2056.8475
los	1180	GCF.001029505.1.Bacteria.Actinobacteriota	1876.995	0.0	938.4975
spe	1180	1179	1876.995	1607.105	1742.05
los	1179	1178	1607.105	1434.165	1520.635
spe	1179	1173	1607.105	1376.77	1491.9375
hgt	None	dead	0.0	0.0	0.0
hgt	1655	GCA.001771505.1.Bacteria.Margulisbacteria	1788.135	0.0	894.0675
los	None	dead	0.0	0.0	0.0
spe	1726	1725	3874.525	3797.605	3836.065
spe	1725	1393	3797.605	3319.26	3558.4325
los	1393	1129	3319.26	2723.85	3021.555
spe	1393	1392	3319.26	3133.075	3226.1675
los	1392	1391	3133.075	2803.98	2968.5275
spe	1392	1188	3133.075	2752.47	2942.7725
hgt	None	dead	0.0	0.0	0.0
hgt	668	GCA.002010665.1.Bacteria.Acidobacteriota	1417.72	0.0	708.86
los	None	dead	0.0	0.0	0.0
spe	1188	1187	2752.47	2676.31	2714.39
spe	1187	1186	2676.31	2550.565	2613.4375
los	1186	1136	2550.565	1777.3	2163.9325
spe	1186	1185	2550.565	2405.805	2478.185
los	1185	1169	2405.805	2113.35	2259.5775
spe	1185	1184	2405.805	2236.7	2321.2525
los	1184	1183	2236.7	1581.31	1909.005
spe	1184	1180	2236.7	1876.995	2056.8475
los	1180	GCF.001029505.1.Bacteria.Actinobacteriota	1876.995	0.0	938.4975
spe	1180	1179	1876.995	1607.105	1742.05
los	1179	1173	1607.105	1376.77	1491.9375
spe	1179	1178	1607.105	1434.165	1520.635
los	1178	1177	1434.165	1221.364	1327.7645
spe	1187	1133	2676.31	1803.285	2239.7975
los	1133	GCA.002366545.1.Bacteria.Actinobacteriota	1803.285	0.0	901.6425
hgt	None	dead	0.0	0.0	0.0
spe	1725	1724	3797.605	3674.455	3736.03
spe	1724	1723	3674.455	3369.21	3521.8325
los	1723	1657	3369.21	3016.145	3192.6775
spe	1723	1722	3369.21	3050.45	3209.83
los	1722	1664	3050.45	2102.73	2576.59
spe	1722	1721	3050.45	2916.245	2983.3475
los	1721	1720	2916.245	2510.455	2713.35
spe	1721	1667	2916.245	2112.65	2514.4475
los	1667	GCA.002783405.1.Bacteria.Cyanobacteria	2112.65	0.0	1056.325
spe	1724	1642	3674.455	3592.175	3633.315
hgt	None	dead	0.0	0.0	0.0
los	1642	1641	3592.175	3376.77	3484.4725
hgt	794	GCA.001798565.1.Bacteria.Desulfobacterota.B	1350.25	0.0	675.125
los	None	dead	0.0	0.0	0.0
spe	1642	1478	3592.175	3018.815	3305.495
los	1478	1396	3018.815	1723.235	2371.025
spe	1478	1477	3018.815	2723.605	2871.21
hgt	None	dead	0.0	0.0	0.0
hgt	753	GCA.001803565.1.Bacteria.Nitrospinota.B	1778.33	0.0	889.165
los	None	dead	0.0	0.0	0.0
hgt	1390	1389	2692.555	2619.07	2655.8125
hgt	716	715	2659.235	2473.255	2566.245
hgt	None	dead	0.0	0.0	0.0
dup	None	dead	0.0	0.0	0.0
hgt	837	GCA.001768075.1.Bacteria.Myxococcota	1472.175	0.0	736.0875
los	None	dead	0.0	0.0	0.0
hgt	888	887	2336.71	2137.8	2237.255
los	None	dead	0.0	0.0	0.0
spe	888	887	2336.71	2137.8	2237.255
spe	887	863	2137.8	1855.945	1996.8725
los	863	857	1855.945	1680.31	1768.1275
dup	863	862	1855.945	1513.555	1684.75
spe	863	862	1855.945	1513.555	1684.75
los	862	GCA.002782605.1.Bacteria.Desulfobacterota	1513.555	0.0	756.7775
spe	862	861	1513.555	1399.46	1456.5075
los	861	GCA.002327985.1.Bacteria.Desulfobacterota	1399.46	0.0	699.73
spe	863	862	1855.945	1513.555	1684.75
spe	862	861	1513.555	1399.46	1456.5075
los	861	GCA.001304105.1.Bacteria.Desulfobacterota	1399.46	0.0	699.73
spe	887	886	2137.8	1905.655	2021.7275
los	886	874	1905.655	1792.455	1849.055
spe	886	885	1905.655	1770.19	1837.9225
spe	885	877	1770.19	1616.13	1693.16
los	877	GCF.000620765.1.Bacteria.Desulfobacterota.I	1616.13	0.0	808.065
spe	885	884	1770.19	1647.595	1708.8925
hgt	801	GCA.002328485.1.Bacteria.Desulfobacterota.G	1810.17	0.0	905.085
los	884	880	1647.595	1365.41	1506.5025
spe	884	883	1647.595	1311.85	1479.7225
los	883	GCA.001751085.1.Bacteria.Desulfobacterota	1311.85	0.0	655.925
spe	1477	1476	2723.605	2416.915	2570.26
spe	1476	1475	2416.915	2249.485	2333.2
los	1475	1474	2249.485	2094.15	2171.8175
spe	1475	1463	2249.485	1987.575	2118.53
los	1463	1457	1987.575	1538.99	1763.2825
spe	1463	1462	1987.575	1858.705	1923.14
los	1462	1461	1858.705	1519.02	1688.8625
spe	1476	1454	2416.915	1996.555	2206.735
los	1454	1453	1996.555	1862.655	1929.605
spe	1454	1446	1996.555	1803.385	1899.97
los	1446	1440	1803.385	1679.715	1741.55
spe	1446	1445	1803.385	1577.91	1690.6475
los	1445	1444	1577.91	1386.06	1481.985
spe	716	715	2659.235	2473.255	2566.245
spe	715	675	2473.255	1949.475	2211.365
los	675	GCA.002789615.1.Bacteria.Acidobacteriota	1949.475	0.0	974.7375
spe	675	674	1949.475	1626.005	1787.74
los	674	GCA.002747255.1.Bacteria.Acidobacteriota	1626.005	0.0	813.0025
spe	715	714	2473.255	2337.43	2405.3425
los	714	GCA.002731215.1.Bacteria.Acidobacteriota	2337.43	0.0	1168.715
spe	714	713	2337.43	2182.5	2259.965
los	713	699	2182.5	2048.45	2115.475
spe	713	712	2182.5	1951.73	2067.115
los	712	711	1951.73	1691.09	1821.41
spe	712	706	1951.73	1682.815	1817.2725
los	706	704	1682.815	1483.83	1583.3225
spe	1390	1389	2692.555	2619.07	2655.8125
dup	1389	1388	2619.07	2495.045	2557.0575
spe	1389	1388	2619.07	2495.045	2557.0575
los	1388	1274	2495.045	2255.985	2375.515
spe	1388	1387	2495.045	2426.135	2460.59
los	1387	1386	2426.135	2312.805	2369.47
spe	1387	1327	2426.135	2263.0	2344.5675
spe	1327	1289	2263.0	1989.36	2126.18
los	1289	GCA.002345475.1.Bacteria.Firmicutes.H	1989.36	0.0	994.68
spe	1289	1288	1989.36	1620.075	1804.7175
spe	1288	1287	1620.075	1424.27	1522.1725
hgt	1697	Fischerella.muscicola.CCMEE5323	920.2075	0.0	460.10375
los	1287	GCA.002329525.1.Bacteria.Firmicutes.C	1424.27	0.0	712.135
spe	1287	1285	1424.27	1338.6	1381.435
los	1285	1284	1338.6	1065.8455	1202.22275
spe	1285	1281	1338.6	1109.4215	1224.01075
spe	1281	1280	1109.4215	950.2895	1029.8555
los	1280	GCF.900104455.1.Bacteria.Firmicutes.C	950.2895	0.0	475.14475
spe	1327	1326	2263.0	2039.05	2151.025
los	1326	1292	2039.05	1516.66	1777.855
spe	1326	1325	2039.05	1862.485	1950.7675
los	1325	1297	1862.485	1576.575	1719.53
spe	1325	1324	1862.485	1779.53	1821.0075
spe	1324	1323	1779.53	1708.06	1743.795
los	1323	1322	1708.06	1384.555	1546.3075
spe	1323	1319	1708.06	1607.725	1657.8925
los	1319	GCF.900100785.1.Bacteria.Firmicutes.B	1607.725	0.0	803.8625
spe	1319	1318	1607.725	1519.645	1563.685
los	1318	1317	1519.645	1148.381	1334.013
spe	1318	1312	1519.645	1284.875	1402.26
los	1312	GCF.002607855.1.Bacteria.Firmicutes.B	1284.875	0.0	642.4375
spe	1324	1308	1779.53	1606.55	1693.04
spe	1308	1307	1606.55	1451.1	1528.825
los	1307	1305	1451.1	1336.995	1394.0475
hgt	1210	1209	1896.845	1584.4	1740.6225
los	1308	1300	1606.55	1333.34	1469.945
spe	1210	1209	1896.845	1584.4	1740.6225
spe	1209	1208	1584.4	1446.125	1515.2625
los	1208	GCA.900016865.1.Bacteria.Firmicutes.G	1446.125	0.0	723.0625
spe	1389	1388	2619.07	2495.045	2557.0575
spe	1388	1274	2495.045	2255.985	2375.515
los	1274	1273	2255.985	2085.065	2170.525
spe	1274	1240	2255.985	1697.815	1976.9
hgt	1307	1305	1451.1	1336.995	1394.0475
spe	1307	1305	1451.1	1336.995	1394.0475
spe	1305	1304	1336.995	1096.0955	1216.54525
los	1304	GCA.001508005.1.Bacteria.Firmicutes.B	1096.0955	0.0	548.04775
spe	1388	1387	2495.045	2426.135	2460.59
spe	1387	1386	2426.135	2312.805	2369.47
los	1386	1330	2312.805	1602.185	1957.495
spe	1386	1385	2312.805	2240.33	2276.5675
los	1385	1333	2240.33	1678.19	1959.26
spe	1385	1384	2240.33	2049.01	2144.67
spe	1384	1338	2049.01	1549.595	1799.3025
los	1338	1337	1549.595	1365.895	1457.745
spe	1384	1383	2049.01	1971.49	2010.25
los	1383	1341	1971.49	1523.81	1747.65
spe	1383	1382	1971.49	1907.445	1939.4675
spe	1382	1344	1907.445	1520.89	1714.1675
los	1344	GCA.002159075.1.Bacteria.Firmicutes	1520.89	0.0	760.445
spe	1382	1381	1907.445	1843.345	1875.395
los	1381	1351	1843.345	1688.26	1765.8025
spe	1381	1380	1843.345	1785.675	1814.51
los	1380	1379	1785.675	1743.235	1764.455
spe	1387	1327	2426.135	2263.0	2344.5675
hgt	None	dead	0.0	0.0	0.0
los	1327	1289	2263.0	1989.36	2126.18
hgt	1300	GCA.002418765.1.Bacteria.Firmicutes.B	1333.34	0.0	666.67
los	None	dead	0.0	0.0	0.0
spe	1327	1326	2263.0	2039.05	2151.025
spe	1326	1292	2039.05	1516.66	1777.855
los	1292	GCF.000024605.1.Bacteria.Firmicutes.B	1516.66	0.0	758.33
spe	1326	1325	2039.05	1862.485	1950.7675
los	1325	1297	1862.485	1576.575	1719.53
spe	1325	1324	1862.485	1779.53	1821.0075
spe	1324	1308	1779.53	1606.55	1693.04
los	1308	1307	1606.55	1451.1	1528.825
spe	1308	1300	1606.55	1333.34	1469.945
los	1300	GCA.002418765.1.Bacteria.Firmicutes.B	1333.34	0.0	666.67
spe	1324	1323	1779.53	1708.06	1743.795
los	1323	1322	1708.06	1384.555	1546.3075
spe	1323	1319	1708.06	1607.725	1657.8925
los	1319	1318	1607.725	1519.645	1563.685
spe	1389	1237	2619.07	2011.28	2315.175
los	1237	1221	2011.28	1546.995	1779.1375
spe	1237	1236	2011.28	1872.885	1942.0825
spe	1236	1235	1872.885	1667.965	1770.425
hgt	None	dead	0.0	0.0	0.0
los	1235	1234	1667.965	1465.43	1566.6975
hgt	1312	GCF.002607855.1.Bacteria.Firmicutes.B	1284.875	0.0	642.4375
los	None	dead	0.0	0.0	0.0
spe	1236	1228	1872.885	1712.115	1792.5
hgt	1296	GCF.900176005.1.Bacteria.Firmicutes.B	1436.52	0.0	718.26
los	1228	GCA.003023725.1.Bacteria.Firmicutes.E	1712.115	0.0	856.0575
spe	1228	1227	1712.115	1509.365	1610.74
hgt	None	dead	0.0	0.0	0.0
los	1227	1226	1509.365	1388.78	1449.0725
hgt	1203	GCA.002399265.1.Bacteria.Firmicutes.G	1335.97	0.0	667.985
los	None	dead	0.0	0.0	0.0
spe	1477	1431	2723.605	2420.455	2572.03
spe	1431	1430	2420.455	1801.635	2111.045
hgt	1341	GCF.001653195.1.Bacteria.Firmicutes	1523.81	0.0	761.905
hgt	1163	GCF.000384115.1.Bacteria.Actinobacteriota	1087.464	0.0	543.732
los	1430	GCA.001795235.1.Bacteria.Chloroflexota	1801.635	0.0	900.8175
hgt	742	741	2393.59	1693.345	2043.4675
los	1431	1427	2420.455	2216.53	2318.4925
spe	742	741	2393.59	1693.345	2043.4675
hgt	1234	1233	1465.43	1196.4	1330.915
los	None	dead	0.0	0.0	0.0
spe	1234	1233	1465.43	1196.4	1330.915
spe	1727	1726	3922.83	3874.525	3898.6775
spe	1726	1725	3874.525	3797.605	3836.065
hgt	None	dead	0.0	0.0	0.0
los	1725	1724	3797.605	3674.455	3736.03
hgt	1272	1271	1953.09	1755.96	1854.525
los	None	dead	0.0	0.0	0.0
spe	1272	1271	1953.09	1755.96	1854.525
spe	1271	1270	1755.96	1598.315	1677.1375
los	1270	1264	1598.315	1360.255	1479.285
spe	1270	1269	1598.315	1451.62	1524.9675
los	1269	1268	1451.62	1275.485	1363.5525
spe	1271	1259	1755.96	1686.58	1721.27
los	1259	1258	1686.58	1451.145	1568.8625
spe	1259	1253	1686.58	1548.89	1617.735
los	1253	GCF.900142265.1.Bacteria.Firmicutes.A	1548.89	0.0	774.445
spe	1253	1252	1548.89	1387.715	1468.3025
spe	1252	1251	1387.715	1206.9915	1297.35325
los	1251	GCA.002478485.1.Bacteria.Firmicutes.A	1206.9915	0.0	603.49575
hgt	1315	GCF.002224645.1.Bacteria.Firmicutes.B	955.8	0.0	477.9
hgt	1269	GCF.002252565.1.Bacteria.Firmicutes.A	1451.62	0.0	725.81
spe	1725	1393	3797.605	3319.26	3558.4325
los	1393	1129	3319.26	2723.85	3021.555
spe	1393	1392	3319.26	3133.075	3226.1675
los	1392	1188	3133.075	2752.47	2942.7725
spe	1392	1391	3133.075	2803.98	2968.5275
los	1391	1211	2803.98	2064.13	2434.055
spe	1391	1390	2803.98	2692.555	2748.2675
spe	1390	1218	2692.555	2397.09	2544.8225
los	1218	GCA.001513125.1.Bacteria.DTU030	2397.09	0.0	1198.545
spe	1218	1216	2397.09	1902.285	2149.6875
los	1216	1215	1902.285	1418.775	1660.53
spe	1390	1389	2692.555	2619.07	2655.8125
spe	1389	1237	2619.07	2011.28	2315.175
los	1237	1236	2011.28	1872.885	1942.0825
spe	1237	1221	2011.28	1546.995	1779.1375
los	1221	GCA.002375895.1.Bacteria.Firmicutes.E	1546.995	0.0	773.4975
spe	1389	1388	2619.07	2495.045	2557.0575
los	1388	1274	2495.045	2255.985	2375.515
spe	1388	1387	2495.045	2426.135	2460.59
spe	1387	1327	2426.135	2263.0	2344.5675
los	1327	1289	2263.0	1989.36	2126.18
spe	1327	1326	2263.0	2039.05	2151.025
los	1326	1292	2039.05	1516.66	1777.855
spe	1326	1325	2039.05	1862.485	1950.7675
los	1325	1297	1862.485	1576.575	1719.53
spe	1325	1324	1862.485	1779.53	1821.0075
los	1324	1308	1779.53	1606.55	1693.04
spe	1324	1323	1779.53	1708.06	1743.795
spe	1323	1322	1708.06	1384.555	1546.3075
los	1322	GCA.001512665.1.Bacteria.Firmicutes.B	1384.555	0.0	692.2775
spe	1323	1319	1708.06	1607.725	1657.8925
spe	1319	1318	1607.725	1519.645	1563.685
los	1318	1312	1519.645	1284.875	1402.26
spe	1318	1317	1519.645	1148.381	1334.013
los	1317	1315	1148.381	955.8	1052.0905
hgt	1068	GCA.002428295.1.Bacteria.Caldisericota	1488.73	0.0	744.365
los	1319	GCF.900100785.1.Bacteria.Firmicutes.B	1607.725	0.0	803.8625
spe	1387	1386	2426.135	2312.805	2369.47
los	1386	1330	2312.805	1602.185	1957.495
spe	1386	1385	2312.805	2240.33	2276.5675
los	1385	1333	2240.33	1678.19	1959.26
spe	1385	1384	2240.33	2049.01	2144.67
los	1384	1338	2049.01	1549.595	1799.3025
spe	1384	1383	2049.01	1971.49	2010.25
los	1383	1341	1971.49	1523.81	1747.65
spe	1383	1382	1971.49	1907.445	1939.4675
los	1382	1344	1907.445	1520.89	1714.1675
dup	1382	1381	1907.445	1843.345	1875.395
spe	1382	1381	1907.445	1843.345	1875.395
spe	1381	1351	1843.345	1688.26	1765.8025
los	1351	1350	1688.26	1481.1	1584.68
spe	1351	1347	1688.26	1373.121	1530.6905
los	1347	GCF.001561915.1.Bacteria.Firmicutes	1373.121	0.0	686.5605
spe	1381	1380	1843.345	1785.675	1814.51
los	1380	GCF.001049895.1.Bacteria.Firmicutes	1785.675	0.0	892.8375
spe	1380	1379	1785.675	1743.235	1764.455
los	1379	1378	1743.235	1618.42	1680.8275
spe	1379	1355	1743.235	1426.77	1585.0025
spe	1382	1381	1907.445	1843.345	1875.395
los	1381	1380	1843.345	1785.675	1814.51
spe	1381	1351	1843.345	1688.26	1765.8025
spe	1351	1347	1688.26	1373.121	1530.6905
los	1347	GCF.900099895.1.Bacteria.Firmicutes	1373.121	0.0	686.5605
spe	1351	1350	1688.26	1481.1	1584.68
los	1350	GCF.000942395.1.Bacteria.Firmicutes	1481.1	0.0	740.55
spe	1726	1094	3874.525	3784.185	3829.355
hgt	None	dead	0.0	0.0	0.0
hgt	1258	GCA.003527145.1.Bacteria.Firmicutes.A	1451.145	0.0	725.5725
los	None	dead	0.0	0.0	0.0
hgt	None	dead	0.0	0.0	0.0
hgt	892	GCA.001873285.1.Bacteria.CG2.30.53.67	1770.59	0.0	885.295
los	None	dead	0.0	0.0	0.0
hgt	None	dead	0.0	0.0	0.0
hgt	866	GCA.002877985.1.Bacteria.Desulfobacterota	1297.81	0.0	648.905
los	None	dead	0.0	0.0	0.0
hgt	None	dead	0.0	0.0	0.0
los	1094	1093	3784.185	3252.63	3518.4075
hgt	738	737	2076.07	1863.46	1969.765
los	None	dead	0.0	0.0	0.0
dup	738	737	2076.07	1863.46	1969.765
spe	738	737	2076.07	1863.46	1969.765
los	737	733	1863.46	1467.515	1665.4875
spe	737	736	1863.46	1526.965	1695.2125
los	736	GCA.003454665.1.Bacteria.Nitrospirota	1526.965	0.0	763.4825
spe	738	737	2076.07	1863.46	1969.765
spe	737	736	1863.46	1526.965	1695.2125
los	736	GCA.001803795.1.Bacteria.Nitrospirota	1526.965	0.0	763.4825
spe	737	733	1863.46	1467.515	1665.4875
spe	733	732	1467.515	1232.2775	1349.89625
los	732	GCA.002011735.1.Bacteria.Nitrospirota	1232.2775	0.0	616.13875
hgt	None	dead	0.0	0.0	0.0
dup	None	dead	0.0	0.0	0.0
hgt	558	GCA.002386945.1.Bacteria.Proteobacteria	1434.31	0.0	717.155
los	None	dead	0.0	0.0	0.0
hgt	515	514	2084.22	1954.11	2019.165
los	None	dead	0.0	0.0	0.0
dup	515	514	2084.22	1954.11	2019.165
spe	515	514	2084.22	1954.11	2019.165
los	514	436	1954.11	1751.05	1852.58
spe	514	513	1954.11	1885.97	1920.04
spe	513	483	1885.97	1836.685	1861.3275
los	483	482	1836.685	1750.105	1793.395
spe	483	447	1836.685	1643.315	1740.0
los	447	446	1643.315	1453.89	1548.6025
spe	447	439	1643.315	1422.265	1532.79
los	439	GCF.001613805.1.Bacteria.Proteobacteria	1422.265	0.0	711.1325
spe	513	512	1885.97	1775.885	1830.9275
los	512	486	1775.885	1397.735	1586.81
dup	512	511	1775.885	1694.565	1735.225
spe	512	511	1775.885	1694.565	1735.225
los	511	489	1694.565	1316.195	1505.38
spe	511	510	1694.565	1636.78	1665.6725
los	510	509	1636.78	1544.73	1590.755
spe	510	492	1636.78	1312.7	1474.74
los	492	GCF.002798435.1.Bacteria.Proteobacteria	1312.7	0.0	656.35
spe	512	511	1775.885	1694.565	1735.225
spe	511	510	1694.565	1636.78	1665.6725
los	510	509	1636.78	1544.73	1590.755
spe	510	492	1636.78	1312.7	1474.74
los	492	GCF.900172325.1.Bacteria.Proteobacteria	1312.7	0.0	656.35
spe	511	489	1694.565	1316.195	1505.38
los	489	GCA.002701885.1.Bacteria.Proteobacteria	1316.195	0.0	658.0975
hgt	None	dead	0.0	0.0	0.0
spe	515	514	2084.22	1954.11	2019.165
spe	514	513	1954.11	1885.97	1920.04
spe	513	512	1885.97	1775.885	1830.9275
los	512	486	1775.885	1397.735	1586.81
spe	512	511	1775.885	1694.565	1735.225
los	511	489	1694.565	1316.195	1505.38
spe	511	510	1694.565	1636.78	1665.6725
los	510	492	1636.78	1312.7	1474.74
spe	510	509	1636.78	1544.73	1590.755
spe	509	495	1544.73	1237.1635	1390.94675
los	495	GCF.003173035.1.Bacteria.Proteobacteria	1237.1635	0.0	618.58175
spe	509	508	1544.73	1436.825	1490.7775
hgt	552	GCF.001614315.2.Bacteria.Proteobacteria	1380.83	0.0	690.415
los	508	498	1436.825	1261.48	1349.1525
spe	508	507	1436.825	1269.025	1352.925
los	507	503	1269.025	1116.0495	1192.53725
spe	507	506	1269.025	1217.64	1243.3325
los	506	GCA.002480495.1.Bacteria.Proteobacteria	1217.64	0.0	608.82
spe	513	483	1885.97	1836.685	1861.3275
spe	483	482	1836.685	1750.105	1793.395
los	482	481	1750.105	1674.98	1712.5425
spe	482	458	1750.105	1624.365	1687.235
los	458	GCA.002340345.1.Bacteria.Proteobacteria	1624.365	0.0	812.1825
spe	458	456	1624.365	1476.57	1550.4675
los	456	455	1476.57	1226.72	1351.645
spe	483	447	1836.685	1643.315	1740.0
los	447	439	1643.315	1422.265	1532.79
spe	447	446	1643.315	1453.89	1548.6025
spe	446	445	1453.89	1339.17	1396.53
los	445	444	1339.17	1137.223	1238.1965
hgt	None	dead	0.0	0.0	0.0
dup	514	436	1954.11	1751.05	1852.58
spe	514	436	1954.11	1751.05	1852.58
spe	436	435	1751.05	1536.91	1643.98
los	435	434	1536.91	1353.935	1445.4225
hgt	444	GCA.002686135.1.Bacteria.Proteobacteria	1137.223	0.0	568.6115
hgt	453	GCA.003280605.1.Bacteria.Proteobacteria	948.5585	0.0	474.27925
los	436	GCA.002722885.1.Bacteria.Proteobacteria	1751.05	0.0	875.525
spe	514	436	1954.11	1751.05	1852.58
hgt	542	GCA.002631715.1.Bacteria.Proteobacteria	1583.705	0.0	791.8525
spe	436	435	1751.05	1536.91	1643.98
spe	435	434	1536.91	1353.935	1445.4225
hgt	796	GCA.002238415.1.Bacteria.Desulfobacterota.B	1652.795	0.0	826.3975
hgt	581	GCA.002868855.1.Bacteria.Proteobacteria	1344.875	0.0	672.4375
hgt	560	GCA.001735895.1.Bacteria.Proteobacteria	1588.765	0.0	794.3825
hgt	453	GCA.002457765.1.Bacteria.Proteobacteria	948.5585	0.0	474.27925
hgt	551	GCA.002746645.1.Bacteria.Proteobacteria	1067.6595	0.0	533.82975
hgt	463	462	1394.155	1117.2015	1255.67825
los	435	GCA.006969625.1.Bacteria.Proteobacteria	1536.91	0.0	768.455
spe	463	462	1394.155	1117.2015	1255.67825
dup	None	dead	0.0	0.0	0.0
hgt	498	GCA.002731375.1.Bacteria.Proteobacteria	1261.48	0.0	630.74
los	None	dead	0.0	0.0	0.0
hgt	415	GCA.002717245.1.Bacteria.Proteobacteria	1297.065	0.0	648.5325
los	None	dead	0.0	0.0	0.0
hgt	603	602	1696.92	1612.41	1654.665
los	None	dead	0.0	0.0	0.0
spe	603	602	1696.92	1612.41	1654.665
spe	602	592	1612.41	1273.215	1442.8125
los	592	GCF.001720165.1.Bacteria.Proteobacteria	1273.215	0.0	636.6075
spe	602	601	1612.41	1475.48	1543.945
los	601	595	1475.48	1266.66	1371.07
spe	601	600	1475.48	1276.255	1375.8675
los	600	598	1276.255	953.337	1114.796
spe	1094	1048	3784.185	3607.975	3696.08
spe	1048	278	3607.975	3314.9	3461.4375
los	278	277	3314.9	2637.64	2976.27
spe	278	262	3314.9	3036.86	3175.88
los	262	194	3036.86	2209.16	2623.01
spe	262	261	3036.86	2934.875	2985.8675
los	261	260	2934.875	2242.71	2588.7925
spe	261	255	2934.875	2884.2	2909.5375
los	255	254	2884.2	2788.545	2836.3725
spe	255	199	2884.2	2238.68	2561.44
los	199	GCA.003527405.1.Bacteria.Atribacterota	2238.68	0.0	1119.34
spe	199	198	2238.68	1971.4	2105.04
los	198	GCA.001871015.1.Bacteria.Desantisbacteria	1971.4	0.0	985.7
spe	1048	1047	3607.975	3589.185	3598.58
los	1047	365	3589.185	3304.24	3446.7125
spe	1047	1046	3589.185	3513.075	3551.13
spe	1046	902	3513.075	3405.845	3459.46
los	902	390	3405.845	3029.745	3217.795
spe	902	901	3405.845	3300.53	3353.1875
spe	901	663	3300.53	3210.05	3255.29
hgt	None	dead	0.0	0.0	0.0
los	663	662	3210.05	3126.015	3168.0325
hgt	603	602	1696.92	1612.41	1654.665
los	None	dead	0.0	0.0	0.0
spe	603	602	1696.92	1612.41	1654.665
spe	602	592	1612.41	1273.215	1442.8125
los	592	GCF.000024725.1.Bacteria.Proteobacteria	1273.215	0.0	636.6075
spe	602	601	1612.41	1475.48	1543.945
los	601	600	1475.48	1276.255	1375.8675
spe	601	595	1475.48	1266.66	1371.07
spe	663	397	3210.05	2713.19	2961.62
hgt	None	dead	0.0	0.0	0.0
hgt	1116	GCA.002435745.1.Bacteria.UBP15	1799.18	0.0	899.59
los	None	dead	0.0	0.0	0.0
hgt	None	dead	0.0	0.0	0.0
los	397	396	2713.19	2315.495	2514.3425
hgt	791	GCA.002898795.1.Bacteria.Desulfobacterota.B	1228.3465	0.0	614.17325
los	None	dead	0.0	0.0	0.0
spe	901	900	3300.53	3098.985	3199.7575
los	900	716	3098.985	2659.235	2879.11
spe	900	899	3098.985	2936.525	3017.755
los	899	743	2936.525	2681.09	2808.8075
dup	899	898	2936.525	2864.305	2900.415
spe	899	898	2936.525	2864.305	2900.415
spe	898	756	2864.305	2320.99	2592.6475
los	756	GCA.001790645.1.Bacteria.Schekmanbacteria	2320.99	0.0	1160.495
spe	756	754	2320.99	2042.42	2181.705
los	754	753	2042.42	1778.33	1910.375
spe	754	746	2042.42	1667.435	1854.9275
los	746	GCF.900079095.1.Bacteria.Tectomicrobia	1667.435	0.0	833.7175
spe	898	897	2864.305	2785.14	2824.7225
los	897	896	2785.14	2307.21	2546.175
spe	897	889	2785.14	2616.235	2700.6875
spe	889	888	2616.235	2336.71	2476.4725
los	888	854	2336.71	2075.68	2206.195
spe	888	887	2336.71	2137.8	2237.255
los	887	886	2137.8	1905.655	2021.7275
spe	887	863	2137.8	1855.945	1996.8725
los	863	862	1855.945	1513.555	1684.75
spe	863	857	1855.945	1680.31	1768.1275
los	857	GCA.001830835.1.Bacteria.Desulfobacterota	1680.31	0.0	840.155
spe	889	843	2616.235	2520.86	2568.5475
hgt	None	dead	0.0	0.0	0.0
los	843	783	2520.86	2397.91	2459.385
hgt	668	GCA.001775755.1.Bacteria.Acidobacteriota	1417.72	0.0	708.86
los	None	dead	0.0	0.0	0.0
spe	843	842	2520.86	2419.635	2470.2475
los	842	798	2419.635	2124.995	2272.315
spe	842	841	2419.635	2325.31	2372.4725
los	841	840	2325.31	2147.98	2236.645
spe	841	801	2325.31	1810.17	2067.74
los	801	GCA.002328485.1.Bacteria.Desulfobacterota.G	1810.17	0.0	905.085
spe	899	898	2936.525	2864.305	2900.415
spe	898	897	2864.305	2785.14	2824.7225
spe	897	896	2785.14	2307.21	2546.175
los	896	892	2307.21	1770.59	2038.9
spe	896	895	2307.21	1810.42	2058.815
los	895	GCA.002897695.1.Bacteria.BMS3Abin14	1810.42	0.0	905.21
spe	897	889	2785.14	2616.235	2700.6875
hgt	None	dead	0.0	0.0	0.0
los	889	843	2616.235	2520.86	2568.5475
hgt	229	GCA.002791075.1.Bacteria.Ratteibacteria	2437.94	0.0	1218.97
los	None	dead	0.0	0.0	0.0
hgt	None	dead	0.0	0.0	0.0
hgt	1191	GCA.002408345.1.Bacteria.Firmicutes.G	1478.59	0.0	739.295
los	None	dead	0.0	0.0	0.0
hgt	188	GCA.001787855.1.Bacteria.Riflebacteria	2641.665	0.0	1320.8325
hgt	None	dead	0.0	0.0	0.0
hgt	383	GCA.001829315.1.Bacteria.Spirochaetota	1799.86	0.0	899.93
los	None	dead	0.0	0.0	0.0
hgt	None	dead	0.0	0.0	0.0
dup	None	dead	0.0	0.0	0.0
hgt	395	GCA.002402635.1.Bacteria.Deferribacterota	1504.32	0.0	752.16
los	None	dead	0.0	0.0	0.0
dup	None	dead	0.0	0.0	0.0
hgt	686	GCA.002451015.1.Bacteria.Acidobacteriota	1587.93	0.0	793.965
los	None	dead	0.0	0.0	0.0
hgt	834	GCA.001798605.1.Bacteria.Myxococcota	1729.09	0.0	864.545
los	None	dead	0.0	0.0	0.0
hgt	None	dead	0.0	0.0	0.0
hgt	941	GCA.003477045.1.Bacteria.Delongbacteria	2102.37	0.0	1051.185
los	None	dead	0.0	0.0	0.0
spe	889	888	2616.235	2336.71	2476.4725
spe	888	854	2336.71	2075.68	2206.195
los	854	853	2075.68	1743.175	1909.4275
spe	854	850	2075.68	2017.715	2046.6975
los	850	846	2017.715	1673.82	1845.7675
spe	850	849	2017.715	1605.6	1811.6575
los	849	GCF.000266945.1.Bacteria.Desulfobacterota	1605.6	0.0	802.8
spe	888	887	2336.71	2137.8	2237.255
hgt	376	GCA.002418835.1.Bacteria.Spirochaetota	1994.345	0.0	997.1725
los	887	863	2137.8	1855.945	1996.8725
hgt	None	dead	0.0	0.0	0.0
hgt	1058	GCF.000233775.1.Bacteria.Synergistota	1931.1	0.0	965.55
los	None	dead	0.0	0.0	0.0
spe	887	886	2137.8	1905.655	2021.7275
spe	886	885	1905.655	1770.19	1837.9225
los	885	884	1770.19	1647.595	1708.8925
spe	885	877	1770.19	1616.13	1693.16
los	877	GCA.001797675.1.Bacteria.Desulfobacterota	1616.13	0.0	808.065
spe	886	874	1905.655	1792.455	1849.055
los	874	868	1792.455	1587.525	1689.99
spe	874	873	1792.455	1600.675	1696.565
los	873	GCA.002011835.1.Bacteria.Desulfobacterota	1600.675	0.0	800.3375
spe	873	871	1600.675	1358.76	1479.7175
los	871	GCA.002899795.1.Bacteria.Desulfobacterota	1358.76	0.0	679.38
hgt	1215	GCA.003070825.1.Bacteria.Firmicutes.F	1418.775	0.0	709.3875
hgt	871	GCA.002899795.1.Bacteria.Desulfobacterota	1358.76	0.0	679.38
hgt	400	GCA.002401295.1.Bacteria.SAR324	1933.765	0.0	966.8825
hgt	None	dead	0.0	0.0	0.0
hgt	849	GCF.000266945.1.Bacteria.Desulfobacterota	1605.6	0.0	802.8
los	None	dead	0.0	0.0	0.0
spe	898	756	2864.305	2320.99	2592.6475
spe	756	754	2320.99	2042.42	2181.705
hgt	895	GCA.002897695.1.Bacteria.BMS3Abin14	1810.42	0.0	905.21
los	754	753	2042.42	1778.33	1910.375
spe	754	746	2042.42	1667.435	1854.9275
los	746	GCA.002238965.1.Bacteria.UBA8248	1667.435	0.0	833.7175
spe	1046	1045	3513.075	3138.485	3325.78
los	1045	921	3138.485	2815.65	2977.0675
spe	1045	1044	3138.485	2889.865	3014.175
spe	1044	1043	2889.865	2806.545	2848.205
spe	1043	1042	2806.545	2551.86	2679.2025
los	1042	1022	2551.86	2284.79	2418.325
spe	1042	1041	2551.86	2350.395	2451.1275
los	1041	GCA.002686955.1.Bacteria.Gemmatimonadota.A	2350.395	0.0	1175.1975
spe	1041	1040	2350.395	2193.615	2272.005
los	1040	1026	2193.615	1817.455	2005.535
spe	1040	1039	2193.615	2147.32	2170.4675
los	1039	1038	2147.32	1807.925	1977.6225
spe	1039	1029	2147.32	1661.26	1904.29
los	1029	GCA.001303705.1.Bacteria.TA06	1661.26	0.0	830.63
hgt	None	dead	0.0	0.0	0.0
hgt	198	GCA.001871015.1.Bacteria.Desantisbacteria	1971.4	0.0	985.7
los	None	dead	0.0	0.0	0.0
hgt	None	dead	0.0	0.0	0.0
hgt	241	GCA.002841695.1.Bacteria.Elusimicrobiota	1455.26	0.0	727.63
los	None	dead	0.0	0.0	0.0
hgt	None	dead	0.0	0.0	0.0
los	1043	1011	2806.545	2645.585	2726.065
hgt	669	GCA.002335385.1.Bacteria.Acidobacteriota	1665.14	0.0	832.57
los	None	dead	0.0	0.0	0.0
spe	1044	936	2889.865	2638.5	2764.1825
spe	936	926	2638.5	2022.635	2330.5675
los	926	GCA.001780825.1.Bacteria.Gemmatimonadota	2022.635	0.0	1011.3175
spe	926	924	2022.635	1568.375	1795.505
los	924	GCA.002348465.1.Bacteria.Gemmatimonadota	1568.375	0.0	784.1875
hgt	None	dead	0.0	0.0	0.0
hgt	359	GCA.001302825.1.Bacteria.Planctomycetota	1653.55	0.0	826.775
los	None	dead	0.0	0.0	0.0
hgt	651	533	2271.59	1932.55	2102.07
los	936	935	2638.5	1990.115	2314.3075
spe	651	533	2271.59	1932.55	2102.07
spe	533	532	1932.55	1529.075	1730.8125
los	532	GCA.002405475.1.Bacteria.Proteobacteria	1529.075	0.0	764.5375
spe	533	529	1932.55	1606.235	1769.3925
hgt	400	GCA.002707655.1.Bacteria.SAR324	1933.765	0.0	966.8825
los	529	GCA.002451085.1.Bacteria.Proteobacteria	1606.235	0.0	803.1175
hgt	598	GCA.002292285.1.Bacteria.Proteobacteria	953.337	0.0	476.6685
