event	left_node	right_node	left_date	right_date	midpoint_date
spe	179	178	3274.245	3153.655	3213.95
spe	178	32	3153.655	2402.345	2778.0
los	32	26	2402.345	790.375	1596.36
spe	32	31	2402.345	1919.745	2161.045
hgt	236	GCA.002412545.1.Bacteria.Elusimicrobiota	1629.965	0.0	814.9825
los	31	29	1919.745	1492.545	1706.145
hgt	None	dead	0.0	0.0	0.0
hgt	84	GCF.000970205.1.Archaea.Halobacteriota	1169.197	0.0	584.5985
los	None	dead	0.0	0.0	0.0
hgt	None	dead	0.0	0.0	0.0
hgt	1426	GCF.001953175.1.Bacteria.Chloroflexota	1994.025	0.0	997.0125
los	None	dead	0.0	0.0	0.0
spe	178	177	3153.655	2975.235	3064.445
spe	177	95	2975.235	2751.94	2863.5875
spe	95	39	2751.94	2176.73	2464.335
los	39	35	2176.73	1886.455	2031.5925
spe	39	38	2176.73	1770.925	1973.8275
los	38	GCF.002214485.1.Archaea.Methanobacteriota.B	1770.925	0.0	885.4625
hgt	None	dead	0.0	0.0	0.0
hgt	198	GCA.002478245.1.Bacteria.UBP18	1971.4	0.0	985.7
los	None	dead	0.0	0.0	0.0
spe	95	94	2751.94	2705.465	2728.7025
los	94	42	2705.465	2027.525	2366.495
hgt	1391	1390	2803.98	2692.555	2748.2675
spe	94	93	2705.465	2558.825	2632.145
los	93	GCF.000025525.1.Archaea.Methanobacteriota.A	2558.825	0.0	1279.4125
spe	93	92	2558.825	2447.115	2502.97
los	92	70	2447.115	2126.625	2286.87
hgt	None	dead	0.0	0.0	0.0
hgt	1087	GCA.003535305.1.Bacteria.Bipolaricaulota	1366.82	0.0	683.41
los	None	dead	0.0	0.0	0.0
spe	92	91	2447.115	2166.265	2306.69
los	91	GCA.003034855.1.Archaea.Halobacteriota	2166.265	0.0	1083.1325
spe	91	90	2166.265	1969.495	2067.88
los	90	74	1969.495	1616.7	1793.0975
spe	90	89	1969.495	1812.405	1890.95
los	89	77	1812.405	1412.42	1612.4125
spe	89	88	1812.405	1663.625	1738.015
spe	88	80	1663.625	1371.305	1517.465
los	80	GCA.003158275.1.Archaea.Halobacteriota	1371.305	0.0	685.6525
spe	88	87	1663.625	1542.125	1602.875
spe	87	86	1542.125	1366.345	1454.235
los	86	GCA.001412335.1.Archaea.Halobacteriota	1366.345	0.0	683.1725
hgt	121	GCA.001775995.1.Archaea.Thermoproteota	1422.225	0.0	711.1125
spe	86	84	1366.345	1169.197	1267.771
los	84	GCF.000970205.1.Archaea.Halobacteriota	1169.197	0.0	584.5985
dup	1391	1390	2803.98	2692.555	2748.2675
spe	1391	1390	2803.98	2692.555	2748.2675
los	1390	1218	2692.555	2397.09	2544.8225
spe	1390	1389	2692.555	2619.07	2655.8125
spe	1389	1237	2619.07	2011.28	2315.175
spe	1237	1221	2011.28	1546.995	1779.1375
los	1221	GCA.002375895.1.Bacteria.Firmicutes.E	1546.995	0.0	773.4975
hgt	None	dead	0.0	0.0	0.0
los	1237	1236	2011.28	1872.885	1942.0825
hgt	1382	1381	1907.445	1843.345	1875.395
los	None	dead	0.0	0.0	0.0
spe	1382	1381	1907.445	1843.345	1875.395
spe	1381	1351	1843.345	1688.26	1765.8025
los	1351	1350	1688.26	1481.1	1584.68
spe	1351	1347	1688.26	1373.121	1530.6905
los	1347	GCF.001561915.1.Bacteria.Firmicutes	1373.121	0.0	686.5605
spe	1381	1380	1843.345	1785.675	1814.51
los	1380	GCF.001049895.1.Bacteria.Firmicutes	1785.675	0.0	892.8375
spe	1380	1379	1785.675	1743.235	1764.455
los	1379	1378	1743.235	1618.42	1680.8275
spe	1379	1355	1743.235	1426.77	1585.0025
spe	1389	1388	2619.07	2495.045	2557.0575
los	1388	1274	2495.045	2255.985	2375.515
spe	1388	1387	2495.045	2426.135	2460.59
los	1387	1386	2426.135	2312.805	2369.47
spe	1387	1327	2426.135	2263.0	2344.5675
los	1327	1289	2263.0	1989.36	2126.18
spe	1327	1326	2263.0	2039.05	2151.025
los	1326	1292	2039.05	1516.66	1777.855
spe	1326	1325	2039.05	1862.485	1950.7675
los	1325	1297	1862.485	1576.575	1719.53
spe	1325	1324	1862.485	1779.53	1821.0075
los	1324	1308	1779.53	1606.55	1693.04
spe	1324	1323	1779.53	1708.06	1743.795
spe	1323	1322	1708.06	1384.555	1546.3075
hgt	None	dead	0.0	0.0	0.0
los	1322	GCA.001512665.1.Bacteria.Firmicutes.B	1384.555	0.0	692.2775
hgt	1258	GCA.003527145.1.Bacteria.Firmicutes.A	1451.145	0.0	725.5725
los	None	dead	0.0	0.0	0.0
spe	1323	1319	1708.06	1607.725	1657.8925
los	1319	GCF.900100785.1.Bacteria.Firmicutes.B	1607.725	0.0	803.8625
spe	1319	1318	1607.725	1519.645	1563.685
los	1318	1312	1519.645	1284.875	1402.26
spe	1318	1317	1519.645	1148.381	1334.013
spe	1317	1315	1148.381	955.8	1052.0905
los	1315	GCA.002482535.1.Bacteria.Firmicutes.B	955.8	0.0	477.9
hgt	None	dead	0.0	0.0	0.0
hgt	107	GCA.001717025.1.Archaea.Thermoproteota	1515.18	0.0	757.59
los	None	dead	0.0	0.0	0.0
dup	1391	1390	2803.98	2692.555	2748.2675
hgt	None	dead	0.0	0.0	0.0
hgt	65	GCA.001800745.1.Archaea.Thermoplasmatota	1261.09	0.0	630.545
los	None	dead	0.0	0.0	0.0
hgt	None	dead	0.0	0.0	0.0
spe	1391	1390	2803.98	2692.555	2748.2675
spe	1390	1389	2692.555	2619.07	2655.8125
los	1389	1237	2619.07	2011.28	2315.175
spe	1389	1388	2619.07	2495.045	2557.0575
los	1388	1274	2495.045	2255.985	2375.515
spe	1388	1387	2495.045	2426.135	2460.59
los	1387	1386	2426.135	2312.805	2369.47
spe	1387	1327	2426.135	2263.0	2344.5675
los	1327	1326	2263.0	2039.05	2151.025
spe	1327	1289	2263.0	1989.36	2126.18
los	1289	1288	1989.36	1620.075	1804.7175
spe	1390	1218	2692.555	2397.09	2544.8225
spe	1218	1216	2397.09	1902.285	2149.6875
los	1216	1215	1902.285	1418.775	1660.53
hgt	1476	1454	2416.915	1996.555	2206.735
hgt	1437	GCF.900066015.1.Bacteria.Chloroflexota	1158.264	0.0	579.132
los	None	dead	0.0	0.0	0.0
spe	1476	1454	2416.915	1996.555	2206.735
spe	1454	1446	1996.555	1803.385	1899.97
los	1446	1440	1803.385	1679.715	1741.55
spe	1446	1445	1803.385	1577.91	1690.6475
los	1445	GCA.003130875.1.Bacteria.Chloroflexota	1577.91	0.0	788.955
spe	1445	1444	1577.91	1386.06	1481.985
los	1444	GCA.002366755.1.Bacteria.Chloroflexota	1386.06	0.0	693.03
spe	1454	1453	1996.555	1862.655	1929.605
spe	1453	1449	1862.655	1589.82	1726.2375
los	1449	GCA.002366595.1.Bacteria.Chloroflexota	1589.82	0.0	794.91
spe	1453	1452	1862.655	1430.125	1646.39
hgt	None	dead	0.0	0.0	0.0
hgt	736	GCA.001803795.1.Bacteria.Nitrospirota	1526.965	0.0	763.4825
hgt	892	GCA.001873285.1.Bacteria.CG2.30.53.67	1770.59	0.0	885.295
los	None	dead	0.0	0.0	0.0
spe	1391	1390	2803.98	2692.555	2748.2675
spe	1390	1218	2692.555	2397.09	2544.8225
hgt	None	dead	0.0	0.0	0.0
los	1218	GCA.001513125.1.Bacteria.DTU030	2397.09	0.0	1198.545
hgt	1251	GCA.900066305.1.Bacteria.Firmicutes.A	1206.9915	0.0	603.49575
los	None	dead	0.0	0.0	0.0
spe	1218	1216	2397.09	1902.285	2149.6875
hgt	1347	GCF.001561915.1.Bacteria.Firmicutes	1373.121	0.0	686.5605
los	1216	1215	1902.285	1418.775	1660.53
hgt	None	dead	0.0	0.0	0.0
spe	1390	1389	2692.555	2619.07	2655.8125
los	1389	1237	2619.07	2011.28	2315.175
hgt	898	756	2864.305	2320.99	2592.6475
spe	1389	1388	2619.07	2495.045	2557.0575
spe	1388	1274	2495.045	2255.985	2375.515
spe	1274	1240	2255.985	1697.815	1976.9
los	1240	GCA.002376045.1.Bacteria.Firmicutes.A	1697.815	0.0	848.9075
hgt	None	dead	0.0	0.0	0.0
los	1274	1273	2255.985	2085.065	2170.525
hgt	1454	1446	1996.555	1803.385	1899.97
hgt	794	GCA.001798565.1.Bacteria.Desulfobacterota.B	1350.25	0.0	675.125
los	None	dead	0.0	0.0	0.0
spe	1454	1446	1996.555	1803.385	1899.97
spe	1446	1445	1803.385	1577.91	1690.6475
los	1445	1444	1577.91	1386.06	1481.985
spe	1446	1440	1803.385	1679.715	1741.55
los	1440	1439	1679.715	1492.005	1585.86
hgt	None	dead	0.0	0.0	0.0
hgt	1312	GCF.000019165.1.Bacteria.Firmicutes.B	1284.875	0.0	642.4375
los	None	dead	0.0	0.0	0.0
spe	1388	1387	2495.045	2426.135	2460.59
spe	1387	1386	2426.135	2312.805	2369.47
los	1386	1330	2312.805	1602.185	1957.495
spe	1386	1385	2312.805	2240.33	2276.5675
los	1385	1333	2240.33	1678.19	1959.26
spe	1385	1384	2240.33	2049.01	2144.67
spe	1384	1338	2049.01	1549.595	1799.3025
hgt	1319	GCF.900100785.1.Bacteria.Firmicutes.B	1607.725	0.0	803.8625
los	1338	1337	1549.595	1365.895	1457.745
spe	1384	1383	2049.01	1971.49	2010.25
los	1383	1341	1971.49	1523.81	1747.65
spe	1383	1382	1971.49	1907.445	1939.4675
spe	1382	1381	1907.445	1843.345	1875.395
los	1381	1351	1843.345	1688.26	1765.8025
spe	1381	1380	1843.345	1785.675	1814.51
los	1380	1379	1785.675	1743.235	1764.455
spe	1382	1344	1907.445	1520.89	1714.1675
los	1344	GCA.002159075.1.Bacteria.Firmicutes	1520.89	0.0	760.445
spe	1387	1327	2426.135	2263.0	2344.5675
los	1327	1289	2263.0	1989.36	2126.18
spe	1327	1326	2263.0	2039.05	2151.025
los	1326	1292	2039.05	1516.66	1777.855
spe	1326	1325	2039.05	1862.485	1950.7675
los	1325	1297	1862.485	1576.575	1719.53
spe	1325	1324	1862.485	1779.53	1821.0075
los	1324	1323	1779.53	1708.06	1743.795
spe	1324	1308	1779.53	1606.55	1693.04
spe	1308	1300	1606.55	1333.34	1469.945
hgt	1178	GCA.002347645.1.Bacteria.Actinobacteriota	1434.165	0.0	717.0825
los	1300	GCF.000620305.1.Bacteria.Firmicutes.B	1333.34	0.0	666.67
hgt	1227	GCA.003242675.1.Bacteria.Firmicutes.E	1509.365	0.0	754.6825
hgt	1210	1209	1896.845	1584.4	1740.6225
spe	1308	1307	1606.55	1451.1	1528.825
los	1307	1305	1451.1	1336.995	1394.0475
spe	1210	1209	1896.845	1584.4	1740.6225
spe	1209	1208	1584.4	1446.125	1515.2625
los	1208	GCA.900016865.1.Bacteria.Firmicutes.G	1446.125	0.0	723.0625
spe	898	756	2864.305	2320.99	2592.6475
spe	756	754	2320.99	2042.42	2181.705
los	754	753	2042.42	1778.33	1910.375
hgt	None	dead	0.0	0.0	0.0
spe	754	746	2042.42	1667.435	1854.9275
los	746	GCA.002238965.1.Bacteria.UBA8248	1667.435	0.0	833.7175
hgt	None	dead	0.0	0.0	0.0
hgt	1036	GCA.002059205.1.Bacteria.Latescibacterota	1475.96	0.0	737.98
los	None	dead	0.0	0.0	0.0
hgt	None	dead	0.0	0.0	0.0
hgt	801	GCA.001797815.1.Bacteria.RBG.13.61.14	1810.17	0.0	905.085
los	None	dead	0.0	0.0	0.0
hgt	873	871	1600.675	1358.76	1479.7175
los	None	dead	0.0	0.0	0.0
spe	873	871	1600.675	1358.76	1479.7175
hgt	1058	GCF.000233775.1.Bacteria.Synergistota	1931.1	0.0	965.55
hgt	877	GCF.000620765.1.Bacteria.Desulfobacterota.I	1616.13	0.0	808.065
hgt	359	GCA.001302825.1.Bacteria.Planctomycetota	1653.55	0.0	826.775
hgt	857	GCA.002010915.1.Bacteria.Desulfobacterota	1680.31	0.0	840.155
hgt	515	514	2084.22	1954.11	2019.165
hgt	1088	GCA.002010365.1.Bacteria.Bipolaricaulota	1715.27	0.0	857.635
hgt	122	118	1853.335	1643.115	1748.225
los	None	dead	0.0	0.0	0.0
spe	122	118	1853.335	1643.115	1748.225
spe	118	116	1643.115	1108.5585	1375.83675
los	116	GCA.001593875.1.Archaea.Thermoproteota	1108.5585	0.0	554.27925
dup	515	514	2084.22	1954.11	2019.165
spe	515	514	2084.22	1954.11	2019.165
spe	514	436	1954.11	1751.05	1852.58
los	436	GCA.002722885.1.Bacteria.Proteobacteria	1751.05	0.0	875.525
spe	436	435	1751.05	1536.91	1643.98
los	435	434	1536.91	1353.935	1445.4225
spe	514	513	1954.11	1885.97	1920.04
spe	513	483	1885.97	1836.685	1861.3275
los	483	482	1836.685	1750.105	1793.395
spe	483	447	1836.685	1643.315	1740.0
los	447	446	1643.315	1453.89	1548.6025
spe	447	439	1643.315	1422.265	1532.79
los	439	GCF.001613805.1.Bacteria.Proteobacteria	1422.265	0.0	711.1325
spe	513	512	1885.97	1775.885	1830.9275
los	512	486	1775.885	1397.735	1586.81
dup	512	511	1775.885	1694.565	1735.225
spe	512	511	1775.885	1694.565	1735.225
spe	511	489	1694.565	1316.195	1505.38
los	489	GCA.002701885.1.Bacteria.Proteobacteria	1316.195	0.0	658.0975
spe	511	510	1694.565	1636.78	1665.6725
los	510	509	1636.78	1544.73	1590.755
spe	510	492	1636.78	1312.7	1474.74
los	492	GCF.900172325.1.Bacteria.Proteobacteria	1312.7	0.0	656.35
spe	512	511	1775.885	1694.565	1735.225
los	511	489	1694.565	1316.195	1505.38
spe	511	510	1694.565	1636.78	1665.6725
spe	510	492	1636.78	1312.7	1474.74
los	492	GCF.002798435.1.Bacteria.Proteobacteria	1312.7	0.0	656.35
spe	510	509	1636.78	1544.73	1590.755
los	509	508	1544.73	1436.825	1490.7775
spe	509	495	1544.73	1237.1635	1390.94675
los	495	GCF.003173035.1.Bacteria.Proteobacteria	1237.1635	0.0	618.58175
spe	515	514	2084.22	1954.11	2019.165
hgt	None	dead	0.0	0.0	0.0
hgt	581	GCA.002868855.1.Bacteria.Proteobacteria	1344.875	0.0	672.4375
los	None	dead	0.0	0.0	0.0
hgt	None	dead	0.0	0.0	0.0
hgt	542	GCA.002631715.1.Bacteria.Proteobacteria	1583.705	0.0	791.8525
hgt	552	GCF.001614315.2.Bacteria.Proteobacteria	1380.83	0.0	690.415
los	None	dead	0.0	0.0	0.0
hgt	None	dead	0.0	0.0	0.0
hgt	796	GCA.002238415.1.Bacteria.Desulfobacterota.B	1652.795	0.0	826.3975
los	None	dead	0.0	0.0	0.0
spe	514	436	1954.11	1751.05	1852.58
spe	436	435	1751.05	1536.91	1643.98
los	435	GCA.006969625.1.Bacteria.Proteobacteria	1536.91	0.0	768.455
spe	435	434	1536.91	1353.935	1445.4225
los	434	GCA.002238885.1.Bacteria.Proteobacteria	1353.935	0.0	676.9675
spe	514	513	1954.11	1885.97	1920.04
los	513	512	1885.97	1775.885	1830.9275
spe	513	483	1885.97	1836.685	1861.3275
spe	483	482	1836.685	1750.105	1793.395
los	482	481	1750.105	1674.98	1712.5425
spe	482	458	1750.105	1624.365	1687.235
los	458	GCA.002340345.1.Bacteria.Proteobacteria	1624.365	0.0	812.1825
hgt	None	dead	0.0	0.0	0.0
hgt	592	GCF.000024725.1.Bacteria.Proteobacteria	1273.215	0.0	636.6075
los	None	dead	0.0	0.0	0.0
spe	458	456	1624.365	1476.57	1550.4675
los	456	455	1476.57	1226.72	1351.645
spe	483	447	1836.685	1643.315	1740.0
spe	447	446	1643.315	1453.89	1548.6025
hgt	None	dead	0.0	0.0	0.0
hgt	498	GCA.002731375.1.Bacteria.Proteobacteria	1261.48	0.0	630.74
los	None	dead	0.0	0.0	0.0
spe	446	445	1453.89	1339.17	1396.53
spe	445	444	1339.17	1137.223	1238.1965
los	444	GCA.002348425.1.Bacteria.Proteobacteria	1137.223	0.0	568.6115
hgt	600	GCA.002007425.1.Bacteria.Proteobacteria	1276.255	0.0	638.1275
hgt	None	dead	0.0	0.0	0.0
los	447	439	1643.315	1422.265	1532.79
hgt	506	GCA.001464215.1.Bacteria.Proteobacteria	1217.64	0.0	608.82
hgt	463	462	1394.155	1117.2015	1255.67825
los	None	dead	0.0	0.0	0.0
spe	463	462	1394.155	1117.2015	1255.67825
spe	177	176	2975.235	2798.9	2887.0675
los	176	140	2798.9	2626.73	2712.815
spe	176	175	2798.9	2653.515	2726.2075
spe	175	174	2653.515	2527.615	2590.565
los	174	173	2527.615	2445.14	2486.3775
spe	175	143	2653.515	1902.65	2278.0825
hgt	None	dead	0.0	0.0	0.0
los	143	GCA.001563325.1.Archaea.Asgardarchaeota	1902.65	0.0	951.325
hgt	121	GCA.001273335.1.Archaea.Thermoproteota	1422.225	0.0	711.1125
los	None	dead	0.0	0.0	0.0
