event	left_node	right_node	left_date	right_date	midpoint_date
spe	661	655	3067.985	2988.07	3028.0275
spe	655	403	2988.07	2061.575	2524.8225
hgt	None	dead	0.0	0.0	0.0
los	403	GCF.001907975.1.Bacteria.Proteobacteria	2061.575	0.0	1030.7875
hgt	804	GCA.002731275.1.Bacteria.Myxococcota	1824.305	0.0	912.1525
los	None	dead	0.0	0.0	0.0
hgt	183	GCA.002402105.1.Bacteria.UBP17	2699.305	0.0	1349.6525
spe	655	654	2988.07	2847.715	2917.8925
spe	654	520	2847.715	2756.655	2802.185
los	520	406	2756.655	2159.8	2458.2275
spe	520	519	2756.655	2611.035	2683.845
los	519	GCF.002109495.1.Bacteria.Proteobacteria	2611.035	0.0	1305.5175
spe	519	518	2611.035	2442.195	2526.615
los	518	GCA.002689455.1.Bacteria.Proteobacteria	2442.195	0.0	1221.0975
spe	518	517	2442.195	2290.125	2366.16
spe	517	516	2290.125	2206.765	2248.445
los	516	428	2206.765	2086.245	2146.505
spe	516	515	2206.765	2084.22	2145.4925
los	515	GCA.002632265.1.Bacteria.Proteobacteria	2084.22	0.0	1042.11
spe	515	514	2084.22	1954.11	2019.165
los	514	436	1954.11	1751.05	1852.58
spe	514	513	1954.11	1885.97	1920.04
los	513	483	1885.97	1836.685	1861.3275
spe	513	512	1885.97	1775.885	1830.9275
los	512	511	1775.885	1694.565	1735.225
spe	512	486	1775.885	1397.735	1586.81
los	486	GCF.000264455.2.Bacteria.Proteobacteria	1397.735	0.0	698.8675
hgt	None	dead	0.0	0.0	0.0
hgt	None	dead	0.0	0.0	0.0
hgt	None	dead	0.0	0.0	0.0
hgt	None	dead	0.0	0.0	0.0
dup	654	653	2847.715	2587.485	2717.6
spe	654	653	2847.715	2587.485	2717.6
spe	653	652	2587.485	2416.38	2501.9325
los	652	526	2416.38	1930.815	2173.5975
spe	652	651	2416.38	2271.59	2343.985
los	651	650	2271.59	2175.61	2223.6
spe	651	533	2271.59	1932.55	2102.07
los	533	532	1932.55	1529.075	1730.8125
spe	533	529	1932.55	1606.235	1769.3925
los	529	GCA.002420425.1.Bacteria.Proteobacteria	1606.235	0.0	803.1175
hgt	924	GCA.002348465.1.Bacteria.Gemmatimonadota	1568.375	0.0	784.1875
hgt	553	GCF.001641825.1.Bacteria.Proteobacteria	1596.945	0.0	798.4725
hgt	825	GCA.002344285.1.Bacteria.Myxococcota	1134.553	0.0	567.2765
hgt	574	GCF.900112605.1.Bacteria.Proteobacteria	1330.6	0.0	665.3
spe	654	653	2847.715	2587.485	2717.6
hgt	515	514	2084.22	1954.11	2019.165
hgt	839	829	2054.51	2001.85	2028.18
hgt	634	GCF.001697225.1.Bacteria.Proteobacteria	1386.92	0.0	693.46
hgt	574	GCF.000374645.1.Bacteria.Proteobacteria	1330.6	0.0	665.3
spe	839	829	2054.51	2001.85	2028.18
hgt	None	dead	0.0	0.0	0.0
hgt	481	469	1674.98	1543.27	1609.125
los	None	dead	0.0	0.0	0.0
spe	481	469	1674.98	1543.27	1609.125
spe	469	463	1543.27	1394.155	1468.7125
dup	463	GCF.002251795.1.Bacteria.Proteobacteria	1394.155	0.0	697.0775
dup	463	GCF.002251795.1.Bacteria.Proteobacteria	1394.155	0.0	697.0775
dup	463	GCF.002251795.1.Bacteria.Proteobacteria	1394.155	0.0	697.0775
spe	463	462	1394.155	1117.2015	1255.67825
hgt	595	GCA.002389045.1.Bacteria.Proteobacteria	1266.66	0.0	633.33
hgt	579	GCA.003137095.1.Bacteria.Proteobacteria	1079.9275	0.0	539.96375
hgt	612	GCF.003612015.1.Bacteria.Proteobacteria	1256.25	0.0	628.125
hgt	None	dead	0.0	0.0	0.0
hgt	492	GCF.002798435.1.Bacteria.Proteobacteria	1312.7	0.0	656.35
los	None	dead	0.0	0.0	0.0
hgt	588	587	1773.33	1495.94	1634.635
spe	469	468	1543.27	1359.195	1451.2325
hgt	697	GCA.003222815.1.Bacteria.Acidobacteriota	1624.47	0.0	812.235
los	468	467	1359.195	1181.4985	1270.34675
dup	697	GCA.003222815.1.Bacteria.Acidobacteriota	1624.47	0.0	812.235
dup	697	GCA.003222815.1.Bacteria.Acidobacteriota	1624.47	0.0	812.235
hgt	796	GCA.002238415.1.Bacteria.Desulfobacterota.B	1652.795	0.0	826.3975
hgt	None	dead	0.0	0.0	0.0
hgt	598	GCA.002292285.1.Bacteria.Proteobacteria	953.337	0.0	476.6685
los	None	dead	0.0	0.0	0.0
dup	588	587	1773.33	1495.94	1634.635
spe	588	587	1773.33	1495.94	1634.635
los	587	586	1495.94	1375.33	1435.635
spe	587	581	1495.94	1344.875	1420.4075
los	581	GCA.002868855.1.Bacteria.Proteobacteria	1344.875	0.0	672.4375
spe	581	579	1344.875	1079.9275	1212.40125
los	579	GCA.003155415.1.Bacteria.Proteobacteria	1079.9275	0.0	539.96375
spe	588	587	1773.33	1495.94	1634.635
spe	587	581	1495.94	1344.875	1420.4075
spe	581	579	1344.875	1079.9275	1212.40125
los	579	GCA.003155415.1.Bacteria.Proteobacteria	1079.9275	0.0	539.96375
hgt	510	492	1636.78	1312.7	1474.74
los	581	GCA.002868855.1.Bacteria.Proteobacteria	1344.875	0.0	672.4375
spe	510	492	1636.78	1312.7	1474.74
hgt	468	GCF.900167455.1.Bacteria.Proteobacteria	1359.195	0.0	679.5975
hgt	598	GCA.002292285.1.Bacteria.Proteobacteria	953.337	0.0	476.6685
spe	587	586	1495.94	1375.33	1435.635
spe	586	585	1375.33	1166.9135	1271.12175
hgt	681	GCA.002712885.1.Bacteria.Acidobacteriota	1727.015	0.0	863.5075
hgt	506	GCA.002480495.1.Bacteria.Proteobacteria	1217.64	0.0	608.82
hgt	944	GCA.002712165.1.Bacteria.Proteobacteria	1373.315	0.0	686.6575
hgt	486	GCF.000264455.2.Bacteria.Proteobacteria	1397.735	0.0	698.8675
spe	829	817	2001.85	1835.155	1918.5025
spe	817	813	1835.155	1676.35	1755.7525
los	813	807	1676.35	1389.97	1533.16
spe	813	812	1676.35	1516.905	1596.6275
los	812	GCA.002863065.1.Bacteria.Myxococcota	1516.905	0.0	758.4525
spe	812	811	1516.905	1313.225	1415.065
los	811	GCA.002726535.1.Bacteria.Myxococcota	1313.225	0.0	656.6125
spe	817	816	1835.155	1328.145	1581.65
hgt	832	GCA.002696345.1.Bacteria.Myxococcota	1444.88	0.0	722.44
los	816	GCA.002707085.1.Bacteria.Myxococcota.A	1328.145	0.0	664.0725
hgt	None	dead	0.0	0.0	0.0
hgt	780	778	1693.33	1459.395	1576.3625
hgt	611	GCF.000284615.1.Bacteria.Proteobacteria	936.1675	0.0	468.08375
los	None	dead	0.0	0.0	0.0
spe	780	778	1693.33	1459.395	1576.3625
hgt	403	GCF.900177345.1.Bacteria.Proteobacteria	2061.575	0.0	1030.7875
spe	829	828	2001.85	1750.53	1876.19
los	828	GCA.002699025.1.Bacteria.Myxococcota	1750.53	0.0	875.265
hgt	804	GCA.003247575.1.Bacteria.Myxococcota.A	1824.305	0.0	912.1525
spe	828	827	1750.53	1617.135	1683.8325
spe	827	826	1617.135	1444.855	1530.995
los	826	GCA.002747355.1.Bacteria.Myxococcota	1444.855	0.0	722.4275
spe	826	825	1444.855	1134.553	1289.704
los	825	GCA.003170275.1.Bacteria.Myxococcota	1134.553	0.0	567.2765
spe	827	821	1617.135	1377.535	1497.335
los	821	GCA.002841825.1.Bacteria.Myxococcota	1377.535	0.0	688.7675
spe	515	514	2084.22	1954.11	2019.165
spe	514	436	1954.11	1751.05	1852.58
los	436	GCA.002722885.1.Bacteria.Proteobacteria	1751.05	0.0	875.525
hgt	None	dead	0.0	0.0	0.0
spe	436	435	1751.05	1536.91	1643.98
los	435	434	1536.91	1353.935	1445.4225
hgt	455	GCF.900102465.1.Bacteria.Proteobacteria	1226.72	0.0	613.36
los	None	dead	0.0	0.0	0.0
spe	514	513	1954.11	1885.97	1920.04
spe	513	483	1885.97	1836.685	1861.3275
los	483	482	1836.685	1750.105	1793.395
spe	483	447	1836.685	1643.315	1740.0
los	447	446	1643.315	1453.89	1548.6025
spe	447	439	1643.315	1422.265	1532.79
los	439	GCF.001613805.1.Bacteria.Proteobacteria	1422.265	0.0	711.1325
spe	513	512	1885.97	1775.885	1830.9275
los	512	511	1775.885	1694.565	1735.225
spe	512	486	1775.885	1397.735	1586.81
los	486	GCA.002721365.1.Bacteria.Proteobacteria	1397.735	0.0	698.8675
spe	653	652	2587.485	2416.38	2501.9325
los	652	526	2416.38	1930.815	2173.5975
hgt	None	dead	0.0	0.0	0.0
spe	652	651	2416.38	2271.59	2343.985
los	651	533	2271.59	1932.55	2102.07
spe	651	650	2271.59	2175.61	2223.6
spe	650	536	2175.61	1675.53	1925.57
hgt	None	dead	0.0	0.0	0.0
los	536	GCF.002940605.1.Bacteria.Proteobacteria	1675.53	0.0	837.765
hgt	611	GCF.003052605.1.Bacteria.Proteobacteria	936.1675	0.0	468.08375
los	None	dead	0.0	0.0	0.0
spe	650	649	2175.61	2098.745	2137.1775
los	649	543	2098.745	1839.06	1968.9025
spe	649	648	2098.745	2020.585	2059.665
los	648	562	2020.585	1844.995	1932.79
spe	648	647	2020.585	1948.805	1984.695
los	647	571	1948.805	1706.635	1827.72
spe	647	646	1948.805	1902.685	1925.745
los	646	645	1902.685	1840.255	1871.47
spe	646	588	1902.685	1773.33	1838.0075
spe	588	576	1773.33	1581.265	1677.2975
hgt	None	dead	0.0	0.0	0.0
los	576	GCA.002432655.1.Bacteria.Proteobacteria	1581.265	0.0	790.6325
hgt	463	GCF.002251795.1.Bacteria.Proteobacteria	1394.155	0.0	697.0775
los	None	dead	0.0	0.0	0.0
spe	576	574	1581.265	1330.6	1455.9325
hgt	439	GCF.001613805.1.Bacteria.Proteobacteria	1422.265	0.0	711.1325
los	574	GCF.900112605.1.Bacteria.Proteobacteria	1330.6	0.0	665.3
hgt	None	dead	0.0	0.0	0.0
hgt	1098	GCA.003167155.1.Bacteria.Eremiobacterota	1440.925	0.0	720.4625
los	None	dead	0.0	0.0	0.0
hgt	None	dead	0.0	0.0	0.0
hgt	458	GCA.002340345.1.Bacteria.Proteobacteria	1624.365	0.0	812.1825
hgt	435	GCA.006969625.1.Bacteria.Proteobacteria	1536.91	0.0	768.455
los	None	dead	0.0	0.0	0.0
spe	588	587	1773.33	1495.94	1634.635
los	587	586	1495.94	1375.33	1435.635
spe	587	581	1495.94	1344.875	1420.4075
spe	581	579	1344.875	1079.9275	1212.40125
hgt	495	GCA.002796975.1.Bacteria.Proteobacteria	1237.1635	0.0	618.58175
hgt	326	GCF.900129635.1.Bacteria.Planctomycetota	1208.648	0.0	604.324
hgt	711	GCA.001664505.1.Bacteria.Acidobacteriota	1691.09	0.0	845.545
los	None	dead	0.0	0.0	0.0
hgt	733	GCA.003235715.1.Bacteria.Nitrospirota	1467.515	0.0	733.7575
hgt	849	GCF.000266945.1.Bacteria.Desulfobacterota	1605.6	0.0	802.8
hgt	741	GCA.003220615.1.Bacteria.Methylomirabilota	1693.345	0.0	846.6725
los	None	dead	0.0	0.0	0.0
dup	741	GCA.003220615.1.Bacteria.Methylomirabilota	1693.345	0.0	846.6725
hgt	695	694	1326.405	1256.385	1291.395
spe	695	694	1326.405	1256.385	1291.395
spe	694	692	1256.385	1113.508	1184.9465
hgt	603	GCA.002085445.1.Bacteria.Proteobacteria	1696.92	0.0	848.46
los	692	GCA.003140235.1.Bacteria.Acidobacteriota	1113.508	0.0	556.754
hgt	None	dead	0.0	0.0	0.0
hgt	892	GCA.001873285.1.Bacteria.CG2.30.53.67	1770.59	0.0	885.295
hgt	395	GCA.002402635.1.Bacteria.Deferribacterota	1504.32	0.0	752.16
los	None	dead	0.0	0.0	0.0
hgt	720	GCA.002347965.1.Bacteria.UBA2233	1930.555	0.0	965.2775
hgt	1076	GCF.900142435.1.Bacteria.Aquificota	1235.659	0.0	617.8295
hgt	1020	GCA.001780165.1.Bacteria.Eisenbacteria	1410.39	0.0	705.195
hgt	None	dead	0.0	0.0	0.0
hgt	697	GCA.003222815.1.Bacteria.Acidobacteriota	1624.47	0.0	812.235
hgt	849	GCF.000266945.1.Bacteria.Desulfobacterota	1605.6	0.0	802.8
hgt	924	GCA.003221825.1.Bacteria.Gemmatimonadota	1568.375	0.0	784.1875
los	None	dead	0.0	0.0	0.0
hgt	581	579	1344.875	1079.9275	1212.40125
hgt	None	dead	0.0	0.0	0.0
hgt	498	GCF.000192575.1.Bacteria.Proteobacteria	1261.48	0.0	630.74
hgt	468	GCF.900167455.1.Bacteria.Proteobacteria	1359.195	0.0	679.5975
los	None	dead	0.0	0.0	0.0
hgt	486	GCF.000264455.2.Bacteria.Proteobacteria	1397.735	0.0	698.8675
spe	581	579	1344.875	1079.9275	1212.40125
hgt	1015	GCA.002790835.1.Bacteria.Krumholzibacteriota	1675.44	0.0	837.72
hgt	981	980	1779.97	1646.88	1713.425
los	None	dead	0.0	0.0	0.0
hgt	None	dead	0.0	0.0	0.0
hgt	987	GCA.002327255.1.Bacteria.KSB1	1406.395	0.0	703.1975
los	None	dead	0.0	0.0	0.0
spe	981	980	1779.97	1646.88	1713.425
spe	980	972	1646.88	1266.481	1456.6805
los	972	GCA.002779395.1.Bacteria.Bacteroidota	1266.481	0.0	633.2405
spe	980	979	1646.88	1531.79	1589.335
los	979	978	1531.79	1394.385	1463.0875
hgt	715	714	2473.255	2337.43	2405.3425
los	None	dead	0.0	0.0	0.0
spe	715	714	2473.255	2337.43	2405.3425
hgt	None	dead	0.0	0.0	0.0
hgt	581	GCA.002868855.1.Bacteria.Proteobacteria	1344.875	0.0	672.4375
los	None	dead	0.0	0.0	0.0
hgt	None	dead	0.0	0.0	0.0
hgt	588	587	1773.33	1495.94	1634.635
los	None	dead	0.0	0.0	0.0
spe	588	587	1773.33	1495.94	1634.635
spe	587	581	1495.94	1344.875	1420.4075
los	581	579	1344.875	1079.9275	1212.40125
spe	587	586	1495.94	1375.33	1435.635
spe	586	585	1375.33	1166.9135	1271.12175
los	585	GCA.002688175.1.Bacteria.Proteobacteria	1166.9135	0.0	583.45675
hgt	None	dead	0.0	0.0	0.0
hgt	804	GCA.003247575.1.Bacteria.Myxococcota.A	1824.305	0.0	912.1525
los	None	dead	0.0	0.0	0.0
hgt	None	dead	0.0	0.0	0.0
hgt	579	GCA.003155415.1.Bacteria.Proteobacteria	1079.9275	0.0	539.96375
los	None	dead	0.0	0.0	0.0
spe	714	713	2337.43	2182.5	2259.965
spe	713	712	2182.5	1951.73	2067.115
los	712	706	1951.73	1682.815	1817.2725
spe	712	711	1951.73	1691.09	1821.41
los	711	GCA.001664505.1.Bacteria.Acidobacteriota	1691.09	0.0	845.545
spe	711	709	1691.09	1397.765	1544.4275
los	709	GCA.003223995.1.Bacteria.Acidobacteriota	1397.765	0.0	698.8825
spe	713	699	2182.5	2048.45	2115.475
los	699	681	2048.45	1727.015	1887.7325
hgt	None	dead	0.0	0.0	0.0
hgt	507	503	1269.025	1116.0495	1192.53725
hgt	579	GCA.003137095.1.Bacteria.Proteobacteria	1079.9275	0.0	539.96375
los	None	dead	0.0	0.0	0.0
spe	507	503	1269.025	1116.0495	1192.53725
spe	503	501	1116.0495	884.6055	1000.3275
los	501	GCA.003454415.1.Bacteria.Proteobacteria	884.6055	0.0	442.30275
spe	699	698	2048.45	1837.19	1942.82
los	698	686	1837.19	1587.93	1712.56
spe	698	697	1837.19	1624.47	1730.83
spe	697	696	1624.47	1431.49	1527.98
los	696	GCA.003224665.1.Bacteria.Acidobacteriota	1431.49	0.0	715.745
spe	696	695	1431.49	1326.405	1378.9475
los	695	694	1326.405	1256.385	1291.395
hgt	821	GCF.000737335.2.Bacteria.Proteobacteria	1377.535	0.0	688.7675
hgt	469	468	1543.27	1359.195	1451.2325
los	None	dead	0.0	0.0	0.0
spe	469	468	1543.27	1359.195	1451.2325
hgt	None	dead	0.0	0.0	0.0
hgt	684	GCA.002483445.1.Bacteria.Acidobacteriota	1233.956	0.0	616.978
hgt	282	GCA.003219195.1.Bacteria.Verrucomicrobiota	1342.065	0.0	671.0325
los	None	dead	0.0	0.0	0.0
hgt	345	GCA.002746235.1.Bacteria.Planctomycetota	1540.73	0.0	770.365
hgt	None	dead	0.0	0.0	0.0
spe	468	467	1359.195	1181.4985	1270.34675
hgt	741	GCA.003220615.1.Bacteria.Methylomirabilota	1693.345	0.0	846.6725
los	467	GCA.002291925.1.Bacteria.Proteobacteria	1181.4985	0.0	590.74925
hgt	592	GCF.001720165.1.Bacteria.Proteobacteria	1273.215	0.0	636.6075
hgt	435	434	1536.91	1353.935	1445.4225
hgt	832	GCA.002696345.1.Bacteria.Myxococcota	1444.88	0.0	722.44
hgt	574	GCF.000374645.1.Bacteria.Proteobacteria	1330.6	0.0	665.3
los	None	dead	0.0	0.0	0.0
spe	435	434	1536.91	1353.935	1445.4225
