event	left_node	right_node	left_date	right_date	midpoint_date	left_date_lower	left_date_upper	right_date_lower	right_date_upper	midpoint_date_all
spe	902	901	3405.845	3300.53	3353.1875	3689.17	3122.52	3575.42	3025.64	3357.405
spe	901	900	3300.53	3098.985	3199.7575	3575.42	3025.64	3380.82	2817.15	3196.285
hgt	None	dead	0.0	0.0	0.0	0.0	0.0	0.0	0.0	0.0
los	900	716	3098.985	2659.235	2879.11	3380.82	2817.15	2943.59	2374.88	2877.85
hgt	871	GCA.007244385.1.Bacteria.Desulfobacterota	1358.76	0.0	679.38	1643.54	1073.98	0.0	0.0	821.77
los	None	dead	0.0	0.0	0.0	0.0	0.0	0.0	0.0	0.0
hgt	None	dead	0.0	0.0	0.0	0.0	0.0	0.0	0.0	0.0
hgt	1326	1325	2039.05	1862.485	1950.7675	2290.01	1788.09	2083.02	1641.95	1965.98
los	None	dead	0.0	0.0	0.0	0.0	0.0	0.0	0.0	0.0
spe	1326	1325	2039.05	1862.485	1950.7675	2290.01	1788.09	2083.02	1641.95	1965.98
spe	1325	1297	1862.485	1576.575	1719.53	2083.02	1641.95	1886.7	1266.45	1674.735
hgt	1380	GCF.001049895.1.Bacteria.Firmicutes	1785.675	0.0	892.8375	1991.06	1580.29	0.0	0.0	995.53
los	1297	GCA.002329495.1.Bacteria.Firmicutes.B	1576.575	0.0	788.2875	1886.7	1266.45	0.0	0.0	943.35
spe	1297	1296	1576.575	1436.52	1506.5475	1886.7	1266.45	1763.25	1109.79	1498.245
los	1296	GCA.001513545.1.Bacteria.Firmicutes.B	1436.52	0.0	718.26	1763.25	1109.79	0.0	0.0	881.625
spe	1325	1324	1862.485	1779.53	1821.0075	2083.02	1641.95	1989.46	1569.6	1826.31
spe	1324	1323	1779.53	1708.06	1743.795	1989.46	1569.6	1917.5	1498.62	1744.04
los	1323	1319	1708.06	1607.725	1657.8925	1917.5	1498.62	1817.85	1397.6	1657.55
spe	1323	1322	1708.06	1384.555	1546.3075	1917.5	1498.62	1682.41	1086.7	1502.1
los	1322	GCA.001512665.1.Bacteria.Firmicutes.B	1384.555	0.0	692.2775	1682.41	1086.7	0.0	0.0	841.205
spe	1324	1308	1779.53	1606.55	1693.04	1989.46	1569.6	1832.18	1380.92	1685.19
los	1308	1300	1606.55	1333.34	1469.945	1832.18	1380.92	1595.67	1071.01	1451.595
spe	1308	1307	1606.55	1451.1	1528.825	1832.18	1380.92	1682.57	1219.63	1525.905
spe	1307	1305	1451.1	1336.995	1394.0475	1682.57	1219.63	1578.59	1095.4	1388.985
hgt	1292	GCF.001950325.1.Bacteria.Firmicutes.B	1516.66	0.0	758.33	1936.55	1096.77	0.0	0.0	968.275
los	1305	1304	1336.995	1096.0955	1216.54525	1578.59	1095.4	1375.0	817.191	1197.8905
spe	900	899	3098.985	2936.525	3017.755	3380.82	2817.15	3198.27	2674.78	3027.8
spe	899	743	2936.525	2681.09	2808.8075	3198.27	2674.78	3020.99	2341.19	2769.73
los	743	721	2681.09	2277.575	2479.3325	3020.99	2341.19	2744.86	1810.29	2415.64
spe	743	742	2681.09	2393.59	2537.34	3020.99	2341.19	2740.14	2047.04	2534.015
los	742	738	2393.59	2076.07	2234.83	2740.14	2047.04	2381.91	1770.23	2255.185
spe	742	741	2393.59	1693.345	2043.4675	2740.14	2047.04	2199.48	1187.21	1963.675
los	741	GCA.003220615.1.Bacteria.Methylomirabilota	1693.345	0.0	846.6725	2199.48	1187.21	0.0	0.0	1099.74
spe	899	898	2936.525	2864.305	2900.415	3198.27	2674.78	3119.95	2608.66	2903.465
los	898	897	2864.305	2785.14	2824.7225	3119.95	2608.66	3031.51	2538.77	2829.36
spe	898	756	2864.305	2320.99	2592.6475	3119.95	2608.66	2718.41	1923.57	2521.76
los	756	GCA.001790645.1.Bacteria.Schekmanbacteria	2320.99	0.0	1160.495	2718.41	1923.57	0.0	0.0	1359.205
spe	756	754	2320.99	2042.42	2181.705	2718.41	1923.57	2408.05	1676.79	2197.6
los	754	746	2042.42	1667.435	1854.9275	2408.05	1676.79	2098.35	1236.52	1822.285
spe	754	753	2042.42	1778.33	1910.375	2408.05	1676.79	2125.97	1430.69	1919.37
los	753	751	1778.33	1613.625	1695.9775	2125.97	1430.69	1945.94	1281.31	1703.64
spe	901	663	3300.53	3210.05	3255.29	3575.42	3025.64	3476.56	2943.54	3259.48
los	663	662	3210.05	3126.015	3168.0325	3476.56	2943.54	3383.83	2868.2	3172.38
spe	663	397	3210.05	2713.19	2961.62	3476.56	2943.54	3215.27	2211.11	2843.835
hgt	None	dead	0.0	0.0	0.0	0.0	0.0	0.0	0.0	0.0
hgt	1440	GCF.001306175.1.Bacteria.Chloroflexota	1679.715	0.0	839.8575	1908.42	1451.01	0.0	0.0	954.21
los	None	dead	0.0	0.0	0.0	0.0	0.0	0.0	0.0	0.0
hgt	1326	1325	2039.05	1862.485	1950.7675	2290.01	1788.09	2083.02	1641.95	1965.98
hgt	1476	1454	2416.915	1996.555	2206.735	2708.83	2125.0	2245.89	1747.22	2228.025
hgt	895	GCA.002897695.1.Bacteria.BMS3Abin14	1810.42	0.0	905.21	2358.35	1262.49	0.0	0.0	1179.175
hgt	None	dead	0.0	0.0	0.0	0.0	0.0	0.0	0.0	0.0
spe	1476	1454	2416.915	1996.555	2206.735	2708.83	2125.0	2245.89	1747.22	2228.025
spe	1454	1453	1996.555	1862.655	1929.605	2245.89	1747.22	2140.61	1584.7	1915.295
los	1453	1452	1862.655	1430.125	1646.39	2140.61	1584.7	1777.81	1082.44	1611.525
spe	1453	1449	1862.655	1589.82	1726.2375	2140.61	1584.7	1942.5	1237.14	1688.875
los	1449	GCA.002366595.1.Bacteria.Chloroflexota	1589.82	0.0	794.91	1942.5	1237.14	0.0	0.0	971.25
spe	1454	1446	1996.555	1803.385	1899.97	2245.89	1747.22	2040.01	1566.76	1906.325
spe	1446	1440	1803.385	1679.715	1741.55	2040.01	1566.76	1908.42	1451.01	1745.51
los	1440	GCF.001306175.1.Bacteria.Chloroflexota	1679.715	0.0	839.8575	1908.42	1451.01	0.0	0.0	954.21
spe	1440	1439	1679.715	1492.005	1585.86	1908.42	1451.01	1713.37	1270.64	1589.53
los	1439	1438	1492.005	1317.205	1404.605	1713.37	1270.64	1528.24	1106.17	1409.77
spe	1446	1445	1803.385	1577.91	1690.6475	2040.01	1566.76	1848.3	1307.52	1673.765
spe	1445	1444	1577.91	1386.06	1481.985	1848.3	1307.52	1673.58	1098.54	1473.42
los	1444	GCA.002366755.1.Bacteria.Chloroflexota	1386.06	0.0	693.03	1673.58	1098.54	0.0	0.0	836.79
dup	None	dead	0.0	0.0	0.0	0.0	0.0	0.0	0.0	0.0
dup	None	dead	0.0	0.0	0.0	0.0	0.0	0.0	0.0	0.0
hgt	1109	GCA.002898895.1.Bacteria.Armatimonadota	1709.425	0.0	854.7125	2037.53	1381.32	0.0	0.0	1018.765
los	None	dead	0.0	0.0	0.0	0.0	0.0	0.0	0.0	0.0
dup	None	dead	0.0	0.0	0.0	0.0	0.0	0.0	0.0	0.0
hgt	265	GCA.003290465.1.Bacteria.Sumerlaeota	1568.825	0.0	784.4125	2039.56	1098.09	0.0	0.0	1019.78
los	None	dead	0.0	0.0	0.0	0.0	0.0	0.0	0.0	0.0
dup	None	dead	0.0	0.0	0.0	0.0	0.0	0.0	0.0	0.0
hgt	328	GCF.002277955.1.Bacteria.Planctomycetota	1867.775	0.0	933.8875	2192.2	1543.35	0.0	0.0	1096.1
los	None	dead	0.0	0.0	0.0	0.0	0.0	0.0	0.0	0.0
hgt	849	GCF.000266945.1.Bacteria.Desulfobacterota	1605.6	0.0	802.8	2007.54	1203.66	0.0	0.0	1003.77
los	None	dead	0.0	0.0	0.0	0.0	0.0	0.0	0.0	0.0
dup	None	dead	0.0	0.0	0.0	0.0	0.0	0.0	0.0	0.0
hgt	684	GCA.002483445.1.Bacteria.Acidobacteriota	1233.956	0.0	616.978	1519.9	948.012	0.0	0.0	759.95
los	None	dead	0.0	0.0	0.0	0.0	0.0	0.0	0.0	0.0
hgt	216	GCA.001805575.1.Bacteria.Omnitrophota	1386.785	0.0	693.3925	1642.34	1131.23	0.0	0.0	821.17
los	None	dead	0.0	0.0	0.0	0.0	0.0	0.0	0.0	0.0
spe	1326	1325	2039.05	1862.485	1950.7675	2290.01	1788.09	2083.02	1641.95	1965.98
spe	1325	1297	1862.485	1576.575	1719.53	2083.02	1641.95	1886.7	1266.45	1674.735
los	1297	GCA.002329495.1.Bacteria.Firmicutes.B	1576.575	0.0	788.2875	1886.7	1266.45	0.0	0.0	943.35
spe	1297	1296	1576.575	1436.52	1506.5475	1886.7	1266.45	1763.25	1109.79	1498.245
los	1296	GCA.001513545.1.Bacteria.Firmicutes.B	1436.52	0.0	718.26	1763.25	1109.79	0.0	0.0	881.625
spe	1325	1324	1862.485	1779.53	1821.0075	2083.02	1641.95	1989.46	1569.6	1826.31
hgt	None	dead	0.0	0.0	0.0	0.0	0.0	0.0	0.0	0.0
los	1324	1308	1779.53	1606.55	1693.04	1989.46	1569.6	1832.18	1380.92	1685.19
hgt	1350	GCF.001742305.1.Bacteria.Firmicutes	1481.1	0.0	740.55	1809.84	1152.36	0.0	0.0	904.92
los	None	dead	0.0	0.0	0.0	0.0	0.0	0.0	0.0	0.0
spe	1324	1323	1779.53	1708.06	1743.795	1989.46	1569.6	1917.5	1498.62	1744.04
los	1323	1319	1708.06	1607.725	1657.8925	1917.5	1498.62	1817.85	1397.6	1657.55
spe	1323	1322	1708.06	1384.555	1546.3075	1917.5	1498.62	1682.41	1086.7	1502.1
los	1322	GCA.001512665.1.Bacteria.Firmicutes.B	1384.555	0.0	692.2775	1682.41	1086.7	0.0	0.0	841.205
spe	397	396	2713.19	2315.495	2514.3425	3215.27	2211.11	2856.45	1774.54	2494.905
hgt	None	dead	0.0	0.0	0.0	0.0	0.0	0.0	0.0	0.0
los	396	395	2315.495	1504.32	1909.9075	2856.45	1774.54	1938.87	1069.77	1963.11
hgt	1305	GCF.002207765.1.Bacteria.Firmicutes.B	1336.995	0.0	668.4975	1578.59	1095.4	0.0	0.0	789.295
los	None	dead	0.0	0.0	0.0	0.0	0.0	0.0	0.0	0.0
hgt	None	dead	0.0	0.0	0.0	0.0	0.0	0.0	0.0	0.0
dup	None	dead	0.0	0.0	0.0	0.0	0.0	0.0	0.0	0.0
hgt	128	GCA.002011075.1.Archaea.Thermoproteota	925.9285	0.0	462.96425	1257.47	594.387	0.0	0.0	628.735
los	None	dead	0.0	0.0	0.0	0.0	0.0	0.0	0.0	0.0
dup	None	dead	0.0	0.0	0.0	0.0	0.0	0.0	0.0	0.0
hgt	1322	GCA.000961765.1.Bacteria.Firmicutes.B	1384.555	0.0	692.2775	1682.41	1086.7	0.0	0.0	841.205
los	None	dead	0.0	0.0	0.0	0.0	0.0	0.0	0.0	0.0
hgt	1350	GCF.001742305.1.Bacteria.Firmicutes	1481.1	0.0	740.55	1809.84	1152.36	0.0	0.0	904.92
los	None	dead	0.0	0.0	0.0	0.0	0.0	0.0	0.0	0.0
hgt	None	dead	0.0	0.0	0.0	0.0	0.0	0.0	0.0	0.0
hgt	1228	GCA.003023725.1.Bacteria.Firmicutes.E	1712.115	0.0	856.0575	2011.29	1412.94	0.0	0.0	1005.645
los	None	dead	0.0	0.0	0.0	0.0	0.0	0.0	0.0	0.0
hgt	1382	1381	1907.445	1843.345	1875.395	2119.76	1695.13	2050.47	1636.22	1877.99
hgt	462	GCF.000315795.1.Bacteria.Proteobacteria	1117.2015	0.0	558.60075	1403.11	831.293	0.0	0.0	701.555
hgt	574	GCF.000374645.1.Bacteria.Proteobacteria	1330.6	0.0	665.3	1590.49	1070.71	0.0	0.0	795.245
spe	1382	1381	1907.445	1843.345	1875.395	2119.76	1695.13	2050.47	1636.22	1877.99
spe	1381	1351	1843.345	1688.26	1765.8025	2050.47	1636.22	1952.2	1424.32	1737.395
los	1351	1350	1688.26	1481.1	1584.68	1952.2	1424.32	1809.84	1152.36	1552.28
spe	1351	1347	1688.26	1373.121	1530.6905	1952.2	1424.32	1753.0	993.242	1472.721
los	1347	GCF.900099895.1.Bacteria.Firmicutes	1373.121	0.0	686.5605	1753.0	993.242	0.0	0.0	876.5
spe	1381	1380	1843.345	1785.675	1814.51	2050.47	1636.22	1991.06	1580.29	1815.38
los	1380	1379	1785.675	1743.235	1764.455	1991.06	1580.29	1945.76	1540.71	1765.885
