event	left_node	right_node	left_date	right_date	midpoint_date	left_date_lower	left_date_upper	right_date_lower	right_date_upper	midpoint_date_all
hgt	276	275	2570.7	2298.405	2434.5525	3089.06	2052.34	2814.32	1782.49	2435.775
spe	1128	1127	2537.965	2426.2	2482.0825	2911.99	2163.94	2768.99	2083.41	2497.7
spe	1127	1113	2426.2	2045.295	2235.7475	2768.99	2083.41	2385.32	1705.27	2237.13
los	1113	1112	2045.295	1621.275	1833.285	2385.32	1705.27	2028.12	1214.43	1799.875
spe	1113	1109	2045.295	1709.425	1877.36	2385.32	1705.27	2037.53	1381.32	1883.32
los	1109	1108	1709.425	1444.87	1577.1475	2037.53	1381.32	1739.48	1150.26	1593.895
spe	1127	1126	2426.2	2238.98	2332.59	2768.99	2083.41	2575.29	1902.67	2335.83
los	1126	1125	2238.98	2045.895	2142.4375	2575.29	1902.67	2373.86	1717.93	2146.61
spe	1126	1116	2238.98	1799.18	2019.08	2575.29	1902.67	2205.43	1392.93	1984.11
los	1116	GCA.002435745.1.Bacteria.UBP15	1799.18	0.0	899.59	2205.43	1392.93	0.0	0.0	1102.715
spe	276	275	2570.7	2298.405	2434.5525	3089.06	2052.34	2814.32	1782.49	2435.775
spe	275	274	2298.405	1625.32	1961.8625	2814.32	1782.49	2112.15	1138.49	1976.405
hgt	None	dead	0.0	0.0	0.0	0.0	0.0	0.0	0.0	0.0
los	274	GCA.002687025.1.Bacteria.Poribacteria	1625.32	0.0	812.66	2112.15	1138.49	0.0	0.0	1056.075
hgt	326	GCF.900129635.1.Bacteria.Planctomycetota	1208.648	0.0	604.324	1527.79	889.506	0.0	0.0	763.895
los	None	dead	0.0	0.0	0.0	0.0	0.0	0.0	0.0	0.0
hgt	None	dead	0.0	0.0	0.0	0.0	0.0	0.0	0.0	0.0
hgt	825	GCA.003170275.1.Bacteria.Myxococcota	1134.553	0.0	567.2765	1400.01	869.096	0.0	0.0	700.005
los	None	dead	0.0	0.0	0.0	0.0	0.0	0.0	0.0	0.0
hgt	None	dead	0.0	0.0	0.0	0.0	0.0	0.0	0.0	0.0
hgt	794	GCA.003161515.1.Bacteria.Desulfobacterota.B	1350.25	0.0	675.125	1609.55	1090.95	0.0	0.0	804.775
los	None	dead	0.0	0.0	0.0	0.0	0.0	0.0	0.0	0.0
hgt	None	dead	0.0	0.0	0.0	0.0	0.0	0.0	0.0	0.0
hgt	709	GCA.003223145.1.Bacteria.Acidobacteriota	1397.765	0.0	698.8825	1717.19	1078.34	0.0	0.0	858.595
los	None	dead	0.0	0.0	0.0	0.0	0.0	0.0	0.0	0.0
hgt	995	994	1991.73	1793.76	1892.745	2330.77	1652.69	2154.86	1432.66	1881.715
hgt	None	dead	0.0	0.0	0.0	0.0	0.0	0.0	0.0	0.0
dup	None	dead	0.0	0.0	0.0	0.0	0.0	0.0	0.0	0.0
hgt	1678	GCF.000017845.1.Bacteria.Cyanobacteria	796.3525	0.0	398.17625	1296.27	296.435	0.0	0.0	648.135
los	None	dead	0.0	0.0	0.0	0.0	0.0	0.0	0.0	0.0
hgt	514	513	1954.11	1885.97	1920.04	2125.97	1782.25	2049.09	1722.85	1924.41
los	None	dead	0.0	0.0	0.0	0.0	0.0	0.0	0.0	0.0
hgt	None	dead	0.0	0.0	0.0	0.0	0.0	0.0	0.0	0.0
hgt	612	GCF.003612015.1.Bacteria.Proteobacteria	1256.25	0.0	628.125	1460.33	1052.17	0.0	0.0	730.165
los	None	dead	0.0	0.0	0.0	0.0	0.0	0.0	0.0	0.0
spe	514	513	1954.11	1885.97	1920.04	2125.97	1782.25	2049.09	1722.85	1924.41
spe	513	512	1885.97	1775.885	1830.9275	2049.09	1722.85	1942.07	1609.7	1829.395
los	512	511	1775.885	1694.565	1735.225	1942.07	1609.7	1858.49	1530.64	1736.355
spe	512	486	1775.885	1397.735	1586.81	1942.07	1609.7	1700.16	1095.31	1518.69
hgt	467	GCF.003258945.1.Bacteria.Proteobacteria	1181.4985	0.0	590.74925	1405.48	957.517	0.0	0.0	702.74
hgt	None	dead	0.0	0.0	0.0	0.0	0.0	0.0	0.0	0.0
hgt	282	GCF.900105685.1.Bacteria.Verrucomicrobiota	1342.065	0.0	671.0325	1637.54	1046.59	0.0	0.0	818.77
los	None	dead	0.0	0.0	0.0	0.0	0.0	0.0	0.0	0.0
spe	513	483	1885.97	1836.685	1861.3275	2049.09	1722.85	1999.79	1673.58	1861.335
los	483	447	1836.685	1643.315	1740.0	1999.79	1673.58	1842.47	1444.16	1721.975
hgt	967	966	1879.385	1606.29	1742.8375	2109.43	1649.34	1831.14	1381.44	1745.435
hgt	None	dead	0.0	0.0	0.0	0.0	0.0	0.0	0.0	0.0
hgt	1167	1166	1838.915	1480.79	1659.8525	2077.7	1600.13	1697.07	1264.51	1671.105
spe	483	482	1836.685	1750.105	1793.395	1999.79	1673.58	1912.36	1587.85	1793.82
spe	482	481	1750.105	1674.98	1712.5425	1912.36	1587.85	1835.32	1514.64	1713.5
los	481	480	1674.98	1549.46	1612.22	1835.32	1514.64	1716.36	1382.56	1608.94
spe	481	469	1674.98	1543.27	1609.125	1835.32	1514.64	1718.34	1368.2	1601.76
los	469	463	1543.27	1394.155	1468.7125	1718.34	1368.2	1606.24	1182.07	1450.205
spe	469	468	1543.27	1359.195	1451.2325	1718.34	1368.2	1556.34	1162.05	1440.195
los	468	467	1359.195	1181.4985	1270.34675	1556.34	1162.05	1405.48	957.517	1256.9285
spe	482	458	1750.105	1624.365	1687.235	1912.36	1587.85	1810.7	1438.03	1675.195
los	458	GCA.002340345.1.Bacteria.Proteobacteria	1624.365	0.0	812.1825	1810.7	1438.03	0.0	0.0	905.35
spe	458	456	1624.365	1476.57	1550.4675	1810.7	1438.03	1673.09	1280.05	1545.375
spe	456	455	1476.57	1226.72	1351.645	1673.09	1280.05	1447.93	1005.51	1339.3
los	455	454	1226.72	1094.241	1160.4805	1447.93	1005.51	1336.59	851.892	1149.911
hgt	None	dead	0.0	0.0	0.0	0.0	0.0	0.0	0.0	0.0
los	456	GCF.002148795.1.Bacteria.Proteobacteria	1476.57	0.0	738.285	1673.09	1280.05	0.0	0.0	836.545
hgt	503	GCA.002280485.1.Bacteria.Proteobacteria	1116.0495	0.0	558.02475	1312.6	919.499	0.0	0.0	656.3
los	None	dead	0.0	0.0	0.0	0.0	0.0	0.0	0.0	0.0
spe	1167	1166	1838.915	1480.79	1659.8525	2077.7	1600.13	1697.07	1264.51	1671.105
spe	1166	1165	1480.79	1370.47	1425.63	1697.07	1264.51	1577.59	1163.35	1430.21
spe	1165	1164	1370.47	1261.825	1316.1475	1577.59	1163.35	1459.67	1063.98	1320.785
los	1164	1163	1261.825	1087.464	1174.6445	1459.67	1063.98	1323.49	851.438	1155.554
spe	1164	1160	1261.825	1110.64	1186.2325	1459.67	1063.98	1339.31	881.97	1170.82
los	1160	GCF.000015025.1.Bacteria.Actinobacteriota	1110.64	0.0	555.32	1339.31	881.97	0.0	0.0	669.655
spe	1160	1158	1110.64	987.523	1049.0815	1339.31	881.97	1239.6	735.446	1037.378
los	1158	GCF.900106035.1.Bacteria.Actinobacteriota	987.523	0.0	493.7615	1239.6	735.446	0.0	0.0	619.8
spe	1165	1155	1370.47	1276.115	1323.2925	1577.59	1163.35	1486.51	1065.72	1321.655
los	1155	1154	1276.115	976.5785	1126.34675	1486.51	1065.72	1290.8	662.357	1074.4335
dup	1155	GCF.003443735.1.Bacteria.Actinobacteriota	1276.115	0.0	638.0575	1486.51	1065.72	0.0	0.0	743.255
hgt	1166	1165	1480.79	1370.47	1425.63	1697.07	1264.51	1577.59	1163.35	1430.21
los	None	dead	0.0	0.0	0.0	0.0	0.0	0.0	0.0	0.0
spe	1166	1165	1480.79	1370.47	1425.63	1697.07	1264.51	1577.59	1163.35	1430.21
spe	1165	1155	1370.47	1276.115	1323.2925	1577.59	1163.35	1486.51	1065.72	1321.655
los	1155	1154	1276.115	976.5785	1126.34675	1486.51	1065.72	1290.8	662.357	1074.4335
spe	1165	1164	1370.47	1261.825	1316.1475	1577.59	1163.35	1459.67	1063.98	1320.785
los	1164	1163	1261.825	1087.464	1174.6445	1459.67	1063.98	1323.49	851.438	1155.554
spe	1164	1160	1261.825	1110.64	1186.2325	1459.67	1063.98	1339.31	881.97	1170.82
los	1160	GCF.000015025.1.Bacteria.Actinobacteriota	1110.64	0.0	555.32	1339.31	881.97	0.0	0.0	669.655
hgt	403	GCF.900177345.1.Bacteria.Proteobacteria	2061.575	0.0	1030.7875	2630.37	1492.78	0.0	0.0	1315.185
spe	1160	1158	1110.64	987.523	1049.0815	1339.31	881.97	1239.6	735.446	1037.378
los	1158	GCF.900106035.1.Bacteria.Actinobacteriota	987.523	0.0	493.7615	1239.6	735.446	0.0	0.0	619.8
spe	967	966	1879.385	1606.29	1742.8375	2109.43	1649.34	1831.14	1381.44	1745.435
spe	966	965	1606.29	1429.675	1517.9825	1831.14	1381.44	1647.7	1211.65	1521.395
los	965	964	1429.675	1306.425	1368.05	1647.7	1211.65	1524.94	1087.91	1367.805
spe	965	955	1429.675	1277.41	1353.5425	1647.7	1211.65	1498.37	1056.45	1352.075
los	955	GCA.001769655.1.Bacteria.Bacteroidota	1277.41	0.0	638.705	1498.37	1056.45	0.0	0.0	749.185
dup	955	GCF.001280305.1.Bacteria.Bacteroidota	1277.41	0.0	638.705	1498.37	1056.45	0.0	0.0	749.185
hgt	None	dead	0.0	0.0	0.0	0.0	0.0	0.0	0.0	0.0
hgt	568	GCA.002862435.1.Bacteria.Proteobacteria	1379.435	0.0	689.7175	1661.92	1096.95	0.0	0.0	830.96
hgt	849	GCF.000266945.1.Bacteria.Desulfobacterota	1605.6	0.0	802.8	2007.54	1203.66	0.0	0.0	1003.77
los	None	dead	0.0	0.0	0.0	0.0	0.0	0.0	0.0	0.0
hgt	None	dead	0.0	0.0	0.0	0.0	0.0	0.0	0.0	0.0
hgt	1667	GCA.003503675.1.Bacteria.Cyanobacteria	2112.65	0.0	1056.325	2842.8	1382.5	0.0	0.0	1421.4
hgt	1695	GCF.000020025.1.Bacteria.Cyanobacteria	795.37	0.0	397.685	1453.6	137.14	0.0	0.0	726.8
los	None	dead	0.0	0.0	0.0	0.0	0.0	0.0	0.0	0.0
dup	1695	GCF.000020025.1.Bacteria.Cyanobacteria	795.37	0.0	397.685	1453.6	137.14	0.0	0.0	726.8
hgt	1119	GCF.002973605.1.Bacteria.Armatimonadota	1519.685	0.0	759.8425	1896.55	1142.82	0.0	0.0	948.275
spe	995	994	1991.73	1793.76	1892.745	2330.77	1652.69	2154.86	1432.66	1881.715
spe	994	992	1793.76	1458.26	1626.01	2154.86	1432.66	1829.68	1086.84	1620.85
hgt	None	dead	0.0	0.0	0.0	0.0	0.0	0.0	0.0	0.0
los	992	GCA.002049825.1.Bacteria.Calditrichota	1458.26	0.0	729.13	1829.68	1086.84	0.0	0.0	914.84
hgt	668	GCA.001775755.1.Bacteria.Acidobacteriota	1417.72	0.0	708.86	1767.6	1067.84	0.0	0.0	883.8
los	None	dead	0.0	0.0	0.0	0.0	0.0	0.0	0.0	0.0
hgt	None	dead	0.0	0.0	0.0	0.0	0.0	0.0	0.0	0.0
hgt	1462	GCA.002436065.1.Bacteria.Chloroflexota	1858.705	0.0	929.3525	2184.36	1533.05	0.0	0.0	1092.18
hgt	107	GCA.003019535.1.Archaea.Thermoproteota	1515.18	0.0	757.59	1853.29	1177.07	0.0	0.0	926.645
hgt	1452	GCA.002348045.1.Bacteria.Chloroflexota	1430.125	0.0	715.0625	1777.81	1082.44	0.0	0.0	888.905
los	None	dead	0.0	0.0	0.0	0.0	0.0	0.0	0.0	0.0
hgt	1087	GCA.001778455.1.Bacteria.Bipolaricaulota	1366.82	0.0	683.41	1685.2	1048.44	0.0	0.0	842.6
hgt	1226	GCA.003242195.1.Bacteria.Firmicutes.E	1388.78	0.0	694.39	1687.37	1090.19	0.0	0.0	843.685
hgt	None	dead	0.0	0.0	0.0	0.0	0.0	0.0	0.0	0.0
hgt	675	GCA.002789615.1.Bacteria.Acidobacteriota	1949.475	0.0	974.7375	2381.51	1517.44	0.0	0.0	1190.755
los	None	dead	0.0	0.0	0.0	0.0	0.0	0.0	0.0	0.0
hgt	989	GCA.002011685.1.Bacteria.JdFR.76	1691.135	0.0	845.5675	2043.3	1338.97	0.0	0.0	1021.65
