event	left_node	right_node	left_date	right_date	midpoint_date
spe	1725	1724	3797.605	3674.455	3736.03
spe	1724	1723	3674.455	3369.21	3521.8325
los	1723	1657	3369.21	3016.145	3192.6775
spe	1723	1722	3369.21	3050.45	3209.83
spe	1722	1664	3050.45	2102.73	2576.59
spe	1664	1663	2102.73	1748.05	1925.39
los	1663	GCA.001784555.1.Bacteria.Cyanobacteria	1748.05	0.0	874.025
spe	1664	1660	2102.73	1690.83	1896.78
hgt	None	dead	0.0	0.0	0.0
hgt	168	167	1389.275	1219.565	1304.42
los	None	dead	0.0	0.0	0.0
spe	168	167	1389.275	1219.565	1304.42
hgt	170	GCA.000189635.1.Eukaryota.Ciliophora	1645.265	0.0	822.6325
spe	167	166	1219.565	946.8465	1083.20575
spe	166	165	946.8465	694.719	820.78275
hgt	967	966	1879.385	1606.29	1742.8375
los	1660	GCA.900313115.1.Bacteria.Cyanobacteria	1690.83	0.0	845.415
hgt	None	dead	0.0	0.0	0.0
hgt	930	GCA.002449765.1.Bacteria.Fibrobacterota	1300.89	0.0	650.445
los	None	dead	0.0	0.0	0.0
spe	967	966	1879.385	1606.29	1742.8375
hgt	961	GCA.001769385.1.Bacteria.Bacteroidota	860.4425	0.0	430.22125
hgt	775	GCA.001797335.1.Bacteria.Bdellovibrionota.E	1721.205	0.0	860.6025
spe	966	965	1606.29	1429.675	1517.9825
hgt	767	GCA.002796325.1.Bacteria.UBA10199	1475.25	0.0	737.625
los	965	964	1429.675	1306.425	1368.05
spe	965	955	1429.675	1277.41	1353.5425
hgt	288	GCA.002382525.1.Bacteria.Verrucomicrobiota	1496.535	0.0	748.2675
los	955	GCA.001769655.1.Bacteria.Bacteroidota	1277.41	0.0	638.705
hgt	293	GCA.002429065.1.Bacteria.Verrucomicrobiota	1595.865	0.0	797.9325
dup	293	GCA.002429065.1.Bacteria.Verrucomicrobiota	1595.865	0.0	797.9325
hgt	None	dead	0.0	0.0	0.0
spe	1722	1721	3050.45	2916.245	2983.3475
los	1721	1667	2916.245	2112.65	2514.4475
hgt	None	dead	0.0	0.0	0.0
spe	1721	1720	2916.245	2510.455	2713.35
hgt	None	dead	0.0	0.0	0.0
spe	1720	1719	2510.455	2371.88	2441.1675
spe	1719	1718	2371.88	2232.24	2302.06
spe	1718	1717	2232.24	2064.395	2148.3175
los	1717	1716	2064.395	1811.985	1938.19
spe	1718	1704	2232.24	2105.22	2168.73
los	1704	1672	2105.22	1717.695	1911.4575
spe	1704	1703	2105.22	2001.35	2053.285
spe	1703	1679	2001.35	1509.135	1755.2425
spe	1679	1678	1509.135	796.3525	1152.74375
los	1678	1676	796.3525	163.12655	479.73952
spe	1703	1702	2001.35	1938.175	1969.7625
los	1702	GCF.003838225.1.Bacteria.Cyanobacteria	1938.175	0.0	969.0875
dup	1702	1701	1938.175	1887.235	1912.705
spe	1702	1701	1938.175	1887.235	1912.705
spe	1701	1685	1887.235	1635.52	1761.3775
los	1685	GCF.000018105.1.Bacteria.Cyanobacteria	1635.52	0.0	817.76
spe	1685	1684	1635.52	1444.79	1540.155
los	1684	GCF.000316115.1.Bacteria.Cyanobacteria	1444.79	0.0	722.395
spe	1701	1700	1887.235	1825.65	1856.4425
los	1700	1688	1825.65	1436.775	1631.2125
spe	1700	1699	1825.65	1773.275	1799.4625
los	1699	1698	1773.275	1634.795	1704.035
spe	1702	1701	1938.175	1887.235	1912.705
spe	1701	1685	1887.235	1635.52	1761.3775
spe	1685	1684	1635.52	1444.79	1540.155
los	1684	GCA.001698445.1.Bacteria.Cyanobacteria	1444.79	0.0	722.395
hgt	1702	GCF.003838225.1.Bacteria.Cyanobacteria	1938.175	0.0	969.0875
spe	1701	1700	1887.235	1825.65	1856.4425
spe	1700	1699	1825.65	1773.275	1799.4625
los	1699	GCF.000317045.1.Bacteria.Cyanobacteria	1773.275	0.0	886.6375
spe	1699	1698	1773.275	1634.795	1704.035
los	1698	1692	1634.795	34.435	834.615
spe	1698	1697	1634.795	920.2075	1277.50125
spe	1697	1695	920.2075	795.37	857.78875
los	1695	Nostoc.sp.PCC7120	795.37	0.0	397.685
spe	1700	1688	1825.65	1436.775	1631.2125
hgt	1672	GCF.002251945.1.Bacteria.Cyanobacteria	1717.695	0.0	858.8475
hgt	840	839	2147.98	2054.51	2101.245
los	None	dead	0.0	0.0	0.0
spe	840	839	2147.98	2054.51	2101.245
spe	839	838	2054.51	1822.44	1938.475
los	838	837	1822.44	1472.175	1647.3075
spe	838	834	1822.44	1729.09	1775.765
los	834	GCA.001798605.1.Bacteria.Myxococcota	1729.09	0.0	864.545
spe	834	832	1729.09	1444.88	1586.985
los	832	GCA.002696345.1.Bacteria.Myxococcota	1444.88	0.0	722.44
spe	839	829	2054.51	2001.85	2028.18
los	829	828	2001.85	1750.53	1876.19
spe	829	817	2001.85	1835.155	1918.5025
spe	817	816	1835.155	1328.145	1581.65
los	816	GCA.002724675.1.Bacteria.Myxococcota.A	1328.145	0.0	664.0725
spe	817	813	1835.155	1676.35	1755.7525
los	813	807	1676.35	1389.97	1533.16
spe	813	812	1676.35	1516.905	1596.6275
los	812	GCA.002863065.1.Bacteria.Myxococcota	1516.905	0.0	758.4525
spe	812	811	1516.905	1313.225	1415.065
los	811	GCA.002726535.1.Bacteria.Myxococcota	1313.225	0.0	656.6125
hgt	1169	1168	2113.35	2012.51	2062.93
hgt	1113	1109	2045.295	1709.425	1877.36
hgt	1041	GCA.002686955.1.Bacteria.Gemmatimonadota.A	2350.395	0.0	1175.1975
hgt	326	GCA.002404095.1.Bacteria.Planctomycetota	1208.648	0.0	604.324
hgt	244	GCA.001800095.1.Bacteria.Elusimicrobiota	1375.91	0.0	687.955
los	None	dead	0.0	0.0	0.0
hgt	983	982	2135.355	1900.265	2017.81
hgt	None	dead	0.0	0.0	0.0
hgt	1439	GCF.900187885.1.Bacteria.Chloroflexota	1492.005	0.0	746.0025
los	None	dead	0.0	0.0	0.0
spe	983	982	2135.355	1900.265	2017.81
spe	982	981	1900.265	1779.97	1840.1175
los	981	GCA.003158365.1.Bacteria.Bacteroidota	1779.97	0.0	889.985
spe	981	980	1779.97	1646.88	1713.425
los	980	972	1646.88	1266.481	1456.6805
spe	980	979	1646.88	1531.79	1589.335
los	979	978	1531.79	1394.385	1463.0875
spe	1113	1109	2045.295	1709.425	1877.36
spe	1109	1108	1709.425	1444.87	1577.1475
los	1108	GCA.002431715.1.Bacteria.Armatimonadota	1444.87	0.0	722.435
spe	1108	1106	1444.87	1340.34	1392.605
los	1106	GCA.003134215.1.Bacteria.Armatimonadota	1340.34	0.0	670.17
hgt	692	GCA.003140235.1.Bacteria.Acidobacteriota	1113.508	0.0	556.754
hgt	None	dead	0.0	0.0	0.0
hgt	692	GCA.003152325.1.Bacteria.Acidobacteriota	1113.508	0.0	556.754
los	None	dead	0.0	0.0	0.0
spe	1169	1168	2113.35	2012.51	2062.93
spe	1168	1148	2012.51	1487.92	1750.215
los	1148	GCA.003021615.1.Bacteria.Actinobacteriota	1487.92	0.0	743.96
spe	1168	1167	2012.51	1838.915	1925.7125
los	1167	GCA.002413185.1.Bacteria.Actinobacteriota	1838.915	0.0	919.4575
spe	1167	1166	1838.915	1480.79	1659.8525
spe	1166	1165	1480.79	1370.47	1425.63
spe	1165	1164	1370.47	1261.825	1316.1475
spe	1164	1163	1261.825	1087.464	1174.6445
los	1163	GCA.001437855.1.Bacteria.Actinobacteriota	1087.464	0.0	543.732
spe	1164	1160	1261.825	1110.64	1186.2325
los	1160	GCF.000015025.1.Bacteria.Actinobacteriota	1110.64	0.0	555.32
spe	1160	1158	1110.64	987.523	1049.0815
spe	1165	1155	1370.47	1276.115	1323.2925
spe	1155	1154	1276.115	976.5785	1126.34675
los	1154	GCF.001591405.1.Bacteria.Actinobacteria	976.5785	0.0	488.28925
hgt	1160	GCF.000015025.1.Bacteria.Actinobacteriota	1110.64	0.0	555.32
hgt	1022	1021	2284.79	1900.685	2092.7375
los	None	dead	0.0	0.0	0.0
spe	1022	1021	2284.79	1900.685	2092.7375
hgt	None	dead	0.0	0.0	0.0
spe	1021	1020	1900.685	1410.39	1655.5375
los	1020	GCA.003235575.1.Bacteria.Eisenbacteria	1410.39	0.0	705.195
hgt	926	924	2022.635	1568.375	1795.505
hgt	48	GCA.003009755.1.Archaea.Thermoplasmatota	1716.14	0.0	858.07
hgt	702	GCA.003223635.1.Bacteria.Acidobacteriota	1226.544	0.0	613.272
los	None	dead	0.0	0.0	0.0
hgt	967	GCF.000013045.1.Bacteria.Bacteroidota	1879.385	0.0	939.6925
spe	926	924	2022.635	1568.375	1795.505
dup	924	GCA.003221825.1.Bacteria.Gemmatimonadota	1568.375	0.0	784.1875
hgt	711	GCA.001664505.1.Bacteria.Acidobacteriota	1691.09	0.0	845.545
hgt	None	dead	0.0	0.0	0.0
hgt	1226	GCA.003242195.1.Bacteria.Firmicutes.E	1388.78	0.0	694.39
los	None	dead	0.0	0.0	0.0
spe	1724	1642	3674.455	3592.175	3633.315
los	1642	1641	3592.175	3376.77	3484.4725
hgt	None	dead	0.0	0.0	0.0
hgt	265	GCA.003290465.1.Bacteria.Sumerlaeota	1568.825	0.0	784.4125
hgt	804	GCA.003247575.1.Bacteria.Myxococcota.A	1824.305	0.0	912.1525
los	None	dead	0.0	0.0	0.0
dup	1642	1478	3592.175	3018.815	3305.495
hgt	None	dead	0.0	0.0	0.0
hgt	None	dead	0.0	0.0	0.0
hgt	651	650	2271.59	2175.61	2223.6
los	None	dead	0.0	0.0	0.0
spe	651	650	2271.59	2175.61	2223.6
spe	650	536	2175.61	1675.53	1925.57
los	536	GCF.900111015.1.Bacteria.Proteobacteria	1675.53	0.0	837.765
spe	650	649	2175.61	2098.745	2137.1775
los	649	543	2098.745	1839.06	1968.9025
spe	649	648	2098.745	2020.585	2059.665
spe	648	562	2020.585	1844.995	1932.79
spe	562	546	1844.995	1417.275	1631.135
los	546	GCA.002747435.1.Bacteria.Proteobacteria	1417.275	0.0	708.6375
spe	562	561	1844.995	1768.445	1806.72
los	561	553	1768.445	1596.945	1682.695
spe	561	560	1768.445	1588.765	1678.605
los	560	GCA.001735895.1.Bacteria.Proteobacteria	1588.765	0.0	794.3825
spe	560	558	1588.765	1434.31	1511.5375
spe	558	557	1434.31	1225.2445	1329.77725
los	557	GCA.002728355.1.Bacteria.Proteobacteria	1225.2445	0.0	612.62225
spe	648	647	2020.585	1948.805	1984.695
los	647	571	1948.805	1706.635	1827.72
dup	647	646	1948.805	1902.685	1925.745
dup	647	646	1948.805	1902.685	1925.745
spe	647	646	1948.805	1902.685	1925.745
spe	646	588	1902.685	1773.33	1838.0075
los	588	587	1773.33	1495.94	1634.635
hgt	None	dead	0.0	0.0	0.0
hgt	542	GCA.002631715.1.Bacteria.Proteobacteria	1583.705	0.0	791.8525
los	None	dead	0.0	0.0	0.0
spe	588	576	1773.33	1581.265	1677.2975
los	576	574	1581.265	1330.6	1455.9325
spe	646	645	1902.685	1840.255	1871.47
spe	645	644	1840.255	1647.11	1743.6825
hgt	533	529	1932.55	1606.235	1769.3925
spe	644	643	1647.11	1467.95	1557.53
los	643	639	1467.95	1269.845	1368.8975
spe	643	642	1467.95	1332.36	1400.155
los	642	GCA.001447805.1.Bacteria.Proteobacteria	1332.36	0.0	666.18
spe	533	529	1932.55	1606.235	1769.3925
spe	644	636	1647.11	1555.685	1601.3975
spe	636	634	1555.685	1386.92	1471.3025
los	634	GCF.001697225.1.Bacteria.Proteobacteria	1386.92	0.0	693.46
spe	645	631	1840.255	1777.47	1808.8625
los	631	630	1777.47	1673.23	1725.35
hgt	None	dead	0.0	0.0	0.0
spe	631	603	1777.47	1696.92	1737.195
los	603	602	1696.92	1612.41	1654.665
hgt	571	570	1706.635	1535.435	1621.035
los	None	dead	0.0	0.0	0.0
spe	571	570	1706.635	1535.435	1621.035
spe	570	568	1535.435	1379.435	1457.435
los	568	GCA.002862435.1.Bacteria.Proteobacteria	1379.435	0.0	689.7175
spe	647	646	1948.805	1902.685	1925.745
hgt	None	dead	0.0	0.0	0.0
los	646	588	1902.685	1773.33	1838.0075
hgt	519	GCF.002109495.1.Bacteria.Proteobacteria	2611.035	0.0	1305.5175
hgt	529	GCA.002451085.1.Bacteria.Proteobacteria	1606.235	0.0	803.1175
los	None	dead	0.0	0.0	0.0
spe	646	645	1902.685	1840.255	1871.47
spe	645	644	1840.255	1647.11	1743.6825
los	644	636	1647.11	1555.685	1601.3975
spe	644	643	1647.11	1467.95	1557.53
los	643	642	1467.95	1332.36	1400.155
hgt	None	dead	0.0	0.0	0.0
spe	643	639	1467.95	1269.845	1368.8975
los	639	GCA.003230085.1.Bacteria.Proteobacteria	1269.845	0.0	634.9225
hgt	600	GCA.002007425.1.Bacteria.Proteobacteria	1276.255	0.0	638.1275
los	None	dead	0.0	0.0	0.0
spe	645	631	1840.255	1777.47	1808.8625
los	631	603	1777.47	1696.92	1737.195
spe	631	630	1777.47	1673.23	1725.35
los	630	629	1673.23	1532.81	1603.02
spe	630	614	1673.23	1511.555	1592.3925
los	614	606	1511.555	1316.435	1413.995
spe	614	613	1511.555	1391.71	1451.6325
los	613	GCF.003097315.1.Bacteria.Proteobacteria	1391.71	0.0	695.855
spe	613	612	1391.71	1256.25	1323.98
spe	612	611	1256.25	936.1675	1096.20875
los	611	GCF.003052605.1.Bacteria.Proteobacteria	936.1675	0.0	468.08375
spe	647	646	1948.805	1902.685	1925.745
spe	646	588	1902.685	1773.33	1838.0075
los	588	587	1773.33	1495.94	1634.635
spe	588	576	1773.33	1581.265	1677.2975
los	576	GCA.002432655.1.Bacteria.Proteobacteria	1581.265	0.0	790.6325
spe	576	574	1581.265	1330.6	1455.9325
hgt	553	GCF.001641825.1.Bacteria.Proteobacteria	1596.945	0.0	798.4725
spe	646	645	1902.685	1840.255	1871.47
los	645	644	1840.255	1647.11	1743.6825
spe	645	631	1840.255	1777.47	1808.8625
los	631	630	1777.47	1673.23	1725.35
spe	631	603	1777.47	1696.92	1737.195
los	603	GCA.002085445.1.Bacteria.Proteobacteria	1696.92	0.0	848.46
spe	603	602	1696.92	1612.41	1654.665
spe	602	592	1612.41	1273.215	1442.8125
los	592	GCF.001720165.1.Bacteria.Proteobacteria	1273.215	0.0	636.6075
spe	602	601	1612.41	1475.48	1543.945
spe	601	600	1475.48	1276.255	1375.8675
los	600	GCA.002007425.1.Bacteria.Proteobacteria	1276.255	0.0	638.1275
spe	600	598	1276.255	953.337	1114.796
los	598	GCA.002170535.1.Bacteria.Proteobacteria	953.337	0.0	476.6685
hgt	568	GCA.002862435.1.Bacteria.Proteobacteria	1379.435	0.0	689.7175
spe	601	595	1475.48	1266.66	1371.07
hgt	None	dead	0.0	0.0	0.0
hgt	1467	GCA.002440805.1.Bacteria.Chloroflexota	1431.56	0.0	715.78
los	None	dead	0.0	0.0	0.0
hgt	None	dead	0.0	0.0	0.0
dup	None	dead	0.0	0.0	0.0
hgt	768	GCA.001798715.1.Bacteria.UBA10199	1657.32	0.0	828.66
hgt	350	GCA.003509045.1.Bacteria.Planctomycetota	1417.255	0.0	708.6275
los	None	dead	0.0	0.0	0.0
hgt	649	648	2098.745	2020.585	2059.665
los	None	dead	0.0	0.0	0.0
hgt	None	dead	0.0	0.0	0.0
hgt	711	GCA.001664505.1.Bacteria.Acidobacteriota	1691.09	0.0	845.545
los	None	dead	0.0	0.0	0.0
spe	649	648	2098.745	2020.585	2059.665
spe	648	562	2020.585	1844.995	1932.79
los	562	546	1844.995	1417.275	1631.135
spe	562	561	1844.995	1768.445	1806.72
los	561	560	1768.445	1588.765	1678.605
spe	561	553	1768.445	1596.945	1682.695
los	553	GCF.001641825.1.Bacteria.Proteobacteria	1596.945	0.0	798.4725
spe	553	552	1596.945	1380.83	1488.8875
los	552	551	1380.83	1067.6595	1224.24475
spe	648	647	2020.585	1948.805	1984.695
los	647	571	1948.805	1706.635	1827.72
spe	647	646	1948.805	1902.685	1925.745
spe	646	588	1902.685	1773.33	1838.0075
los	588	576	1773.33	1581.265	1677.2975
spe	588	587	1773.33	1495.94	1634.635
los	587	586	1495.94	1375.33	1435.635
spe	587	581	1495.94	1344.875	1420.4075
los	581	579	1344.875	1079.9275	1212.40125
spe	646	645	1902.685	1840.255	1871.47
los	645	644	1840.255	1647.11	1743.6825
spe	645	631	1840.255	1777.47	1808.8625
los	631	630	1777.47	1673.23	1725.35
spe	631	603	1777.47	1696.92	1737.195
los	603	GCA.002085445.1.Bacteria.Proteobacteria	1696.92	0.0	848.46
spe	603	602	1696.92	1612.41	1654.665
spe	602	592	1612.41	1273.215	1442.8125
los	592	GCF.001720165.1.Bacteria.Proteobacteria	1273.215	0.0	636.6075
spe	602	601	1612.41	1475.48	1543.945
los	601	595	1475.48	1266.66	1371.07
spe	601	600	1475.48	1276.255	1375.8675
los	600	598	1276.255	953.337	1114.796
hgt	None	dead	0.0	0.0	0.0
hgt	807	GCA.002789955.1.Bacteria.Myxococcota	1389.97	0.0	694.985
los	None	dead	0.0	0.0	0.0
hgt	None	dead	0.0	0.0	0.0
hgt	None	dead	0.0	0.0	0.0
hgt	829	828	2001.85	1750.53	1876.19
los	None	dead	0.0	0.0	0.0
spe	829	828	2001.85	1750.53	1876.19
spe	828	827	1750.53	1617.135	1683.8325
los	827	821	1617.135	1377.535	1497.335
spe	827	826	1617.135	1444.855	1530.995
los	826	GCA.002747355.1.Bacteria.Myxococcota	1444.855	0.0	722.4275
spe	826	825	1444.855	1134.553	1289.704
hgt	821	GCF.000737335.2.Bacteria.Proteobacteria	1377.535	0.0	688.7675
spe	1642	1478	3592.175	3018.815	3305.495
spe	1478	1396	3018.815	1723.235	2371.025
los	1396	GCA.003151665.1.Bacteria.Dormibacterota	1723.235	0.0	861.6175
spe	1478	1477	3018.815	2723.605	2871.21
los	1477	1431	2723.605	2420.455	2572.03
spe	1477	1476	2723.605	2416.915	2570.26
los	1476	1454	2416.915	1996.555	2206.735
spe	1476	1475	2416.915	2249.485	2333.2
los	1475	1463	2249.485	1987.575	2118.53
spe	1475	1474	2249.485	2094.15	2171.8175
spe	1474	1470	2094.15	1749.085	1921.6175
los	1470	GCF.000025005.1.Bacteria.Chloroflexota	1749.085	0.0	874.5425
spe	1470	1469	1749.085	1574.225	1661.655
los	1469	1467	1574.225	1431.56	1502.8925
spe	1474	1473	2094.15	1294.4735	1694.31175
hgt	1186	1185	2550.565	2405.805	2478.185
hgt	697	GCA.003222815.1.Bacteria.Acidobacteriota	1624.47	0.0	812.235
los	None	dead	0.0	0.0	0.0
spe	1186	1185	2550.565	2405.805	2478.185
spe	1185	1184	2405.805	2236.7	2321.2525
los	1184	1183	2236.7	1581.31	1909.005
spe	1184	1180	2236.7	1876.995	2056.8475
los	1180	GCF.001029505.1.Bacteria.Actinobacteriota	1876.995	0.0	938.4975
spe	1180	1179	1876.995	1607.105	1742.05
los	1179	1173	1607.105	1376.77	1491.9375
spe	1179	1178	1607.105	1434.165	1520.635
los	1178	GCA.002347645.1.Bacteria.Actinobacteriota	1434.165	0.0	717.0825
spe	1178	1177	1434.165	1221.364	1327.7645
spe	1185	1169	2405.805	2113.35	2259.5775
los	1169	1168	2113.35	2012.51	2062.93
spe	1169	1145	2113.35	1788.28	1950.815
spe	1145	1143	1788.28	1606.47	1697.375
dup	1143	1141	1606.47	1323.465	1464.9675
spe	1143	1141	1606.47	1323.465	1464.9675
los	1141	GCA.003140175.1.Bacteria.Actinobacteriota	1323.465	0.0	661.7325
spe	1141	1140	1323.465	1082.515	1202.99
los	1140	GCA.002722565.1.Bacteria.Actinobacteriota	1082.515	0.0	541.2575
spe	1143	1141	1606.47	1323.465	1464.9675
spe	1141	1140	1323.465	1082.515	1202.99
los	1140	GCA.003162395.1.Bacteria.Actinobacteriota	1082.515	0.0	541.2575
hgt	477	GCA.001897475.1.Bacteria.Proteobacteria	1066.3815	0.0	533.19075
hgt	1467	GCA.002292925.1.Bacteria.Chloroflexota	1431.56	0.0	715.78
los	None	dead	0.0	0.0	0.0
hgt	1098	GCA.003167155.1.Bacteria.Eremiobacterota	1440.925	0.0	720.4625
spe	1642	1478	3592.175	3018.815	3305.495
los	1478	1396	3018.815	1723.235	2371.025
hgt	None	dead	0.0	0.0	0.0
hgt	1154	GCF.001591405.1.Bacteria.Actinobacteria	976.5785	0.0	488.28925
los	None	dead	0.0	0.0	0.0
hgt	None	dead	0.0	0.0	0.0
hgt	1312	GCF.002607855.1.Bacteria.Firmicutes.B	1284.875	0.0	642.4375
los	None	dead	0.0	0.0	0.0
hgt	None	dead	0.0	0.0	0.0
hgt	1292	GCF.000024605.1.Bacteria.Firmicutes.B	1516.66	0.0	758.33
los	None	dead	0.0	0.0	0.0
spe	1478	1477	3018.815	2723.605	2871.21
hgt	None	dead	0.0	0.0	0.0
hgt	801	GCA.002328485.1.Bacteria.Desulfobacterota.G	1810.17	0.0	905.085
los	None	dead	0.0	0.0	0.0
hgt	None	dead	0.0	0.0	0.0
hgt	128	GCA.002011085.1.Archaea.Thermoproteota	925.9285	0.0	462.96425
hgt	837	GCA.001768075.1.Bacteria.Myxococcota	1472.175	0.0	736.0875
hgt	668	GCA.002010665.1.Bacteria.Acidobacteriota	1417.72	0.0	708.86
hgt	1240	GCA.002376045.1.Bacteria.Firmicutes.A	1697.815	0.0	848.9075
los	None	dead	0.0	0.0	0.0
hgt	199	GCA.003527405.1.Bacteria.Atribacterota	2238.68	0.0	1119.34
hgt	362	342	2549.525	2350.185	2449.855
spe	1477	1476	2723.605	2416.915	2570.26
spe	1476	1454	2416.915	1996.555	2206.735
los	1454	1446	1996.555	1803.385	1899.97
spe	1454	1453	1996.555	1862.655	1929.605
los	1453	1452	1862.655	1430.125	1646.39
spe	1453	1449	1862.655	1589.82	1726.2375
los	1449	GCA.002400365.1.Bacteria.Chloroflexota	1589.82	0.0	794.91
spe	1476	1475	2416.915	2249.485	2333.2
spe	1475	1474	2249.485	2094.15	2171.8175
los	1474	1473	2094.15	1294.4735	1694.31175
spe	1474	1470	2094.15	1749.085	1921.6175
los	1470	GCF.000025005.1.Bacteria.Chloroflexota	1749.085	0.0	874.5425
spe	1470	1469	1749.085	1574.225	1661.655
los	1469	1467	1574.225	1431.56	1502.8925
spe	1475	1463	2249.485	1987.575	2118.53
los	1463	1457	1987.575	1538.99	1763.2825
spe	1463	1462	1987.575	1858.705	1923.14
los	1462	1461	1858.705	1519.02	1688.8625
spe	362	342	2549.525	2350.185	2449.855
spe	342	328	2350.185	1867.775	2108.98
los	328	GCF.002277955.1.Bacteria.Planctomycetota	1867.775	0.0	933.8875
spe	328	327	1867.775	1556.09	1711.9325
los	327	GCA.003508595.1.Bacteria.Planctomycetota	1556.09	0.0	778.045
spe	327	326	1556.09	1208.648	1382.369
spe	342	341	2350.185	2081.9	2216.0425
hgt	None	dead	0.0	0.0	0.0
hgt	1312	GCF.000019165.1.Bacteria.Firmicutes.B	1284.875	0.0	642.4375
los	None	dead	0.0	0.0	0.0
hgt	1385	1384	2240.33	2049.01	2144.67
los	341	GCA.003170085.1.Bacteria.Planctomycetota	2081.9	0.0	1040.95
hgt	None	dead	0.0	0.0	0.0
hgt	347	GCA.002683135.1.Bacteria.Planctomycetota	1905.8	0.0	952.9
los	None	dead	0.0	0.0	0.0
spe	1385	1384	2240.33	2049.01	2144.67
spe	1384	1338	2049.01	1549.595	1799.3025
spe	1338	1337	1549.595	1365.895	1457.745
los	1337	GCF.001399675.1.Bacteria.Firmicutes	1365.895	0.0	682.9475
spe	1384	1383	2049.01	1971.49	2010.25
spe	1383	1382	1971.49	1907.445	1939.4675
los	1382	1381	1907.445	1843.345	1875.395
spe	1382	1344	1907.445	1520.89	1714.1675
los	1344	GCF.000218765.1.Bacteria.Firmicutes	1520.89	0.0	760.445
spe	1383	1341	1971.49	1523.81	1747.65
hgt	1355	GCF.004522215.1.Bacteria.Firmicutes	1426.77	0.0	713.385
hgt	None	dead	0.0	0.0	0.0
spe	341	340	2081.9	1767.265	1924.5825
los	340	339	1767.265	1559.885	1663.575
spe	340	334	1767.265	1547.105	1657.185
spe	334	332	1547.105	1114.632	1330.8685
los	332	GCA.002364485.1.Bacteria.Planctomycetota	1114.632	0.0	557.316
hgt	699	698	2048.45	1837.19	1942.82
los	None	dead	0.0	0.0	0.0
spe	699	698	2048.45	1837.19	1942.82
spe	698	686	1837.19	1587.93	1712.56
los	686	GCA.002451015.1.Bacteria.Acidobacteriota	1587.93	0.0	793.965
spe	686	684	1587.93	1233.956	1410.943
spe	698	697	1837.19	1624.47	1730.83
spe	697	696	1624.47	1431.49	1527.98
los	696	GCA.003224665.1.Bacteria.Acidobacteriota	1431.49	0.0	715.745
spe	696	695	1431.49	1326.405	1378.9475
los	695	GCA.003131705.1.Bacteria.Acidobacteriota	1326.405	0.0	663.2025
spe	695	694	1326.405	1256.385	1291.395
los	694	GCA.001767075.1.Bacteria.Acidobacteriota	1256.385	0.0	628.1925
spe	694	692	1256.385	1113.508	1184.9465
hgt	709	GCA.003223145.1.Bacteria.Acidobacteriota	1397.765	0.0	698.8825
spe	1477	1431	2723.605	2420.455	2572.03
los	1431	1430	2420.455	1801.635	2111.045
spe	1431	1427	2420.455	2216.53	2318.4925
los	1427	1413	2216.53	1968.2	2092.365
hgt	None	dead	0.0	0.0	0.0
hgt	84	GCF.000011005.1.Archaea.Euryarchaeota	1169.197	0.0	584.5985
los	None	dead	0.0	0.0	0.0
spe	1427	1426	2216.53	1994.025	2105.2775
los	1426	GCF.001953175.1.Bacteria.Chloroflexota	1994.025	0.0	997.0125
spe	1426	1425	1994.025	1783.375	1888.7
los	1425	GCA.003229915.1.Bacteria.Chloroflexota	1783.375	0.0	891.6875
hgt	None	dead	0.0	0.0	0.0
spe	1425	1424	1783.375	1648.125	1715.75
los	1424	1422	1648.125	1519.76	1583.9425
hgt	113	GCA.001593865.1.Archaea.Thermoproteota	1643.05	0.0	821.525
hgt	1036	GCA.002059205.1.Bacteria.Latescibacterota	1475.96	0.0	737.98
los	None	dead	0.0	0.0	0.0
