event	left_node	right_node	left_date	right_date	midpoint_date	left_date_lower	left_date_upper	right_date_lower	right_date_upper	midpoint_date_all
spe	363	362	2735.485	2549.525	2642.505	3024.57	2446.4	2821.39	2277.66	2651.115
spe	362	361	2549.525	2372.945	2461.235	2821.39	2277.66	2659.31	2086.58	2453.985
los	361	360	2372.945	1977.84	2175.3925	2659.31	2086.58	2328.5	1627.18	2143.245
spe	361	353	2372.945	2156.12	2264.5325	2659.31	2086.58	2446.72	1865.52	2262.415
los	353	352	2156.12	1705.385	1930.7525	2446.72	1865.52	2030.4	1380.37	1913.545
hgt	None	dead	0.0	0.0	0.0	0.0	0.0	0.0	0.0	0.0
hgt	1312	GCF.000019165.1.Bacteria.Firmicutes.B	1284.875	0.0	642.4375	1547.99	1021.76	0.0	0.0	773.995
los	None	dead	0.0	0.0	0.0	0.0	0.0	0.0	0.0	0.0
spe	353	347	2156.12	1905.8	2030.96	2446.72	1865.52	2230.18	1581.42	2014.07
los	347	345	1905.8	1540.73	1723.265	2230.18	1581.42	1889.75	1191.71	1710.945
hgt	None	dead	0.0	0.0	0.0	0.0	0.0	0.0	0.0	0.0
hgt	1477	1476	2723.605	2416.915	2570.26	3040.81	2406.4	2708.83	2125.0	2582.905
spe	362	342	2549.525	2350.185	2449.855	2821.39	2277.66	2614.64	2085.73	2453.56
spe	342	341	2350.185	2081.9	2216.0425	2614.64	2085.73	2348.13	1815.67	2215.155
hgt	None	dead	0.0	0.0	0.0	0.0	0.0	0.0	0.0	0.0
los	341	GCA.003170085.1.Bacteria.Planctomycetota	2081.9	0.0	1040.95	2348.13	1815.67	0.0	0.0	1174.065
hgt	699	698	2048.45	1837.19	1942.82	2283.99	1812.91	2057.82	1616.56	1950.275
los	None	dead	0.0	0.0	0.0	0.0	0.0	0.0	0.0	0.0
spe	699	698	2048.45	1837.19	1942.82	2283.99	1812.91	2057.82	1616.56	1950.275
spe	698	697	1837.19	1624.47	1730.83	2057.82	1616.56	1840.22	1408.72	1733.27
spe	697	696	1624.47	1431.49	1527.98	1840.22	1408.72	1637.29	1225.69	1532.955
los	696	GCA.003224665.1.Bacteria.Acidobacteriota	1431.49	0.0	715.745	1637.29	1225.69	0.0	0.0	818.645
spe	696	695	1431.49	1326.405	1378.9475	1637.29	1225.69	1521.67	1131.14	1384.215
los	695	GCA.003131705.1.Bacteria.Acidobacteriota	1326.405	0.0	663.2025	1521.67	1131.14	0.0	0.0	760.835
hgt	None	dead	0.0	0.0	0.0	0.0	0.0	0.0	0.0	0.0
hgt	709	GCA.003223145.1.Bacteria.Acidobacteriota	1397.765	0.0	698.8825	1717.19	1078.34	0.0	0.0	858.595
los	None	dead	0.0	0.0	0.0	0.0	0.0	0.0	0.0	0.0
spe	695	694	1326.405	1256.385	1291.395	1521.67	1131.14	1449.85	1062.92	1292.295
los	694	GCA.001767075.1.Bacteria.Acidobacteriota	1256.385	0.0	628.1925	1449.85	1062.92	0.0	0.0	724.925
spe	694	692	1256.385	1113.508	1184.9465	1449.85	1062.92	1334.67	892.346	1171.098
spe	698	686	1837.19	1587.93	1712.56	2057.82	1616.56	1852.98	1322.88	1690.35
los	686	GCA.002451015.1.Bacteria.Acidobacteriota	1587.93	0.0	793.965	1852.98	1322.88	0.0	0.0	926.49
spe	686	684	1587.93	1233.956	1410.943	1852.98	1322.88	1519.9	948.012	1400.496
spe	341	340	2081.9	1767.265	1924.5825	2348.13	1815.67	2012.49	1522.04	1935.085
los	340	339	1767.265	1559.885	1663.575	2012.49	1522.04	1829.43	1290.34	1651.415
spe	340	334	1767.265	1547.105	1657.185	2012.49	1522.04	1802.02	1292.19	1652.34
spe	334	332	1547.105	1114.632	1330.8685	1802.02	1292.19	1388.09	841.174	1321.597
los	332	GCA.002364485.1.Bacteria.Planctomycetota	1114.632	0.0	557.316	1388.09	841.174	0.0	0.0	694.045
dup	342	328	2350.185	1867.775	2108.98	2614.64	2085.73	2192.2	1543.35	2078.995
hgt	None	dead	0.0	0.0	0.0	0.0	0.0	0.0	0.0	0.0
hgt	113	GCA.001593865.1.Archaea.Thermoproteota	1643.05	0.0	821.525	2015.58	1270.52	0.0	0.0	1007.79
los	None	dead	0.0	0.0	0.0	0.0	0.0	0.0	0.0	0.0
hgt	None	dead	0.0	0.0	0.0	0.0	0.0	0.0	0.0	0.0
hgt	801	GCA.002328485.1.Bacteria.Desulfobacterota.G	1810.17	0.0	905.085	2217.42	1402.92	0.0	0.0	1108.71
los	None	dead	0.0	0.0	0.0	0.0	0.0	0.0	0.0	0.0
hgt	None	dead	0.0	0.0	0.0	0.0	0.0	0.0	0.0	0.0
hgt	None	dead	0.0	0.0	0.0	0.0	0.0	0.0	0.0	0.0
hgt	1312	GCF.002607855.1.Bacteria.Firmicutes.B	1284.875	0.0	642.4375	1547.99	1021.76	0.0	0.0	773.995
los	None	dead	0.0	0.0	0.0	0.0	0.0	0.0	0.0	0.0
hgt	None	dead	0.0	0.0	0.0	0.0	0.0	0.0	0.0	0.0
hgt	1292	GCF.000024605.1.Bacteria.Firmicutes.B	1516.66	0.0	758.33	1936.55	1096.77	0.0	0.0	968.275
los	None	dead	0.0	0.0	0.0	0.0	0.0	0.0	0.0	0.0
hgt	None	dead	0.0	0.0	0.0	0.0	0.0	0.0	0.0	0.0
hgt	172	170	1813.355	1645.265	1729.31	2011.08	1615.63	1822.17	1468.36	1739.72
los	None	dead	0.0	0.0	0.0	0.0	0.0	0.0	0.0	0.0
spe	172	170	1813.355	1645.265	1729.31	2011.08	1615.63	1822.17	1468.36	1739.72
spe	170	169	1645.265	1475.775	1560.52	1822.17	1468.36	1633.91	1317.64	1569.905
los	169	155	1475.775	1215.125	1345.45	1633.91	1317.64	1418.96	1011.29	1322.6
spe	169	168	1475.775	1389.275	1432.525	1633.91	1317.64	1542.83	1235.72	1434.815
los	168	160	1389.275	1269.475	1329.375	1542.83	1235.72	1420.16	1118.79	1330.81
spe	168	167	1389.275	1219.565	1304.42	1542.83	1235.72	1386.02	1053.11	1297.97
spe	167	166	1219.565	946.8465	1083.20575	1386.02	1053.11	1204.72	688.973	1037.4965
spe	166	165	946.8465	694.719	820.78275	1204.72	688.973	1000.39	389.048	796.884
hgt	649	648	2098.745	2020.585	2059.665	2281.8	1915.69	2196.19	1844.98	2063.39
hgt	None	dead	0.0	0.0	0.0	0.0	0.0	0.0	0.0	0.0
hgt	1439	GCF.900187885.1.Bacteria.Chloroflexota	1492.005	0.0	746.0025	1713.37	1270.64	0.0	0.0	856.685
los	None	dead	0.0	0.0	0.0	0.0	0.0	0.0	0.0	0.0
hgt	None	dead	0.0	0.0	0.0	0.0	0.0	0.0	0.0	0.0
hgt	244	GCA.001800095.1.Bacteria.Elusimicrobiota	1375.91	0.0	687.955	1646.78	1105.04	0.0	0.0	823.39
los	None	dead	0.0	0.0	0.0	0.0	0.0	0.0	0.0	0.0
hgt	983	982	2135.355	1900.265	2017.81	2367.02	1903.69	2132.12	1668.41	2017.715
spe	342	328	2350.185	1867.775	2108.98	2614.64	2085.73	2192.2	1543.35	2078.995
los	328	GCF.002277955.1.Bacteria.Planctomycetota	1867.775	0.0	933.8875	2192.2	1543.35	0.0	0.0	1096.1
spe	328	327	1867.775	1556.09	1711.9325	2192.2	1543.35	1868.81	1243.37	1717.785
spe	327	326	1556.09	1208.648	1382.369	1868.81	1243.37	1527.79	889.506	1379.158
los	326	GCF.900129635.1.Bacteria.Planctomycetota	1208.648	0.0	604.324	1527.79	889.506	0.0	0.0	763.895
hgt	692	GCA.003152325.1.Bacteria.Acidobacteriota	1113.508	0.0	556.754	1334.67	892.346	0.0	0.0	667.335
hgt	1720	GCF.000484535.1.Bacteria.Cyanobacteria	2510.455	0.0	1255.2275	2678.67	2342.24	0.0	0.0	1339.335
los	327	GCA.003508595.1.Bacteria.Planctomycetota	1556.09	0.0	778.045	1868.81	1243.37	0.0	0.0	934.405
spe	983	982	2135.355	1900.265	2017.81	2367.02	1903.69	2132.12	1668.41	2017.715
spe	982	981	1900.265	1779.97	1840.1175	2132.12	1668.41	2005.01	1554.93	1843.525
los	981	GCA.003158365.1.Bacteria.Bacteroidota	1779.97	0.0	889.985	2005.01	1554.93	0.0	0.0	1002.505
spe	981	980	1779.97	1646.88	1713.425	2005.01	1554.93	1867.26	1426.5	1715.755
los	980	972	1646.88	1266.481	1456.6805	1867.26	1426.5	1556.25	976.712	1421.986
spe	980	979	1646.88	1531.79	1589.335	1867.26	1426.5	1752.93	1310.65	1588.955
los	979	978	1531.79	1394.385	1463.0875	1752.93	1310.65	1621.11	1167.66	1460.295
spe	649	648	2098.745	2020.585	2059.665	2281.8	1915.69	2196.19	1844.98	2063.39
hgt	None	dead	0.0	0.0	0.0	0.0	0.0	0.0	0.0	0.0
spe	648	647	2020.585	1948.805	1984.695	2196.19	1844.98	2118.06	1779.55	1987.87
los	647	571	1948.805	1706.635	1827.72	2118.06	1779.55	1950.26	1463.01	1790.535
hgt	None	dead	0.0	0.0	0.0	0.0	0.0	0.0	0.0	0.0
hgt	592	GCF.000024725.1.Bacteria.Proteobacteria	1273.215	0.0	636.6075	1530.36	1016.07	0.0	0.0	765.18
los	None	dead	0.0	0.0	0.0	0.0	0.0	0.0	0.0	0.0
spe	647	646	1948.805	1902.685	1925.745	2118.06	1779.55	2069.61	1735.76	1926.91
spe	646	588	1902.685	1773.33	1838.0075	2069.61	1735.76	1953.51	1593.15	1831.38
los	588	587	1773.33	1495.94	1634.635	1953.51	1593.15	1691.37	1300.51	1627.01
spe	588	576	1773.33	1581.265	1677.2975	1953.51	1593.15	1817.5	1345.03	1649.27
los	576	GCA.002432655.1.Bacteria.Proteobacteria	1581.265	0.0	790.6325	1817.5	1345.03	0.0	0.0	908.75
spe	576	574	1581.265	1330.6	1455.9325	1817.5	1345.03	1590.49	1070.71	1444.105
hgt	553	GCF.001641825.1.Bacteria.Proteobacteria	1596.945	0.0	798.4725	1821.5	1372.39	0.0	0.0	910.75
spe	646	645	1902.685	1840.255	1871.47	2069.61	1735.76	2005.54	1674.97	1872.29
spe	645	631	1840.255	1777.47	1808.8625	2005.54	1674.97	1936.32	1618.62	1812.08
los	631	603	1777.47	1696.92	1737.195	1936.32	1618.62	1869.02	1524.82	1730.57
spe	631	630	1777.47	1673.23	1725.35	1936.32	1618.62	1832.02	1514.44	1725.38
los	630	629	1673.23	1532.81	1603.02	1832.02	1514.44	1696.95	1368.67	1600.345
spe	630	614	1673.23	1511.555	1592.3925	1832.02	1514.44	1698.12	1324.99	1578.505
los	614	606	1511.555	1316.435	1413.995	1698.12	1324.99	1546.95	1085.92	1392.02
spe	614	613	1511.555	1391.71	1451.6325	1698.12	1324.99	1592.53	1190.89	1444.505
los	613	GCF.003097315.1.Bacteria.Proteobacteria	1391.71	0.0	695.855	1592.53	1190.89	0.0	0.0	796.265
spe	613	612	1391.71	1256.25	1323.98	1592.53	1190.89	1460.33	1052.17	1322.35
spe	612	611	1256.25	936.1675	1096.20875	1460.33	1052.17	1239.98	632.355	1046.3425
los	611	GCF.003052605.1.Bacteria.Proteobacteria	936.1675	0.0	468.08375	1239.98	632.355	0.0	0.0	619.99
spe	645	644	1840.255	1647.11	1743.6825	2005.54	1674.97	1863.23	1430.99	1718.265
spe	644	636	1647.11	1555.685	1601.3975	1863.23	1430.99	1786.38	1324.99	1594.11
spe	636	634	1555.685	1386.92	1471.3025	1786.38	1324.99	1651.6	1122.24	1454.31
los	634	GCF.001697225.1.Bacteria.Proteobacteria	1386.92	0.0	693.46	1651.6	1122.24	0.0	0.0	825.8
hgt	603	GCA.002085445.1.Bacteria.Proteobacteria	1696.92	0.0	848.46	1869.02	1524.82	0.0	0.0	934.51
hgt	None	dead	0.0	0.0	0.0	0.0	0.0	0.0	0.0	0.0
hgt	642	GCA.001464965.1.Bacteria.Proteobacteria	1332.36	0.0	666.18	1580.86	1083.86	0.0	0.0	790.43
los	None	dead	0.0	0.0	0.0	0.0	0.0	0.0	0.0	0.0
hgt	571	570	1706.635	1535.435	1621.035	1950.26	1463.01	1809.94	1260.93	1605.595
spe	571	570	1706.635	1535.435	1621.035	1950.26	1463.01	1809.94	1260.93	1605.595
spe	570	568	1535.435	1379.435	1457.435	1809.94	1260.93	1661.92	1096.95	1453.445
los	568	GCA.002862435.1.Bacteria.Proteobacteria	1379.435	0.0	689.7175	1661.92	1096.95	0.0	0.0	830.96
hgt	None	dead	0.0	0.0	0.0	0.0	0.0	0.0	0.0	0.0
hgt	533	529	1932.55	1606.235	1769.3925	2227.11	1637.99	2001.73	1210.74	1718.925
hgt	557	GCA.002007405.1.Bacteria.Proteobacteria	1225.2445	0.0	612.62225	1451.49	998.999	0.0	0.0	725.745
los	None	dead	0.0	0.0	0.0	0.0	0.0	0.0	0.0	0.0
spe	533	529	1932.55	1606.235	1769.3925	2227.11	1637.99	2001.73	1210.74	1718.925
hgt	542	GCA.002631715.1.Bacteria.Proteobacteria	1583.705	0.0	791.8525	1912.35	1255.06	0.0	0.0	956.175
spe	644	643	1647.11	1467.95	1557.53	1863.23	1430.99	1701.45	1234.45	1548.84
los	643	642	1467.95	1332.36	1400.155	1701.45	1234.45	1580.86	1083.86	1392.655
hgt	576	GCA.002432655.1.Bacteria.Proteobacteria	1581.265	0.0	790.6325	1817.5	1345.03	0.0	0.0	908.75
spe	643	639	1467.95	1269.845	1368.8975	1701.45	1234.45	1517.47	1022.22	1361.835
los	639	GCA.003230085.1.Bacteria.Proteobacteria	1269.845	0.0	634.9225	1517.47	1022.22	0.0	0.0	758.735
hgt	602	601	1612.41	1475.48	1543.945	1790.83	1433.99	1662.78	1288.18	1539.505
los	None	dead	0.0	0.0	0.0	0.0	0.0	0.0	0.0	0.0
spe	602	601	1612.41	1475.48	1543.945	1790.83	1433.99	1662.78	1288.18	1539.505
spe	601	600	1475.48	1276.255	1375.8675	1662.78	1288.18	1480.95	1071.56	1367.17
spe	600	598	1276.255	953.337	1114.796	1480.95	1071.56	1225.19	681.484	1081.217
los	598	GCA.002170535.1.Bacteria.Proteobacteria	953.337	0.0	476.6685	1225.19	681.484	0.0	0.0	612.595
spe	601	595	1475.48	1266.66	1371.07	1662.78	1288.18	1469.01	1064.31	1363.545
hgt	529	GCA.002451085.1.Bacteria.Proteobacteria	1606.235	0.0	803.1175	2001.73	1210.74	0.0	0.0	1000.865
hgt	519	GCF.002109495.1.Bacteria.Proteobacteria	2611.035	0.0	1305.5175	2836.91	2385.16	0.0	0.0	1418.455
hgt	568	GCA.002862435.1.Bacteria.Proteobacteria	1379.435	0.0	689.7175	1661.92	1096.95	0.0	0.0	830.96
spe	648	562	2020.585	1844.995	1932.79	2196.19	1844.98	2036.09	1653.9	1925.045
spe	562	546	1844.995	1417.275	1631.135	2036.09	1653.9	1742.85	1091.7	1563.895
los	546	GCA.002747435.1.Bacteria.Proteobacteria	1417.275	0.0	708.6375	1742.85	1091.7	0.0	0.0	871.425
spe	562	561	1844.995	1768.445	1806.72	2036.09	1653.9	1961.68	1575.21	1805.65
los	561	553	1768.445	1596.945	1682.695	1961.68	1575.21	1821.5	1372.39	1667.035
spe	561	560	1768.445	1588.765	1678.605	1961.68	1575.21	1792.9	1384.63	1673.155
los	560	GCA.001735895.1.Bacteria.Proteobacteria	1588.765	0.0	794.3825	1792.9	1384.63	0.0	0.0	896.45
spe	560	558	1588.765	1434.31	1511.5375	1792.9	1384.63	1652.56	1216.06	1504.48
los	558	557	1434.31	1225.2445	1329.77725	1652.56	1216.06	1451.49	998.999	1325.7795
hgt	1036	GCA.002059205.1.Bacteria.Latescibacterota	1475.96	0.0	737.98	1815.69	1136.23	0.0	0.0	907.845
hgt	1424	GCA.002011475.1.Bacteria.Chloroflexota	1648.125	0.0	824.0625	1911.17	1385.08	0.0	0.0	955.585
los	None	dead	0.0	0.0	0.0	0.0	0.0	0.0	0.0	0.0
hgt	84	GCF.000011005.1.Archaea.Euryarchaeota	1169.197	0.0	584.5985	1403.93	934.464	0.0	0.0	701.965
spe	342	328	2350.185	1867.775	2108.98	2614.64	2085.73	2192.2	1543.35	2078.995
los	328	GCF.002277955.1.Bacteria.Planctomycetota	1867.775	0.0	933.8875	2192.2	1543.35	0.0	0.0	1096.1
spe	328	327	1867.775	1556.09	1711.9325	2192.2	1543.35	1868.81	1243.37	1717.785
los	327	GCA.003508595.1.Bacteria.Planctomycetota	1556.09	0.0	778.045	1868.81	1243.37	0.0	0.0	934.405
spe	327	326	1556.09	1208.648	1382.369	1868.81	1243.37	1527.79	889.506	1379.158
spe	1477	1476	2723.605	2416.915	2570.26	3040.81	2406.4	2708.83	2125.0	2582.905
spe	1476	1454	2416.915	1996.555	2206.735	2708.83	2125.0	2245.89	1747.22	2228.025
los	1454	1446	1996.555	1803.385	1899.97	2245.89	1747.22	2040.01	1566.76	1906.325
spe	1454	1453	1996.555	1862.655	1929.605	2245.89	1747.22	2140.61	1584.7	1915.295
los	1453	1452	1862.655	1430.125	1646.39	2140.61	1584.7	1777.81	1082.44	1611.525
hgt	None	dead	0.0	0.0	0.0	0.0	0.0	0.0	0.0	0.0
spe	1453	1449	1862.655	1589.82	1726.2375	2140.61	1584.7	1942.5	1237.14	1688.875
los	1449	GCA.002400365.1.Bacteria.Chloroflexota	1589.82	0.0	794.91	1942.5	1237.14	0.0	0.0	971.25
hgt	1240	GCA.002376045.1.Bacteria.Firmicutes.A	1697.815	0.0	848.9075	2230.68	1164.95	0.0	0.0	1115.34
hgt	837	GCA.001768075.1.Bacteria.Myxococcota	1472.175	0.0	736.0875	1791.61	1152.74	0.0	0.0	895.805
los	None	dead	0.0	0.0	0.0	0.0	0.0	0.0	0.0	0.0
hgt	128	GCA.002011085.1.Archaea.Thermoproteota	925.9285	0.0	462.96425	1257.47	594.387	0.0	0.0	628.735
hgt	199	GCA.003527405.1.Bacteria.Atribacterota	2238.68	0.0	1119.34	2831.12	1646.24	0.0	0.0	1415.56
hgt	668	GCA.002010665.1.Bacteria.Acidobacteriota	1417.72	0.0	708.86	1767.6	1067.84	0.0	0.0	883.8
spe	1476	1475	2416.915	2249.485	2333.2	2708.83	2125.0	2543.8	1955.17	2332.0
spe	1475	1474	2249.485	2094.15	2171.8175	2543.8	1955.17	2398.35	1789.95	2166.875
los	1474	1473	2094.15	1294.4735	1694.31175	2398.35	1789.95	1671.97	916.977	1657.6635
spe	1474	1470	2094.15	1749.085	1921.6175	2398.35	1789.95	2065.21	1432.96	1915.655
los	1470	GCF.000025005.1.Bacteria.Chloroflexota	1749.085	0.0	874.5425	2065.21	1432.96	0.0	0.0	1032.605
spe	1470	1469	1749.085	1574.225	1661.655	2065.21	1432.96	1892.87	1255.58	1660.395
los	1469	1467	1574.225	1431.56	1502.8925	1892.87	1255.58	1750.93	1112.19	1502.53
spe	1475	1463	2249.485	1987.575	2118.53	2543.8	1955.17	2304.87	1670.28	2107.04
los	1463	1457	1987.575	1538.99	1763.2825	2304.87	1670.28	1931.07	1146.91	1725.89
spe	1463	1462	1987.575	1858.705	1923.14	2304.87	1670.28	2184.36	1533.05	1918.96
los	1462	1461	1858.705	1519.02	1688.8625	2184.36	1533.05	1882.58	1155.46	1669.91
hgt	1385	1384	2240.33	2049.01	2144.67	2474.59	2006.07	2270.99	1827.03	2150.81
los	None	dead	0.0	0.0	0.0	0.0	0.0	0.0	0.0	0.0
spe	1385	1384	2240.33	2049.01	2144.67	2474.59	2006.07	2270.99	1827.03	2150.81
hgt	None	dead	0.0	0.0	0.0	0.0	0.0	0.0	0.0	0.0
hgt	1355	GCF.004522215.1.Bacteria.Firmicutes	1426.77	0.0	713.385	1769.44	1084.1	0.0	0.0	884.72
los	None	dead	0.0	0.0	0.0	0.0	0.0	0.0	0.0	0.0
spe	1384	1383	2049.01	1971.49	2010.25	2270.99	1827.03	2185.06	1757.92	2014.455
spe	1383	1382	1971.49	1907.445	1939.4675	2185.06	1757.92	2119.76	1695.13	1940.095
los	1382	1381	1907.445	1843.345	1875.395	2119.76	1695.13	2050.47	1636.22	1877.99
spe	1382	1344	1907.445	1520.89	1714.1675	2119.76	1695.13	1933.44	1108.34	1614.05
los	1344	GCF.000218765.1.Bacteria.Firmicutes	1520.89	0.0	760.445	1933.44	1108.34	0.0	0.0	966.72
spe	1383	1341	1971.49	1523.81	1747.65	2185.06	1757.92	1926.97	1120.65	1652.855
spe	1384	1338	2049.01	1549.595	1799.3025	2270.99	1827.03	1917.57	1181.62	1726.305
spe	1338	1337	1549.595	1365.895	1457.745	1917.57	1181.62	1723.9	1007.89	1462.73
los	1337	GCF.001399675.1.Bacteria.Firmicutes	1365.895	0.0	682.9475	1723.9	1007.89	0.0	0.0	861.95
