event	left_node	right_node	left_date	right_date	midpoint_date	left_date_lower	left_date_upper	right_date_lower	right_date_upper	midpoint_date_all
hgt	None	dead	0.0	0.0	0.0	0.0	0.0	0.0	0.0	0.0
hgt	140	139	2626.73	2517.75	2572.24	2837.91	2415.55	2733.29	2302.21	2570.06
los	None	dead	0.0	0.0	0.0	0.0	0.0	0.0	0.0	0.0
spe	140	139	2626.73	2517.75	2572.24	2837.91	2415.55	2733.29	2302.21	2570.06
spe	139	138	2517.75	2383.655	2450.7025	2733.29	2302.21	2607.35	2159.96	2446.625
los	138	137	2383.655	2168.41	2276.0325	2607.35	2159.96	2408.53	1928.29	2267.82
spe	138	124	2383.655	2123.145	2253.4	2607.35	2159.96	2381.0	1865.29	2236.32
los	124	GCA.002495485.1.Archaea.Thermoproteota	2123.145	0.0	1061.5725	2381.0	1865.29	0.0	0.0	1190.5
spe	124	123	2123.145	1998.805	2060.975	2381.0	1865.29	2251.98	1745.63	2063.315
los	123	122	1998.805	1853.335	1926.07	2251.98	1745.63	2102.13	1604.54	1928.26
spe	123	113	1998.805	1643.05	1820.9275	2251.98	1745.63	2015.58	1270.52	1761.25
los	113	GCA.001593865.1.Archaea.Thermoproteota	1643.05	0.0	821.525	2015.58	1270.52	0.0	0.0	1007.79
dup	139	109	2517.75	2214.8	2366.275	2733.29	2302.21	2483.59	1946.01	2339.65
spe	139	109	2517.75	2214.8	2366.275	2733.29	2302.21	2483.59	1946.01	2339.65
spe	109	103	2214.8	1798.43	2006.615	2483.59	1946.01	2110.45	1486.41	1985.0
los	103	GCA.002254745.1.Archaea.Thermoproteota	1798.43	0.0	899.215	2110.45	1486.41	0.0	0.0	1055.225
spe	103	101	1798.43	1577.935	1688.1825	2110.45	1486.41	1881.51	1274.36	1692.405
los	101	99	1577.935	1356.82	1467.3775	1881.51	1274.36	1642.61	1071.03	1476.27
spe	109	108	2214.8	1863.195	2038.9975	2483.59	1946.01	2170.45	1555.94	2019.765
spe	108	107	1863.195	1515.18	1689.1875	2170.45	1555.94	1853.29	1177.07	1673.76
hgt	124	GCA.002495485.1.Archaea.Thermoproteota	2123.145	0.0	1061.5725	2381.0	1865.29	0.0	0.0	1190.5
los	107	GCA.001717025.1.Archaea.Thermoproteota	1515.18	0.0	757.59	1853.29	1177.07	0.0	0.0	926.645
spe	139	109	2517.75	2214.8	2366.275	2733.29	2302.21	2483.59	1946.01	2339.65
hgt	None	dead	0.0	0.0	0.0	0.0	0.0	0.0	0.0	0.0
los	109	103	2214.8	1798.43	2006.615	2483.59	1946.01	2110.45	1486.41	1985.0
hgt	59	GCA.002878135.1.Archaea.Thermoplasmatota	1276.445	0.0	638.2225	1522.67	1030.22	0.0	0.0	761.335
los	None	dead	0.0	0.0	0.0	0.0	0.0	0.0	0.0	0.0
spe	109	108	2214.8	1863.195	2038.9975	2483.59	1946.01	2170.45	1555.94	2019.765
hgt	None	dead	0.0	0.0	0.0	0.0	0.0	0.0	0.0	0.0
dup	None	dead	0.0	0.0	0.0	0.0	0.0	0.0	0.0	0.0
hgt	600	GCA.002007425.1.Bacteria.Proteobacteria	1276.255	0.0	638.1275	1480.95	1071.56	0.0	0.0	740.475
los	None	dead	0.0	0.0	0.0	0.0	0.0	0.0	0.0	0.0
hgt	1337	GCF.001399675.1.Bacteria.Firmicutes	1365.895	0.0	682.9475	1723.9	1007.89	0.0	0.0	861.95
los	None	dead	0.0	0.0	0.0	0.0	0.0	0.0	0.0	0.0
hgt	1461	GCA.002413265.1.Bacteria.Chloroflexota	1519.02	0.0	759.51	1882.58	1155.46	0.0	0.0	941.29
hgt	None	dead	0.0	0.0	0.0	0.0	0.0	0.0	0.0	0.0
hgt	692	GCA.003140235.1.Bacteria.Acidobacteriota	1113.508	0.0	556.754	1334.67	892.346	0.0	0.0	667.335
los	None	dead	0.0	0.0	0.0	0.0	0.0	0.0	0.0	0.0
hgt	None	dead	0.0	0.0	0.0	0.0	0.0	0.0	0.0	0.0
hgt	612	GCF.003612015.1.Bacteria.Proteobacteria	1256.25	0.0	628.125	1460.33	1052.17	0.0	0.0	730.165
los	None	dead	0.0	0.0	0.0	0.0	0.0	0.0	0.0	0.0
hgt	1228	GCA.003023725.1.Bacteria.Firmicutes.E	1712.115	0.0	856.0575	2011.29	1412.94	0.0	0.0	1005.645
los	108	107	1863.195	1515.18	1689.1875	2170.45	1555.94	1853.29	1177.07	1673.76
hgt	None	dead	0.0	0.0	0.0	0.0	0.0	0.0	0.0	0.0
hgt	1645	GCF.000212395.1.Bacteria.Thermodesulfobiota	2606.885	0.0	1303.4425	3195.61	2018.16	0.0	0.0	1597.805
los	None	dead	0.0	0.0	0.0	0.0	0.0	0.0	0.0	0.0
spe	None	1728	0.0	0.0	0.0	0.0	0.0	0.0	0.0	0.0
spe	1728	1727	0.0	3922.83	1961.415	0.0	0.0	4279.81	3565.85	1782.925
los	1727	189	3922.83	3225.865	3574.3475	4279.81	3565.85	3925.85	2525.88	3402.845
spe	1727	1726	3922.83	3874.525	3898.6775	4279.81	3565.85	4213.25	3535.8	3907.805
spe	1726	1725	3874.525	3797.605	3836.065	4213.25	3535.8	4126.01	3469.2	3841.225
spe	1725	1393	3797.605	3319.26	3558.4325	4126.01	3469.2	3693.81	2944.71	3535.36
los	1393	1129	3319.26	2723.85	3021.555	3693.81	2944.71	3115.19	2332.51	3013.16
spe	1393	1392	3319.26	3133.075	3226.1675	3693.81	2944.71	3469.76	2796.39	3245.1
spe	1392	1188	3133.075	2752.47	2942.7725	3469.76	2796.39	3058.53	2446.41	2958.085
los	1188	GCA.002779205.1.Bacteria.Actinobacteriota	2752.47	0.0	1376.235	3058.53	2446.41	0.0	0.0	1529.265
spe	1188	1187	2752.47	2676.31	2714.39	3058.53	2446.41	2970.95	2381.67	2720.1
los	1187	1186	2676.31	2550.565	2613.4375	2970.95	2381.67	2828.93	2272.2	2621.575
spe	1187	1133	2676.31	1803.285	2239.7975	2970.95	2381.67	2441.81	1164.76	2067.855
los	1133	GCA.001871795.1.Bacteria.Actinobacteriota	1803.285	0.0	901.6425	2441.81	1164.76	0.0	0.0	1220.905
spe	1392	1391	3133.075	2803.98	2968.5275	3469.76	2796.39	3089.33	2518.63	2994.195
los	1391	1211	2803.98	2064.13	2434.055	3089.33	2518.63	2431.02	1697.24	2393.285
spe	1391	1390	2803.98	2692.555	2748.2675	3089.33	2518.63	2961.03	2424.08	2756.705
los	1390	1218	2692.555	2397.09	2544.8225	2961.03	2424.08	2801.39	1992.79	2476.91
spe	1390	1389	2692.555	2619.07	2655.8125	2961.03	2424.08	2879.48	2358.66	2659.845
los	1389	1237	2619.07	2011.28	2315.175	2879.48	2358.66	2328.85	1693.71	2286.595
spe	1389	1388	2619.07	2495.045	2557.0575	2879.48	2358.66	2745.25	2244.84	2562.16
los	1388	1274	2495.045	2255.985	2375.515	2745.25	2244.84	2515.29	1996.68	2370.965
spe	1388	1387	2495.045	2426.135	2460.59	2745.25	2244.84	2669.8	2182.47	2463.86
los	1387	1386	2426.135	2312.805	2369.47	2669.8	2182.47	2552.07	2073.54	2371.67
spe	1387	1327	2426.135	2263.0	2344.5675	2669.8	2182.47	2518.47	2007.53	2338.665
spe	1327	1289	2263.0	1989.36	2126.18	2518.47	2007.53	2274.49	1704.23	2111.35
los	1289	GCA.002345475.1.Bacteria.Firmicutes.H	1989.36	0.0	994.68	2274.49	1704.23	0.0	0.0	1137.245
spe	1289	1288	1989.36	1620.075	1804.7175	2274.49	1704.23	1888.5	1351.65	1813.07
los	1288	GCA.002411145.1.Bacteria.Firmicutes.C	1620.075	0.0	810.0375	1888.5	1351.65	0.0	0.0	944.25
spe	1288	1287	1620.075	1424.27	1522.1725	1888.5	1351.65	1673.04	1175.5	1532.0
los	1287	GCA.002329525.1.Bacteria.Firmicutes.C	1424.27	0.0	712.135	1673.04	1175.5	0.0	0.0	836.52
spe	1287	1285	1424.27	1338.6	1381.435	1673.04	1175.5	1586.21	1090.99	1382.015
los	1285	1284	1338.6	1065.8455	1202.22275	1586.21	1090.99	1351.63	780.061	1183.1355
spe	1285	1281	1338.6	1109.4215	1224.01075	1586.21	1090.99	1419.04	799.803	1193.0065
los	1281	1280	1109.4215	950.2895	1029.8555	1419.04	799.803	1302.52	598.059	1008.5495
dup	1281	GCF.002257705.1.Bacteria.Firmicutes.C	1109.4215	0.0	554.71075	1419.04	799.803	0.0	0.0	709.52
hgt	None	dead	0.0	0.0	0.0	0.0	0.0	0.0	0.0	0.0
hgt	1419	GCA.002367275.1.Bacteria.Chloroflexota	1336.415	0.0	668.2075	1593.44	1079.39	0.0	0.0	796.72
los	None	dead	0.0	0.0	0.0	0.0	0.0	0.0	0.0	0.0
spe	1327	1326	2263.0	2039.05	2151.025	2518.47	2007.53	2290.01	1788.09	2153.28
spe	1326	1292	2039.05	1516.66	1777.855	2290.01	1788.09	1936.55	1096.77	1693.39
los	1292	GCF.001950325.1.Bacteria.Firmicutes.B	1516.66	0.0	758.33	1936.55	1096.77	0.0	0.0	968.275
spe	1326	1325	2039.05	1862.485	1950.7675	2290.01	1788.09	2083.02	1641.95	1965.98
hgt	834	GCA.001798605.1.Bacteria.Myxococcota	1729.09	0.0	864.545	1988.09	1470.09	0.0	0.0	994.045
los	1325	1297	1862.485	1576.575	1719.53	2083.02	1641.95	1886.7	1266.45	1674.735
spe	1325	1324	1862.485	1779.53	1821.0075	2083.02	1641.95	1989.46	1569.6	1826.31
spe	1324	1323	1779.53	1708.06	1743.795	1989.46	1569.6	1917.5	1498.62	1744.04
los	1323	1322	1708.06	1384.555	1546.3075	1917.5	1498.62	1682.41	1086.7	1502.1
spe	1323	1319	1708.06	1607.725	1657.8925	1917.5	1498.62	1817.85	1397.6	1657.55
spe	1319	1318	1607.725	1519.645	1563.685	1817.85	1397.6	1736.35	1302.94	1560.395
los	1318	1317	1519.645	1148.381	1334.013	1736.35	1302.94	1413.4	883.362	1309.856
spe	1318	1312	1519.645	1284.875	1402.26	1736.35	1302.94	1547.99	1021.76	1379.055
los	1312	GCF.000019165.1.Bacteria.Firmicutes.B	1284.875	0.0	642.4375	1547.99	1021.76	0.0	0.0	773.995
hgt	None	dead	0.0	0.0	0.0	0.0	0.0	0.0	0.0	0.0
los	1324	1308	1779.53	1606.55	1693.04	1989.46	1569.6	1832.18	1380.92	1685.19
hgt	216	GCA.001805575.1.Bacteria.Omnitrophota	1386.785	0.0	693.3925	1642.34	1131.23	0.0	0.0	821.17
los	None	dead	0.0	0.0	0.0	0.0	0.0	0.0	0.0	0.0
dup	216	GCA.001805575.1.Bacteria.Omnitrophota	1386.785	0.0	693.3925	1642.34	1131.23	0.0	0.0	821.17
spe	1725	1724	3797.605	3674.455	3736.03	4126.01	3469.2	3987.9	3361.01	3743.51
spe	1724	1642	3674.455	3592.175	3633.315	3987.9	3361.01	3900.37	3283.98	3635.94
los	1642	1641	3592.175	3376.77	3484.4725	3900.37	3283.98	3668.37	3085.17	3492.77
spe	1642	1478	3592.175	3018.815	3305.495	3900.37	3283.98	3423.42	2614.21	3257.29
los	1478	1396	3018.815	1723.235	2371.025	3423.42	2614.21	2334.25	1112.22	2267.82
spe	1478	1477	3018.815	2723.605	2871.21	3423.42	2614.21	3040.81	2406.4	2914.91
los	1477	1431	2723.605	2420.455	2572.03	3040.81	2406.4	2714.59	2126.32	2583.565
spe	1477	1476	2723.605	2416.915	2570.26	3040.81	2406.4	2708.83	2125.0	2582.905
los	1476	1475	2416.915	2249.485	2333.2	2708.83	2125.0	2543.8	1955.17	2332.0
spe	1476	1454	2416.915	1996.555	2206.735	2708.83	2125.0	2245.89	1747.22	2228.025
spe	1454	1446	1996.555	1803.385	1899.97	2245.89	1747.22	2040.01	1566.76	1906.325
los	1446	1440	1803.385	1679.715	1741.55	2040.01	1566.76	1908.42	1451.01	1745.51
spe	1446	1445	1803.385	1577.91	1690.6475	2040.01	1566.76	1848.3	1307.52	1673.765
los	1445	GCA.003130875.1.Bacteria.Chloroflexota	1577.91	0.0	788.955	1848.3	1307.52	0.0	0.0	924.15
spe	1445	1444	1577.91	1386.06	1481.985	1848.3	1307.52	1673.58	1098.54	1473.42
los	1444	GCA.003451595.1.Bacteria.Chloroflexota	1386.06	0.0	693.03	1673.58	1098.54	0.0	0.0	836.79
spe	1454	1453	1996.555	1862.655	1929.605	2245.89	1747.22	2140.61	1584.7	1915.295
los	1453	1452	1862.655	1430.125	1646.39	2140.61	1584.7	1777.81	1082.44	1611.525
spe	1453	1449	1862.655	1589.82	1726.2375	2140.61	1584.7	1942.5	1237.14	1688.875
los	1449	GCA.002400365.1.Bacteria.Chloroflexota	1589.82	0.0	794.91	1942.5	1237.14	0.0	0.0	971.25
hgt	None	dead	0.0	0.0	0.0	0.0	0.0	0.0	0.0	0.0
los	1724	1723	3674.455	3369.21	3521.8325	3987.9	3361.01	3669.99	3068.43	3528.165
hgt	888	887	2336.71	2137.8	2237.255	2614.71	2058.71	2389.64	1885.96	2250.335
los	None	dead	0.0	0.0	0.0	0.0	0.0	0.0	0.0	0.0
spe	888	887	2336.71	2137.8	2237.255	2614.71	2058.71	2389.64	1885.96	2250.335
spe	887	863	2137.8	1855.945	1996.8725	2389.64	1885.96	2157.72	1554.17	1971.905
los	863	857	1855.945	1680.31	1768.1275	2157.72	1554.17	2026.99	1333.63	1745.675
spe	863	862	1855.945	1513.555	1684.75	2157.72	1554.17	1819.77	1207.34	1682.53
los	862	GCA.002782605.1.Bacteria.Desulfobacterota	1513.555	0.0	756.7775	1819.77	1207.34	0.0	0.0	909.885
spe	862	861	1513.555	1399.46	1456.5075	1819.77	1207.34	1712.04	1086.88	1453.325
los	861	GCA.002327985.1.Bacteria.Desulfobacterota	1399.46	0.0	699.73	1712.04	1086.88	0.0	0.0	856.02
spe	887	886	2137.8	1905.655	2021.7275	2389.64	1885.96	2131.89	1679.42	2034.53
los	886	874	1905.655	1792.455	1849.055	2131.89	1679.42	2028.47	1556.44	1844.165
spe	886	885	1905.655	1770.19	1837.9225	2131.89	1679.42	2001.88	1538.5	1835.195
spe	885	884	1770.19	1647.595	1708.8925	2001.88	1538.5	1883.47	1411.72	1706.8
los	884	880	1647.595	1365.41	1506.5025	1883.47	1411.72	1637.86	1092.96	1488.215
spe	884	883	1647.595	1311.85	1479.7225	1883.47	1411.72	1564.19	1059.51	1471.49
los	883	GCA.000961655.1.Bacteria.Desulfobacterota	1311.85	0.0	655.925	1564.19	1059.51	0.0	0.0	782.095
spe	885	877	1770.19	1616.13	1693.16	2001.88	1538.5	1882.89	1349.37	1675.625
los	877	GCA.001797675.1.Bacteria.Desulfobacterota	1616.13	0.0	808.065	1882.89	1349.37	0.0	0.0	941.445
spe	1726	1094	3874.525	3784.185	3829.355	4213.25	3535.8	4116.28	3452.09	3832.67
hgt	None	dead	0.0	0.0	0.0	0.0	0.0	0.0	0.0	0.0
los	1094	1093	3784.185	3252.63	3518.4075	4116.28	3452.09	3717.03	2788.23	3452.255
hgt	1424	GCA.002011475.1.Bacteria.Chloroflexota	1648.125	0.0	824.0625	1911.17	1385.08	0.0	0.0	955.585
los	None	dead	0.0	0.0	0.0	0.0	0.0	0.0	0.0	0.0
spe	1094	1048	3784.185	3607.975	3696.08	4116.28	3452.09	3913.75	3302.2	3709.24
spe	1048	278	3607.975	3314.9	3461.4375	3913.75	3302.2	3672.04	2957.76	3435.755
hgt	None	dead	0.0	0.0	0.0	0.0	0.0	0.0	0.0	0.0
los	278	262	3314.9	3036.86	3175.88	3672.04	2957.76	3353.57	2720.15	3196.095
hgt	935	GCA.001789205.1.Bacteria.Fibrobacterota	1990.115	0.0	995.0575	2340.64	1639.59	0.0	0.0	1170.32
los	None	dead	0.0	0.0	0.0	0.0	0.0	0.0	0.0	0.0
spe	278	277	3314.9	2637.64	2976.27	3672.04	2957.76	3154.64	2120.64	2896.34
los	277	267	2637.64	2213.055	2425.3475	3154.64	2120.64	2749.04	1677.07	2415.855
spe	277	276	2637.64	2570.7	2604.17	3154.64	2120.64	3089.06	2052.34	2603.49
los	276	275	2570.7	2298.405	2434.5525	3089.06	2052.34	2814.32	1782.49	2435.775
spe	276	270	2570.7	2158.53	2364.615	3089.06	2052.34	2761.11	1555.95	2322.505
los	270	GCA.001567115.1.Bacteria.OLB16	2158.53	0.0	1079.265	2761.11	1555.95	0.0	0.0	1380.555
spe	1048	1047	3607.975	3589.185	3598.58	3913.75	3302.2	3892.18	3286.19	3599.97
los	1047	365	3589.185	3304.24	3446.7125	3892.18	3286.19	3615.9	2992.58	3442.38
spe	1047	1046	3589.185	3513.075	3551.13	3892.18	3286.19	3806.64	3219.51	3555.845
los	1046	1045	3513.075	3138.485	3325.78	3806.64	3219.51	3454.21	2822.76	3314.7
spe	1046	902	3513.075	3405.845	3459.46	3806.64	3219.51	3689.17	3122.52	3464.58
spe	902	390	3405.845	3029.745	3217.795	3689.17	3122.52	3379.02	2680.47	3184.82
los	390	389	3029.745	2648.15	2838.9475	3379.02	2680.47	2985.91	2310.39	2844.705
spe	902	901	3405.845	3300.53	3353.1875	3689.17	3122.52	3575.42	3025.64	3357.405
spe	901	900	3300.53	3098.985	3199.7575	3575.42	3025.64	3380.82	2817.15	3196.285
los	900	716	3098.985	2659.235	2879.11	3380.82	2817.15	2943.59	2374.88	2877.85
spe	900	899	3098.985	2936.525	3017.755	3380.82	2817.15	3198.27	2674.78	3027.8
los	899	898	2936.525	2864.305	2900.415	3198.27	2674.78	3119.95	2608.66	2903.465
spe	899	743	2936.525	2681.09	2808.8075	3198.27	2674.78	3020.99	2341.19	2769.73
los	743	742	2681.09	2393.59	2537.34	3020.99	2341.19	2740.14	2047.04	2534.015
spe	743	721	2681.09	2277.575	2479.3325	3020.99	2341.19	2744.86	1810.29	2415.64
los	721	720	2277.575	1930.555	2104.065	2744.86	1810.29	2446.78	1414.33	2079.595
spe	901	663	3300.53	3210.05	3255.29	3575.42	3025.64	3476.56	2943.54	3259.48
hgt	None	dead	0.0	0.0	0.0	0.0	0.0	0.0	0.0	0.0
los	663	397	3210.05	2713.19	2961.62	3476.56	2943.54	3215.27	2211.11	2843.835
hgt	1651	GCA.003242895.1.Bacteria.Margulisbacteria	1776.02	0.0	888.01	2230.5	1321.54	0.0	0.0	1115.25
los	None	dead	0.0	0.0	0.0	0.0	0.0	0.0	0.0	0.0
spe	663	662	3210.05	3126.015	3168.0325	3476.56	2943.54	3383.83	2868.2	3172.38
los	662	400	3126.015	1933.765	2529.89	3383.83	2868.2	2579.57	1287.96	2335.895
spe	662	661	3126.015	3067.985	3097.0	3383.83	2868.2	3322.98	2812.99	3098.41
los	661	655	3067.985	2988.07	3028.0275	3322.98	2812.99	3234.75	2741.39	3032.185
spe	661	660	3067.985	2386.55	2727.2675	3322.98	2812.99	2810.74	1962.36	2642.67
los	660	GCA.002395105.1.Bacteria.Proteobacteria	2386.55	0.0	1193.275	2810.74	1962.36	0.0	0.0	1405.37
spe	660	659	2386.55	1329.6085	1858.07925	2810.74	1962.36	1758.41	900.807	1855.7735
los	659	GCA.000830255.1.Bacteria.Campylobacterota	1329.6085	0.0	664.80425	1758.41	900.807	0.0	0.0	879.205
spe	1728	180	0.0	3318.57	1659.285	0.0	0.0	3511.11	3126.03	1563.015
los	180	GCA.001889985.1.Archaea.Micrarchaeota	3318.57	0.0	1659.285	3511.11	3126.03	0.0	0.0	1755.555
spe	180	179	3318.57	3274.245	3296.4075	3511.11	3126.03	3465.96	3082.53	3296.82
los	179	23	3274.245	3029.29	3151.7675	3465.96	3082.53	3285.29	2773.29	3119.625
spe	179	178	3274.245	3153.655	3213.95	3465.96	3082.53	3350.0	2957.31	3211.635
hgt	94	93	2705.465	2558.825	2632.145	2926.2	2484.73	2775.71	2341.94	2634.07
spe	178	32	3153.655	2402.345	2778.0	3350.0	2957.31	2862.85	1941.84	2645.92
los	32	31	2402.345	1919.745	2161.045	2862.85	1941.84	2381.01	1458.48	2160.665
spe	32	26	2402.345	790.375	1596.36	2862.85	1941.84	1278.57	302.18	1582.515
spe	94	93	2705.465	2558.825	2632.145	2926.2	2484.73	2775.71	2341.94	2634.07
spe	93	92	2558.825	2447.115	2502.97	2775.71	2341.94	2665.58	2228.65	2502.18
los	92	70	2447.115	2126.625	2286.87	2665.58	2228.65	2338.09	1915.16	2290.37
spe	92	91	2447.115	2166.265	2306.69	2665.58	2228.65	2401.72	1930.81	2298.195
spe	91	90	2166.265	1969.495	2067.88	2401.72	1930.81	2197.74	1741.25	2071.485
spe	90	74	1969.495	1616.7	1793.0975	2197.74	1741.25	1969.17	1264.23	1730.985
los	74	GCA.002011165.1.Archaea.Halobacteriota	1616.7	0.0	808.35	1969.17	1264.23	0.0	0.0	984.585
spe	90	89	1969.495	1812.405	1890.95	2197.74	1741.25	2030.99	1593.82	1895.78
los	89	88	1812.405	1663.625	1738.015	2030.99	1593.82	1881.51	1445.74	1738.365
spe	89	77	1812.405	1412.42	1612.4125	2030.99	1593.82	1711.62	1113.22	1572.105
los	77	GCA.003194435.1.Archaea.Halobacteriota	1412.42	0.0	706.21	1711.62	1113.22	0.0	0.0	855.81
spe	178	177	3153.655	2975.235	3064.445	3350.0	2957.31	3172.02	2778.45	3064.225
spe	177	176	2975.235	2798.9	2887.0675	3172.02	2778.45	2996.96	2600.84	2886.43
hgt	None	dead	0.0	0.0	0.0	0.0	0.0	0.0	0.0	0.0
los	176	175	2798.9	2653.515	2726.2075	2996.96	2600.84	2862.53	2444.5	2720.73
hgt	1068	GCA.002877955.1.Bacteria.Caldisericota	1488.73	0.0	744.365	1829.99	1147.47	0.0	0.0	914.995
los	None	dead	0.0	0.0	0.0	0.0	0.0	0.0	0.0	0.0
spe	176	140	2798.9	2626.73	2712.815	2996.96	2600.84	2837.91	2415.55	2706.255
hgt	137	GCA.002255045.1.Archaea.Thermoproteota	2168.41	0.0	1084.205	2408.53	1928.29	0.0	0.0	1204.265
spe	140	139	2626.73	2517.75	2572.24	2837.91	2415.55	2733.29	2302.21	2570.06
los	139	138	2517.75	2383.655	2450.7025	2733.29	2302.21	2607.35	2159.96	2446.625
spe	139	109	2517.75	2214.8	2366.275	2733.29	2302.21	2483.59	1946.01	2339.65
spe	109	103	2214.8	1798.43	2006.615	2483.59	1946.01	2110.45	1486.41	1985.0
los	103	GCA.002254745.1.Archaea.Thermoproteota	1798.43	0.0	899.215	2110.45	1486.41	0.0	0.0	1055.225
spe	103	101	1798.43	1577.935	1688.1825	2110.45	1486.41	1881.51	1274.36	1692.405
los	101	GCF.000011205.1.Archaea.Thermoproteota	1577.935	0.0	788.9675	1881.51	1274.36	0.0	0.0	940.755
spe	101	99	1577.935	1356.82	1467.3775	1881.51	1274.36	1642.61	1071.03	1476.27
los	99	GCF.000092185.1.Archaea.Thermoproteota	1356.82	0.0	678.41	1642.61	1071.03	0.0	0.0	821.305
hgt	1476	1454	2416.915	1996.555	2206.735	2708.83	2125.0	2245.89	1747.22	2228.025
spe	109	108	2214.8	1863.195	2038.9975	2483.59	1946.01	2170.45	1555.94	2019.765
los	108	GCF.000148385.1.Archaea.Thermoproteota	1863.195	0.0	931.5975	2170.45	1555.94	0.0	0.0	1085.225
spe	108	107	1863.195	1515.18	1689.1875	2170.45	1555.94	1853.29	1177.07	1673.76
los	107	GCA.003019535.1.Archaea.Thermoproteota	1515.18	0.0	757.59	1853.29	1177.07	0.0	0.0	926.645
hgt	None	dead	0.0	0.0	0.0	0.0	0.0	0.0	0.0	0.0
hgt	905	GCA.001412425.1.Bacteria.Cloacimonadota	1765.605	0.0	882.8025	2311.11	1220.1	0.0	0.0	1155.555
los	None	dead	0.0	0.0	0.0	0.0	0.0	0.0	0.0	0.0
hgt	None	dead	0.0	0.0	0.0	0.0	0.0	0.0	0.0	0.0
hgt	86	GCA.001412335.1.Archaea.Halobacteriota	1366.345	0.0	683.1725	1587.43	1145.26	0.0	0.0	793.715
los	None	dead	0.0	0.0	0.0	0.0	0.0	0.0	0.0	0.0
spe	1476	1454	2416.915	1996.555	2206.735	2708.83	2125.0	2245.89	1747.22	2228.025
spe	1454	1453	1996.555	1862.655	1929.605	2245.89	1747.22	2140.61	1584.7	1915.295
los	1453	1449	1862.655	1589.82	1726.2375	2140.61	1584.7	1942.5	1237.14	1688.875
spe	1453	1452	1862.655	1430.125	1646.39	2140.61	1584.7	1777.81	1082.44	1611.525
los	1452	GCA.002348045.1.Bacteria.Chloroflexota	1430.125	0.0	715.0625	1777.81	1082.44	0.0	0.0	888.905
spe	1454	1446	1996.555	1803.385	1899.97	2245.89	1747.22	2040.01	1566.76	1906.325
los	1446	1440	1803.385	1679.715	1741.55	2040.01	1566.76	1908.42	1451.01	1745.51
spe	1446	1445	1803.385	1577.91	1690.6475	2040.01	1566.76	1848.3	1307.52	1673.765
los	1445	GCA.003130875.1.Bacteria.Chloroflexota	1577.91	0.0	788.955	1848.3	1307.52	0.0	0.0	924.15
spe	1445	1444	1577.91	1386.06	1481.985	1848.3	1307.52	1673.58	1098.54	1473.42
los	1444	GCA.003451595.1.Bacteria.Chloroflexota	1386.06	0.0	693.03	1673.58	1098.54	0.0	0.0	836.79
spe	177	95	2975.235	2751.94	2863.5875	3172.02	2778.45	2968.59	2535.29	2853.655
los	95	94	2751.94	2705.465	2728.7025	2968.59	2535.29	2926.2	2484.73	2726.66
spe	95	39	2751.94	2176.73	2464.335	2968.59	2535.29	2662.29	1691.17	2329.88
spe	39	38	2176.73	1770.925	1973.8275	2662.29	1691.17	2300.92	1240.93	1951.61
hgt	74	GCA.002011165.1.Archaea.Halobacteriota	1616.7	0.0	808.35	1969.17	1264.23	0.0	0.0	984.585
los	38	GCA.001515205.2.Archaea.Hadarchaeota	1770.925	0.0	885.4625	2300.92	1240.93	0.0	0.0	1150.46
hgt	1058	GCA.001443005.1.Bacteria.Synergistota	1931.1	0.0	965.55	2676.3	1185.9	0.0	0.0	1338.15
spe	39	35	2176.73	1886.455	2031.5925	2662.29	1691.17	2412.29	1360.62	2011.455
hgt	90	89	1969.495	1812.405	1890.95	2197.74	1741.25	2030.99	1593.82	1895.78
los	35	GCF.002201895.1.Archaea.Euryarchaeota	1886.455	0.0	943.2275	2412.29	1360.62	0.0	0.0	1206.145
spe	90	89	1969.495	1812.405	1890.95	2197.74	1741.25	2030.99	1593.82	1895.78
spe	89	77	1812.405	1412.42	1612.4125	2030.99	1593.82	1711.62	1113.22	1572.105
los	77	GCA.001766825.1.Archaea.Halobacteriota	1412.42	0.0	706.21	1711.62	1113.22	0.0	0.0	855.81
spe	89	88	1812.405	1663.625	1738.015	2030.99	1593.82	1881.51	1445.74	1738.365
los	88	80	1663.625	1371.305	1517.465	1881.51	1445.74	1640.83	1101.78	1491.645
spe	88	87	1663.625	1542.125	1602.875	1881.51	1445.74	1762.59	1321.66	1601.585
los	87	GCA.002256595.1.Archaea.Halobacteriota	1542.125	0.0	771.0625	1762.59	1321.66	0.0	0.0	881.295
spe	87	86	1542.125	1366.345	1454.235	1762.59	1321.66	1587.43	1145.26	1453.925
los	86	84	1366.345	1169.197	1267.771	1587.43	1145.26	1403.93	934.464	1260.947
