event	left_node	right_node	left_date	right_date	midpoint_date
spe	1727	1726	3922.83	3874.525	3898.6775
spe	1726	1725	3874.525	3797.605	3836.065
los	1725	1393	3797.605	3319.26	3558.4325
spe	1725	1724	3797.605	3674.455	3736.03
spe	1724	1642	3674.455	3592.175	3633.315
hgt	None	dead	0.0	0.0	0.0
los	1642	1641	3592.175	3376.77	3484.4725
hgt	265	GCA.003290465.1.Bacteria.Sumerlaeota	1568.825	0.0	784.4125
los	None	dead	0.0	0.0	0.0
hgt	None	dead	0.0	0.0	0.0
hgt	804	GCA.003247575.1.Bacteria.Myxococcota.A	1824.305	0.0	912.1525
los	None	dead	0.0	0.0	0.0
hgt	None	dead	0.0	0.0	0.0
hgt	None	dead	0.0	0.0	0.0
hgt	807	GCA.002789955.1.Bacteria.Myxococcota	1389.97	0.0	694.985
los	None	dead	0.0	0.0	0.0
hgt	None	dead	0.0	0.0	0.0
dup	None	dead	0.0	0.0	0.0
hgt	350	GCA.003509045.1.Bacteria.Planctomycetota	1417.255	0.0	708.6275
los	None	dead	0.0	0.0	0.0
hgt	651	650	2271.59	2175.61	2223.6
los	None	dead	0.0	0.0	0.0
spe	651	650	2271.59	2175.61	2223.6
spe	650	649	2175.61	2098.745	2137.1775
los	649	543	2098.745	1839.06	1968.9025
spe	649	648	2098.745	2020.585	2059.665
los	648	562	2020.585	1844.995	1932.79
spe	648	647	2020.585	1948.805	1984.695
los	647	571	1948.805	1706.635	1827.72
spe	647	646	1948.805	1902.685	1925.745
spe	646	645	1902.685	1840.255	1871.47
los	645	644	1840.255	1647.11	1743.6825
spe	645	631	1840.255	1777.47	1808.8625
los	631	630	1777.47	1673.23	1725.35
spe	631	603	1777.47	1696.92	1737.195
los	603	GCA.002085445.1.Bacteria.Proteobacteria	1696.92	0.0	848.46
spe	603	602	1696.92	1612.41	1654.665
spe	602	592	1612.41	1273.215	1442.8125
los	592	GCF.001720165.1.Bacteria.Proteobacteria	1273.215	0.0	636.6075
spe	602	601	1612.41	1475.48	1543.945
los	601	595	1475.48	1266.66	1371.07
spe	601	600	1475.48	1276.255	1375.8675
los	600	598	1276.255	953.337	1114.796
spe	646	588	1902.685	1773.33	1838.0075
hgt	711	GCA.001664505.1.Bacteria.Acidobacteriota	1691.09	0.0	845.545
los	588	576	1773.33	1581.265	1677.2975
spe	588	587	1773.33	1495.94	1634.635
hgt	552	GCF.001614315.2.Bacteria.Proteobacteria	1380.83	0.0	690.415
los	587	586	1495.94	1375.33	1435.635
spe	587	581	1495.94	1344.875	1420.4075
los	581	579	1344.875	1079.9275	1212.40125
spe	650	536	2175.61	1675.53	1925.57
hgt	768	GCA.001798715.1.Bacteria.UBA10199	1657.32	0.0	828.66
los	536	GCF.900111015.1.Bacteria.Proteobacteria	1675.53	0.0	837.765
spe	1642	1478	3592.175	3018.815	3305.495
spe	1478	1396	3018.815	1723.235	2371.025
los	1396	GCA.003151665.1.Bacteria.Dormibacterota	1723.235	0.0	861.6175
spe	1478	1477	3018.815	2723.605	2871.21
spe	1477	1476	2723.605	2416.915	2570.26
hgt	None	dead	0.0	0.0	0.0
los	1476	1454	2416.915	1996.555	2206.735
hgt	697	GCA.003222815.1.Bacteria.Acidobacteriota	1624.47	0.0	812.235
los	None	dead	0.0	0.0	0.0
spe	1476	1475	2416.915	2249.485	2333.2
los	1475	1463	2249.485	1987.575	2118.53
spe	1475	1474	2249.485	2094.15	2171.8175
spe	1474	1470	2094.15	1749.085	1921.6175
los	1470	GCF.000025005.1.Bacteria.Chloroflexota	1749.085	0.0	874.5425
spe	1470	1469	1749.085	1574.225	1661.655
los	1469	1467	1574.225	1431.56	1502.8925
spe	1474	1473	2094.15	1294.4735	1694.31175
hgt	None	dead	0.0	0.0	0.0
los	1477	1431	2723.605	2420.455	2572.03
hgt	829	828	2001.85	1750.53	1876.19
los	None	dead	0.0	0.0	0.0
dup	829	828	2001.85	1750.53	1876.19
spe	829	828	2001.85	1750.53	1876.19
hgt	1178	1177	1434.165	1221.364	1327.7645
los	828	GCA.002699025.1.Bacteria.Myxococcota	1750.53	0.0	875.265
spe	1178	1177	1434.165	1221.364	1327.7645
spe	828	827	1750.53	1617.135	1683.8325
spe	827	821	1617.135	1377.535	1497.335
los	821	GCA.002841825.1.Bacteria.Myxococcota	1377.535	0.0	688.7675
spe	827	826	1617.135	1444.855	1530.995
los	826	GCA.002747355.1.Bacteria.Myxococcota	1444.855	0.0	722.4275
spe	826	825	1444.855	1134.553	1289.704
hgt	1169	1145	2113.35	1788.28	1950.815
spe	829	828	2001.85	1750.53	1876.19
los	828	827	1750.53	1617.135	1683.8325
spe	1169	1145	2113.35	1788.28	1950.815
spe	1145	1143	1788.28	1606.47	1697.375
dup	1143	1141	1606.47	1323.465	1464.9675
spe	1143	1141	1606.47	1323.465	1464.9675
los	1141	GCA.003140175.1.Bacteria.Actinobacteriota	1323.465	0.0	661.7325
spe	1141	1140	1323.465	1082.515	1202.99
los	1140	GCA.003162395.1.Bacteria.Actinobacteriota	1082.515	0.0	541.2575
spe	1143	1141	1606.47	1323.465	1464.9675
spe	1141	1140	1323.465	1082.515	1202.99
los	1140	GCA.002722565.1.Bacteria.Actinobacteriota	1082.515	0.0	541.2575
hgt	1469	1467	1574.225	1431.56	1502.8925
los	None	dead	0.0	0.0	0.0
spe	1469	1467	1574.225	1431.56	1502.8925
spe	1724	1723	3674.455	3369.21	3521.8325
los	1723	1657	3369.21	3016.145	3192.6775
spe	1723	1722	3369.21	3050.45	3209.83
los	1722	1721	3050.45	2916.245	2983.3475
spe	1722	1664	3050.45	2102.73	2576.59
spe	1664	1663	2102.73	1748.05	1925.39
los	1663	GCA.001784555.1.Bacteria.Cyanobacteria	1748.05	0.0	874.025
spe	1664	1660	2102.73	1690.83	1896.78
hgt	1226	GCA.003242195.1.Bacteria.Firmicutes.E	1388.78	0.0	694.39
los	1660	GCA.900313115.1.Bacteria.Cyanobacteria	1690.83	0.0	845.415
hgt	477	GCA.001897475.1.Bacteria.Proteobacteria	1066.3815	0.0	533.19075
hgt	1154	GCF.001591405.1.Bacteria.Actinobacteria	976.5785	0.0	488.28925
spe	1726	1094	3874.525	3784.185	3829.355
los	1094	1093	3784.185	3252.63	3518.4075
spe	1094	1048	3784.185	3607.975	3696.08
los	1048	278	3607.975	3314.9	3461.4375
spe	1048	1047	3607.975	3589.185	3598.58
spe	1047	365	3589.185	3304.24	3446.7125
hgt	767	GCA.002796325.1.Bacteria.UBA10199	1475.25	0.0	737.625
los	365	GCA.001730085.1.Bacteria.GCA.001730085	3304.24	0.0	1652.12
spe	365	364	3304.24	3193.95	3249.095
los	364	363	3193.95	2735.485	2964.7175
spe	364	316	3193.95	2939.28	3066.615
los	316	315	2939.28	2704.015	2821.6475
spe	316	308	2939.28	2482.645	2710.9625
spe	308	307	2482.645	2342.65	2412.6475
los	307	306	2342.65	1842.35	2092.5
spe	307	297	2342.65	1989.305	2165.9775
los	297	296	1989.305	1450.325	1719.815
spe	297	293	1989.305	1595.865	1792.585
los	293	GCA.003246265.1.Bacteria.Verrucomicrobiota	1595.865	0.0	797.9325
dup	293	GCA.002429065.1.Bacteria.Verrucomicrobiota	1595.865	0.0	797.9325
spe	308	290	2482.645	2065.88	2274.2625
spe	290	289	2065.88	1846.505	1956.1925
los	289	GCA.002708005.1.Bacteria.Verrucomicrobiota	1846.505	0.0	923.2525
spe	289	288	1846.505	1496.535	1671.52
los	288	GCA.002323895.1.Bacteria.Verrucomicrobiota	1496.535	0.0	748.2675
hgt	967	966	1879.385	1606.29	1742.8375
los	290	284	2065.88	1696.525	1881.2025
spe	967	966	1879.385	1606.29	1742.8375
hgt	775	GCA.001797335.1.Bacteria.Bdellovibrionota.E	1721.205	0.0	860.6025
spe	966	965	1606.29	1429.675	1517.9825
spe	965	964	1429.675	1306.425	1368.05
los	964	GCA.002483345.1.Bacteria.Bacteroidota	1306.425	0.0	653.2125
spe	964	963	1306.425	1185.7715	1246.09825
los	963	GCF.900116225.1.Bacteria.Bacteroidota	1185.7715	0.0	592.88575
spe	963	962	1185.7715	1034.2525	1110.012
los	962	GCA.002455375.1.Bacteria.Bacteroidota	1034.2525	0.0	517.12625
spe	962	961	1034.2525	860.4425	947.3475
los	961	GCF.900489485.1.Bacteria.Bacteroidota	860.4425	0.0	430.22125
spe	965	955	1429.675	1277.41	1353.5425
los	955	GCA.001769655.1.Bacteria.Bacteroidota	1277.41	0.0	638.705
spe	1047	1046	3589.185	3513.075	3551.13
hgt	None	dead	0.0	0.0	0.0
los	1046	902	3513.075	3405.845	3459.46
hgt	930	GCA.002449765.1.Bacteria.Fibrobacterota	1300.89	0.0	650.445
los	None	dead	0.0	0.0	0.0
spe	1046	1045	3513.075	3138.485	3325.78
spe	1045	1044	3138.485	2889.865	3014.175
spe	1044	936	2889.865	2638.5	2764.1825
spe	936	926	2638.5	2022.635	2330.5675
los	926	GCA.001780825.1.Bacteria.Gemmatimonadota	2022.635	0.0	1011.3175
spe	926	924	2022.635	1568.375	1795.505
dup	924	GCA.003221825.1.Bacteria.Gemmatimonadota	1568.375	0.0	784.1875
hgt	None	dead	0.0	0.0	0.0
hgt	692	GCA.003140235.1.Bacteria.Acidobacteriota	1113.508	0.0	556.754
los	None	dead	0.0	0.0	0.0
hgt	1113	1109	2045.295	1709.425	1877.36
los	936	935	2638.5	1990.115	2314.3075
spe	1113	1109	2045.295	1709.425	1877.36
spe	1109	1108	1709.425	1444.87	1577.1475
los	1108	GCA.002431715.1.Bacteria.Armatimonadota	1444.87	0.0	722.435
spe	1108	1106	1444.87	1340.34	1392.605
los	1106	GCA.003134215.1.Bacteria.Armatimonadota	1340.34	0.0	670.17
spe	1044	1043	2889.865	2806.545	2848.205
spe	1043	1011	2806.545	2645.585	2726.065
hgt	None	dead	0.0	0.0	0.0
los	1011	1010	2645.585	2376.435	2511.01
hgt	702	GCA.003223635.1.Bacteria.Acidobacteriota	1226.544	0.0	613.272
los	None	dead	0.0	0.0	0.0
spe	1011	997	2645.585	2454.92	2550.2525
spe	997	996	2454.92	2366.93	2410.925
los	996	995	2366.93	1991.73	2179.33
spe	996	984	2366.93	2294.155	2330.5425
los	984	950	2294.155	1841.045	2067.6
spe	984	983	2294.155	2135.355	2214.755
los	983	982	2135.355	1900.265	2017.81
spe	983	967	2135.355	1879.385	2007.37
los	967	966	1879.385	1606.29	1742.8375
hgt	None	dead	0.0	0.0	0.0
los	997	941	2454.92	2102.37	2278.645
hgt	48	GCA.003009755.1.Archaea.Thermoplasmatota	1716.14	0.0	858.07
los	None	dead	0.0	0.0	0.0
hgt	None	dead	0.0	0.0	0.0
dup	None	dead	0.0	0.0	0.0
hgt	840	839	2147.98	2054.51	2101.245
los	None	dead	0.0	0.0	0.0
spe	840	839	2147.98	2054.51	2101.245
spe	839	838	2054.51	1822.44	1938.475
los	838	837	1822.44	1472.175	1647.3075
spe	838	834	1822.44	1729.09	1775.765
los	834	GCA.001798605.1.Bacteria.Myxococcota	1729.09	0.0	864.545
spe	834	832	1729.09	1444.88	1586.985
los	832	GCA.002696345.1.Bacteria.Myxococcota	1444.88	0.0	722.44
spe	839	829	2054.51	2001.85	2028.18
los	829	828	2001.85	1750.53	1876.19
spe	829	817	2001.85	1835.155	1918.5025
spe	817	816	1835.155	1328.145	1581.65
los	816	GCA.002724675.1.Bacteria.Myxococcota.A	1328.145	0.0	664.0725
spe	817	813	1835.155	1676.35	1755.7525
los	813	807	1676.35	1389.97	1533.16
spe	813	812	1676.35	1516.905	1596.6275
los	812	GCA.002863065.1.Bacteria.Myxococcota	1516.905	0.0	758.4525
spe	812	811	1516.905	1313.225	1415.065
los	811	GCA.002726535.1.Bacteria.Myxococcota	1313.225	0.0	656.6125
hgt	1720	1719	2510.455	2371.88	2441.1675
los	None	dead	0.0	0.0	0.0
spe	1720	1719	2510.455	2371.88	2441.1675
spe	1719	1718	2371.88	2232.24	2302.06
spe	1718	1717	2232.24	2064.395	2148.3175
los	1717	1716	2064.395	1811.985	1938.19
spe	1718	1704	2232.24	2105.22	2168.73
los	1704	1672	2105.22	1717.695	1911.4575
spe	1704	1703	2105.22	2001.35	2053.285
spe	1703	1679	2001.35	1509.135	1755.2425
spe	1679	1678	1509.135	796.3525	1152.74375
los	1678	1676	796.3525	163.12655	479.73952
spe	1703	1702	2001.35	1938.175	1969.7625
dup	1702	1701	1938.175	1887.235	1912.705
spe	1702	1701	1938.175	1887.235	1912.705
los	1701	1700	1887.235	1825.65	1856.4425
spe	1701	1685	1887.235	1635.52	1761.3775
los	1685	1684	1635.52	1444.79	1540.155
dup	1702	1701	1938.175	1887.235	1912.705
spe	1702	1701	1938.175	1887.235	1912.705
spe	1701	1685	1887.235	1635.52	1761.3775
los	1685	GCF.000018105.1.Bacteria.Cyanobacteria	1635.52	0.0	817.76
spe	1685	1684	1635.52	1444.79	1540.155
los	1684	GCA.001698445.1.Bacteria.Cyanobacteria	1444.79	0.0	722.395
spe	1701	1700	1887.235	1825.65	1856.4425
spe	1700	1699	1825.65	1773.275	1799.4625
los	1699	GCF.000317045.1.Bacteria.Cyanobacteria	1773.275	0.0	886.6375
spe	1699	1698	1773.275	1634.795	1704.035
los	1698	1692	1634.795	34.435	834.615
spe	1698	1697	1634.795	920.2075	1277.50125
spe	1697	1695	920.2075	795.37	857.78875
los	1695	Nostoc.sp.PCC7120	795.37	0.0	397.685
spe	1700	1688	1825.65	1436.775	1631.2125
hgt	1672	GCF.002251945.1.Bacteria.Cyanobacteria	1717.695	0.0	858.8475
spe	1702	1701	1938.175	1887.235	1912.705
spe	1701	1700	1887.235	1825.65	1856.4425
los	1700	1688	1825.65	1436.775	1631.2125
spe	1700	1699	1825.65	1773.275	1799.4625
los	1699	1698	1773.275	1634.795	1704.035
spe	1701	1685	1887.235	1635.52	1761.3775
los	1685	GCF.000018105.1.Bacteria.Cyanobacteria	1635.52	0.0	817.76
spe	1685	1684	1635.52	1444.79	1540.155
los	1684	GCF.000316115.1.Bacteria.Cyanobacteria	1444.79	0.0	722.395
spe	1043	1042	2806.545	2551.86	2679.2025
spe	1042	1022	2551.86	2284.79	2418.325
los	1022	1016	2284.79	2032.895	2158.8425
spe	1022	1021	2284.79	1900.685	2092.7375
los	1021	GCA.002686915.1.Bacteria.ARS69	1900.685	0.0	950.3425
spe	1021	1020	1900.685	1410.39	1655.5375
los	1020	GCA.003235575.1.Bacteria.Eisenbacteria	1410.39	0.0	705.195
spe	1042	1041	2551.86	2350.395	2451.1275
los	1041	1040	2350.395	2193.615	2272.005
hgt	None	dead	0.0	0.0	0.0
hgt	1169	1168	2113.35	2012.51	2062.93
los	None	dead	0.0	0.0	0.0
spe	1169	1168	2113.35	2012.51	2062.93
spe	1168	1148	2012.51	1487.92	1750.215
los	1148	GCA.003021615.1.Bacteria.Actinobacteriota	1487.92	0.0	743.96
spe	1168	1167	2012.51	1838.915	1925.7125
los	1167	GCA.002413185.1.Bacteria.Actinobacteriota	1838.915	0.0	919.4575
dup	1167	1166	1838.915	1480.79	1659.8525
spe	1167	1166	1838.915	1480.79	1659.8525
los	1166	GCF.004348535.1.Bacteria.Actinobacteriota	1480.79	0.0	740.395
spe	1166	1165	1480.79	1370.47	1425.63
spe	1165	1164	1370.47	1261.825	1316.1475
los	1164	1163	1261.825	1087.464	1174.6445
spe	1164	1160	1261.825	1110.64	1186.2325
los	1160	1158	1110.64	987.523	1049.0815
spe	1165	1155	1370.47	1276.115	1323.2925
los	1155	1154	1276.115	976.5785	1126.34675
spe	1167	1166	1838.915	1480.79	1659.8525
spe	1166	1165	1480.79	1370.47	1425.63
spe	1165	1155	1370.47	1276.115	1323.2925
los	1155	GCF.003443735.1.Bacteria.Actinobacteriota	1276.115	0.0	638.0575
spe	1155	1154	1276.115	976.5785	1126.34675
los	1154	GCF.001591405.1.Bacteria.Actinobacteria	976.5785	0.0	488.28925
spe	1165	1164	1370.47	1261.825	1316.1475
spe	1164	1163	1261.825	1087.464	1174.6445
los	1163	GCA.001437855.1.Bacteria.Actinobacteriota	1087.464	0.0	543.732
spe	1164	1160	1261.825	1110.64	1186.2325
los	1160	GCF.000015025.1.Bacteria.Actinobacteriota	1110.64	0.0	555.32
spe	1160	1158	1110.64	987.523	1049.0815
hgt	None	dead	0.0	0.0	0.0
hgt	1098	GCA.003167155.1.Bacteria.Eremiobacterota	1440.925	0.0	720.4625
los	None	dead	0.0	0.0	0.0
hgt	None	dead	0.0	0.0	0.0
hgt	711	GCA.001664505.1.Bacteria.Acidobacteriota	1691.09	0.0	845.545
los	None	dead	0.0	0.0	0.0
hgt	None	dead	0.0	0.0	0.0
los	1045	921	3138.485	2815.65	2977.0675
hgt	1021	GCA.002686915.1.Bacteria.ARS69	1900.685	0.0	950.3425
los	None	dead	0.0	0.0	0.0
