event	left_node	right_node	left_date	right_date	midpoint_date	left_date_lower	left_date_upper	right_date_lower	right_date_upper	midpoint_date_all
spe	1726	1725	3874.525	3797.605	3836.065	4213.25	3535.8	4126.01	3469.2	3841.225
spe	1725	1393	3797.605	3319.26	3558.4325	4126.01	3469.2	3693.81	2944.71	3535.36
los	1393	1129	3319.26	2723.85	3021.555	3693.81	2944.71	3115.19	2332.51	3013.16
spe	1393	1392	3319.26	3133.075	3226.1675	3693.81	2944.71	3469.76	2796.39	3245.1
los	1392	1188	3133.075	2752.47	2942.7725	3469.76	2796.39	3058.53	2446.41	2958.085
spe	1392	1391	3133.075	2803.98	2968.5275	3469.76	2796.39	3089.33	2518.63	2994.195
spe	1391	1211	2803.98	2064.13	2434.055	3089.33	2518.63	2431.02	1697.24	2393.285
los	1211	1210	2064.13	1896.845	1980.4875	2431.02	1697.24	2224.85	1568.84	1999.93
spe	1211	1199	2064.13	1800.4	1932.265	2431.02	1697.24	2108.72	1492.08	1961.55
los	1199	1191	1800.4	1478.59	1639.495	2108.72	1492.08	1834.53	1122.65	1615.685
spe	1199	1198	1800.4	1617.44	1708.92	2108.72	1492.08	1916.88	1318.0	1713.36
los	1198	1197	1617.44	1426.32	1521.88	1916.88	1318.0	1708.58	1144.06	1530.47
spe	1391	1390	2803.98	2692.555	2748.2675	3089.33	2518.63	2961.03	2424.08	2756.705
los	1390	1218	2692.555	2397.09	2544.8225	2961.03	2424.08	2801.39	1992.79	2476.91
spe	1390	1389	2692.555	2619.07	2655.8125	2961.03	2424.08	2879.48	2358.66	2659.845
los	1389	1388	2619.07	2495.045	2557.0575	2879.48	2358.66	2745.25	2244.84	2562.16
spe	1389	1237	2619.07	2011.28	2315.175	2879.48	2358.66	2328.85	1693.71	2286.595
los	1237	1221	2011.28	1546.995	1779.1375	2328.85	1693.71	1982.53	1111.46	1720.155
spe	1237	1236	2011.28	1872.885	1942.0825	2328.85	1693.71	2166.17	1579.6	1954.225
spe	1236	1228	1872.885	1712.115	1792.5	2166.17	1579.6	2011.29	1412.94	1789.555
los	1228	GCA.003023725.1.Bacteria.Firmicutes.E	1712.115	0.0	856.0575	2011.29	1412.94	0.0	0.0	1005.645
spe	1228	1227	1712.115	1509.365	1610.74	2011.29	1412.94	1811.9	1206.83	1609.06
los	1227	1226	1509.365	1388.78	1449.0725	1811.9	1206.83	1687.37	1090.19	1451.045
hgt	1382	1381	1907.445	1843.345	1875.395	2119.76	1695.13	2050.47	1636.22	1877.99
spe	1236	1235	1872.885	1667.965	1770.425	2166.17	1579.6	1952.79	1383.14	1774.655
los	1235	GCA.002376005.1.Bacteria.Firmicutes.E	1667.965	0.0	833.9825	1952.79	1383.14	0.0	0.0	976.395
spe	1235	1234	1667.965	1465.43	1566.6975	1952.79	1383.14	1741.67	1189.19	1570.99
los	1234	GCA.003599345.1.Bacteria.Firmicutes.E	1465.43	0.0	732.715	1741.67	1189.19	0.0	0.0	870.835
spe	1234	1233	1465.43	1196.4	1330.915	1741.67	1189.19	1500.76	892.04	1316.855
los	1233	GCA.002291985.1.Bacteria.Firmicutes.E	1196.4	0.0	598.2	1500.76	892.04	0.0	0.0	750.38
spe	1382	1381	1907.445	1843.345	1875.395	2119.76	1695.13	2050.47	1636.22	1877.99
hgt	None	dead	0.0	0.0	0.0	0.0	0.0	0.0	0.0	0.0
hgt	1337	GCF.001399675.1.Bacteria.Firmicutes	1365.895	0.0	682.9475	1723.9	1007.89	0.0	0.0	861.95
los	None	dead	0.0	0.0	0.0	0.0	0.0	0.0	0.0	0.0
spe	1381	1380	1843.345	1785.675	1814.51	2050.47	1636.22	1991.06	1580.29	1815.38
spe	1380	1379	1785.675	1743.235	1764.455	1991.06	1580.29	1945.76	1540.71	1765.885
los	1379	1378	1743.235	1618.42	1680.8275	1945.76	1540.71	1816.1	1420.74	1683.25
spe	1379	1355	1743.235	1426.77	1585.0025	1945.76	1540.71	1769.44	1084.1	1514.93
los	1355	GCF.004522215.1.Bacteria.Firmicutes	1426.77	0.0	713.385	1769.44	1084.1	0.0	0.0	884.72
spe	1381	1351	1843.345	1688.26	1765.8025	2050.47	1636.22	1952.2	1424.32	1737.395
los	1351	1350	1688.26	1481.1	1584.68	1952.2	1424.32	1809.84	1152.36	1552.28
spe	1351	1347	1688.26	1373.121	1530.6905	1952.2	1424.32	1753.0	993.242	1472.721
hgt	1338	GCF.002335525.1.Bacteria.Firmicutes	1549.595	0.0	774.7975	1917.57	1181.62	0.0	0.0	958.785
spe	1725	1724	3797.605	3674.455	3736.03	4126.01	3469.2	3987.9	3361.01	3743.51
los	1724	1723	3674.455	3369.21	3521.8325	3987.9	3361.01	3669.99	3068.43	3528.165
spe	1724	1642	3674.455	3592.175	3633.315	3987.9	3361.01	3900.37	3283.98	3635.94
los	1642	1641	3592.175	3376.77	3484.4725	3900.37	3283.98	3668.37	3085.17	3492.77
spe	1642	1478	3592.175	3018.815	3305.495	3900.37	3283.98	3423.42	2614.21	3257.29
spe	1478	1396	3018.815	1723.235	2371.025	3423.42	2614.21	2334.25	1112.22	2267.82
los	1396	GCA.003244045.1.Bacteria.Dormibacterota	1723.235	0.0	861.6175	2334.25	1112.22	0.0	0.0	1167.125
spe	1478	1477	3018.815	2723.605	2871.21	3423.42	2614.21	3040.81	2406.4	2914.91
dup	1477	1476	2723.605	2416.915	2570.26	3040.81	2406.4	2708.83	2125.0	2582.905
hgt	None	dead	0.0	0.0	0.0	0.0	0.0	0.0	0.0	0.0
hgt	1177	GCA.003138355.1.Bacteria.Actinobacteriota	1221.364	0.0	610.682	1491.65	951.078	0.0	0.0	745.825
los	None	dead	0.0	0.0	0.0	0.0	0.0	0.0	0.0	0.0
dup	1177	GCA.003138355.1.Bacteria.Actinobacteriota	1221.364	0.0	610.682	1491.65	951.078	0.0	0.0	745.825
spe	1477	1476	2723.605	2416.915	2570.26	3040.81	2406.4	2708.83	2125.0	2582.905
spe	1476	1475	2416.915	2249.485	2333.2	2708.83	2125.0	2543.8	1955.17	2332.0
spe	1475	1474	2249.485	2094.15	2171.8175	2543.8	1955.17	2398.35	1789.95	2166.875
los	1474	1473	2094.15	1294.4735	1694.31175	2398.35	1789.95	1671.97	916.977	1657.6635
spe	1474	1470	2094.15	1749.085	1921.6175	2398.35	1789.95	2065.21	1432.96	1915.655
los	1470	GCF.000025005.1.Bacteria.Chloroflexota	1749.085	0.0	874.5425	2065.21	1432.96	0.0	0.0	1032.605
spe	1470	1469	1749.085	1574.225	1661.655	2065.21	1432.96	1892.87	1255.58	1660.395
los	1469	GCA.001898225.1.Bacteria.Chloroflexota	1574.225	0.0	787.1125	1892.87	1255.58	0.0	0.0	946.435
spe	1469	1467	1574.225	1431.56	1502.8925	1892.87	1255.58	1750.93	1112.19	1502.53
hgt	841	840	2325.31	2147.98	2236.645	2547.32	2103.3	2361.31	1934.65	2240.985
los	1475	1463	2249.485	1987.575	2118.53	2543.8	1955.17	2304.87	1670.28	2107.04
spe	841	840	2325.31	2147.98	2236.645	2547.32	2103.3	2361.31	1934.65	2240.985
spe	840	804	2147.98	1824.305	1986.1425	2361.31	1934.65	2197.3	1451.31	1906.31
los	804	GCA.003247575.1.Bacteria.Myxococcota.A	1824.305	0.0	912.1525	2197.3	1451.31	0.0	0.0	1098.65
dup	840	839	2147.98	2054.51	2101.245	2361.31	1934.65	2262.05	1846.97	2104.14
spe	840	839	2147.98	2054.51	2101.245	2361.31	1934.65	2262.05	1846.97	2104.14
spe	839	838	2054.51	1822.44	1938.475	2262.05	1846.97	2068.6	1576.28	1919.165
los	838	834	1822.44	1729.09	1775.765	2068.6	1576.28	1988.09	1470.09	1769.345
spe	838	837	1822.44	1472.175	1647.3075	2068.6	1576.28	1791.61	1152.74	1610.67
los	837	GCA.002309015.1.Bacteria.Myxococcota	1472.175	0.0	736.0875	1791.61	1152.74	0.0	0.0	895.805
dup	837	GCA.001768075.1.Bacteria.Myxococcota	1472.175	0.0	736.0875	1791.61	1152.74	0.0	0.0	895.805
hgt	1168	1148	2012.51	1487.92	1750.215	2255.75	1769.27	1860.52	1115.32	1685.535
spe	839	829	2054.51	2001.85	2028.18	2262.05	1846.97	2204.71	1798.99	2030.52
spe	829	817	2001.85	1835.155	1918.5025	2204.71	1798.99	2046.73	1623.58	1914.145
spe	817	813	1835.155	1676.35	1755.7525	2046.73	1623.58	1896.42	1456.28	1751.505
los	813	812	1676.35	1516.905	1596.6275	1896.42	1456.28	1751.13	1282.68	1589.55
spe	813	807	1676.35	1389.97	1533.16	1896.42	1456.28	1659.67	1120.27	1508.345
los	807	GCA.002789955.1.Bacteria.Myxococcota	1389.97	0.0	694.985	1659.67	1120.27	0.0	0.0	829.835
hgt	None	dead	0.0	0.0	0.0	0.0	0.0	0.0	0.0	0.0
hgt	825	GCA.002344285.1.Bacteria.Myxococcota	1134.553	0.0	567.2765	1400.01	869.096	0.0	0.0	700.005
los	None	dead	0.0	0.0	0.0	0.0	0.0	0.0	0.0	0.0
hgt	832	GCA.002721815.1.Bacteria.Myxococcota	1444.88	0.0	722.44	1737.65	1152.11	0.0	0.0	868.825
los	817	816	1835.155	1328.145	1581.65	2046.73	1623.58	1593.25	1063.04	1554.885
spe	829	828	2001.85	1750.53	1876.19	2204.71	1798.99	1966.78	1534.28	1869.495
spe	828	827	1750.53	1617.135	1683.8325	1966.78	1534.28	1833.41	1400.86	1683.82
spe	827	826	1617.135	1444.855	1530.995	1833.41	1400.86	1661.37	1228.34	1530.875
los	826	GCA.002747355.1.Bacteria.Myxococcota	1444.855	0.0	722.4275	1661.37	1228.34	0.0	0.0	830.685
spe	826	825	1444.855	1134.553	1289.704	1661.37	1228.34	1400.01	869.096	1265.233
los	825	GCA.002344285.1.Bacteria.Myxococcota	1134.553	0.0	567.2765	1400.01	869.096	0.0	0.0	700.005
spe	827	821	1617.135	1377.535	1497.335	1833.41	1400.86	1637.42	1117.65	1475.53
los	821	GCA.002841825.1.Bacteria.Myxococcota	1377.535	0.0	688.7675	1637.42	1117.65	0.0	0.0	818.71
spe	1168	1148	2012.51	1487.92	1750.215	2255.75	1769.27	1860.52	1115.32	1685.535
spe	840	839	2147.98	2054.51	2101.245	2361.31	1934.65	2262.05	1846.97	2104.14
los	839	838	2054.51	1822.44	1938.475	2262.05	1846.97	2068.6	1576.28	1919.165
spe	839	829	2054.51	2001.85	2028.18	2262.05	1846.97	2204.71	1798.99	2030.52
los	829	828	2001.85	1750.53	1876.19	2204.71	1798.99	1966.78	1534.28	1869.495
spe	829	817	2001.85	1835.155	1918.5025	2204.71	1798.99	2046.73	1623.58	1914.145
los	817	816	1835.155	1328.145	1581.65	2046.73	1623.58	1593.25	1063.04	1554.885
spe	817	813	1835.155	1676.35	1755.7525	2046.73	1623.58	1896.42	1456.28	1751.505
spe	813	807	1676.35	1389.97	1533.16	1896.42	1456.28	1659.67	1120.27	1508.345
los	807	GCA.002841945.1.Bacteria.Myxococcota	1389.97	0.0	694.985	1659.67	1120.27	0.0	0.0	829.835
spe	813	812	1676.35	1516.905	1596.6275	1896.42	1456.28	1751.13	1282.68	1589.55
spe	812	811	1516.905	1313.225	1415.065	1751.13	1282.68	1553.88	1072.57	1411.85
spe	1476	1454	2416.915	1996.555	2206.735	2708.83	2125.0	2245.89	1747.22	2228.025
spe	1454	1446	1996.555	1803.385	1899.97	2245.89	1747.22	2040.01	1566.76	1906.325
spe	1446	1440	1803.385	1679.715	1741.55	2040.01	1566.76	1908.42	1451.01	1745.51
los	1440	GCF.001306175.1.Bacteria.Chloroflexota	1679.715	0.0	839.8575	1908.42	1451.01	0.0	0.0	954.21
spe	1440	1439	1679.715	1492.005	1585.86	1908.42	1451.01	1713.37	1270.64	1589.53
spe	1439	1438	1492.005	1317.205	1404.605	1713.37	1270.64	1528.24	1106.17	1409.77
spe	1438	1437	1317.205	1158.264	1237.7345	1528.24	1106.17	1381.67	934.858	1231.549
spe	1446	1445	1803.385	1577.91	1690.6475	2040.01	1566.76	1848.3	1307.52	1673.765
spe	1445	1444	1577.91	1386.06	1481.985	1848.3	1307.52	1673.58	1098.54	1473.42
hgt	1041	GCA.002686955.1.Bacteria.Gemmatimonadota.A	2350.395	0.0	1175.1975	2705.43	1995.36	0.0	0.0	1352.715
los	1444	GCA.002366755.1.Bacteria.Chloroflexota	1386.06	0.0	693.03	1673.58	1098.54	0.0	0.0	836.79
hgt	None	dead	0.0	0.0	0.0	0.0	0.0	0.0	0.0	0.0
hgt	486	GCF.000264455.2.Bacteria.Proteobacteria	1397.735	0.0	698.8675	1700.16	1095.31	0.0	0.0	850.08
los	None	dead	0.0	0.0	0.0	0.0	0.0	0.0	0.0	0.0
hgt	None	dead	0.0	0.0	0.0	0.0	0.0	0.0	0.0	0.0
hgt	727	GCA.001805205.1.Bacteria.Nitrospirota	1484.11	0.0	742.055	1827.43	1140.79	0.0	0.0	913.715
los	None	dead	0.0	0.0	0.0	0.0	0.0	0.0	0.0	0.0
hgt	109	103	2214.8	1798.43	2006.615	2483.59	1946.01	2110.45	1486.41	1985.0
los	1454	1453	1996.555	1862.655	1929.605	2245.89	1747.22	2140.61	1584.7	1915.295
spe	109	103	2214.8	1798.43	2006.615	2483.59	1946.01	2110.45	1486.41	1985.0
spe	103	101	1798.43	1577.935	1688.1825	2110.45	1486.41	1881.51	1274.36	1692.405
los	101	99	1577.935	1356.82	1467.3775	1881.51	1274.36	1642.61	1071.03	1476.27
hgt	None	dead	0.0	0.0	0.0	0.0	0.0	0.0	0.0	0.0
hgt	816	GCA.002724675.1.Bacteria.Myxococcota.A	1328.145	0.0	664.0725	1593.25	1063.04	0.0	0.0	796.625
los	None	dead	0.0	0.0	0.0	0.0	0.0	0.0	0.0	0.0
hgt	None	dead	0.0	0.0	0.0	0.0	0.0	0.0	0.0	0.0
hgt	741	GCA.003220615.1.Bacteria.Methylomirabilota	1693.345	0.0	846.6725	2199.48	1187.21	0.0	0.0	1099.74
los	None	dead	0.0	0.0	0.0	0.0	0.0	0.0	0.0	0.0
spe	1477	1476	2723.605	2416.915	2570.26	3040.81	2406.4	2708.83	2125.0	2582.905
spe	1476	1475	2416.915	2249.485	2333.2	2708.83	2125.0	2543.8	1955.17	2332.0
los	1475	1463	2249.485	1987.575	2118.53	2543.8	1955.17	2304.87	1670.28	2107.04
spe	1475	1474	2249.485	2094.15	2171.8175	2543.8	1955.17	2398.35	1789.95	2166.875
los	1474	1470	2094.15	1749.085	1921.6175	2398.35	1789.95	2065.21	1432.96	1915.655
spe	1474	1473	2094.15	1294.4735	1694.31175	2398.35	1789.95	1671.97	916.977	1657.6635
hgt	1226	GCA.003242195.1.Bacteria.Firmicutes.E	1388.78	0.0	694.39	1687.37	1090.19	0.0	0.0	843.685
dup	1476	1454	2416.915	1996.555	2206.735	2708.83	2125.0	2245.89	1747.22	2228.025
spe	1476	1454	2416.915	1996.555	2206.735	2708.83	2125.0	2245.89	1747.22	2228.025
los	1454	1446	1996.555	1803.385	1899.97	2245.89	1747.22	2040.01	1566.76	1906.325
spe	1454	1453	1996.555	1862.655	1929.605	2245.89	1747.22	2140.61	1584.7	1915.295
los	1453	1452	1862.655	1430.125	1646.39	2140.61	1584.7	1777.81	1082.44	1611.525
spe	1453	1449	1862.655	1589.82	1726.2375	2140.61	1584.7	1942.5	1237.14	1688.875
los	1449	GCA.002366595.1.Bacteria.Chloroflexota	1589.82	0.0	794.91	1942.5	1237.14	0.0	0.0	971.25
hgt	276	275	2570.7	2298.405	2434.5525	3089.06	2052.34	2814.32	1782.49	2435.775
hgt	699	698	2048.45	1837.19	1942.82	2283.99	1812.91	2057.82	1616.56	1950.275
hgt	1128	GCA.002898935.1.Bacteria.CSP1.3	2537.965	0.0	1268.9825	2911.99	2163.94	0.0	0.0	1455.995
spe	1476	1454	2416.915	1996.555	2206.735	2708.83	2125.0	2245.89	1747.22	2228.025
spe	1454	1453	1996.555	1862.655	1929.605	2245.89	1747.22	2140.61	1584.7	1915.295
los	1453	1452	1862.655	1430.125	1646.39	2140.61	1584.7	1777.81	1082.44	1611.525
spe	1453	1449	1862.655	1589.82	1726.2375	2140.61	1584.7	1942.5	1237.14	1688.875
los	1449	GCA.002400365.1.Bacteria.Chloroflexota	1589.82	0.0	794.91	1942.5	1237.14	0.0	0.0	971.25
spe	1454	1446	1996.555	1803.385	1899.97	2245.89	1747.22	2040.01	1566.76	1906.325
los	1446	1445	1803.385	1577.91	1690.6475	2040.01	1566.76	1848.3	1307.52	1673.765
spe	1446	1440	1803.385	1679.715	1741.55	2040.01	1566.76	1908.42	1451.01	1745.51
los	1440	1439	1679.715	1492.005	1585.86	1908.42	1451.01	1713.37	1270.64	1589.53
hgt	None	dead	0.0	0.0	0.0	0.0	0.0	0.0	0.0	0.0
spe	699	698	2048.45	1837.19	1942.82	2283.99	1812.91	2057.82	1616.56	1950.275
spe	698	686	1837.19	1587.93	1712.56	2057.82	1616.56	1852.98	1322.88	1690.35
los	686	GCA.002451015.1.Bacteria.Acidobacteriota	1587.93	0.0	793.965	1852.98	1322.88	0.0	0.0	926.49
spe	686	684	1587.93	1233.956	1410.943	1852.98	1322.88	1519.9	948.012	1400.496
los	684	GCA.003223975.1.Bacteria.Acidobacteriota	1233.956	0.0	616.978	1519.9	948.012	0.0	0.0	759.95
spe	698	697	1837.19	1624.47	1730.83	2057.82	1616.56	1840.22	1408.72	1733.27
spe	697	696	1624.47	1431.49	1527.98	1840.22	1408.72	1637.29	1225.69	1532.955
hgt	692	GCA.003140235.1.Bacteria.Acidobacteriota	1113.508	0.0	556.754	1334.67	892.346	0.0	0.0	667.335
spe	696	695	1431.49	1326.405	1378.9475	1637.29	1225.69	1521.67	1131.14	1384.215
los	695	GCA.003131705.1.Bacteria.Acidobacteriota	1326.405	0.0	663.2025	1521.67	1131.14	0.0	0.0	760.835
spe	695	694	1326.405	1256.385	1291.395	1521.67	1131.14	1449.85	1062.92	1292.295
spe	694	692	1256.385	1113.508	1184.9465	1449.85	1062.92	1334.67	892.346	1171.098
los	692	GCA.003140235.1.Bacteria.Acidobacteriota	1113.508	0.0	556.754	1334.67	892.346	0.0	0.0	667.335
hgt	797	796	1832.825	1652.795	1742.81	2092.41	1573.24	1900.16	1405.43	1748.92
los	None	dead	0.0	0.0	0.0	0.0	0.0	0.0	0.0	0.0
spe	797	796	1832.825	1652.795	1742.81	2092.41	1573.24	1900.16	1405.43	1748.92
spe	796	795	1652.795	1481.005	1566.9	1900.16	1405.43	1717.52	1244.49	1572.325
los	795	791	1481.005	1228.3465	1354.67575	1717.52	1244.49	1482.5	974.193	1345.8565
spe	795	794	1481.005	1350.25	1415.6275	1717.52	1244.49	1609.55	1090.95	1404.235
los	794	GCA.001798565.1.Bacteria.Desulfobacterota.B	1350.25	0.0	675.125	1609.55	1090.95	0.0	0.0	804.775
spe	276	275	2570.7	2298.405	2434.5525	3089.06	2052.34	2814.32	1782.49	2435.775
spe	275	274	2298.405	1625.32	1961.8625	2814.32	1782.49	2112.15	1138.49	1976.405
los	274	GCA.000406005.1.Bacteria.Poribacteria	1625.32	0.0	812.66	2112.15	1138.49	0.0	0.0	1056.075
hgt	1116	GCA.002898575.1.Bacteria.Armatimonadota	1799.18	0.0	899.59	2205.43	1392.93	0.0	0.0	1102.715
spe	1477	1431	2723.605	2420.455	2572.03	3040.81	2406.4	2714.59	2126.32	2583.565
hgt	None	dead	0.0	0.0	0.0	0.0	0.0	0.0	0.0	0.0
los	1431	1427	2420.455	2216.53	2318.4925	2714.59	2126.32	2490.85	1942.21	2328.4
hgt	853	GCA.003232385.1.Bacteria.SZUA.79	1743.175	0.0	871.5875	2129.35	1357.0	0.0	0.0	1064.675
los	None	dead	0.0	0.0	0.0	0.0	0.0	0.0	0.0	0.0
spe	1431	1430	2420.455	1801.635	2111.045	2714.59	2126.32	2276.21	1327.06	2020.825
hgt	334	GCA.002338715.1.Bacteria.Planctomycetota	1547.105	0.0	773.5525	1802.02	1292.19	0.0	0.0	901.01
hgt	1119	GCF.002973605.1.Bacteria.Armatimonadota	1519.685	0.0	759.8425	1896.55	1142.82	0.0	0.0	948.275
hgt	390	GCA.002780065.1.Bacteria.UBA8481	3029.745	0.0	1514.8725	3379.02	2680.47	0.0	0.0	1689.51
los	1430	GCA.001795235.1.Bacteria.Chloroflexota	1801.635	0.0	900.8175	2276.21	1327.06	0.0	0.0	1138.105
