event	left_node	right_node	left_date	right_date	midpoint_date	left_date_lower	left_date_upper	right_date_lower	right_date_upper	midpoint_date_all
hgt	None	dead	0.0	0.0	0.0	0.0	0.0	0.0	0.0	0.0
hgt	124	123	2576.715	2509.405	2543.06	2744.68	2408.75	2676.61	2342.2	2543.44
los	None	dead	0.0	0.0	0.0	0.0	0.0	0.0	0.0	0.0
spe	124	123	2576.715	2509.405	2543.06	2744.68	2408.75	2676.61	2342.2	2543.44
spe	123	113	2509.405	2352.095	2430.75	2676.61	2342.2	2536.91	2167.28	2421.945
los	113	GCA.002255025.1.Archaea.Thermoproteota	2352.095	0.0	1176.0475	2536.91	2167.28	0.0	0.0	1268.455
spe	123	122	2509.405	2416.7	2463.0525	2676.61	2342.2	2593.5	2239.9	2458.255
spe	122	118	2416.7	2278.345	2347.5225	2593.5	2239.9	2478.81	2077.88	2335.69
los	118	116	2278.345	1726.54	2002.4425	2478.81	2077.88	2006.45	1446.63	1962.72
hgt	None	dead	0.0	0.0	0.0	0.0	0.0	0.0	0.0	0.0
hgt	143	GCA.001563325.1.Archaea.Asgardarchaeota	2511.185	0.0	1255.5925	2712.39	2309.98	0.0	0.0	1356.195
los	None	dead	0.0	0.0	0.0	0.0	0.0	0.0	0.0	0.0
dup	143	GCA.001563325.1.Archaea.Asgardarchaeota	2511.185	0.0	1255.5925	2712.39	2309.98	0.0	0.0	1356.195
spe	122	121	2416.7	2129.565	2273.1325	2593.5	2239.9	2347.3	1911.83	2252.665
hgt	None	dead	0.0	0.0	0.0	0.0	0.0	0.0	0.0	0.0
los	121	GCA.001775995.1.Archaea.Thermoproteota	2129.565	0.0	1064.7825	2347.3	1911.83	0.0	0.0	1173.65
hgt	128	GCA.002011075.1.Archaea.Thermoproteota	1456.455	0.0	728.2275	1742.17	1170.74	0.0	0.0	871.085
los	None	dead	0.0	0.0	0.0	0.0	0.0	0.0	0.0	0.0
hgt	None	dead	0.0	0.0	0.0	0.0	0.0	0.0	0.0	0.0
hgt	74	GCA.002011165.1.Archaea.Halobacteriota	2278.05	0.0	1139.025	2455.2	2100.9	0.0	0.0	1227.6
los	None	dead	0.0	0.0	0.0	0.0	0.0	0.0	0.0	0.0
spe	179	178	3169.885	3109.52	3139.7025	3333.21	3006.56	3270.62	2948.42	3140.815
spe	178	32	3109.52	2887.43	2998.475	3270.62	2948.42	3067.58	2707.28	2988.95
spe	32	26	2887.43	905.1525	1896.29125	3067.58	2707.28	1279.15	531.155	1799.3675
los	26	GCA.002083985.1.Archaea.Altiarchaeota	905.1525	0.0	452.57625	1279.15	531.155	0.0	0.0	639.575
spe	32	31	2887.43	2641.745	2764.5875	3067.58	2707.28	2838.14	2445.35	2756.465
spe	31	29	2641.745	2305.1	2473.4225	2838.14	2445.35	2555.27	2054.93	2446.535
los	29	GCA.002254565.1.Archaea.Altiarchaeota	2305.1	0.0	1152.55	2555.27	2054.93	0.0	0.0	1277.635
spe	178	177	3109.52	2987.475	3048.4975	3270.62	2948.42	3145.38	2829.57	3050.095
los	177	176	2987.475	2870.105	2928.79	3145.38	2829.57	3029.57	2710.64	2928.01
spe	177	95	2987.475	2895.515	2941.495	3145.38	2829.57	3052.55	2738.48	2941.93
spe	95	39	2895.515	2772.035	2833.775	3052.55	2738.48	2935.32	2608.75	2830.65
los	39	38	2772.035	2538.31	2655.1725	2935.32	2608.75	2727.65	2348.97	2642.145
spe	39	35	2772.035	2625.215	2698.625	2935.32	2608.75	2814.09	2436.34	2685.83
los	35	GCA.001587715.1.Archaea.Methanobacteriota.B	2625.215	0.0	1312.6075	2814.09	2436.34	0.0	0.0	1407.045
spe	95	94	2895.515	2874.54	2885.0275	3052.55	2738.48	3031.65	2717.43	2884.99
los	94	42	2874.54	2631.08	2752.81	3031.65	2717.43	2832.32	2429.84	2730.745
spe	94	93	2874.54	2781.775	2828.1575	3031.65	2717.43	2937.35	2626.2	2828.925
spe	93	92	2781.775	2715.565	2748.67	2937.35	2626.2	2870.72	2560.41	2748.88
los	92	70	2715.565	2480.265	2597.915	2870.72	2560.41	2639.53	2321.0	2595.86
spe	92	91	2715.565	2548.71	2632.1375	2870.72	2560.41	2710.79	2386.63	2628.675
los	91	GCA.003034855.1.Archaea.Halobacteriota	2548.71	0.0	1274.355	2710.79	2386.63	0.0	0.0	1355.395
spe	91	90	2548.71	2426.545	2487.6275	2710.79	2386.63	2587.9	2265.19	2487.99
spe	90	74	2426.545	2278.05	2352.2975	2587.9	2265.19	2455.2	2100.9	2344.4
los	74	GCA.002011165.1.Archaea.Halobacteriota	2278.05	0.0	1139.025	2455.2	2100.9	0.0	0.0	1227.6
spe	90	89	2426.545	2320.405	2373.475	2587.9	2265.19	2487.89	2152.92	2370.41
spe	89	88	2320.405	2221.93	2271.1675	2487.89	2152.92	2396.19	2047.67	2267.78
los	88	80	2221.93	2032.885	2127.4075	2396.19	2047.67	2234.17	1831.6	2113.895
spe	88	87	2221.93	2144.39	2183.16	2396.19	2047.67	2323.79	1964.99	2180.59
spe	87	86	2144.39	2014.745	2079.5675	2323.79	1964.99	2208.35	1821.14	2072.465
los	86	GCA.001412335.1.Archaea.Halobacteriota	2014.745	0.0	1007.3725	2208.35	1821.14	0.0	0.0	1104.175
spe	86	84	2014.745	1868.445	1941.595	2208.35	1821.14	2080.58	1656.31	1932.33
los	84	GCF.000011005.1.Archaea.Euryarchaeota	1868.445	0.0	934.2225	2080.58	1656.31	0.0	0.0	1040.29
dup	84	GCF.000970205.1.Archaea.Halobacteriota	1868.445	0.0	934.2225	2080.58	1656.31	0.0	0.0	1040.29
spe	89	77	2320.405	2081.03	2200.7175	2487.89	2152.92	2277.46	1884.6	2186.245
