event	left_node	right_node	left_date	right_date	midpoint_date	left_date_lower	left_date_upper	right_date_lower	right_date_upper	midpoint_date_all
spe	651	650	2583.355	2528.52	2555.9375	2725.11	2441.6	2669.79	2387.25	2556.18
spe	650	536	2528.52	2343.3	2435.91	2669.79	2387.25	2502.24	2184.36	2427.075
hgt	574	GCF.000374645.1.Bacteria.Proteobacteria	1962.545	0.0	981.2725	2146.1	1778.99	0.0	0.0	1073.05
los	536	GCF.002940605.1.Bacteria.Proteobacteria	2343.3	0.0	1171.65	2502.24	2184.36	0.0	0.0	1251.12
hgt	634	GCF.001697225.1.Bacteria.Proteobacteria	2007.49	0.0	1003.745	2185.15	1829.83	0.0	0.0	1092.575
spe	650	649	2528.52	2487.635	2508.0775	2669.79	2387.25	2629.66	2345.61	2507.7
spe	649	543	2487.635	2384.42	2436.0275	2629.66	2345.61	2534.92	2233.92	2431.79
los	543	539	2384.42	2248.565	2316.4925	2534.92	2233.92	2430.78	2066.35	2300.635
hgt	None	dead	0.0	0.0	0.0	0.0	0.0	0.0	0.0	0.0
spe	543	542	2384.42	2266.915	2325.6675	2534.92	2233.92	2432.28	2101.55	2318.235
los	542	GCA.002631715.1.Bacteria.Proteobacteria	2266.915	0.0	1133.4575	2432.28	2101.55	0.0	0.0	1216.14
hgt	None	dead	0.0	0.0	0.0	0.0	0.0	0.0	0.0	0.0
hgt	614	613	2046.215	1943.945	1995.08	2205.19	1887.24	2109.42	1778.47	1991.83
los	None	dead	0.0	0.0	0.0	0.0	0.0	0.0	0.0	0.0
spe	614	613	2046.215	1943.945	1995.08	2205.19	1887.24	2109.42	1778.47	1991.83
spe	613	612	1943.945	1796.185	1870.065	2109.42	1778.47	1978.58	1613.79	1861.605
spe	612	611	1796.185	1493.79	1644.9875	1978.58	1613.79	1717.52	1270.06	1624.32
hgt	553	GCF.001641825.1.Bacteria.Proteobacteria	2172.955	0.0	1086.4775	2336.27	2009.64	0.0	0.0	1168.135
hgt	483	482	2221.01	2151.75	2186.38	2370.99	2071.03	2305.03	1998.47	2184.73
hgt	503	GCA.002280485.1.Bacteria.Proteobacteria	1517.515	0.0	758.7575	1721.78	1313.25	0.0	0.0	860.89
los	None	dead	0.0	0.0	0.0	0.0	0.0	0.0	0.0	0.0
spe	483	482	2221.01	2151.75	2186.38	2370.99	2071.03	2305.03	1998.47	2184.73
spe	482	458	2151.75	2053.74	2102.745	2305.03	1998.47	2214.88	1892.6	2098.815
los	458	456	2053.74	1898.57	1976.155	2214.88	1892.6	2073.0	1724.14	1969.51
hgt	None	dead	0.0	0.0	0.0	0.0	0.0	0.0	0.0	0.0
hgt	495	GCF.003173035.1.Bacteria.Proteobacteria	1736.875	0.0	868.4375	1936.33	1537.42	0.0	0.0	968.165
los	None	dead	0.0	0.0	0.0	0.0	0.0	0.0	0.0	0.0
spe	482	481	2151.75	2091.815	2121.7825	2305.03	1998.47	2249.28	1934.35	2119.69
los	481	480	2091.815	1990.065	2040.94	2249.28	1934.35	2158.12	1822.01	2035.645
spe	481	469	2091.815	2003.935	2047.875	2249.28	1934.35	2168.56	1839.31	2044.295
spe	469	463	2003.935	1889.86	1946.8975	2168.56	1839.31	2062.81	1716.91	1942.735
spe	463	462	1889.86	1641.635	1765.7475	2062.81	1716.91	1844.48	1438.79	1750.8
los	462	GCF.000315795.1.Bacteria.Proteobacteria	1641.635	0.0	820.8175	1844.48	1438.79	0.0	0.0	922.24
hgt	462	GCF.000315795.1.Bacteria.Proteobacteria	1641.635	0.0	820.8175	1844.48	1438.79	0.0	0.0	922.24
hgt	439	GCF.001613805.1.Bacteria.Proteobacteria	1983.035	0.0	991.5175	2153.66	1812.41	0.0	0.0	1076.83
spe	469	468	2003.935	1847.82	1925.8775	2168.56	1839.31	2029.0	1666.64	1917.6
spe	468	467	1847.82	1693.575	1770.6975	2029.0	1666.64	1896.55	1490.6	1759.8
hgt	None	dead	0.0	0.0	0.0	0.0	0.0	0.0	0.0	0.0
los	467	GCA.002291925.1.Bacteria.Proteobacteria	1693.575	0.0	846.7875	1896.55	1490.6	0.0	0.0	948.275
hgt	506	GCA.001464215.1.Bacteria.Proteobacteria	1610.765	0.0	805.3825	1805.19	1416.34	0.0	0.0	902.595
los	None	dead	0.0	0.0	0.0	0.0	0.0	0.0	0.0	0.0
spe	649	648	2487.635	2440.92	2464.2775	2629.66	2345.61	2583.69	2298.15	2463.905
los	648	562	2440.92	2333.93	2387.425	2583.69	2298.15	2481.45	2186.41	2385.05
spe	648	647	2440.92	2391.055	2415.9875	2583.69	2298.15	2533.91	2248.2	2415.945
spe	647	646	2391.055	2358.03	2374.5425	2533.91	2248.2	2502.58	2213.48	2373.695
los	646	588	2358.03	2283.06	2320.545	2502.58	2213.48	2432.98	2133.14	2317.86
spe	646	645	2358.03	2312.285	2335.1575	2502.58	2213.48	2458.58	2165.99	2334.285
spe	645	644	2312.285	2211.125	2261.705	2458.58	2165.99	2362.51	2059.74	2259.16
spe	644	636	2211.125	2146.87	2178.9975	2362.51	2059.74	2302.89	1990.85	2176.68
hgt	529	GCA.002451085.1.Bacteria.Proteobacteria	2307.945	0.0	1153.9725	2475.73	2140.16	0.0	0.0	1237.865
los	636	634	2146.87	2007.49	2077.18	2302.89	1990.85	2185.15	1829.83	2066.36
hgt	None	dead	0.0	0.0	0.0	0.0	0.0	0.0	0.0	0.0
hgt	498	GCA.002731375.1.Bacteria.Proteobacteria	1734.36	0.0	867.18	1926.5	1542.22	0.0	0.0	963.25
los	None	dead	0.0	0.0	0.0	0.0	0.0	0.0	0.0	0.0
spe	644	643	2211.125	2071.11	2141.1175	2362.51	2059.74	2233.72	1908.5	2135.505
los	643	639	2071.11	1859.94	1965.525	2233.72	1908.5	2065.68	1654.2	1943.96
spe	643	642	2071.11	1939.07	2005.09	2233.72	1908.5	2120.83	1757.31	1995.515
hgt	639	GCA.003230085.1.Bacteria.Proteobacteria	1859.94	0.0	929.97	2065.68	1654.2	0.0	0.0	1032.84
spe	645	631	2312.285	2258.31	2285.2975	2458.58	2165.99	2406.05	2110.57	2284.575
los	631	630	2258.31	2159.7	2209.005	2406.05	2110.57	2311.95	2007.45	2206.75
spe	631	603	2258.31	2200.665	2229.4875	2406.05	2110.57	2350.69	2050.64	2228.345
spe	603	602	2200.665	2136.455	2168.56	2350.69	2050.64	2288.0	1984.91	2167.8
los	602	601	2136.455	2005.515	2070.985	2288.0	1984.91	2169.0	1842.03	2065.015
spe	602	592	2136.455	1879.945	2008.2	2288.0	1984.91	2061.78	1698.11	1993.055
los	592	GCF.000024725.1.Bacteria.Proteobacteria	1879.945	0.0	939.9725	2061.78	1698.11	0.0	0.0	1030.89
spe	647	571	2391.055	2282.495	2336.775	2533.91	2248.2	2431.81	2133.18	2333.545
los	571	565	2282.495	2067.745	2175.12	2431.81	2133.18	2247.81	1887.68	2159.745
spe	571	570	2282.495	2165.975	2224.235	2431.81	2133.18	2326.89	2005.06	2218.435
spe	570	568	2165.975	2035.48	2100.7275	2326.89	2005.06	2214.09	1856.87	2091.88
los	568	GCF.001051235.1.Bacteria.Proteobacteria	2035.48	0.0	1017.74	2214.09	1856.87	0.0	0.0	1107.045
