event	left_node	right_node	left_date	right_date	midpoint_date	left_date_lower	left_date_upper	right_date_lower	right_date_upper	midpoint_date_all
spe	1476	1475	2948.885	2883.705	2916.295	3099.11	2798.66	3039.71	2727.7	2913.405
spe	1475	1474	2883.705	2804.86	2844.2825	3039.71	2727.7	2967.88	2641.84	2840.775
los	1474	1473	2804.86	2043.005	2423.9325	2967.88	2641.84	2324.44	1761.57	2364.725
spe	1474	1470	2804.86	2595.865	2700.3625	2967.88	2641.84	2779.45	2412.28	2690.08
hgt	None	dead	0.0	0.0	0.0	0.0	0.0	0.0	0.0	0.0
hgt	107	GCA.003019535.1.Archaea.Thermoproteota	2229.765	0.0	1114.8825	2447.7	2011.83	0.0	0.0	1223.85
los	None	dead	0.0	0.0	0.0	0.0	0.0	0.0	0.0	0.0
hgt	None	dead	0.0	0.0	0.0	0.0	0.0	0.0	0.0	0.0
hgt	None	dead	0.0	0.0	0.0	0.0	0.0	0.0	0.0	0.0
hgt	1467	GCA.002292925.1.Bacteria.Chloroflexota	2363.295	0.0	1181.6475	2590.38	2136.21	0.0	0.0	1295.19
hgt	1461	GCA.002413265.1.Bacteria.Chloroflexota	2433.39	0.0	1216.695	2666.93	2199.85	0.0	0.0	1333.465
hgt	741	GCA.003220615.1.Bacteria.Methylomirabilota	2582.55	0.0	1291.275	2791.15	2373.95	0.0	0.0	1395.575
hgt	1446	1440	2467.265	2358.68	2412.9725	2650.86	2283.67	2549.6	2167.76	2409.31
los	None	dead	0.0	0.0	0.0	0.0	0.0	0.0	0.0	0.0
spe	1446	1440	2467.265	2358.68	2412.9725	2650.86	2283.67	2549.6	2167.76	2409.31
spe	1440	1439	2358.68	2159.315	2258.9975	2549.6	2167.76	2363.76	1954.87	2252.235
los	1439	1438	2159.315	1986.755	2073.035	2363.76	1954.87	2210.66	1762.85	2063.305
dup	741	GCA.003220615.1.Bacteria.Methylomirabilota	2582.55	0.0	1291.275	2791.15	2373.95	0.0	0.0	1395.575
hgt	None	dead	0.0	0.0	0.0	0.0	0.0	0.0	0.0	0.0
hgt	436	435	2217.14	2071.245	2144.1925	2372.03	2062.25	2233.96	1908.53	2140.28
hgt	506	GCA.002480495.1.Bacteria.Proteobacteria	1610.765	0.0	805.3825	1805.19	1416.34	0.0	0.0	902.595
hgt	446	GCA.002717185.1.Bacteria.Proteobacteria	1951.09	0.0	975.545	2125.17	1777.01	0.0	0.0	1062.585
los	None	dead	0.0	0.0	0.0	0.0	0.0	0.0	0.0	0.0
hgt	468	GCF.900167455.1.Bacteria.Proteobacteria	1847.82	0.0	923.91	2029.0	1666.64	0.0	0.0	1014.5
spe	436	435	2217.14	2071.245	2144.1925	2372.03	2062.25	2233.96	1908.53	2140.28
hgt	495	GCA.002796975.1.Bacteria.Proteobacteria	1736.875	0.0	868.4375	1936.33	1537.42	0.0	0.0	968.165
hgt	492	GCF.900172325.1.Bacteria.Proteobacteria	1826.375	0.0	913.1875	2015.92	1636.83	0.0	0.0	1007.96
spe	435	434	2071.245	1886.935	1979.09	2233.96	1908.53	2078.21	1695.66	1964.81
hgt	None	dead	0.0	0.0	0.0	0.0	0.0	0.0	0.0	0.0
los	434	GCA.002238885.1.Bacteria.Proteobacteria	1886.935	0.0	943.4675	2078.21	1695.66	0.0	0.0	1039.105
hgt	498	GCA.002731375.1.Bacteria.Proteobacteria	1734.36	0.0	867.18	1926.5	1542.22	0.0	0.0	963.25
los	None	dead	0.0	0.0	0.0	0.0	0.0	0.0	0.0	0.0
hgt	None	dead	0.0	0.0	0.0	0.0	0.0	0.0	0.0	0.0
hgt	None	dead	0.0	0.0	0.0	0.0	0.0	0.0	0.0	0.0
hgt	None	dead	0.0	0.0	0.0	0.0	0.0	0.0	0.0	0.0
hgt	435	GCA.006969625.1.Bacteria.Proteobacteria	2071.245	0.0	1035.6225	2233.96	1908.53	0.0	0.0	1116.98
los	None	dead	0.0	0.0	0.0	0.0	0.0	0.0	0.0	0.0
hgt	None	dead	0.0	0.0	0.0	0.0	0.0	0.0	0.0	0.0
hgt	None	dead	0.0	0.0	0.0	0.0	0.0	0.0	0.0	0.0
hgt	515	514	2401.52	2299.515	2350.5175	2548.4	2254.64	2448.11	2150.92	2349.66
hgt	486	GCA.002721365.1.Bacteria.Proteobacteria	1956.2	0.0	978.1	2130.74	1781.66	0.0	0.0	1065.37
los	None	dead	0.0	0.0	0.0	0.0	0.0	0.0	0.0	0.0
spe	515	514	2401.52	2299.515	2350.5175	2548.4	2254.64	2448.11	2150.92	2349.66
spe	514	513	2299.515	2253.55	2276.5325	2448.11	2150.92	2403.09	2104.01	2276.06
hgt	None	dead	0.0	0.0	0.0	0.0	0.0	0.0	0.0	0.0
hgt	506	GCA.002480495.1.Bacteria.Proteobacteria	1610.765	0.0	805.3825	1805.19	1416.34	0.0	0.0	902.595
los	None	dead	0.0	0.0	0.0	0.0	0.0	0.0	0.0	0.0
spe	513	512	2253.55	2172.63	2213.09	2403.09	2104.01	2326.95	2018.31	2210.7
spe	512	486	2172.63	1956.2	2064.415	2326.95	2018.31	2130.74	1781.66	2054.305
los	486	GCA.002721365.1.Bacteria.Proteobacteria	1956.2	0.0	978.1	2130.74	1781.66	0.0	0.0	1065.37
spe	512	511	2172.63	2112.01	2142.32	2326.95	2018.31	2268.74	1955.28	2141.115
spe	511	510	2112.01	2056.505	2084.2575	2268.74	1955.28	2217.29	1895.72	2082.23
hgt	434	GCA.002898275.1.Bacteria.Proteobacteria	1886.935	0.0	943.4675	2078.21	1695.66	0.0	0.0	1039.105
spe	510	492	2056.505	1826.375	1941.44	2217.29	1895.72	2015.92	1636.83	1927.06
spe	510	509	2056.505	1977.465	2016.985	2217.29	1895.72	2143.57	1811.36	2014.325
hgt	None	dead	0.0	0.0	0.0	0.0	0.0	0.0	0.0	0.0
spe	509	508	1977.465	1872.275	1924.87	2143.57	1811.36	2045.43	1699.12	1921.345
los	508	507	1872.275	1662.025	1767.15	2045.43	1699.12	1849.48	1474.57	1760.0
spe	508	498	1872.275	1734.36	1803.3175	2045.43	1699.12	1926.5	1542.22	1793.825
los	498	GCF.000192575.1.Bacteria.Proteobacteria	1734.36	0.0	867.18	1926.5	1542.22	0.0	0.0	963.25
hgt	446	GCA.002717185.1.Bacteria.Proteobacteria	1951.09	0.0	975.545	2125.17	1777.01	0.0	0.0	1062.585
hgt	469	468	2003.935	1847.82	1925.8775	2168.56	1839.31	2029.0	1666.64	1917.6
hgt	458	456	2053.74	1898.57	1976.155	2214.88	1892.6	2073.0	1724.14	1969.51
los	None	dead	0.0	0.0	0.0	0.0	0.0	0.0	0.0	0.0
spe	458	456	2053.74	1898.57	1976.155	2214.88	1892.6	2073.0	1724.14	1969.51
spe	456	455	1898.57	1531.25	1714.91	2073.0	1724.14	1740.35	1322.15	1697.575
spe	455	454	1531.25	1369.765	1450.5075	1740.35	1322.15	1591.74	1147.79	1444.07
spe	454	453	1369.765	1231.6385	1300.70175	1591.74	1147.79	1464.03	999.247	1295.4935
los	453	GCA.002457765.1.Bacteria.Proteobacteria	1231.6385	0.0	615.81925	1464.03	999.247	0.0	0.0	732.015
hgt	468	GCF.900167455.1.Bacteria.Proteobacteria	1847.82	0.0	923.91	2029.0	1666.64	0.0	0.0	1014.5
spe	469	468	2003.935	1847.82	1925.8775	2168.56	1839.31	2029.0	1666.64	1917.6
spe	468	467	1847.82	1693.575	1770.6975	2029.0	1666.64	1896.55	1490.6	1759.8
los	467	GCA.002291925.1.Bacteria.Proteobacteria	1693.575	0.0	846.7875	1896.55	1490.6	0.0	0.0	948.275
spe	509	495	1977.465	1736.875	1857.17	2143.57	1811.36	1936.33	1537.42	1840.495
hgt	None	dead	0.0	0.0	0.0	0.0	0.0	0.0	0.0	0.0
los	495	GCF.003173035.1.Bacteria.Proteobacteria	1736.875	0.0	868.4375	1936.33	1537.42	0.0	0.0	968.165
hgt	467	GCF.003258945.1.Bacteria.Proteobacteria	1693.575	0.0	846.7875	1896.55	1490.6	0.0	0.0	948.275
los	None	dead	0.0	0.0	0.0	0.0	0.0	0.0	0.0	0.0
hgt	447	446	2113.215	1951.09	2032.1525	2272.38	1954.05	2125.17	1777.01	2024.695
spe	511	489	2112.01	1797.555	1954.7825	2268.74	1955.28	1997.49	1597.62	1933.18
los	489	GCA.002701885.1.Bacteria.Proteobacteria	1797.555	0.0	898.7775	1997.49	1597.62	0.0	0.0	998.745
dup	489	GCA.002348365.1.Bacteria.Proteobacteria	1797.555	0.0	898.7775	1997.49	1597.62	0.0	0.0	998.745
dup	489	GCA.002348365.1.Bacteria.Proteobacteria	1797.555	0.0	898.7775	1997.49	1597.62	0.0	0.0	998.745
dup	489	GCA.002348365.1.Bacteria.Proteobacteria	1797.555	0.0	898.7775	1997.49	1597.62	0.0	0.0	998.745
hgt	None	dead	0.0	0.0	0.0	0.0	0.0	0.0	0.0	0.0
hgt	467	GCF.003258945.1.Bacteria.Proteobacteria	1693.575	0.0	846.7875	1896.55	1490.6	0.0	0.0	948.275
hgt	468	GCF.900167455.1.Bacteria.Proteobacteria	1847.82	0.0	923.91	2029.0	1666.64	0.0	0.0	1014.5
los	None	dead	0.0	0.0	0.0	0.0	0.0	0.0	0.0	0.0
dup	489	GCA.002348365.1.Bacteria.Proteobacteria	1797.555	0.0	898.7775	1997.49	1597.62	0.0	0.0	998.745
hgt	None	dead	0.0	0.0	0.0	0.0	0.0	0.0	0.0	0.0
hgt	498	GCA.002731375.1.Bacteria.Proteobacteria	1734.36	0.0	867.18	1926.5	1542.22	0.0	0.0	963.25
hgt	467	GCF.003258945.1.Bacteria.Proteobacteria	1693.575	0.0	846.7875	1896.55	1490.6	0.0	0.0	948.275
los	None	dead	0.0	0.0	0.0	0.0	0.0	0.0	0.0	0.0
hgt	455	GCF.900102465.1.Bacteria.Proteobacteria	1531.25	0.0	765.625	1740.35	1322.15	0.0	0.0	870.175
hgt	492	GCF.002798435.1.Bacteria.Proteobacteria	1826.375	0.0	913.1875	2015.92	1636.83	0.0	0.0	1007.96
spe	447	446	2113.215	1951.09	2032.1525	2272.38	1954.05	2125.17	1777.01	2024.695
spe	446	445	1951.09	1836.495	1893.7925	2125.17	1777.01	2032.31	1640.68	1882.925
spe	445	444	1836.495	1669.2	1752.8475	2032.31	1640.68	1892.76	1445.64	1738.975
hgt	741	GCA.003220615.1.Bacteria.Methylomirabilota	2582.55	0.0	1291.275	2791.15	2373.95	0.0	0.0	1395.575
los	444	GCA.002686135.1.Bacteria.Proteobacteria	1669.2	0.0	834.6	1892.76	1445.64	0.0	0.0	946.38
hgt	446	GCA.002717185.1.Bacteria.Proteobacteria	1951.09	0.0	975.545	2125.17	1777.01	0.0	0.0	1062.585
hgt	446	GCA.002717185.1.Bacteria.Proteobacteria	1951.09	0.0	975.545	2125.17	1777.01	0.0	0.0	1062.585
dup	446	GCA.002717185.1.Bacteria.Proteobacteria	1951.09	0.0	975.545	2125.17	1777.01	0.0	0.0	1062.585
hgt	741	GCA.003220615.1.Bacteria.Methylomirabilota	2582.55	0.0	1291.275	2791.15	2373.95	0.0	0.0	1395.575
hgt	498	GCA.002731375.1.Bacteria.Proteobacteria	1734.36	0.0	867.18	1926.5	1542.22	0.0	0.0	963.25
dup	741	GCA.003220615.1.Bacteria.Methylomirabilota	2582.55	0.0	1291.275	2791.15	2373.95	0.0	0.0	1395.575
hgt	None	dead	0.0	0.0	0.0	0.0	0.0	0.0	0.0	0.0
hgt	489	GCA.002348365.1.Bacteria.Proteobacteria	1797.555	0.0	898.7775	1997.49	1597.62	0.0	0.0	998.745
los	None	dead	0.0	0.0	0.0	0.0	0.0	0.0	0.0	0.0
hgt	None	dead	0.0	0.0	0.0	0.0	0.0	0.0	0.0	0.0
hgt	469	468	2003.935	1847.82	1925.8775	2168.56	1839.31	2029.0	1666.64	1917.6
hgt	458	456	2053.74	1898.57	1976.155	2214.88	1892.6	2073.0	1724.14	1969.51
hgt	468	GCF.900167455.1.Bacteria.Proteobacteria	1847.82	0.0	923.91	2029.0	1666.64	0.0	0.0	1014.5
los	None	dead	0.0	0.0	0.0	0.0	0.0	0.0	0.0	0.0
hgt	435	GCA.006969625.1.Bacteria.Proteobacteria	2071.245	0.0	1035.6225	2233.96	1908.53	0.0	0.0	1116.98
spe	458	456	2053.74	1898.57	1976.155	2214.88	1892.6	2073.0	1724.14	1969.51
spe	456	455	1898.57	1531.25	1714.91	2073.0	1724.14	1740.35	1322.15	1697.575
los	455	454	1531.25	1369.765	1450.5075	1740.35	1322.15	1591.74	1147.79	1444.07
hgt	None	dead	0.0	0.0	0.0	0.0	0.0	0.0	0.0	0.0
hgt	498	GCA.002731375.1.Bacteria.Proteobacteria	1734.36	0.0	867.18	1926.5	1542.22	0.0	0.0	963.25
los	None	dead	0.0	0.0	0.0	0.0	0.0	0.0	0.0	0.0
spe	469	468	2003.935	1847.82	1925.8775	2168.56	1839.31	2029.0	1666.64	1917.6
spe	468	467	1847.82	1693.575	1770.6975	2029.0	1666.64	1896.55	1490.6	1759.8
los	467	GCA.002291925.1.Bacteria.Proteobacteria	1693.575	0.0	846.7875	1896.55	1490.6	0.0	0.0	948.275
spe	513	483	2253.55	2221.01	2237.28	2403.09	2104.01	2370.99	2071.03	2237.06
hgt	None	dead	0.0	0.0	0.0	0.0	0.0	0.0	0.0	0.0
hgt	486	GCA.002721365.1.Bacteria.Proteobacteria	1956.2	0.0	978.1	2130.74	1781.66	0.0	0.0	1065.37
los	None	dead	0.0	0.0	0.0	0.0	0.0	0.0	0.0	0.0
hgt	514	436	2299.515	2217.14	2258.3275	2448.11	2150.92	2372.03	2062.25	2255.18
spe	483	482	2221.01	2151.75	2186.38	2370.99	2071.03	2305.03	1998.47	2184.73
spe	482	458	2151.75	2053.74	2102.745	2305.03	1998.47	2214.88	1892.6	2098.815
hgt	None	dead	0.0	0.0	0.0	0.0	0.0	0.0	0.0	0.0
los	458	GCA.002340345.1.Bacteria.Proteobacteria	2053.74	0.0	1026.87	2214.88	1892.6	0.0	0.0	1107.44
hgt	506	GCA.001464215.1.Bacteria.Proteobacteria	1610.765	0.0	805.3825	1805.19	1416.34	0.0	0.0	902.595
los	None	dead	0.0	0.0	0.0	0.0	0.0	0.0	0.0	0.0
spe	458	456	2053.74	1898.57	1976.155	2214.88	1892.6	2073.0	1724.14	1969.51
spe	456	455	1898.57	1531.25	1714.91	2073.0	1724.14	1740.35	1322.15	1697.575
los	455	454	1531.25	1369.765	1450.5075	1740.35	1322.15	1591.74	1147.79	1444.07
dup	455	GCF.900102465.1.Bacteria.Proteobacteria	1531.25	0.0	765.625	1740.35	1322.15	0.0	0.0	870.175
hgt	468	GCF.900167455.1.Bacteria.Proteobacteria	1847.82	0.0	923.91	2029.0	1666.64	0.0	0.0	1014.5
hgt	492	GCF.002798435.1.Bacteria.Proteobacteria	1826.375	0.0	913.1875	2015.92	1636.83	0.0	0.0	1007.96
spe	482	481	2151.75	2091.815	2121.7825	2305.03	1998.47	2249.28	1934.35	2119.69
los	481	480	2091.815	1990.065	2040.94	2249.28	1934.35	2158.12	1822.01	2035.645
spe	481	469	2091.815	2003.935	2047.875	2249.28	1934.35	2168.56	1839.31	2044.295
los	469	468	2003.935	1847.82	1925.8775	2168.56	1839.31	2029.0	1666.64	1917.6
spe	469	463	2003.935	1889.86	1946.8975	2168.56	1839.31	2062.81	1716.91	1942.735
los	463	GCF.002251795.1.Bacteria.Proteobacteria	1889.86	0.0	944.93	2062.81	1716.91	0.0	0.0	1031.405
spe	463	462	1889.86	1641.635	1765.7475	2062.81	1716.91	1844.48	1438.79	1750.8
hgt	944	GCA.002712165.1.Bacteria.Proteobacteria	2081.795	0.0	1040.8975	2308.24	1855.35	0.0	0.0	1154.12
spe	514	436	2299.515	2217.14	2258.3275	2448.11	2150.92	2372.03	2062.25	2255.18
spe	436	435	2217.14	2071.245	2144.1925	2372.03	2062.25	2233.96	1908.53	2140.28
spe	435	434	2071.245	1886.935	1979.09	2233.96	1908.53	2078.21	1695.66	1964.81
los	434	GCA.002238885.1.Bacteria.Proteobacteria	1886.935	0.0	943.4675	2078.21	1695.66	0.0	0.0	1039.105
hgt	463	GCF.002251795.1.Bacteria.Proteobacteria	1889.86	0.0	944.93	2062.81	1716.91	0.0	0.0	1031.405
hgt	None	dead	0.0	0.0	0.0	0.0	0.0	0.0	0.0	0.0
hgt	489	GCA.002348365.1.Bacteria.Proteobacteria	1797.555	0.0	898.7775	1997.49	1597.62	0.0	0.0	998.745
los	None	dead	0.0	0.0	0.0	0.0	0.0	0.0	0.0	0.0
dup	489	GCA.002348365.1.Bacteria.Proteobacteria	1797.555	0.0	898.7775	1997.49	1597.62	0.0	0.0	998.745
hgt	None	dead	0.0	0.0	0.0	0.0	0.0	0.0	0.0	0.0
hgt	486	GCA.002721365.1.Bacteria.Proteobacteria	1956.2	0.0	978.1	2130.74	1781.66	0.0	0.0	1065.37
los	None	dead	0.0	0.0	0.0	0.0	0.0	0.0	0.0	0.0
hgt	741	GCA.003220615.1.Bacteria.Methylomirabilota	2582.55	0.0	1291.275	2791.15	2373.95	0.0	0.0	1395.575
dup	483	447	2221.01	2113.215	2167.1125	2370.99	2071.03	2272.38	1954.05	2162.52
spe	483	447	2221.01	2113.215	2167.1125	2370.99	2071.03	2272.38	1954.05	2162.52
spe	447	446	2113.215	1951.09	2032.1525	2272.38	1954.05	2125.17	1777.01	2024.695
spe	446	445	1951.09	1836.495	1893.7925	2125.17	1777.01	2032.31	1640.68	1882.925
los	445	GCA.002717225.1.Bacteria.Proteobacteria	1836.495	0.0	918.2475	2032.31	1640.68	0.0	0.0	1016.155
spe	445	444	1836.495	1669.2	1752.8475	2032.31	1640.68	1892.76	1445.64	1738.975
los	444	GCA.002686135.1.Bacteria.Proteobacteria	1669.2	0.0	834.6	1892.76	1445.64	0.0	0.0	946.38
dup	444	GCA.002348425.1.Bacteria.Proteobacteria	1669.2	0.0	834.6	1892.76	1445.64	0.0	0.0	946.38
hgt	439	GCA.002723345.1.Bacteria.Proteobacteria	1983.035	0.0	991.5175	2153.66	1812.41	0.0	0.0	1076.83
hgt	444	GCA.002348425.1.Bacteria.Proteobacteria	1669.2	0.0	834.6	1892.76	1445.64	0.0	0.0	946.38
spe	447	439	2113.215	1983.035	2048.125	2272.38	1954.05	2153.66	1812.41	2042.395
los	439	GCF.001613805.1.Bacteria.Proteobacteria	1983.035	0.0	991.5175	2153.66	1812.41	0.0	0.0	1076.83
dup	439	GCA.002723345.1.Bacteria.Proteobacteria	1983.035	0.0	991.5175	2153.66	1812.41	0.0	0.0	1076.83
dup	439	GCA.002723345.1.Bacteria.Proteobacteria	1983.035	0.0	991.5175	2153.66	1812.41	0.0	0.0	1076.83
dup	439	GCA.002723345.1.Bacteria.Proteobacteria	1983.035	0.0	991.5175	2153.66	1812.41	0.0	0.0	1076.83
hgt	444	GCA.002348425.1.Bacteria.Proteobacteria	1669.2	0.0	834.6	1892.76	1445.64	0.0	0.0	946.38
dup	439	GCA.002723345.1.Bacteria.Proteobacteria	1983.035	0.0	991.5175	2153.66	1812.41	0.0	0.0	1076.83
hgt	468	GCF.900167455.1.Bacteria.Proteobacteria	1847.82	0.0	923.91	2029.0	1666.64	0.0	0.0	1014.5
hgt	741	GCA.003220615.1.Bacteria.Methylomirabilota	2582.55	0.0	1291.275	2791.15	2373.95	0.0	0.0	1395.575
spe	483	447	2221.01	2113.215	2167.1125	2370.99	2071.03	2272.38	1954.05	2162.52
spe	447	446	2113.215	1951.09	2032.1525	2272.38	1954.05	2125.17	1777.01	2024.695
spe	446	445	1951.09	1836.495	1893.7925	2125.17	1777.01	2032.31	1640.68	1882.925
spe	445	444	1836.495	1669.2	1752.8475	2032.31	1640.68	1892.76	1445.64	1738.975
hgt	489	GCA.002348365.1.Bacteria.Proteobacteria	1797.555	0.0	898.7775	1997.49	1597.62	0.0	0.0	998.745
los	444	GCA.002686135.1.Bacteria.Proteobacteria	1669.2	0.0	834.6	1892.76	1445.64	0.0	0.0	946.38
spe	447	439	2113.215	1983.035	2048.125	2272.38	1954.05	2153.66	1812.41	2042.395
hgt	None	dead	0.0	0.0	0.0	0.0	0.0	0.0	0.0	0.0
los	439	GCF.001613805.1.Bacteria.Proteobacteria	1983.035	0.0	991.5175	2153.66	1812.41	0.0	0.0	1076.83
hgt	444	GCA.002348425.1.Bacteria.Proteobacteria	1669.2	0.0	834.6	1892.76	1445.64	0.0	0.0	946.38
los	None	dead	0.0	0.0	0.0	0.0	0.0	0.0	0.0	0.0
dup	444	GCA.002348425.1.Bacteria.Proteobacteria	1669.2	0.0	834.6	1892.76	1445.64	0.0	0.0	946.38
hgt	489	GCA.002348365.1.Bacteria.Proteobacteria	1797.555	0.0	898.7775	1997.49	1597.62	0.0	0.0	998.745
spe	514	436	2299.515	2217.14	2258.3275	2448.11	2150.92	2372.03	2062.25	2255.18
los	436	435	2217.14	2071.245	2144.1925	2372.03	2062.25	2233.96	1908.53	2140.28
dup	436	GCA.002722885.1.Bacteria.Proteobacteria	2217.14	0.0	1108.57	2372.03	2062.25	0.0	0.0	1186.015
dup	436	GCA.002722885.1.Bacteria.Proteobacteria	2217.14	0.0	1108.57	2372.03	2062.25	0.0	0.0	1186.015
hgt	512	486	2172.63	1956.2	2064.415	2326.95	2018.31	2130.74	1781.66	2054.305
hgt	446	GCA.002717185.1.Bacteria.Proteobacteria	1951.09	0.0	975.545	2125.17	1777.01	0.0	0.0	1062.585
los	None	dead	0.0	0.0	0.0	0.0	0.0	0.0	0.0	0.0
spe	512	486	2172.63	1956.2	2064.415	2326.95	2018.31	2130.74	1781.66	2054.305
hgt	468	GCF.900167455.1.Bacteria.Proteobacteria	1847.82	0.0	923.91	2029.0	1666.64	0.0	0.0	1014.5
hgt	462	GCF.000315795.1.Bacteria.Proteobacteria	1641.635	0.0	820.8175	1844.48	1438.79	0.0	0.0	922.24
hgt	486	GCF.000264455.2.Bacteria.Proteobacteria	1956.2	0.0	978.1	2130.74	1781.66	0.0	0.0	1065.37
los	None	dead	0.0	0.0	0.0	0.0	0.0	0.0	0.0	0.0
hgt	400	GCA.002707655.1.Bacteria.SAR324	2693.845	0.0	1346.9225	2881.53	2506.16	0.0	0.0	1440.765
dup	None	dead	0.0	0.0	0.0	0.0	0.0	0.0	0.0	0.0
hgt	492	GCF.002798435.1.Bacteria.Proteobacteria	1826.375	0.0	913.1875	2015.92	1636.83	0.0	0.0	1007.96
hgt	434	GCA.002238885.1.Bacteria.Proteobacteria	1886.935	0.0	943.4675	2078.21	1695.66	0.0	0.0	1039.105
los	None	dead	0.0	0.0	0.0	0.0	0.0	0.0	0.0	0.0
hgt	467	GCF.003258945.1.Bacteria.Proteobacteria	1693.575	0.0	846.7875	1896.55	1490.6	0.0	0.0	948.275
hgt	458	456	2053.74	1898.57	1976.155	2214.88	1892.6	2073.0	1724.14	1969.51
hgt	574	GCF.000374645.1.Bacteria.Proteobacteria	1962.545	0.0	981.2725	2146.1	1778.99	0.0	0.0	1073.05
hgt	552	GCF.001614315.2.Bacteria.Proteobacteria	1988.77	0.0	994.385	2174.6	1802.94	0.0	0.0	1087.3
los	None	dead	0.0	0.0	0.0	0.0	0.0	0.0	0.0	0.0
spe	458	456	2053.74	1898.57	1976.155	2214.88	1892.6	2073.0	1724.14	1969.51
spe	456	455	1898.57	1531.25	1714.91	2073.0	1724.14	1740.35	1322.15	1697.575
los	455	454	1531.25	1369.765	1450.5075	1740.35	1322.15	1591.74	1147.79	1444.07
hgt	1128	GCA.002898935.1.Bacteria.CSP1.3	3141.47	0.0	1570.735	3292.49	2990.45	0.0	0.0	1646.245
hgt	1406	GCA.002710215.1.Bacteria.Chloroflexota	2276.4	0.0	1138.2	2475.71	2077.09	0.0	0.0	1237.855
hgt	1228	GCA.003023725.1.Bacteria.Firmicutes.E	2573.425	0.0	1286.7125	2761.84	2385.01	0.0	0.0	1380.92
hgt	1338	1337	2111.765	1832.425	1972.095	2295.35	1928.18	2086.82	1578.03	1936.69
los	None	dead	0.0	0.0	0.0	0.0	0.0	0.0	0.0	0.0
spe	1338	1337	2111.765	1832.425	1972.095	2295.35	1928.18	2086.82	1578.03	1936.69
hgt	1379	1355	2060.89	1845.21	1953.05	2221.1	1900.68	2026.05	1664.37	1942.735
spe	1379	1355	2060.89	1845.21	1953.05	2221.1	1900.68	2026.05	1664.37	1942.735
spe	1470	1469	2595.865	2472.76	2534.3125	2779.45	2412.28	2679.0	2266.52	2522.985
los	1469	1467	2472.76	2363.295	2418.0275	2679.0	2266.52	2590.38	2136.21	2407.605
dup	1469	GCA.001898225.1.Bacteria.Chloroflexota	2472.76	0.0	1236.38	2679.0	2266.52	0.0	0.0	1339.5
hgt	None	dead	0.0	0.0	0.0	0.0	0.0	0.0	0.0	0.0
dup	None	dead	0.0	0.0	0.0	0.0	0.0	0.0	0.0	0.0
hgt	1226	GCA.003242195.1.Bacteria.Firmicutes.E	2297.705	0.0	1148.8525	2529.25	2066.16	0.0	0.0	1264.625
los	None	dead	0.0	0.0	0.0	0.0	0.0	0.0	0.0	0.0
hgt	1169	1168	2691.26	2631.565	2661.4125	2854.89	2527.63	2798.58	2464.55	2659.72
los	None	dead	0.0	0.0	0.0	0.0	0.0	0.0	0.0	0.0
hgt	None	dead	0.0	0.0	0.0	0.0	0.0	0.0	0.0	0.0
hgt	1158	GCF.001942305.1.Bacteria.Actinobacteriota	1386.605	0.0	693.3025	1639.35	1133.86	0.0	0.0	819.675
hgt	1180	GCF.001029505.1.Bacteria.Actinobacteriota	2587.79	0.0	1293.895	2773.12	2402.46	0.0	0.0	1386.56
los	None	dead	0.0	0.0	0.0	0.0	0.0	0.0	0.0	0.0
dup	1180	GCF.001029505.1.Bacteria.Actinobacteriota	2587.79	0.0	1293.895	2773.12	2402.46	0.0	0.0	1386.56
spe	1169	1168	2691.26	2631.565	2661.4125	2854.89	2527.63	2798.58	2464.55	2659.72
spe	1168	1148	2631.565	2328.75	2480.1575	2798.58	2464.55	2528.83	2128.67	2463.625
los	1148	GCA.003021615.1.Bacteria.Actinobacteriota	2328.75	0.0	1164.375	2528.83	2128.67	0.0	0.0	1264.415
spe	1168	1167	2631.565	2503.64	2567.6025	2798.58	2464.55	2682.48	2324.8	2561.69
los	1167	GCA.002413185.1.Bacteria.Actinobacteriota	2503.64	0.0	1251.82	2682.48	2324.8	0.0	0.0	1341.24
spe	1167	1166	2503.64	1991.825	2247.7325	2682.48	2324.8	2191.81	1791.84	2237.16
spe	1166	1165	1991.825	1840.865	1916.345	2191.81	1791.84	2058.77	1622.96	1907.385
spe	1165	1164	1840.865	1690.82	1765.8425	2058.77	1622.96	1917.35	1464.29	1761.53
los	1164	1160	1690.82	1520.98	1605.9	1917.35	1464.29	1761.58	1280.38	1598.865
spe	1164	1163	1690.82	1488.035	1589.4275	1917.35	1464.29	1730.27	1245.8	1581.575
los	1163	GCA.001437855.1.Bacteria.Actinobacteriota	1488.035	0.0	744.0175	1730.27	1245.8	0.0	0.0	865.135
spe	1165	1155	1840.865	1711.135	1776.0	2058.77	1622.96	1936.0	1486.27	1772.52
hgt	None	dead	0.0	0.0	0.0	0.0	0.0	0.0	0.0	0.0
los	1155	GCF.003443735.1.Bacteria.Actinobacteriota	1711.135	0.0	855.5675	1936.0	1486.27	0.0	0.0	968.0
hgt	1158	GCF.900106035.1.Bacteria.Actinobacteriota	1386.605	0.0	693.3025	1639.35	1133.86	0.0	0.0	819.675
los	None	dead	0.0	0.0	0.0	0.0	0.0	0.0	0.0	0.0
spe	1155	1154	1711.135	1356.86	1533.9975	1936.0	1486.27	1624.69	1089.03	1512.515
spe	1475	1463	2883.705	2750.56	2817.1325	3039.71	2727.7	2918.34	2582.78	2811.245
hgt	713	699	2694.49	2612.33	2653.41	2850.89	2538.09	2771.91	2452.75	2651.82
spe	1463	1457	2750.56	2476.295	2613.4275	2918.34	2582.78	2697.47	2255.12	2586.73
los	1457	GCA.002404055.1.Bacteria.Chloroflexota	2476.295	0.0	1238.1475	2697.47	2255.12	0.0	0.0	1348.735
spe	713	699	2694.49	2612.33	2653.41	2850.89	2538.09	2771.91	2452.75	2651.82
spe	699	681	2612.33	2463.525	2537.9275	2771.91	2452.75	2639.97	2287.08	2529.495
los	681	680	2463.525	2328.61	2396.0675	2639.97	2287.08	2523.34	2133.88	2386.925
spe	699	698	2612.33	2454.615	2533.4725	2771.91	2452.75	2624.66	2284.57	2528.24
spe	698	686	2454.615	2295.75	2375.1825	2624.66	2284.57	2486.27	2105.23	2364.945
los	686	GCA.002451015.1.Bacteria.Acidobacteriota	2295.75	0.0	1147.875	2486.27	2105.23	0.0	0.0	1243.135
spe	686	684	2295.75	1980.48	2138.115	2486.27	2105.23	2216.57	1744.39	2115.33
hgt	746	GCA.002238965.1.Bacteria.UBA8248	2548.44	0.0	1274.22	2767.72	2329.16	0.0	0.0	1383.86
hgt	347	GCA.002683135.1.Bacteria.Planctomycetota	2546.45	0.0	1273.225	2726.66	2366.24	0.0	0.0	1363.33
los	684	GCA.003223975.1.Bacteria.Acidobacteriota	1980.48	0.0	990.24	2216.57	1744.39	0.0	0.0	1108.285
spe	698	697	2454.615	2258.95	2356.7825	2624.66	2284.57	2444.95	2072.95	2348.805
spe	697	696	2258.95	2077.305	2168.1275	2444.95	2072.95	2277.79	1876.82	2160.885
hgt	1116	GCA.002898575.1.Bacteria.Armatimonadota	2746.26	0.0	1373.13	2951.68	2540.84	0.0	0.0	1475.84
los	696	GCA.003224665.1.Bacteria.Acidobacteriota	2077.305	0.0	1038.6525	2277.79	1876.82	0.0	0.0	1138.895
spe	696	695	2077.305	1981.07	2029.1875	2277.79	1876.82	2189.24	1772.9	2025.345
los	695	GCA.003131705.1.Bacteria.Acidobacteriota	1981.07	0.0	990.535	2189.24	1772.9	0.0	0.0	1094.62
spe	695	694	1981.07	1909.495	1945.2825	2189.24	1772.9	2127.24	1691.75	1940.495
los	694	GCA.001767075.1.Bacteria.Acidobacteriota	1909.495	0.0	954.7475	2127.24	1691.75	0.0	0.0	1063.62
spe	694	692	1909.495	1806.3	1857.8975	2127.24	1691.75	2047.7	1564.9	1846.07
los	692	GCA.003140235.1.Bacteria.Acidobacteriota	1806.3	0.0	903.15	2047.7	1564.9	0.0	0.0	1023.85
hgt	1474	1470	2804.86	2595.865	2700.3625	2967.88	2641.84	2779.45	2412.28	2690.08
hgt	None	dead	0.0	0.0	0.0	0.0	0.0	0.0	0.0	0.0
hgt	1396	GCA.003151665.1.Bacteria.Dormibacterota	2525.675	0.0	1262.8375	2773.68	2277.67	0.0	0.0	1386.84
los	None	dead	0.0	0.0	0.0	0.0	0.0	0.0	0.0	0.0
spe	1463	1462	2750.56	2688.275	2719.4175	2918.34	2582.78	2865.83	2510.72	2714.53
los	1462	GCA.002436065.1.Bacteria.Chloroflexota	2688.275	0.0	1344.1375	2865.83	2510.72	0.0	0.0	1432.915
hgt	None	dead	0.0	0.0	0.0	0.0	0.0	0.0	0.0	0.0
hgt	None	dead	0.0	0.0	0.0	0.0	0.0	0.0	0.0	0.0
hgt	1236	1228	2683.21	2573.425	2628.3175	2852.16	2514.26	2761.84	2385.01	2618.585
los	None	dead	0.0	0.0	0.0	0.0	0.0	0.0	0.0	0.0
spe	1236	1228	2683.21	2573.425	2628.3175	2852.16	2514.26	2761.84	2385.01	2618.585
spe	1228	1227	2573.425	2407.625	2490.525	2761.84	2385.01	2618.59	2196.66	2479.25
los	1227	GCA.003242675.1.Bacteria.Firmicutes.E	2407.625	0.0	1203.8125	2618.59	2196.66	0.0	0.0	1309.295
spe	1227	1226	2407.625	2297.705	2352.665	2618.59	2196.66	2529.25	2066.16	2342.375
hgt	1439	GCF.900187885.1.Bacteria.Chloroflexota	2159.315	0.0	1079.6575	2363.76	1954.87	0.0	0.0	1181.88
los	1226	GCA.002385465.1.Bacteria.Firmicutes.E	2297.705	0.0	1148.8525	2529.25	2066.16	0.0	0.0	1264.625
hgt	1341	GCF.001653195.1.Bacteria.Firmicutes	2078.19	0.0	1039.095	2272.57	1883.81	0.0	0.0	1136.285
spe	1462	1461	2688.275	2433.39	2560.8325	2865.83	2510.72	2666.93	2199.85	2532.84
hgt	None	dead	0.0	0.0	0.0	0.0	0.0	0.0	0.0	0.0
hgt	1148	GCF.000969705.1.Bacteria.Actinobacteriota	2328.75	0.0	1164.375	2528.83	2128.67	0.0	0.0	1264.415
hgt	1396	GCA.003151665.1.Bacteria.Dormibacterota	2525.675	0.0	1262.8375	2773.68	2277.67	0.0	0.0	1386.84
hgt	532	GCA.001750625.1.Bacteria.Proteobacteria	2186.645	0.0	1093.3225	2379.45	1993.84	0.0	0.0	1189.725
hgt	1158	GCF.900106035.1.Bacteria.Actinobacteriota	1386.605	0.0	693.3025	1639.35	1133.86	0.0	0.0	819.675
los	None	dead	0.0	0.0	0.0	0.0	0.0	0.0	0.0	0.0
hgt	552	GCF.001614315.2.Bacteria.Proteobacteria	1988.77	0.0	994.385	2174.6	1802.94	0.0	0.0	1087.3
hgt	107	GCA.003019535.1.Archaea.Thermoproteota	2229.765	0.0	1114.8825	2447.7	2011.83	0.0	0.0	1223.85
hgt	1473	GCA.001443375.1.Bacteria.Chloroflexota	2043.005	0.0	1021.5025	2324.44	1761.57	0.0	0.0	1162.22
hgt	1469	GCA.001898225.1.Bacteria.Chloroflexota	2472.76	0.0	1236.38	2679.0	2266.52	0.0	0.0	1339.5
hgt	400	GCA.002707655.1.Bacteria.SAR324	2693.845	0.0	1346.9225	2881.53	2506.16	0.0	0.0	1440.765
hgt	None	dead	0.0	0.0	0.0	0.0	0.0	0.0	0.0	0.0
hgt	741	GCA.003220615.1.Bacteria.Methylomirabilota	2582.55	0.0	1291.275	2791.15	2373.95	0.0	0.0	1395.575
hgt	684	GCA.002483445.1.Bacteria.Acidobacteriota	1980.48	0.0	990.24	2216.57	1744.39	0.0	0.0	1108.285
los	None	dead	0.0	0.0	0.0	0.0	0.0	0.0	0.0	0.0
hgt	107	GCA.003019535.1.Archaea.Thermoproteota	2229.765	0.0	1114.8825	2447.7	2011.83	0.0	0.0	1223.85
hgt	101	GCF.000011205.1.Archaea.Thermoproteota	2213.35	0.0	1106.675	2410.41	2016.29	0.0	0.0	1205.205
los	None	dead	0.0	0.0	0.0	0.0	0.0	0.0	0.0	0.0
spe	1474	1470	2804.86	2595.865	2700.3625	2967.88	2641.84	2779.45	2412.28	2690.08
hgt	None	dead	0.0	0.0	0.0	0.0	0.0	0.0	0.0	0.0
hgt	468	GCF.900167455.1.Bacteria.Proteobacteria	1847.82	0.0	923.91	2029.0	1666.64	0.0	0.0	1014.5
hgt	849	GCF.000266945.1.Bacteria.Desulfobacterota	2490.935	0.0	1245.4675	2688.39	2293.48	0.0	0.0	1344.195
los	None	dead	0.0	0.0	0.0	0.0	0.0	0.0	0.0	0.0
hgt	741	GCA.003220615.1.Bacteria.Methylomirabilota	2582.55	0.0	1291.275	2791.15	2373.95	0.0	0.0	1395.575
spe	1470	1469	2595.865	2472.76	2534.3125	2779.45	2412.28	2679.0	2266.52	2522.985
los	1469	1467	2472.76	2363.295	2418.0275	2679.0	2266.52	2590.38	2136.21	2407.605
dup	741	GCA.003220615.1.Bacteria.Methylomirabilota	2582.55	0.0	1291.275	2791.15	2373.95	0.0	0.0	1395.575
dup	741	GCA.003220615.1.Bacteria.Methylomirabilota	2582.55	0.0	1291.275	2791.15	2373.95	0.0	0.0	1395.575
dup	741	GCA.003220615.1.Bacteria.Methylomirabilota	2582.55	0.0	1291.275	2791.15	2373.95	0.0	0.0	1395.575
hgt	1128	GCA.002898935.1.Bacteria.CSP1.3	3141.47	0.0	1570.735	3292.49	2990.45	0.0	0.0	1646.245
hgt	None	dead	0.0	0.0	0.0	0.0	0.0	0.0	0.0	0.0
hgt	1148	GCF.000969705.1.Bacteria.Actinobacteriota	2328.75	0.0	1164.375	2528.83	2128.67	0.0	0.0	1264.415
los	None	dead	0.0	0.0	0.0	0.0	0.0	0.0	0.0	0.0
hgt	None	dead	0.0	0.0	0.0	0.0	0.0	0.0	0.0	0.0
hgt	1402	GCA.003228115.1.Bacteria.Chloroflexota	2331.705	0.0	1165.8525	2524.09	2139.32	0.0	0.0	1262.045
los	None	dead	0.0	0.0	0.0	0.0	0.0	0.0	0.0	0.0
dup	1402	GCA.003228115.1.Bacteria.Chloroflexota	2331.705	0.0	1165.8525	2524.09	2139.32	0.0	0.0	1262.045
hgt	746	GCF.900079095.1.Bacteria.Tectomicrobia	2548.44	0.0	1274.22	2767.72	2329.16	0.0	0.0	1383.86
dup	746	GCF.900079095.1.Bacteria.Tectomicrobia	2548.44	0.0	1274.22	2767.72	2329.16	0.0	0.0	1383.86
hgt	1406	GCA.002710215.1.Bacteria.Chloroflexota	2276.4	0.0	1138.2	2475.71	2077.09	0.0	0.0	1237.855
dup	1406	GCA.002710215.1.Bacteria.Chloroflexota	2276.4	0.0	1138.2	2475.71	2077.09	0.0	0.0	1237.855
dup	1406	GCA.002710215.1.Bacteria.Chloroflexota	2276.4	0.0	1138.2	2475.71	2077.09	0.0	0.0	1237.855
dup	741	GCA.003220615.1.Bacteria.Methylomirabilota	2582.55	0.0	1291.275	2791.15	2373.95	0.0	0.0	1395.575
hgt	None	dead	0.0	0.0	0.0	0.0	0.0	0.0	0.0	0.0
hgt	None	dead	0.0	0.0	0.0	0.0	0.0	0.0	0.0	0.0
hgt	1338	1337	2111.765	1832.425	1972.095	2295.35	1928.18	2086.82	1578.03	1936.69
hgt	489	GCA.002348365.1.Bacteria.Proteobacteria	1797.555	0.0	898.7775	1997.49	1597.62	0.0	0.0	998.745
los	None	dead	0.0	0.0	0.0	0.0	0.0	0.0	0.0	0.0
dup	489	GCA.002348365.1.Bacteria.Proteobacteria	1797.555	0.0	898.7775	1997.49	1597.62	0.0	0.0	998.745
spe	1338	1337	2111.765	1832.425	1972.095	2295.35	1928.18	2086.82	1578.03	1936.69
dup	741	GCA.003220615.1.Bacteria.Methylomirabilota	2582.55	0.0	1291.275	2791.15	2373.95	0.0	0.0	1395.575
hgt	None	dead	0.0	0.0	0.0	0.0	0.0	0.0	0.0	0.0
hgt	446	GCA.002717185.1.Bacteria.Proteobacteria	1951.09	0.0	975.545	2125.17	1777.01	0.0	0.0	1062.585
hgt	796	GCA.002238415.1.Bacteria.Desulfobacterota.B	2368.175	0.0	1184.0875	2549.94	2186.41	0.0	0.0	1274.97
hgt	1141	GCA.003140175.1.Bacteria.Actinobacteriota	2008.575	0.0	1004.2875	2245.24	1771.91	0.0	0.0	1122.62
hgt	1402	GCA.003228115.1.Bacteria.Chloroflexota	2331.705	0.0	1165.8525	2524.09	2139.32	0.0	0.0	1262.045
los	None	dead	0.0	0.0	0.0	0.0	0.0	0.0	0.0	0.0
hgt	536	GCF.900111015.1.Bacteria.Proteobacteria	2343.3	0.0	1171.65	2502.24	2184.36	0.0	0.0	1251.12
dup	1141	GCA.003140175.1.Bacteria.Actinobacteriota	2008.575	0.0	1004.2875	2245.24	1771.91	0.0	0.0	1122.62
dup	796	GCA.002238415.1.Bacteria.Desulfobacterota.B	2368.175	0.0	1184.0875	2549.94	2186.41	0.0	0.0	1274.97
dup	796	GCA.002238415.1.Bacteria.Desulfobacterota.B	2368.175	0.0	1184.0875	2549.94	2186.41	0.0	0.0	1274.97
dup	796	GCA.002238415.1.Bacteria.Desulfobacterota.B	2368.175	0.0	1184.0875	2549.94	2186.41	0.0	0.0	1274.97
hgt	1148	GCF.000969705.1.Bacteria.Actinobacteriota	2328.75	0.0	1164.375	2528.83	2128.67	0.0	0.0	1264.415
dup	446	GCA.002717185.1.Bacteria.Proteobacteria	1951.09	0.0	975.545	2125.17	1777.01	0.0	0.0	1062.585
hgt	498	GCA.002731375.1.Bacteria.Proteobacteria	1734.36	0.0	867.18	1926.5	1542.22	0.0	0.0	963.25
hgt	None	dead	0.0	0.0	0.0	0.0	0.0	0.0	0.0	0.0
hgt	456	GCF.002148795.1.Bacteria.Proteobacteria	1898.57	0.0	949.285	2073.0	1724.14	0.0	0.0	1036.5
hgt	435	GCA.006969625.1.Bacteria.Proteobacteria	2071.245	0.0	1035.6225	2233.96	1908.53	0.0	0.0	1116.98
los	None	dead	0.0	0.0	0.0	0.0	0.0	0.0	0.0	0.0
hgt	1158	GCF.001942305.1.Bacteria.Actinobacteriota	1386.605	0.0	693.3025	1639.35	1133.86	0.0	0.0	819.675
dup	741	GCA.003220615.1.Bacteria.Methylomirabilota	2582.55	0.0	1291.275	2791.15	2373.95	0.0	0.0	1395.575
hgt	None	dead	0.0	0.0	0.0	0.0	0.0	0.0	0.0	0.0
dup	None	dead	0.0	0.0	0.0	0.0	0.0	0.0	0.0	0.0
hgt	446	GCA.002717185.1.Bacteria.Proteobacteria	1951.09	0.0	975.545	2125.17	1777.01	0.0	0.0	1062.585
hgt	498	GCA.002731375.1.Bacteria.Proteobacteria	1734.36	0.0	867.18	1926.5	1542.22	0.0	0.0	963.25
los	None	dead	0.0	0.0	0.0	0.0	0.0	0.0	0.0	0.0
hgt	483	447	2221.01	2113.215	2167.1125	2370.99	2071.03	2272.38	1954.05	2162.52
los	None	dead	0.0	0.0	0.0	0.0	0.0	0.0	0.0	0.0
hgt	None	dead	0.0	0.0	0.0	0.0	0.0	0.0	0.0	0.0
hgt	462	GCF.006980715.1.Bacteria.Proteobacteria	1641.635	0.0	820.8175	1844.48	1438.79	0.0	0.0	922.24
los	None	dead	0.0	0.0	0.0	0.0	0.0	0.0	0.0	0.0
spe	483	447	2221.01	2113.215	2167.1125	2370.99	2071.03	2272.38	1954.05	2162.52
spe	447	439	2113.215	1983.035	2048.125	2272.38	1954.05	2153.66	1812.41	2042.395
hgt	None	dead	0.0	0.0	0.0	0.0	0.0	0.0	0.0	0.0
los	439	GCF.001613805.1.Bacteria.Proteobacteria	1983.035	0.0	991.5175	2153.66	1812.41	0.0	0.0	1076.83
hgt	495	GCA.002796975.1.Bacteria.Proteobacteria	1736.875	0.0	868.4375	1936.33	1537.42	0.0	0.0	968.165
los	None	dead	0.0	0.0	0.0	0.0	0.0	0.0	0.0	0.0
spe	447	446	2113.215	1951.09	2032.1525	2272.38	1954.05	2125.17	1777.01	2024.695
spe	446	445	1951.09	1836.495	1893.7925	2125.17	1777.01	2032.31	1640.68	1882.925
los	445	GCA.002717225.1.Bacteria.Proteobacteria	1836.495	0.0	918.2475	2032.31	1640.68	0.0	0.0	1016.155
spe	445	444	1836.495	1669.2	1752.8475	2032.31	1640.68	1892.76	1445.64	1738.975
los	444	GCA.002686135.1.Bacteria.Proteobacteria	1669.2	0.0	834.6	1892.76	1445.64	0.0	0.0	946.38
hgt	796	GCA.002238415.1.Bacteria.Desulfobacterota.B	2368.175	0.0	1184.0875	2549.94	2186.41	0.0	0.0	1274.97
hgt	498	GCA.002731375.1.Bacteria.Proteobacteria	1734.36	0.0	867.18	1926.5	1542.22	0.0	0.0	963.25
hgt	797	796	2488.59	2368.175	2428.3825	2661.77	2315.41	2549.94	2186.41	2424.09
hgt	107	GCA.003019535.1.Archaea.Thermoproteota	2229.765	0.0	1114.8825	2447.7	2011.83	0.0	0.0	1223.85
los	None	dead	0.0	0.0	0.0	0.0	0.0	0.0	0.0	0.0
spe	797	796	2488.59	2368.175	2428.3825	2661.77	2315.41	2549.94	2186.41	2424.09
spe	796	795	2368.175	2229.875	2299.025	2549.94	2186.41	2422.94	2036.81	2293.375
los	795	791	2229.875	2015.09	2122.4825	2422.94	2036.81	2237.3	1792.88	2107.91
spe	795	794	2229.875	2136.5	2183.1875	2422.94	2036.81	2343.87	1929.13	2176.035
los	794	GCA.003161515.1.Bacteria.Desulfobacterota.B	2136.5	0.0	1068.25	2343.87	1929.13	0.0	0.0	1171.935
dup	796	GCA.002238415.1.Bacteria.Desulfobacterota.B	2368.175	0.0	1184.0875	2549.94	2186.41	0.0	0.0	1274.97
hgt	None	dead	0.0	0.0	0.0	0.0	0.0	0.0	0.0	0.0
hgt	1347	GCF.900099895.1.Bacteria.Firmicutes	1852.54	0.0	926.27	2058.3	1646.78	0.0	0.0	1029.15
hgt	1355	GCF.004522215.1.Bacteria.Firmicutes	1845.21	0.0	922.605	2026.05	1664.37	0.0	0.0	1013.025
los	None	dead	0.0	0.0	0.0	0.0	0.0	0.0	0.0	0.0
hgt	1347	GCF.900099895.1.Bacteria.Firmicutes	1852.54	0.0	926.27	2058.3	1646.78	0.0	0.0	1029.15
hgt	None	dead	0.0	0.0	0.0	0.0	0.0	0.0	0.0	0.0
hgt	1177	GCA.001464275.1.Bacteria.Actinobacteriota	2055.195	0.0	1027.5975	2300.55	1809.84	0.0	0.0	1150.275
hgt	1154	GCF.001591405.1.Bacteria.Actinobacteria	1356.86	0.0	678.43	1624.69	1089.03	0.0	0.0	812.345
hgt	1163	GCF.000384115.1.Bacteria.Actinobacteriota	1488.035	0.0	744.0175	1730.27	1245.8	0.0	0.0	865.135
los	None	dead	0.0	0.0	0.0	0.0	0.0	0.0	0.0	0.0
hgt	445	GCA.002717225.1.Bacteria.Proteobacteria	1836.495	0.0	918.2475	2032.31	1640.68	0.0	0.0	1016.155
dup	741	GCA.003220615.1.Bacteria.Methylomirabilota	2582.55	0.0	1291.275	2791.15	2373.95	0.0	0.0	1395.575
dup	741	GCA.003220615.1.Bacteria.Methylomirabilota	2582.55	0.0	1291.275	2791.15	2373.95	0.0	0.0	1395.575
hgt	None	dead	0.0	0.0	0.0	0.0	0.0	0.0	0.0	0.0
hgt	1406	GCA.002710215.1.Bacteria.Chloroflexota	2276.4	0.0	1138.2	2475.71	2077.09	0.0	0.0	1237.855
hgt	1158	GCF.900106035.1.Bacteria.Actinobacteriota	1386.605	0.0	693.3025	1639.35	1133.86	0.0	0.0	819.675
los	None	dead	0.0	0.0	0.0	0.0	0.0	0.0	0.0	0.0
hgt	462	GCF.006980715.1.Bacteria.Proteobacteria	1641.635	0.0	820.8175	1844.48	1438.79	0.0	0.0	922.24
dup	1406	GCA.002710215.1.Bacteria.Chloroflexota	2276.4	0.0	1138.2	2475.71	2077.09	0.0	0.0	1237.855
dup	741	GCA.003220615.1.Bacteria.Methylomirabilota	2582.55	0.0	1291.275	2791.15	2373.95	0.0	0.0	1395.575
dup	741	GCA.003220615.1.Bacteria.Methylomirabilota	2582.55	0.0	1291.275	2791.15	2373.95	0.0	0.0	1395.575
dup	741	GCA.003220615.1.Bacteria.Methylomirabilota	2582.55	0.0	1291.275	2791.15	2373.95	0.0	0.0	1395.575
dup	741	GCA.003220615.1.Bacteria.Methylomirabilota	2582.55	0.0	1291.275	2791.15	2373.95	0.0	0.0	1395.575
hgt	746	GCF.900079095.1.Bacteria.Tectomicrobia	2548.44	0.0	1274.22	2767.72	2329.16	0.0	0.0	1383.86
hgt	None	dead	0.0	0.0	0.0	0.0	0.0	0.0	0.0	0.0
hgt	447	446	2113.215	1951.09	2032.1525	2272.38	1954.05	2125.17	1777.01	2024.695
hgt	1355	GCF.000503775.1.Bacteria.Firmicutes	1845.21	0.0	922.605	2026.05	1664.37	0.0	0.0	1013.025
los	None	dead	0.0	0.0	0.0	0.0	0.0	0.0	0.0	0.0
spe	447	446	2113.215	1951.09	2032.1525	2272.38	1954.05	2125.17	1777.01	2024.695
spe	446	445	1951.09	1836.495	1893.7925	2125.17	1777.01	2032.31	1640.68	1882.925
los	445	GCA.002717225.1.Bacteria.Proteobacteria	1836.495	0.0	918.2475	2032.31	1640.68	0.0	0.0	1016.155
spe	445	444	1836.495	1669.2	1752.8475	2032.31	1640.68	1892.76	1445.64	1738.975
los	444	GCA.002686135.1.Bacteria.Proteobacteria	1669.2	0.0	834.6	1892.76	1445.64	0.0	0.0	946.38
hgt	None	dead	0.0	0.0	0.0	0.0	0.0	0.0	0.0	0.0
hgt	1396	GCA.003151665.1.Bacteria.Dormibacterota	2525.675	0.0	1262.8375	2773.68	2277.67	0.0	0.0	1386.84
los	None	dead	0.0	0.0	0.0	0.0	0.0	0.0	0.0	0.0
hgt	1236	1228	2683.21	2573.425	2628.3175	2852.16	2514.26	2761.84	2385.01	2618.585
spe	1236	1228	2683.21	2573.425	2628.3175	2852.16	2514.26	2761.84	2385.01	2618.585
hgt	None	dead	0.0	0.0	0.0	0.0	0.0	0.0	0.0	0.0
spe	1228	1227	2573.425	2407.625	2490.525	2761.84	2385.01	2618.59	2196.66	2479.25
los	1227	GCA.003242675.1.Bacteria.Firmicutes.E	2407.625	0.0	1203.8125	2618.59	2196.66	0.0	0.0	1309.295
hgt	None	dead	0.0	0.0	0.0	0.0	0.0	0.0	0.0	0.0
spe	1227	1226	2407.625	2297.705	2352.665	2618.59	2196.66	2529.25	2066.16	2342.375
los	1226	GCA.002385465.1.Bacteria.Firmicutes.E	2297.705	0.0	1148.8525	2529.25	2066.16	0.0	0.0	1264.625
hgt	1128	GCA.002898935.1.Bacteria.CSP1.3	3141.47	0.0	1570.735	3292.49	2990.45	0.0	0.0	1646.245
hgt	1446	1440	2467.265	2358.68	2412.9725	2650.86	2283.67	2549.6	2167.76	2409.31
los	None	dead	0.0	0.0	0.0	0.0	0.0	0.0	0.0	0.0
spe	1446	1440	2467.265	2358.68	2412.9725	2650.86	2283.67	2549.6	2167.76	2409.31
spe	1440	1439	2358.68	2159.315	2258.9975	2549.6	2167.76	2363.76	1954.87	2252.235
los	1439	GCF.900187885.1.Bacteria.Chloroflexota	2159.315	0.0	1079.6575	2363.76	1954.87	0.0	0.0	1181.88
spe	1439	1438	2159.315	1986.755	2073.035	2363.76	1954.87	2210.66	1762.85	2063.305
los	1438	1437	1986.755	1859.345	1923.05	2210.66	1762.85	2096.58	1622.11	1916.385
hgt	445	GCA.002717225.1.Bacteria.Proteobacteria	1836.495	0.0	918.2475	2032.31	1640.68	0.0	0.0	1016.155
los	None	dead	0.0	0.0	0.0	0.0	0.0	0.0	0.0	0.0
dup	445	GCA.002717225.1.Bacteria.Proteobacteria	1836.495	0.0	918.2475	2032.31	1640.68	0.0	0.0	1016.155
hgt	None	dead	0.0	0.0	0.0	0.0	0.0	0.0	0.0	0.0
hgt	1166	GCF.004348535.1.Bacteria.Actinobacteriota	1991.825	0.0	995.9125	2191.81	1791.84	0.0	0.0	1095.905
hgt	1148	GCF.000969705.1.Bacteria.Actinobacteriota	2328.75	0.0	1164.375	2528.83	2128.67	0.0	0.0	1264.415
hgt	1399	GCA.002708145.1.Bacteria.Chloroflexota	2391.86	0.0	1195.93	2619.19	2164.53	0.0	0.0	1309.595
los	None	dead	0.0	0.0	0.0	0.0	0.0	0.0	0.0	0.0
dup	1399	GCA.002708145.1.Bacteria.Chloroflexota	2391.86	0.0	1195.93	2619.19	2164.53	0.0	0.0	1309.595
hgt	1158	GCF.900106035.1.Bacteria.Actinobacteriota	1386.605	0.0	693.3025	1639.35	1133.86	0.0	0.0	819.675
hgt	741	GCA.003220615.1.Bacteria.Methylomirabilota	2582.55	0.0	1291.275	2791.15	2373.95	0.0	0.0	1395.575
hgt	None	dead	0.0	0.0	0.0	0.0	0.0	0.0	0.0	0.0
dup	None	dead	0.0	0.0	0.0	0.0	0.0	0.0	0.0	0.0
hgt	453	GCA.003280605.1.Bacteria.Proteobacteria	1231.6385	0.0	615.81925	1464.03	999.247	0.0	0.0	732.015
los	None	dead	0.0	0.0	0.0	0.0	0.0	0.0	0.0	0.0
hgt	483	447	2221.01	2113.215	2167.1125	2370.99	2071.03	2272.38	1954.05	2162.52
los	None	dead	0.0	0.0	0.0	0.0	0.0	0.0	0.0	0.0
hgt	None	dead	0.0	0.0	0.0	0.0	0.0	0.0	0.0	0.0
hgt	446	GCA.002717185.1.Bacteria.Proteobacteria	1951.09	0.0	975.545	2125.17	1777.01	0.0	0.0	1062.585
los	None	dead	0.0	0.0	0.0	0.0	0.0	0.0	0.0	0.0
spe	483	447	2221.01	2113.215	2167.1125	2370.99	2071.03	2272.38	1954.05	2162.52
hgt	None	dead	0.0	0.0	0.0	0.0	0.0	0.0	0.0	0.0
hgt	489	GCA.002348365.1.Bacteria.Proteobacteria	1797.555	0.0	898.7775	1997.49	1597.62	0.0	0.0	998.745
los	None	dead	0.0	0.0	0.0	0.0	0.0	0.0	0.0	0.0
spe	447	446	2113.215	1951.09	2032.1525	2272.38	1954.05	2125.17	1777.01	2024.695
spe	446	445	1951.09	1836.495	1893.7925	2125.17	1777.01	2032.31	1640.68	1882.925
los	445	GCA.002717225.1.Bacteria.Proteobacteria	1836.495	0.0	918.2475	2032.31	1640.68	0.0	0.0	1016.155
spe	445	444	1836.495	1669.2	1752.8475	2032.31	1640.68	1892.76	1445.64	1738.975
los	444	GCA.002686135.1.Bacteria.Proteobacteria	1669.2	0.0	834.6	1892.76	1445.64	0.0	0.0	946.38
dup	444	GCA.002348425.1.Bacteria.Proteobacteria	1669.2	0.0	834.6	1892.76	1445.64	0.0	0.0	946.38
spe	447	439	2113.215	1983.035	2048.125	2272.38	1954.05	2153.66	1812.41	2042.395
los	439	GCF.001613805.1.Bacteria.Proteobacteria	1983.035	0.0	991.5175	2153.66	1812.41	0.0	0.0	1076.83
dup	439	GCA.002723345.1.Bacteria.Proteobacteria	1983.035	0.0	991.5175	2153.66	1812.41	0.0	0.0	1076.83
hgt	None	dead	0.0	0.0	0.0	0.0	0.0	0.0	0.0	0.0
hgt	680	GCA.002238705.1.Bacteria.Acidobacteriota	2328.61	0.0	1164.305	2523.34	2133.88	0.0	0.0	1261.67
hgt	1396	GCA.003151665.1.Bacteria.Dormibacterota	2525.675	0.0	1262.8375	2773.68	2277.67	0.0	0.0	1386.84
hgt	1145	1143	2458.975	2319.725	2389.35	2644.12	2273.83	2519.3	2120.15	2382.135
los	None	dead	0.0	0.0	0.0	0.0	0.0	0.0	0.0	0.0
spe	1145	1143	2458.975	2319.725	2389.35	2644.12	2273.83	2519.3	2120.15	2382.135
hgt	None	dead	0.0	0.0	0.0	0.0	0.0	0.0	0.0	0.0
hgt	444	GCA.002686135.1.Bacteria.Proteobacteria	1669.2	0.0	834.6	1892.76	1445.64	0.0	0.0	946.38
hgt	1140	GCA.002722565.1.Bacteria.Actinobacteriota	1795.075	0.0	897.5375	2067.33	1522.82	0.0	0.0	1033.665
los	None	dead	0.0	0.0	0.0	0.0	0.0	0.0	0.0	0.0
spe	1143	1141	2319.725	2008.575	2164.15	2519.3	2120.15	2245.24	1771.91	2145.605
spe	1141	1140	2008.575	1795.075	1901.825	2245.24	1771.91	2067.33	1522.82	1884.03
los	1140	GCA.003162395.1.Bacteria.Actinobacteriota	1795.075	0.0	897.5375	2067.33	1522.82	0.0	0.0	1033.665
hgt	741	GCA.003220615.1.Bacteria.Methylomirabilota	2582.55	0.0	1291.275	2791.15	2373.95	0.0	0.0	1395.575
hgt	1467	GCA.002440805.1.Bacteria.Chloroflexota	2363.295	0.0	1181.6475	2590.38	2136.21	0.0	0.0	1295.19
