event	left_node	right_node	left_date	right_date	midpoint_date	left_date_lower	left_date_upper	right_date_lower	right_date_upper	midpoint_date_all
hgt	None	dead	0.0	0.0	0.0	0.0	0.0	0.0	0.0	0.0
dup	None	dead	0.0	0.0	0.0	0.0	0.0	0.0	0.0	0.0
hgt	327	326	2199.545	1901.84	2050.6925	2411.52	1987.57	2150.28	1653.4	2032.46
los	None	dead	0.0	0.0	0.0	0.0	0.0	0.0	0.0	0.0
spe	327	326	2199.545	1901.84	2050.6925	2411.52	1987.57	2150.28	1653.4	2032.46
dup	None	dead	0.0	0.0	0.0	0.0	0.0	0.0	0.0	0.0
hgt	797	GCA.002311335.1.Bacteria.Desulfobacterota.B	2488.59	0.0	1244.295	2661.77	2315.41	0.0	0.0	1330.885
los	None	dead	0.0	0.0	0.0	0.0	0.0	0.0	0.0	0.0
dup	None	dead	0.0	0.0	0.0	0.0	0.0	0.0	0.0	0.0
hgt	1069	GCF.000378005.1.Bacteria.Coprothermobacterota	2559.465	0.0	1279.7325	2777.02	2341.91	0.0	0.0	1388.51
los	None	dead	0.0	0.0	0.0	0.0	0.0	0.0	0.0	0.0
hgt	1412	1408	2456.73	2414.235	2435.4825	2635.79	2277.67	2597.86	2230.61	2433.2
los	None	dead	0.0	0.0	0.0	0.0	0.0	0.0	0.0	0.0
spe	1412	1408	2456.73	2414.235	2435.4825	2635.79	2277.67	2597.86	2230.61	2433.2
spe	1408	1402	2414.235	2331.705	2372.97	2597.86	2230.61	2524.09	2139.32	2368.59
los	1402	GCA.002721445.1.Bacteria.Chloroflexota	2331.705	0.0	1165.8525	2524.09	2139.32	0.0	0.0	1262.045
spe	1408	1407	2414.235	2350.905	2382.57	2597.86	2230.61	2541.49	2160.32	2379.09
hgt	1399	GCA.002708145.1.Bacteria.Chloroflexota	2391.86	0.0	1195.93	2619.19	2164.53	0.0	0.0	1309.595
hgt	1412	1411	2456.73	2250.5	2353.615	2635.79	2277.67	2459.44	2041.56	2338.675
spe	1412	1411	2456.73	2250.5	2353.615	2635.79	2277.67	2459.44	2041.56	2338.675
hgt	1402	GCA.002721445.1.Bacteria.Chloroflexota	2331.705	0.0	1165.8525	2524.09	2139.32	0.0	0.0	1262.045
spe	1407	1406	2350.905	2276.4	2313.6525	2541.49	2160.32	2475.71	2077.09	2309.29
hgt	1411	GCA.002450515.1.Bacteria.Chloroflexota	2250.5	0.0	1125.25	2459.44	2041.56	0.0	0.0	1229.72
spe	1722	1721	3101.365	3037.59	3069.4775	3228.11	2974.62	3161.79	2913.39	3070.75
hgt	1476	1475	2948.885	2883.705	2916.295	3099.11	2798.66	3039.71	2727.7	2913.405
hgt	1185	1169	2913.82	2691.26	2802.54	3065.51	2762.13	2854.89	2527.63	2796.57
spe	1721	1720	3037.59	2606.445	2822.0175	3161.79	2913.39	2696.98	2515.91	2838.85
spe	1720	1719	2606.445	2506.285	2556.365	2696.98	2515.91	2604.85	2407.72	2552.35
los	1719	GCF.000013205.1.Bacteria.Cyanobacteria	2506.285	0.0	1253.1425	2604.85	2407.72	0.0	0.0	1302.425
spe	1719	1718	2506.285	2393.24	2449.7625	2604.85	2407.72	2492.26	2294.22	2449.535
los	1718	1717	2393.24	2268.17	2330.705	2492.26	2294.22	2385.3	2151.04	2321.65
spe	1718	1704	2393.24	2299.84	2346.54	2492.26	2294.22	2399.06	2200.62	2346.44
spe	1704	1672	2299.84	2154.84	2227.34	2399.06	2200.62	2280.19	2029.49	2214.275
los	1672	GCF.000015965.1.Bacteria.Cyanobacteria	2154.84	0.0	1077.42	2280.19	2029.49	0.0	0.0	1140.095
hgt	None	dead	0.0	0.0	0.0	0.0	0.0	0.0	0.0	0.0
hgt	1685	GCF.000018105.1.Bacteria.Cyanobacteria	2011.14	0.0	1005.57	2124.52	1897.76	0.0	0.0	1062.26
los	None	dead	0.0	0.0	0.0	0.0	0.0	0.0	0.0	0.0
spe	1704	1703	2299.84	2220.145	2259.9925	2399.06	2200.62	2317.57	2122.72	2260.89
hgt	None	dead	0.0	0.0	0.0	0.0	0.0	0.0	0.0	0.0
hgt	1698	1697	1629.64	1386.915	1508.2775	1658.88	1600.4	1498.21	1275.62	1467.25
los	None	dead	0.0	0.0	0.0	0.0	0.0	0.0	0.0	0.0
spe	1698	1697	1629.64	1386.915	1508.2775	1658.88	1600.4	1498.21	1275.62	1467.25
spe	1697	1695	1386.915	955.3765	1171.14575	1498.21	1275.62	1178.07	732.683	1115.4465
spe	1703	1702	2220.145	2160.51	2190.3275	2317.57	2122.72	2257.39	2063.63	2190.6
spe	1702	1701	2160.51	2117.68	2139.095	2257.39	2063.63	2210.97	2024.39	2140.89
spe	1701	1685	2117.68	2011.14	2064.41	2210.97	2024.39	2124.52	1897.76	2054.365
los	1685	GCF.000018105.1.Bacteria.Cyanobacteria	2011.14	0.0	1005.57	2124.52	1897.76	0.0	0.0	1062.26
spe	1685	1684	2011.14	1851.405	1931.2725	2124.52	1897.76	1997.61	1705.2	1914.86
los	1684	GCF.000316115.1.Bacteria.Cyanobacteria	1851.405	0.0	925.7025	1997.61	1705.2	0.0	0.0	998.805
spe	1701	1700	2117.68	2037.95	2077.815	2210.97	2024.39	2130.46	1945.44	2078.205
spe	1700	1688	2037.95	1799.565	1918.7575	2130.46	1945.44	1942.05	1657.08	1893.77
spe	1700	1699	2037.95	1966.585	2002.2675	2130.46	1945.44	2051.72	1881.45	2005.955
hgt	1684	GCF.000316115.1.Bacteria.Cyanobacteria	1851.405	0.0	925.7025	1997.61	1705.2	0.0	0.0	998.805
los	1699	1698	1966.585	1629.64	1798.1125	2051.72	1881.45	1658.88	1600.4	1826.06
spe	1703	1679	2220.145	2001.685	2110.915	2317.57	2122.72	2133.82	1869.55	2093.56
spe	1679	1678	2001.685	1122.4185	1562.05175	2133.82	1869.55	1385.17	859.667	1496.7435
los	1678	1676	1122.4185	295.292	708.85525	1385.17	859.667	427.194	163.39	774.28
spe	1185	1169	2913.82	2691.26	2802.54	3065.51	2762.13	2854.89	2527.63	2796.57
spe	1169	1145	2691.26	2458.975	2575.1175	2854.89	2527.63	2644.12	2273.83	2564.36
spe	1145	1143	2458.975	2319.725	2389.35	2644.12	2273.83	2519.3	2120.15	2382.135
los	1143	GCA.002352645.1.Bacteria.Actinobacteriota	2319.725	0.0	1159.8625	2519.3	2120.15	0.0	0.0	1259.65
spe	1143	1141	2319.725	2008.575	2164.15	2519.3	2120.15	2245.24	1771.91	2145.605
spe	1141	1140	2008.575	1795.075	1901.825	2245.24	1771.91	2067.33	1522.82	1884.03
los	1140	GCA.003162395.1.Bacteria.Actinobacteriota	1795.075	0.0	897.5375	2067.33	1522.82	0.0	0.0	1033.665
spe	1169	1168	2691.26	2631.565	2661.4125	2854.89	2527.63	2798.58	2464.55	2659.72
los	1168	1148	2631.565	2328.75	2480.1575	2798.58	2464.55	2528.83	2128.67	2463.625
spe	1168	1167	2631.565	2503.64	2567.6025	2798.58	2464.55	2682.48	2324.8	2561.69
hgt	832	GCA.002696345.1.Bacteria.Myxococcota	2268.205	0.0	1134.1025	2461.92	2074.49	0.0	0.0	1230.96
hgt	702	GCA.003152095.1.Bacteria.Acidobacteriota	2020.225	0.0	1010.1125	2250.44	1790.01	0.0	0.0	1125.22
hgt	979	GCA.002763895.1.Bacteria.Bacteroidota	2181.785	0.0	1090.8925	2367.29	1996.28	0.0	0.0	1183.645
hgt	746	GCA.002238965.1.Bacteria.UBA8248	2548.44	0.0	1274.22	2767.72	2329.16	0.0	0.0	1383.86
hgt	1461	GCA.002413265.1.Bacteria.Chloroflexota	2433.39	0.0	1216.695	2666.93	2199.85	0.0	0.0	1333.465
hgt	None	dead	0.0	0.0	0.0	0.0	0.0	0.0	0.0	0.0
hgt	1155	GCF.003443735.1.Bacteria.Actinobacteriota	1711.135	0.0	855.5675	1936.0	1486.27	0.0	0.0	968.0
los	None	dead	0.0	0.0	0.0	0.0	0.0	0.0	0.0	0.0
spe	1167	1166	2503.64	1991.825	2247.7325	2682.48	2324.8	2191.81	1791.84	2237.16
spe	1166	1165	1991.825	1840.865	1916.345	2191.81	1791.84	2058.77	1622.96	1907.385
spe	1165	1155	1840.865	1711.135	1776.0	2058.77	1622.96	1936.0	1486.27	1772.52
los	1155	GCF.003443735.1.Bacteria.Actinobacteriota	1711.135	0.0	855.5675	1936.0	1486.27	0.0	0.0	968.0
spe	1155	1154	1711.135	1356.86	1533.9975	1936.0	1486.27	1624.69	1089.03	1512.515
hgt	1163	GCF.000384115.1.Bacteria.Actinobacteriota	1488.035	0.0	744.0175	1730.27	1245.8	0.0	0.0	865.135
dup	1154	GCF.003047285.1.Bacteria.Actinobacteriota	1356.86	0.0	678.43	1624.69	1089.03	0.0	0.0	812.345
spe	1165	1164	1840.865	1690.82	1765.8425	2058.77	1622.96	1917.35	1464.29	1761.53
los	1164	1163	1690.82	1488.035	1589.4275	1917.35	1464.29	1730.27	1245.8	1581.575
spe	1164	1160	1690.82	1520.98	1605.9	1917.35	1464.29	1761.58	1280.38	1598.865
spe	1160	1158	1520.98	1386.605	1453.7925	1761.58	1280.38	1639.35	1133.86	1447.72
los	1158	GCF.001942305.1.Bacteria.Actinobacteriota	1386.605	0.0	693.3025	1639.35	1133.86	0.0	0.0	819.675
hgt	670	GCA.002898535.1.Bacteria.Acidobacteriota	2753.645	0.0	1376.8225	2923.59	2583.7	0.0	0.0	1461.795
hgt	1396	GCA.003244045.1.Bacteria.Dormibacterota	2525.675	0.0	1262.8375	2773.68	2277.67	0.0	0.0	1386.84
hgt	955	GCF.001280305.1.Bacteria.Bacteroidota	1759.09	0.0	879.545	1989.55	1528.63	0.0	0.0	994.775
hgt	681	GCA.002712885.1.Bacteria.Acidobacteriota	2463.525	0.0	1231.7625	2639.97	2287.08	0.0	0.0	1319.985
hgt	791	GCA.002050235.1.Bacteria.Desulfobacterota.B	2015.09	0.0	1007.545	2237.3	1792.88	0.0	0.0	1118.65
hgt	1021	GCA.002686915.1.Bacteria.ARS69	2684.73	0.0	1342.365	2864.65	2504.81	0.0	0.0	1432.325
spe	1476	1475	2948.885	2883.705	2916.295	3099.11	2798.66	3039.71	2727.7	2913.405
spe	1475	1463	2883.705	2750.56	2817.1325	3039.71	2727.7	2918.34	2582.78	2811.245
spe	1463	1457	2750.56	2476.295	2613.4275	2918.34	2582.78	2697.47	2255.12	2586.73
hgt	1461	GCA.002347925.1.Bacteria.Chloroflexota	2433.39	0.0	1216.695	2666.93	2199.85	0.0	0.0	1333.465
los	1457	GCA.002404055.1.Bacteria.Chloroflexota	2476.295	0.0	1238.1475	2697.47	2255.12	0.0	0.0	1348.735
hgt	698	686	2454.615	2295.75	2375.1825	2624.66	2284.57	2486.27	2105.23	2364.945
hgt	1109	GCA.002898895.1.Bacteria.Armatimonadota	2582.96	0.0	1291.48	2796.46	2369.46	0.0	0.0	1398.23
spe	698	686	2454.615	2295.75	2375.1825	2624.66	2284.57	2486.27	2105.23	2364.945
spe	686	684	2295.75	1980.48	2138.115	2486.27	2105.23	2216.57	1744.39	2115.33
los	684	GCA.002483445.1.Bacteria.Acidobacteriota	1980.48	0.0	990.24	2216.57	1744.39	0.0	0.0	1108.285
spe	1463	1462	2750.56	2688.275	2719.4175	2918.34	2582.78	2865.83	2510.72	2714.53
hgt	1430	GCA.001795235.1.Bacteria.Chloroflexota	2636.055	0.0	1318.0275	2857.47	2414.64	0.0	0.0	1428.735
hgt	None	dead	0.0	0.0	0.0	0.0	0.0	0.0	0.0	0.0
los	1462	1461	2688.275	2433.39	2560.8325	2865.83	2510.72	2666.93	2199.85	2532.84
hgt	1032	GCA.002727195.1.Bacteria.Latescibacterota	2327.38	0.0	1163.69	2556.02	2098.74	0.0	0.0	1278.01
los	None	dead	0.0	0.0	0.0	0.0	0.0	0.0	0.0	0.0
hgt	400	GCA.002401295.1.Bacteria.SAR324	2693.845	0.0	1346.9225	2881.53	2506.16	0.0	0.0	1440.765
hgt	1098	GCA.003244105.1.Bacteria.Eremiobacterota	2247.98	0.0	1123.99	2544.35	1951.61	0.0	0.0	1272.175
hgt	1452	GCA.002348045.1.Bacteria.Chloroflexota	2204.94	0.0	1102.47	2468.84	1941.04	0.0	0.0	1234.42
hgt	1444	GCA.002366755.1.Bacteria.Chloroflexota	2137.48	0.0	1068.74	2354.92	1920.04	0.0	0.0	1177.46
spe	1475	1474	2883.705	2804.86	2844.2825	3039.71	2727.7	2967.88	2641.84	2840.775
los	1474	1473	2804.86	2043.005	2423.9325	2967.88	2641.84	2324.44	1761.57	2364.725
spe	1474	1470	2804.86	2595.865	2700.3625	2967.88	2641.84	2779.45	2412.28	2690.08
spe	1470	1469	2595.865	2472.76	2534.3125	2779.45	2412.28	2679.0	2266.52	2522.985
hgt	756	GCA.001790645.1.Bacteria.Schekmanbacteria	2888.115	0.0	1444.0575	3046.49	2729.74	0.0	0.0	1523.245
los	1469	1467	2472.76	2363.295	2418.0275	2679.0	2266.52	2590.38	2136.21	2407.605
hgt	274	GCA.000406005.1.Bacteria.Poribacteria	2618.66	0.0	1309.33	2849.97	2387.35	0.0	0.0	1424.985
hgt	1399	GCA.002450835.1.Bacteria.Chloroflexota	2391.86	0.0	1195.93	2619.19	2164.53	0.0	0.0	1309.595
hgt	994	GCA.001304035.1.Bacteria.SM23.31	2567.69	0.0	1283.845	2744.85	2390.53	0.0	0.0	1372.425
hgt	746	GCF.900079095.1.Bacteria.Tectomicrobia	2548.44	0.0	1274.22	2767.72	2329.16	0.0	0.0	1383.86
hgt	277	267	3169.945	2989.33	3079.6375	3319.44	3020.45	3160.51	2818.15	3068.795
spe	1721	1667	3037.59	2851.115	2944.3525	3161.79	2913.39	2991.25	2710.98	2936.385
hgt	341	340	2533.375	2278.045	2405.71	2707.96	2358.79	2469.18	2086.91	2397.435
hgt	816	GCA.002707085.1.Bacteria.Myxococcota.A	2057.94	0.0	1028.97	2275.98	1839.9	0.0	0.0	1137.99
hgt	168	160	1456.38	1363.29	1409.835	1643.76	1269.0	1551.64	1174.94	1409.35
spe	168	160	1456.38	1363.29	1409.835	1643.76	1269.0	1551.64	1174.94	1409.35
spe	160	159	1363.29	1225.785	1294.5375	1551.64	1174.94	1392.48	1059.09	1305.365
los	159	GCF.000091205.1.Eukaryota.Rhodophyta	1225.785	0.0	612.8925	1392.48	1059.09	0.0	0.0	696.24
hgt	167	166	1318.1	1127.658	1222.879	1513.48	1122.72	1331.56	923.756	1218.618
spe	167	166	1318.1	1127.658	1222.879	1513.48	1122.72	1331.56	923.756	1218.618
dup	166	GCA.000209225.1.Eukaryota.Cnidaria	1127.658	0.0	563.829	1331.56	923.756	0.0	0.0	665.78
spe	166	165	1127.658	859.368	993.513	1331.56	923.756	1091.7	627.036	979.298
spe	341	340	2533.375	2278.045	2405.71	2707.96	2358.79	2469.18	2086.91	2397.435
spe	340	339	2278.045	2169.255	2223.65	2469.18	2086.91	2369.72	1968.79	2218.985
los	339	337	2169.255	2026.89	2098.0725	2369.72	1968.79	2243.41	1810.37	2090.045
spe	340	334	2278.045	2115.87	2196.9575	2469.18	2086.91	2325.24	1906.5	2187.84
hgt	155	GCA.000315625.1.Eukaryota.Cryptophyceae	1364.875	0.0	682.4375	1566.16	1163.59	0.0	0.0	783.08
los	334	GCA.002338715.1.Bacteria.Planctomycetota	2115.87	0.0	1057.935	2325.24	1906.5	0.0	0.0	1162.62
spe	334	332	2115.87	1728.22	1922.045	2325.24	1906.5	1979.25	1477.19	1901.215
hgt	1180	GCF.001029505.1.Bacteria.Actinobacteriota	2587.79	0.0	1293.895	2773.12	2402.46	0.0	0.0	1386.56
hgt	791	GCA.002898795.1.Bacteria.Desulfobacterota.B	2015.09	0.0	1007.545	2237.3	1792.88	0.0	0.0	1118.65
los	1667	GCA.003503675.1.Bacteria.Cyanobacteria	2851.115	0.0	1425.5575	2991.25	2710.98	0.0	0.0	1495.625
spe	277	267	3169.945	2989.33	3079.6375	3319.44	3020.45	3160.51	2818.15	3068.795
hgt	95	94	2895.515	2874.54	2885.0275	3052.55	2738.48	3031.65	2717.43	2884.99
hgt	768	767	2381.62	2265.96	2323.79	2564.17	2199.07	2459.42	2072.5	2318.335
hgt	227	GCA.001804315.1.Bacteria.Omnitrophota	2748.92	0.0	1374.46	2912.2	2585.64	0.0	0.0	1456.1
spe	768	767	2381.62	2265.96	2323.79	2564.17	2199.07	2459.42	2072.5	2318.335
hgt	1098	GCA.003167155.1.Bacteria.Eremiobacterota	2247.98	0.0	1123.99	2544.35	1951.61	0.0	0.0	1272.175
hgt	586	585	1895.525	1706.285	1800.905	2076.74	1714.31	1917.52	1495.05	1785.895
hgt	288	GCA.002323895.1.Bacteria.Verrucomicrobiota	2297.655	0.0	1148.8275	2522.23	2073.08	0.0	0.0	1261.115
hgt	932	GCA.002414805.1.Bacteria.Fibrobacterota	2324.52	0.0	1162.26	2547.45	2101.59	0.0	0.0	1273.725
spe	586	585	1895.525	1706.285	1800.905	2076.74	1714.31	1917.52	1495.05	1785.895
hgt	581	579	1845.545	1566.0	1705.7725	2033.36	1657.73	1791.46	1340.54	1686.95
hgt	270	GCA.002746185.1.Bacteria.Hydrogenedentota	2997.52	0.0	1498.76	3178.82	2816.22	0.0	0.0	1589.41
hgt	270	GCA.001567115.1.Bacteria.OLB16	2997.52	0.0	1498.76	3178.82	2816.22	0.0	0.0	1589.41
hgt	403	GCF.900177345.1.Bacteria.Proteobacteria	2763.35	0.0	1381.675	2930.03	2596.67	0.0	0.0	1465.015
hgt	1663	GCA.001464165.1.Bacteria.Cyanobacteria	2633.14	0.0	1316.57	2823.95	2442.33	0.0	0.0	1411.975
hgt	220	GCA.001805375.1.Bacteria.Omnitrophota	2041.98	0.0	1020.99	2253.94	1830.02	0.0	0.0	1126.97
hgt	1719	GCF.000013205.1.Bacteria.Cyanobacteria	2506.285	0.0	1253.1425	2604.85	2407.72	0.0	0.0	1302.425
hgt	1717	GCF.001870225.1.Bacteria.Cyanobacteria	2268.17	0.0	1134.085	2385.3	2151.04	0.0	0.0	1192.65
hgt	536	GCF.002940605.1.Bacteria.Proteobacteria	2343.3	0.0	1171.65	2502.24	2184.36	0.0	0.0	1251.12
spe	581	579	1845.545	1566.0	1705.7725	2033.36	1657.73	1791.46	1340.54	1686.95
hgt	380	GCF.000758165.1.Bacteria.Spirochaetota	2063.635	0.0	1031.8175	2301.87	1825.4	0.0	0.0	1150.935
hgt	775	GCA.001797335.1.Bacteria.Bdellovibrionota.E	2456.23	0.0	1228.115	2635.44	2277.02	0.0	0.0	1317.72
spe	767	766	2265.96	2115.535	2190.7475	2459.42	2072.5	2326.52	1904.55	2181.985
hgt	768	GCA.001798715.1.Bacteria.UBA10199	2381.62	0.0	1190.81	2564.17	2199.07	0.0	0.0	1282.085
hgt	778	GCA.002715375.1.Bacteria.Bdellovibrionota	2281.75	0.0	1140.875	2486.04	2077.46	0.0	0.0	1243.02
hgt	320	GCA.002746535.1.Bacteria.Planctomycetota	2697.03	0.0	1348.515	2876.69	2517.37	0.0	0.0	1438.345
hgt	302	GCF.000170755.1.Bacteria.Verrucomicrobiota	2089.845	0.0	1044.9225	2315.83	1863.86	0.0	0.0	1157.915
dup	227	GCA.001804315.1.Bacteria.Omnitrophota	2748.92	0.0	1374.46	2912.2	2585.64	0.0	0.0	1456.1
hgt	220	GCA.001805375.1.Bacteria.Omnitrophota	2041.98	0.0	1020.99	2253.94	1830.02	0.0	0.0	1126.97
hgt	210	GCA.002796105.1.Bacteria.Omnitrophota	2377.125	0.0	1188.5625	2575.36	2178.89	0.0	0.0	1287.68
hgt	930	GCA.003455335.1.Bacteria.Fibrobacterota	2114.665	0.0	1057.3325	2371.39	1857.94	0.0	0.0	1185.695
hgt	386	GCA.002450905.1.Bacteria.Spirochaetota	2547.685	0.0	1273.8425	2749.56	2345.81	0.0	0.0	1374.78
hgt	400	GCA.002707655.1.Bacteria.SAR324	2693.845	0.0	1346.9225	2881.53	2506.16	0.0	0.0	1440.765
hgt	374	GCF.000266885.1.Bacteria.Spirochaetota	2303.81	0.0	1151.905	2531.31	2076.31	0.0	0.0	1265.655
hgt	None	dead	0.0	0.0	0.0	0.0	0.0	0.0	0.0	0.0
hgt	61	60	2318.855	2157.845	2238.35	2484.93	2152.78	2341.56	1974.13	2229.53
los	None	dead	0.0	0.0	0.0	0.0	0.0	0.0	0.0	0.0
spe	61	60	2318.855	2157.845	2238.35	2484.93	2152.78	2341.56	1974.13	2229.53
spe	60	59	2157.845	1950.86	2054.3525	2341.56	1974.13	2148.2	1753.52	2047.54
los	59	GCA.002011395.1.Archaea.Thermoplasmatota	1950.86	0.0	975.43	2148.2	1753.52	0.0	0.0	1074.1
hgt	769	GCA.001798135.1.Bacteria.UBA10199	2474.02	0.0	1237.01	2648.53	2299.51	0.0	0.0	1324.265
hgt	395	GCA.002402635.1.Bacteria.Deferribacterota	2049.66	0.0	1024.83	2351.06	1748.26	0.0	0.0	1175.53
hgt	1068	GCA.002428295.1.Bacteria.Caldisericota	2377.575	0.0	1188.7875	2621.46	2133.69	0.0	0.0	1310.73
hgt	77	GCA.003194435.1.Archaea.Halobacteriota	2081.03	0.0	1040.515	2277.46	1884.6	0.0	0.0	1138.73
hgt	415	GCA.002717245.1.Bacteria.Proteobacteria	1888.055	0.0	944.0275	2082.43	1693.68	0.0	0.0	1041.215
spe	95	94	2895.515	2874.54	2885.0275	3052.55	2738.48	3031.65	2717.43	2884.99
hgt	None	dead	0.0	0.0	0.0	0.0	0.0	0.0	0.0	0.0
dup	None	dead	0.0	0.0	0.0	0.0	0.0	0.0	0.0	0.0
hgt	47	GCA.002494765.1.Archaea.Thermoplasmatota	2175.095	0.0	1087.5475	2371.63	1978.56	0.0	0.0	1185.815
los	None	dead	0.0	0.0	0.0	0.0	0.0	0.0	0.0	0.0
dup	None	dead	0.0	0.0	0.0	0.0	0.0	0.0	0.0	0.0
hgt	1068	GCA.002877955.1.Bacteria.Caldisericota	2377.575	0.0	1188.7875	2621.46	2133.69	0.0	0.0	1310.73
los	None	dead	0.0	0.0	0.0	0.0	0.0	0.0	0.0	0.0
dup	None	dead	0.0	0.0	0.0	0.0	0.0	0.0	0.0	0.0
hgt	674	GCA.002298155.1.Bacteria.Acidobacteriota	2473.205	0.0	1236.6025	2675.97	2270.44	0.0	0.0	1337.985
los	None	dead	0.0	0.0	0.0	0.0	0.0	0.0	0.0	0.0
hgt	159	GCF.000091205.1.Eukaryota.Rhodophyta	1225.785	0.0	612.8925	1392.48	1059.09	0.0	0.0	696.24
los	None	dead	0.0	0.0	0.0	0.0	0.0	0.0	0.0	0.0
hgt	None	dead	0.0	0.0	0.0	0.0	0.0	0.0	0.0	0.0
hgt	1079	1078	2652.83	2475.305	2564.0675	2850.84	2454.82	2693.96	2256.65	2553.745
los	None	dead	0.0	0.0	0.0	0.0	0.0	0.0	0.0	0.0
spe	1079	1078	2652.83	2475.305	2564.0675	2850.84	2454.82	2693.96	2256.65	2553.745
spe	1078	1076	2475.305	2070.835	2273.07	2693.96	2256.65	2334.5	1807.17	2250.565
hgt	1082	GCA.002011615.1.Bacteria.WOR.3	3015.205	0.0	1507.6025	3182.06	2848.35	0.0	0.0	1591.03
hgt	982	GCF.001535965.1.Bacteria.Bacteroidota	2450.7	0.0	1225.35	2617.0	2284.4	0.0	0.0	1308.5
hgt	None	dead	0.0	0.0	0.0	0.0	0.0	0.0	0.0	0.0
hgt	65	GCA.001800745.1.Archaea.Thermoplasmatota	1926.01	0.0	963.005	2135.57	1716.45	0.0	0.0	1067.785
los	None	dead	0.0	0.0	0.0	0.0	0.0	0.0	0.0	0.0
hgt	None	dead	0.0	0.0	0.0	0.0	0.0	0.0	0.0	0.0
hgt	1228	GCA.003023725.1.Bacteria.Firmicutes.E	2573.425	0.0	1286.7125	2761.84	2385.01	0.0	0.0	1380.92
los	None	dead	0.0	0.0	0.0	0.0	0.0	0.0	0.0	0.0
hgt	None	dead	0.0	0.0	0.0	0.0	0.0	0.0	0.0	0.0
hgt	None	dead	0.0	0.0	0.0	0.0	0.0	0.0	0.0	0.0
hgt	654	653	2959.21	2771.345	2865.2775	3102.9	2815.52	2913.41	2629.28	2866.09
spe	94	42	2874.54	2631.08	2752.81	3031.65	2717.43	2832.32	2429.84	2730.745
hgt	None	dead	0.0	0.0	0.0	0.0	0.0	0.0	0.0	0.0
hgt	724	GCA.001914955.1.Bacteria.Nitrospirota	2245.41	0.0	1122.705	2488.94	2001.88	0.0	0.0	1244.47
los	None	dead	0.0	0.0	0.0	0.0	0.0	0.0	0.0	0.0
hgt	753	751	2583.27	2475.955	2529.6125	2768.8	2397.74	2677.33	2274.58	2521.69
los	42	GCA.002502135.1.Archaea.Undinarchaeota	2631.08	0.0	1315.54	2832.32	2429.84	0.0	0.0	1416.16
spe	753	751	2583.27	2475.955	2529.6125	2768.8	2397.74	2677.33	2274.58	2521.69
spe	751	749	2475.955	2363.875	2419.915	2677.33	2274.58	2575.43	2152.32	2414.825
hgt	853	GCA.001797415.1.Bacteria.Desulfobacterota	2576.375	0.0	1288.1875	2761.44	2391.31	0.0	0.0	1380.72
los	749	GCA.003229375.1.Bacteria.Nitrospinota	2363.875	0.0	1181.9375	2575.43	2152.32	0.0	0.0	1287.715
hgt	None	dead	0.0	0.0	0.0	0.0	0.0	0.0	0.0	0.0
hgt	553	GCF.001641825.1.Bacteria.Proteobacteria	2172.955	0.0	1086.4775	2336.27	2009.64	0.0	0.0	1168.135
los	None	dead	0.0	0.0	0.0	0.0	0.0	0.0	0.0	0.0
hgt	None	dead	0.0	0.0	0.0	0.0	0.0	0.0	0.0	0.0
dup	None	dead	0.0	0.0	0.0	0.0	0.0	0.0	0.0	0.0
hgt	557	GCA.002007405.1.Bacteria.Proteobacteria	1783.96	0.0	891.98	2002.84	1565.08	0.0	0.0	1001.42
los	None	dead	0.0	0.0	0.0	0.0	0.0	0.0	0.0	0.0
dup	None	dead	0.0	0.0	0.0	0.0	0.0	0.0	0.0	0.0
dup	None	dead	0.0	0.0	0.0	0.0	0.0	0.0	0.0	0.0
hgt	565	GCF.002958735.1.Bacteria.Proteobacteria	2067.745	0.0	1033.8725	2247.81	1887.68	0.0	0.0	1123.905
los	None	dead	0.0	0.0	0.0	0.0	0.0	0.0	0.0	0.0
dup	565	GCF.002958735.1.Bacteria.Proteobacteria	2067.745	0.0	1033.8725	2247.81	1887.68	0.0	0.0	1123.905
hgt	613	612	1943.945	1796.185	1870.065	2109.42	1778.47	1978.58	1613.79	1861.605
los	None	dead	0.0	0.0	0.0	0.0	0.0	0.0	0.0	0.0
spe	613	612	1943.945	1796.185	1870.065	2109.42	1778.47	1978.58	1613.79	1861.605
hgt	506	GCA.001464215.1.Bacteria.Proteobacteria	1610.765	0.0	805.3825	1805.19	1416.34	0.0	0.0	902.595
spe	612	611	1796.185	1493.79	1644.9875	1978.58	1613.79	1717.52	1270.06	1624.32
hgt	613	GCF.003097315.1.Bacteria.Proteobacteria	1943.945	0.0	971.9725	2109.42	1778.47	0.0	0.0	1054.71
dup	None	dead	0.0	0.0	0.0	0.0	0.0	0.0	0.0	0.0
hgt	416	GCA.002938255.1.Bacteria.Proteobacteria	2073.61	0.0	1036.805	2245.54	1901.68	0.0	0.0	1122.77
los	None	dead	0.0	0.0	0.0	0.0	0.0	0.0	0.0	0.0
hgt	511	510	2112.01	2056.505	2084.2575	2268.74	1955.28	2217.29	1895.72	2082.23
los	None	dead	0.0	0.0	0.0	0.0	0.0	0.0	0.0	0.0
spe	511	510	2112.01	2056.505	2084.2575	2268.74	1955.28	2217.29	1895.72	2082.23
hgt	570	GCA.002255365.1.Bacteria.Proteobacteria	2165.975	0.0	1082.9875	2326.89	2005.06	0.0	0.0	1163.445
spe	510	492	2056.505	1826.375	1941.44	2217.29	1895.72	2015.92	1636.83	1927.06
hgt	463	GCF.002251795.1.Bacteria.Proteobacteria	1889.86	0.0	944.93	2062.81	1716.91	0.0	0.0	1031.405
hgt	453	GCA.002457765.1.Bacteria.Proteobacteria	1231.6385	0.0	615.81925	1464.03	999.247	0.0	0.0	732.015
spe	510	509	2056.505	1977.465	2016.985	2217.29	1895.72	2143.57	1811.36	2014.325
hgt	458	456	2053.74	1898.57	1976.155	2214.88	1892.6	2073.0	1724.14	1969.51
spe	509	495	1977.465	1736.875	1857.17	2143.57	1811.36	1936.33	1537.42	1840.495
hgt	467	GCF.003258945.1.Bacteria.Proteobacteria	1693.575	0.0	846.7875	1896.55	1490.6	0.0	0.0	948.275
hgt	944	GCA.002712165.1.Bacteria.Proteobacteria	2081.795	0.0	1040.8975	2308.24	1855.35	0.0	0.0	1154.12
hgt	439	GCA.002723345.1.Bacteria.Proteobacteria	1983.035	0.0	991.5175	2153.66	1812.41	0.0	0.0	1076.83
hgt	None	dead	0.0	0.0	0.0	0.0	0.0	0.0	0.0	0.0
hgt	None	dead	0.0	0.0	0.0	0.0	0.0	0.0	0.0	0.0
hgt	434	GCA.002238885.1.Bacteria.Proteobacteria	1886.935	0.0	943.4675	2078.21	1695.66	0.0	0.0	1039.105
los	None	dead	0.0	0.0	0.0	0.0	0.0	0.0	0.0	0.0
spe	458	456	2053.74	1898.57	1976.155	2214.88	1892.6	2073.0	1724.14	1969.51
hgt	436	GCA.002722885.1.Bacteria.Proteobacteria	2217.14	0.0	1108.57	2372.03	2062.25	0.0	0.0	1186.015
spe	456	455	1898.57	1531.25	1714.91	2073.0	1724.14	1740.35	1322.15	1697.575
spe	455	454	1531.25	1369.765	1450.5075	1740.35	1322.15	1591.74	1147.79	1444.07
hgt	517	GCA.002937675.1.Bacteria.Proteobacteria	2543.2	0.0	1271.6	2689.47	2396.93	0.0	0.0	1344.735
hgt	444	GCA.002348425.1.Bacteria.Proteobacteria	1669.2	0.0	834.6	1892.76	1445.64	0.0	0.0	946.38
spe	454	453	1369.765	1231.6385	1300.70175	1591.74	1147.79	1464.03	999.247	1295.4935
hgt	468	GCF.900167455.1.Bacteria.Proteobacteria	1847.82	0.0	923.91	2029.0	1666.64	0.0	0.0	1014.5
los	453	GCA.002457765.1.Bacteria.Proteobacteria	1231.6385	0.0	615.81925	1464.03	999.247	0.0	0.0	732.015
hgt	435	GCA.006969625.1.Bacteria.Proteobacteria	2071.245	0.0	1035.6225	2233.96	1908.53	0.0	0.0	1116.98
hgt	489	GCA.002348365.1.Bacteria.Proteobacteria	1797.555	0.0	898.7775	1997.49	1597.62	0.0	0.0	998.745
hgt	506	GCA.002480495.1.Bacteria.Proteobacteria	1610.765	0.0	805.3825	1805.19	1416.34	0.0	0.0	902.595
hgt	445	GCA.002717225.1.Bacteria.Proteobacteria	1836.495	0.0	918.2475	2032.31	1640.68	0.0	0.0	1016.155
hgt	463	462	1889.86	1641.635	1765.7475	2062.81	1716.91	1844.48	1438.79	1750.8
los	None	dead	0.0	0.0	0.0	0.0	0.0	0.0	0.0	0.0
spe	463	462	1889.86	1641.635	1765.7475	2062.81	1716.91	1844.48	1438.79	1750.8
hgt	444	GCA.002686135.1.Bacteria.Proteobacteria	1669.2	0.0	834.6	1892.76	1445.64	0.0	0.0	946.38
hgt	434	GCA.002898275.1.Bacteria.Proteobacteria	1886.935	0.0	943.4675	2078.21	1695.66	0.0	0.0	1039.105
hgt	439	GCF.001613805.1.Bacteria.Proteobacteria	1983.035	0.0	991.5175	2153.66	1812.41	0.0	0.0	1076.83
spe	509	508	1977.465	1872.275	1924.87	2143.57	1811.36	2045.43	1699.12	1921.345
spe	508	498	1872.275	1734.36	1803.3175	2045.43	1699.12	1926.5	1542.22	1793.825
los	498	GCA.002731375.1.Bacteria.Proteobacteria	1734.36	0.0	867.18	1926.5	1542.22	0.0	0.0	963.25
spe	508	507	1872.275	1662.025	1767.15	2045.43	1699.12	1849.48	1474.57	1760.0
los	507	506	1662.025	1610.765	1636.395	1849.48	1474.57	1805.19	1416.34	1632.91
spe	507	503	1662.025	1517.515	1589.77	1849.48	1474.57	1721.78	1313.25	1581.365
los	503	501	1517.515	1305.64	1411.5775	1721.78	1313.25	1547.22	1064.06	1392.92
spe	654	653	2959.21	2771.345	2865.2775	3102.9	2815.52	2913.41	2629.28	2866.09
spe	653	652	2771.345	2671.985	2721.665	2913.41	2629.28	2814.28	2529.69	2721.55
los	652	526	2671.985	2470.255	2571.12	2814.28	2529.69	2632.1	2308.41	2561.345
spe	652	651	2671.985	2583.355	2627.67	2814.28	2529.69	2725.11	2441.6	2627.94
los	651	650	2583.355	2528.52	2555.9375	2725.11	2441.6	2669.79	2387.25	2556.18
spe	651	533	2583.355	2458.635	2520.995	2725.11	2441.6	2609.15	2308.12	2516.615
spe	533	529	2458.635	2307.945	2383.29	2609.15	2308.12	2475.73	2140.16	2374.655
hgt	None	dead	0.0	0.0	0.0	0.0	0.0	0.0	0.0	0.0
hgt	570	568	2165.975	2035.48	2100.7275	2326.89	2005.06	2214.09	1856.87	2091.88
hgt	644	636	2211.125	2146.87	2178.9975	2362.51	2059.74	2302.89	1990.85	2176.68
hgt	574	GCF.900112605.1.Bacteria.Proteobacteria	1962.545	0.0	981.2725	2146.1	1778.99	0.0	0.0	1073.05
hgt	603	602	2200.665	2136.455	2168.56	2350.69	2050.64	2288.0	1984.91	2167.8
spe	644	636	2211.125	2146.87	2178.9975	2362.51	2059.74	2302.89	1990.85	2176.68
spe	636	634	2146.87	2007.49	2077.18	2302.89	1990.85	2185.15	1829.83	2066.36
los	634	GCF.001697225.1.Bacteria.Proteobacteria	2007.49	0.0	1003.745	2185.15	1829.83	0.0	0.0	1092.575
hgt	542	GCA.002631715.1.Bacteria.Proteobacteria	2266.915	0.0	1133.4575	2432.28	2101.55	0.0	0.0	1216.14
spe	603	602	2200.665	2136.455	2168.56	2350.69	2050.64	2288.0	1984.91	2167.8
hgt	None	dead	0.0	0.0	0.0	0.0	0.0	0.0	0.0	0.0
hgt	600	GCA.002007425.1.Bacteria.Proteobacteria	1814.2	0.0	907.1	1996.49	1631.91	0.0	0.0	998.245
los	None	dead	0.0	0.0	0.0	0.0	0.0	0.0	0.0	0.0
hgt	560	558	2138.97	1998.285	2068.6275	2303.08	1974.86	2181.41	1815.16	2059.12
spe	602	592	2136.455	1879.945	2008.2	2288.0	1984.91	2061.78	1698.11	1993.055
hgt	546	GCA.002747435.1.Bacteria.Proteobacteria	2056.155	0.0	1028.0775	2233.12	1879.19	0.0	0.0	1116.56
spe	560	558	2138.97	1998.285	2068.6275	2303.08	1974.86	2181.41	1815.16	2059.12
spe	558	557	1998.285	1783.96	1891.1225	2181.41	1815.16	2002.84	1565.08	1873.245
hgt	576	GCA.002432655.1.Bacteria.Proteobacteria	2178.965	0.0	1089.4825	2336.84	2021.09	0.0	0.0	1168.42
los	557	GCA.002007405.1.Bacteria.Proteobacteria	1783.96	0.0	891.98	2002.84	1565.08	0.0	0.0	1001.42
hgt	542	GCA.002352565.1.Bacteria.Proteobacteria	2266.915	0.0	1133.4575	2432.28	2101.55	0.0	0.0	1216.14
hgt	603	GCA.002085445.1.Bacteria.Proteobacteria	2200.665	0.0	1100.3325	2350.69	2050.64	0.0	0.0	1175.345
spe	602	601	2136.455	2005.515	2070.985	2288.0	1984.91	2169.0	1842.03	2065.015
spe	601	595	2005.515	1816.095	1910.805	2169.0	1842.03	2002.91	1629.28	1899.14
los	595	GCA.002454015.1.Bacteria.Proteobacteria	1816.095	0.0	908.0475	2002.91	1629.28	0.0	0.0	1001.455
spe	601	600	2005.515	1814.2	1909.8575	2169.0	1842.03	1996.49	1631.91	1900.455
los	600	GCA.002007425.1.Bacteria.Proteobacteria	1814.2	0.0	907.1	1996.49	1631.91	0.0	0.0	998.245
spe	600	598	1814.2	1497.41	1655.805	1996.49	1631.91	1713.35	1281.47	1638.98
los	598	GCA.002292285.1.Bacteria.Proteobacteria	1497.41	0.0	748.705	1713.35	1281.47	0.0	0.0	856.675
hgt	551	GCA.002746645.1.Bacteria.Proteobacteria	1711.785	0.0	855.8925	1939.79	1483.78	0.0	0.0	969.895
spe	570	568	2165.975	2035.48	2100.7275	2326.89	2005.06	2214.09	1856.87	2091.88
hgt	552	GCF.001614315.2.Bacteria.Proteobacteria	1988.77	0.0	994.385	2174.6	1802.94	0.0	0.0	1087.3
hgt	546	GCF.000021985.1.Bacteria.Proteobacteria	2056.155	0.0	1028.0775	2233.12	1879.19	0.0	0.0	1116.56
hgt	598	GCA.002292285.1.Bacteria.Proteobacteria	1497.41	0.0	748.705	1713.35	1281.47	0.0	0.0	856.675
hgt	634	GCF.001697225.1.Bacteria.Proteobacteria	2007.49	0.0	1003.745	2185.15	1829.83	0.0	0.0	1092.575
hgt	643	642	2071.11	1939.07	2005.09	2233.72	1908.5	2120.83	1757.31	1995.515
los	None	dead	0.0	0.0	0.0	0.0	0.0	0.0	0.0	0.0
spe	643	642	2071.11	1939.07	2005.09	2233.72	1908.5	2120.83	1757.31	1995.515
hgt	643	639	2071.11	1859.94	1965.525	2233.72	1908.5	2065.68	1654.2	1943.96
spe	643	639	2071.11	1859.94	1965.525	2233.72	1908.5	2065.68	1654.2	1943.96
hgt	595	GCA.002454015.1.Bacteria.Proteobacteria	1816.095	0.0	908.0475	2002.91	1629.28	0.0	0.0	1001.455
spe	533	532	2458.635	2186.645	2322.64	2609.15	2308.12	2379.45	1993.84	2301.495
hgt	560	GCA.001735895.1.Bacteria.Proteobacteria	2138.97	0.0	1069.485	2303.08	1974.86	0.0	0.0	1151.54
hgt	406	GCA.001872725.1.Bacteria.Proteobacteria	2769.905	0.0	1384.9525	2921.46	2618.35	0.0	0.0	1460.73
dup	None	dead	0.0	0.0	0.0	0.0	0.0	0.0	0.0	0.0
hgt	38	GCF.002214485.1.Archaea.Methanobacteriota.B	2538.31	0.0	1269.155	2727.65	2348.97	0.0	0.0	1363.825
los	None	dead	0.0	0.0	0.0	0.0	0.0	0.0	0.0	0.0
hgt	118	116	2278.345	1726.54	2002.4425	2478.81	2077.88	2006.45	1446.63	1962.72
los	None	dead	0.0	0.0	0.0	0.0	0.0	0.0	0.0	0.0
spe	118	116	2278.345	1726.54	2002.4425	2478.81	2077.88	2006.45	1446.63	1962.72
dup	None	dead	0.0	0.0	0.0	0.0	0.0	0.0	0.0	0.0
hgt	720	GCA.002347965.1.Bacteria.UBA2233	2734.075	0.0	1367.0375	2916.96	2551.19	0.0	0.0	1458.48
los	None	dead	0.0	0.0	0.0	0.0	0.0	0.0	0.0	0.0
dup	None	dead	0.0	0.0	0.0	0.0	0.0	0.0	0.0	0.0
hgt	515	GCA.002632265.1.Bacteria.Proteobacteria	2401.52	0.0	1200.76	2548.4	2254.64	0.0	0.0	1274.2
los	None	dead	0.0	0.0	0.0	0.0	0.0	0.0	0.0	0.0
hgt	352	GCA.002167285.1.Bacteria.Planctomycetota	2391.045	0.0	1195.5225	2583.76	2198.33	0.0	0.0	1291.88
los	None	dead	0.0	0.0	0.0	0.0	0.0	0.0	0.0	0.0
hgt	None	dead	0.0	0.0	0.0	0.0	0.0	0.0	0.0	0.0
hgt	None	dead	0.0	0.0	0.0	0.0	0.0	0.0	0.0	0.0
hgt	None	dead	0.0	0.0	0.0	0.0	0.0	0.0	0.0	0.0
dup	None	dead	0.0	0.0	0.0	0.0	0.0	0.0	0.0	0.0
hgt	121	GCA.001273335.1.Archaea.Thermoproteota	2129.565	0.0	1064.7825	2347.3	1911.83	0.0	0.0	1173.65
los	None	dead	0.0	0.0	0.0	0.0	0.0	0.0	0.0	0.0
dup	None	dead	0.0	0.0	0.0	0.0	0.0	0.0	0.0	0.0
hgt	143	GCA.001940655.1.Archaea.Asgardarchaeota	2511.185	0.0	1255.5925	2712.39	2309.98	0.0	0.0	1356.195
los	None	dead	0.0	0.0	0.0	0.0	0.0	0.0	0.0	0.0
dup	None	dead	0.0	0.0	0.0	0.0	0.0	0.0	0.0	0.0
hgt	133	GCA.002506605.1.Archaea.Thermoproteota	2194.065	0.0	1097.0325	2406.16	1981.97	0.0	0.0	1203.08
los	None	dead	0.0	0.0	0.0	0.0	0.0	0.0	0.0	0.0
hgt	137	136	2562.75	2489.555	2526.1525	2734.97	2390.53	2665.95	2313.16	2524.065
los	None	dead	0.0	0.0	0.0	0.0	0.0	0.0	0.0	0.0
spe	137	136	2562.75	2489.555	2526.1525	2734.97	2390.53	2665.95	2313.16	2524.065
spe	136	134	2489.555	2351.985	2420.77	2665.95	2313.16	2536.09	2167.88	2416.915
los	134	133	2351.985	2194.065	2273.025	2536.09	2167.88	2406.16	1981.97	2259.03
spe	134	130	2351.985	2259.135	2305.56	2536.09	2167.88	2456.17	2062.1	2299.095
los	130	GCA.001510295.1.Archaea.Thermoproteota	2259.135	0.0	1129.5675	2456.17	2062.1	0.0	0.0	1228.085
spe	130	128	2259.135	1456.455	1857.795	2456.17	2062.1	1742.17	1170.74	1813.455
hgt	107	GCA.003019535.1.Archaea.Thermoproteota	2229.765	0.0	1114.8825	2447.7	2011.83	0.0	0.0	1223.85
spe	94	93	2874.54	2781.775	2828.1575	3031.65	2717.43	2937.35	2626.2	2828.925
spe	93	92	2781.775	2715.565	2748.67	2937.35	2626.2	2870.72	2560.41	2748.88
los	92	70	2715.565	2480.265	2597.915	2870.72	2560.41	2639.53	2321.0	2595.86
spe	92	91	2715.565	2548.71	2632.1375	2870.72	2560.41	2710.79	2386.63	2628.675
spe	91	90	2548.71	2426.545	2487.6275	2710.79	2386.63	2587.9	2265.19	2487.99
spe	90	89	2426.545	2320.405	2373.475	2587.9	2265.19	2487.89	2152.92	2370.41
los	89	77	2320.405	2081.03	2200.7175	2487.89	2152.92	2277.46	1884.6	2186.245
spe	89	88	2320.405	2221.93	2271.1675	2487.89	2152.92	2396.19	2047.67	2267.78
spe	88	87	2221.93	2144.39	2183.16	2396.19	2047.67	2323.79	1964.99	2180.59
los	87	GCA.002256595.1.Archaea.Halobacteriota	2144.39	0.0	1072.195	2323.79	1964.99	0.0	0.0	1161.895
spe	87	86	2144.39	2014.745	2079.5675	2323.79	1964.99	2208.35	1821.14	2072.465
los	86	GCA.001412335.1.Archaea.Halobacteriota	2014.745	0.0	1007.3725	2208.35	1821.14	0.0	0.0	1104.175
spe	86	84	2014.745	1868.445	1941.595	2208.35	1821.14	2080.58	1656.31	1932.33
los	84	GCF.000011005.1.Archaea.Euryarchaeota	1868.445	0.0	934.2225	2080.58	1656.31	0.0	0.0	1040.29
spe	88	80	2221.93	2032.885	2127.4075	2396.19	2047.67	2234.17	1831.6	2113.895
hgt	84	GCF.000011005.1.Archaea.Euryarchaeota	1868.445	0.0	934.2225	2080.58	1656.31	0.0	0.0	1040.29
spe	90	74	2426.545	2278.05	2352.2975	2587.9	2265.19	2455.2	2100.9	2344.4
hgt	77	GCA.001766825.1.Archaea.Halobacteriota	2081.03	0.0	1040.515	2277.46	1884.6	0.0	0.0	1138.73
los	74	GCF.000194625.1.Archaea.Halobacteriota	2278.05	0.0	1139.025	2455.2	2100.9	0.0	0.0	1227.6
dup	None	dead	0.0	0.0	0.0	0.0	0.0	0.0	0.0	0.0
dup	None	dead	0.0	0.0	0.0	0.0	0.0	0.0	0.0	0.0
hgt	147	GCA.001940725.1.Archaea.Asgardarchaeota	2281.01	0.0	1140.505	2488.59	2073.43	0.0	0.0	1244.295
los	None	dead	0.0	0.0	0.0	0.0	0.0	0.0	0.0	0.0
hgt	29	GCA.001742785.1.Archaea.Altiarchaeota	2305.1	0.0	1152.55	2555.27	2054.93	0.0	0.0	1277.635
los	None	dead	0.0	0.0	0.0	0.0	0.0	0.0	0.0	0.0
dup	None	dead	0.0	0.0	0.0	0.0	0.0	0.0	0.0	0.0
hgt	38	GCA.001515205.2.Archaea.Hadarchaeota	2538.31	0.0	1269.155	2727.65	2348.97	0.0	0.0	1363.825
los	None	dead	0.0	0.0	0.0	0.0	0.0	0.0	0.0	0.0
hgt	123	113	2509.405	2352.095	2430.75	2676.61	2342.2	2536.91	2167.28	2421.945
los	None	dead	0.0	0.0	0.0	0.0	0.0	0.0	0.0	0.0
spe	123	113	2509.405	2352.095	2430.75	2676.61	2342.2	2536.91	2167.28	2421.945
hgt	967	966	2386.18	2094.155	2240.1675	2566.06	2206.3	2298.82	1889.49	2227.775
los	None	dead	0.0	0.0	0.0	0.0	0.0	0.0	0.0	0.0
spe	967	966	2386.18	2094.155	2240.1675	2566.06	2206.3	2298.82	1889.49	2227.775
spe	966	965	2094.155	1893.24	1993.6975	2298.82	1889.49	2109.26	1677.22	1988.02
los	965	964	1893.24	1750.505	1821.8725	2109.26	1677.22	1974.3	1526.71	1817.985
spe	965	955	1893.24	1759.09	1826.165	2109.26	1677.22	1989.55	1528.63	1818.945
los	955	GCF.001280305.1.Bacteria.Bacteroidota	1759.09	0.0	879.545	1989.55	1528.63	0.0	0.0	994.775
hgt	961	GCA.001769385.1.Bacteria.Bacteroidota	1247.9425	0.0	623.97125	1496.26	999.625	0.0	0.0	748.13
hgt	353	347	2650.1	2546.45	2598.275	2818.66	2481.54	2726.66	2366.24	2592.45
spe	267	265	2989.33	2505.165	2747.2475	3160.51	2818.15	2750.37	2259.96	2710.235
hgt	239	GCA.003158755.1.Bacteria.Elusimicrobiota	2146.715	0.0	1073.3575	2343.88	1949.55	0.0	0.0	1171.94
hgt	660	659	2810.715	2073.72	2442.2175	2982.77	2638.66	2328.01	1819.43	2401.1
hgt	244	GCA.001800075.1.Bacteria.Elusimicrobiota	2178.39	0.0	1089.195	2377.56	1979.22	0.0	0.0	1188.78
hgt	284	282	2369.92	2053.795	2211.8575	2568.85	2170.99	2296.91	1810.68	2189.765
los	265	GCA.003501375.1.Bacteria.Sumerlaeota	2505.165	0.0	1252.5825	2750.37	2259.96	0.0	0.0	1375.185
spe	284	282	2369.92	2053.795	2211.8575	2568.85	2170.99	2296.91	1810.68	2189.765
hgt	328	GCF.002277955.1.Bacteria.Planctomycetota	2426.155	0.0	1213.0775	2612.85	2239.46	0.0	0.0	1306.425
hgt	288	GCA.002382525.1.Bacteria.Verrucomicrobiota	2297.655	0.0	1148.8275	2522.23	2073.08	0.0	0.0	1261.115
spe	660	659	2810.715	2073.72	2442.2175	2982.77	2638.66	2328.01	1819.43	2401.1
spe	353	347	2650.1	2546.45	2598.275	2818.66	2481.54	2726.66	2366.24	2592.45
spe	347	345	2546.45	2344.43	2445.44	2726.66	2366.24	2550.58	2138.28	2432.47
hgt	711	GCA.001664505.1.Bacteria.Acidobacteriota	2445.625	0.0	1222.8125	2626.53	2264.72	0.0	0.0	1313.265
hgt	1177	GCA.001464275.1.Bacteria.Actinobacteriota	2055.195	0.0	1027.5975	2300.55	1809.84	0.0	0.0	1150.275
hgt	1020	GCA.001780165.1.Bacteria.Eisenbacteria	2279.22	0.0	1139.61	2521.79	2036.65	0.0	0.0	1260.895
hgt	1087	GCA.001778455.1.Bacteria.Bipolaricaulota	1892.775	0.0	946.3875	2196.66	1588.89	0.0	0.0	1098.33
hgt	1106	GCA.003134215.1.Bacteria.Armatimonadota	2220.8	0.0	1110.4	2480.29	1961.31	0.0	0.0	1240.145
hgt	68	GCA.002495185.1.Archaea.Thermoplasmatota	2254.26	0.0	1127.13	2432.16	2076.36	0.0	0.0	1216.08
hgt	1143	GCA.002352645.1.Bacteria.Actinobacteriota	2319.725	0.0	1159.8625	2519.3	2120.15	0.0	0.0	1259.65
los	345	GCA.002746235.1.Bacteria.Planctomycetota	2344.43	0.0	1172.215	2550.58	2138.28	0.0	0.0	1275.29
hgt	536	GCF.900111015.1.Bacteria.Proteobacteria	2343.3	0.0	1171.65	2502.24	2184.36	0.0	0.0	1251.12
hgt	574	GCF.000374645.1.Bacteria.Proteobacteria	1962.545	0.0	981.2725	2146.1	1778.99	0.0	0.0	1073.05
hgt	926	924	2762.32	2422.26	2592.29	2945.47	2579.17	2682.06	2162.46	2553.965
hgt	183	GCA.002402105.1.Bacteria.UBP17	3092.06	0.0	1546.03	3327.02	2857.1	0.0	0.0	1663.51
hgt	321	GCA.003136555.1.Bacteria.Planctomycetota	2808.805	0.0	1404.4025	2975.88	2641.73	0.0	0.0	1487.94
hgt	702	GCA.003223635.1.Bacteria.Acidobacteriota	2020.225	0.0	1010.1125	2250.44	1790.01	0.0	0.0	1125.22
hgt	376	GCA.002418835.1.Bacteria.Spirochaetota	2638.94	0.0	1319.47	2822.05	2455.83	0.0	0.0	1411.025
spe	926	924	2762.32	2422.26	2592.29	2945.47	2579.17	2682.06	2162.46	2553.965
hgt	780	GCA.001769805.1.Bacteria.Bdellovibrionota	2414.4	0.0	1207.2	2599.71	2229.09	0.0	0.0	1299.855
hgt	477	GCA.001897475.1.Bacteria.Proteobacteria	1568.215	0.0	784.1075	1778.86	1357.57	0.0	0.0	889.43
