event	left_node	right_node	left_date	right_date	midpoint_date	left_date_lower	left_date_upper	right_date_lower	right_date_upper	midpoint_date_all
hgt	None	dead	0.0	0.0	0.0	0.0	0.0	0.0	0.0	0.0
dup	None	dead	0.0	0.0	0.0	0.0	0.0	0.0	0.0	0.0
hgt	668	GCA.002010665.1.Bacteria.Acidobacteriota	2182.81	0.0	1091.405	2412.62	1953.0	0.0	0.0	1206.31
los	None	dead	0.0	0.0	0.0	0.0	0.0	0.0	0.0	0.0
dup	None	dead	0.0	0.0	0.0	0.0	0.0	0.0	0.0	0.0
hgt	732	GCA.002011735.1.Bacteria.Nitrospirota	2077.52	0.0	1038.76	2333.23	1821.81	0.0	0.0	1166.615
los	None	dead	0.0	0.0	0.0	0.0	0.0	0.0	0.0	0.0
hgt	223	222	2501.375	2307.48	2404.4275	2673.97	2328.78	2490.77	2124.19	2399.08
los	None	dead	0.0	0.0	0.0	0.0	0.0	0.0	0.0	0.0
spe	223	222	2501.375	2307.48	2404.4275	2673.97	2328.78	2490.77	2124.19	2399.08
spe	222	216	2307.48	2167.33	2237.405	2490.77	2124.19	2366.8	1967.86	2229.315
los	216	GCA.003154195.1.Bacteria.Omnitrophota	2167.33	0.0	1083.665	2366.8	1967.86	0.0	0.0	1183.4
spe	222	221	2307.48	2232.655	2270.0675	2490.77	2124.19	2421.55	2043.76	2267.265
hgt	229	GCA.002791075.1.Bacteria.Ratteibacteria	2859.92	0.0	1429.96	3019.94	2699.9	0.0	0.0	1509.97
los	221	220	2232.655	2041.98	2137.3175	2421.55	2043.76	2253.94	1830.02	2125.785
hgt	None	dead	0.0	0.0	0.0	0.0	0.0	0.0	0.0	0.0
hgt	1058	GCF.000233775.1.Bacteria.Synergistota	2874.585	0.0	1437.2925	3067.3	2681.87	0.0	0.0	1533.65
los	None	dead	0.0	0.0	0.0	0.0	0.0	0.0	0.0	0.0
spe	899	898	3089.895	3060.73	3075.3125	3234.81	2944.98	3206.1	2915.36	3075.085
hgt	276	275	3142.94	3039.065	3091.0025	3295.82	2990.06	3208.38	2869.75	3082.785
hgt	None	dead	0.0	0.0	0.0	0.0	0.0	0.0	0.0	0.0
dup	None	dead	0.0	0.0	0.0	0.0	0.0	0.0	0.0	0.0
hgt	853	GCA.001797415.1.Bacteria.Desulfobacterota	2576.375	0.0	1288.1875	2761.44	2391.31	0.0	0.0	1380.72
los	None	dead	0.0	0.0	0.0	0.0	0.0	0.0	0.0	0.0
dup	None	dead	0.0	0.0	0.0	0.0	0.0	0.0	0.0	0.0
hgt	753	GCA.001803565.1.Bacteria.Nitrospinota.B	2583.27	0.0	1291.635	2768.8	2397.74	0.0	0.0	1384.4
los	None	dead	0.0	0.0	0.0	0.0	0.0	0.0	0.0	0.0
hgt	458	GCA.002340345.1.Bacteria.Proteobacteria	2053.74	0.0	1026.87	2214.88	1892.6	0.0	0.0	1107.44
los	None	dead	0.0	0.0	0.0	0.0	0.0	0.0	0.0	0.0
hgt	None	dead	0.0	0.0	0.0	0.0	0.0	0.0	0.0	0.0
dup	None	dead	0.0	0.0	0.0	0.0	0.0	0.0	0.0	0.0
hgt	1173	GCA.001768675.1.Bacteria.Actinobacteriota	2194.99	0.0	1097.495	2420.07	1969.91	0.0	0.0	1210.035
los	None	dead	0.0	0.0	0.0	0.0	0.0	0.0	0.0	0.0
dup	None	dead	0.0	0.0	0.0	0.0	0.0	0.0	0.0	0.0
hgt	1312	GCF.000019165.1.Bacteria.Firmicutes.B	2058.365	0.0	1029.1825	2278.56	1838.17	0.0	0.0	1139.28
los	None	dead	0.0	0.0	0.0	0.0	0.0	0.0	0.0	0.0
hgt	1198	GCA.002159155.1.Bacteria.Firmicutes.G	2678.675	0.0	1339.3375	2871.78	2485.57	0.0	0.0	1435.89
los	None	dead	0.0	0.0	0.0	0.0	0.0	0.0	0.0	0.0
hgt	663	397	3149.67	3038.98	3094.325	3293.35	3005.99	3186.65	2891.31	3092.33
spe	898	897	3060.73	3021.29	3041.01	3206.1	2915.36	3166.46	2876.12	3041.11
hgt	None	dead	0.0	0.0	0.0	0.0	0.0	0.0	0.0	0.0
hgt	732	GCA.003153275.1.Bacteria.Nitrospirota	2077.52	0.0	1038.76	2333.23	1821.81	0.0	0.0	1166.615
los	None	dead	0.0	0.0	0.0	0.0	0.0	0.0	0.0	0.0
hgt	None	dead	0.0	0.0	0.0	0.0	0.0	0.0	0.0	0.0
hgt	749	GCA.003229375.1.Bacteria.Nitrospinota	2363.875	0.0	1181.9375	2575.43	2152.32	0.0	0.0	1287.715
los	None	dead	0.0	0.0	0.0	0.0	0.0	0.0	0.0	0.0
spe	897	896	3021.29	2913.21	2967.25	3166.46	2876.12	3068.25	2758.17	2962.315
spe	896	892	2913.21	2624.55	2768.88	3068.25	2758.17	2832.73	2416.37	2742.31
los	892	GCA.001873295.1.Bacteria.CG2.30.70.394	2624.55	0.0	1312.275	2832.73	2416.37	0.0	0.0	1416.365
spe	896	895	2913.21	2668.13	2790.67	3068.25	2758.17	2862.76	2473.5	2770.875
hgt	359	GCF.000949635.1.Bacteria.Planctomycetota	2462.325	0.0	1231.1625	2655.98	2268.67	0.0	0.0	1327.99
los	895	GCA.002897695.1.Bacteria.BMS3Abin14	2668.13	0.0	1334.065	2862.76	2473.5	0.0	0.0	1431.38
hgt	1389	1388	3027.58	2941.055	2984.3175	3169.39	2885.77	3082.24	2799.87	2984.63
hgt	178	177	3109.52	2987.475	3048.4975	3270.62	2948.42	3145.38	2829.57	3050.095
spe	897	889	3021.29	2916.985	2969.1375	3166.46	2876.12	3062.93	2771.04	2968.75
los	889	843	2916.985	2862.71	2889.8475	3062.93	2771.04	3010.27	2715.15	2889.04
spe	889	888	2916.985	2827.975	2872.48	3062.93	2771.04	2977.09	2678.86	2870.895
spe	888	854	2827.975	2738.145	2783.06	2977.09	2678.86	2894.15	2582.14	2779.615
spe	854	853	2738.145	2576.375	2657.26	2894.15	2582.14	2761.44	2391.31	2642.73
los	853	GCA.001797415.1.Bacteria.Desulfobacterota	2576.375	0.0	1288.1875	2761.44	2391.31	0.0	0.0	1380.72
hgt	None	dead	0.0	0.0	0.0	0.0	0.0	0.0	0.0	0.0
hgt	236	GCA.002412545.1.Bacteria.Elusimicrobiota	2376.71	0.0	1188.355	2562.4	2191.02	0.0	0.0	1281.2
los	None	dead	0.0	0.0	0.0	0.0	0.0	0.0	0.0	0.0
hgt	None	dead	0.0	0.0	0.0	0.0	0.0	0.0	0.0	0.0
los	854	850	2738.145	2713.455	2725.8	2894.15	2582.14	2872.64	2554.27	2724.21
hgt	517	GCA.002937675.1.Bacteria.Proteobacteria	2543.2	0.0	1271.6	2689.47	2396.93	0.0	0.0	1344.735
los	None	dead	0.0	0.0	0.0	0.0	0.0	0.0	0.0	0.0
spe	888	887	2827.975	2727.215	2777.595	2977.09	2678.86	2881.55	2572.88	2774.985
los	887	863	2727.215	2597.055	2662.135	2881.55	2572.88	2762.98	2431.13	2656.34
spe	887	886	2727.215	2570.925	2649.07	2881.55	2572.88	2733.26	2408.59	2645.07
los	886	874	2570.925	2502.96	2536.9425	2733.26	2408.59	2671.83	2334.09	2533.675
spe	886	885	2570.925	2490.35	2530.6375	2733.26	2408.59	2660.72	2319.98	2526.62
los	885	884	2490.35	2409.27	2449.81	2660.72	2319.98	2585.68	2232.86	2446.79
spe	885	877	2490.35	2406.095	2448.2225	2660.72	2319.98	2589.76	2222.43	2441.575
hgt	801	GCA.002328485.1.Bacteria.Desulfobacterota.G	2578.84	0.0	1289.42	2754.6	2403.08	0.0	0.0	1377.3
hgt	1058	GCA.001443005.1.Bacteria.Synergistota	2874.585	0.0	1437.2925	3067.3	2681.87	0.0	0.0	1533.65
hgt	188	GCA.001787855.1.Bacteria.Riflebacteria	3243.0	0.0	1621.5	3424.72	3061.28	0.0	0.0	1712.36
hgt	400	GCA.002401295.1.Bacteria.SAR324	2693.845	0.0	1346.9225	2881.53	2506.16	0.0	0.0	1440.765
hgt	185	GCA.001791795.1.Bacteria.Wallbacteria	3290.735	0.0	1645.3675	3466.68	3114.79	0.0	0.0	1733.34
hgt	866	GCA.002877985.1.Bacteria.Desulfobacterota	2095.425	0.0	1047.7125	2320.01	1870.84	0.0	0.0	1160.005
hgt	832	GCA.002721815.1.Bacteria.Myxococcota	2268.205	0.0	1134.1025	2461.92	2074.49	0.0	0.0	1230.96
hgt	1645	GCF.000212395.1.Bacteria.Thermodesulfobiota	3078.905	0.0	1539.4525	3240.17	2917.64	0.0	0.0	1620.085
hgt	166	GCA.000209225.1.Eukaryota.Cnidaria	1127.658	0.0	563.829	1331.56	923.756	0.0	0.0	665.78
hgt	198	GCA.001871015.1.Bacteria.Desantisbacteria	2808.635	0.0	1404.3175	2991.51	2625.76	0.0	0.0	1495.755
hgt	356	GCA.001828445.1.Bacteria.Planctomycetota	2426.325	0.0	1213.1625	2636.03	2216.62	0.0	0.0	1318.015
hgt	1406	GCA.002717925.1.Bacteria.Chloroflexota	2276.4	0.0	1138.2	2475.71	2077.09	0.0	0.0	1237.855
hgt	967	GCF.000013045.1.Bacteria.Bacteroidota	2386.18	0.0	1193.09	2566.06	2206.3	0.0	0.0	1283.03
hgt	None	dead	0.0	0.0	0.0	0.0	0.0	0.0	0.0	0.0
hgt	598	GCA.002170535.1.Bacteria.Proteobacteria	1497.41	0.0	748.705	1713.35	1281.47	0.0	0.0	856.675
los	None	dead	0.0	0.0	0.0	0.0	0.0	0.0	0.0	0.0
hgt	None	dead	0.0	0.0	0.0	0.0	0.0	0.0	0.0	0.0
dup	None	dead	0.0	0.0	0.0	0.0	0.0	0.0	0.0	0.0
hgt	557	GCA.002728355.1.Bacteria.Proteobacteria	1783.96	0.0	891.98	2002.84	1565.08	0.0	0.0	1001.42
los	None	dead	0.0	0.0	0.0	0.0	0.0	0.0	0.0	0.0
hgt	660	659	2810.715	2073.72	2442.2175	2982.77	2638.66	2328.01	1819.43	2401.1
los	None	dead	0.0	0.0	0.0	0.0	0.0	0.0	0.0	0.0
spe	660	659	2810.715	2073.72	2442.2175	2982.77	2638.66	2328.01	1819.43	2401.1
hgt	426	416	2289.93	2073.61	2181.77	2445.57	2134.29	2245.54	1901.68	2173.625
spe	426	416	2289.93	2073.61	2181.77	2445.57	2134.29	2245.54	1901.68	2173.625
spe	416	415	2073.61	1888.055	1980.8325	2245.54	1901.68	2082.43	1693.68	1969.61
los	415	GCA.003213135.1.Bacteria.Proteobacteria	1888.055	0.0	944.0275	2082.43	1693.68	0.0	0.0	1041.215
hgt	None	dead	0.0	0.0	0.0	0.0	0.0	0.0	0.0	0.0
hgt	None	dead	0.0	0.0	0.0	0.0	0.0	0.0	0.0	0.0
spe	178	177	3109.52	2987.475	3048.4975	3270.62	2948.42	3145.38	2829.57	3050.095
hgt	None	dead	0.0	0.0	0.0	0.0	0.0	0.0	0.0	0.0
spe	177	176	2987.475	2870.105	2928.79	3145.38	2829.57	3029.57	2710.64	2928.01
spe	176	175	2870.105	2794.775	2832.44	3029.57	2710.64	2957.01	2632.54	2831.055
spe	175	174	2794.775	2722.305	2758.54	2957.01	2632.54	2888.31	2556.3	2756.655
los	174	173	2722.305	2663.205	2692.755	2888.31	2556.3	2836.93	2489.48	2688.895
hgt	None	dead	0.0	0.0	0.0	0.0	0.0	0.0	0.0	0.0
los	175	143	2794.775	2511.185	2652.98	2957.01	2632.54	2712.39	2309.98	2633.495
hgt	113	GCA.001593865.1.Archaea.Thermoproteota	2352.095	0.0	1176.0475	2536.91	2167.28	0.0	0.0	1268.455
los	None	dead	0.0	0.0	0.0	0.0	0.0	0.0	0.0	0.0
spe	176	140	2870.105	2794.965	2832.535	3029.57	2710.64	2954.89	2635.04	2832.305
hgt	32	26	2887.43	905.1525	1896.29125	3067.58	2707.28	1279.15	531.155	1799.3675
hgt	None	dead	0.0	0.0	0.0	0.0	0.0	0.0	0.0	0.0
hgt	None	dead	0.0	0.0	0.0	0.0	0.0	0.0	0.0	0.0
hgt	130	128	2259.135	1456.455	1857.795	2456.17	2062.1	1742.17	1170.74	1813.455
los	None	dead	0.0	0.0	0.0	0.0	0.0	0.0	0.0	0.0
spe	130	128	2259.135	1456.455	1857.795	2456.17	2062.1	1742.17	1170.74	1813.455
spe	140	139	2794.965	2746.6	2770.7825	2954.89	2635.04	2906.36	2586.84	2770.865
spe	139	109	2746.6	2611.625	2679.1125	2906.36	2586.84	2779.64	2443.61	2674.985
spe	109	108	2611.625	2433.705	2522.665	2779.64	2443.61	2622.16	2245.25	2512.445
los	108	107	2433.705	2229.765	2331.735	2622.16	2245.25	2447.7	2011.83	2316.995
hgt	None	dead	0.0	0.0	0.0	0.0	0.0	0.0	0.0	0.0
hgt	99	GCF.000092185.1.Archaea.Thermoproteota	2047.925	0.0	1023.9625	2262.48	1833.37	0.0	0.0	1131.24
los	None	dead	0.0	0.0	0.0	0.0	0.0	0.0	0.0	0.0
spe	109	103	2611.625	2372.465	2492.045	2779.64	2443.61	2552.61	2192.32	2485.98
spe	103	101	2372.465	2213.35	2292.9075	2552.61	2192.32	2410.41	2016.29	2284.45
los	101	99	2213.35	2047.925	2130.6375	2410.41	2016.29	2262.48	1833.37	2121.89
spe	139	138	2746.6	2683.72	2715.16	2906.36	2586.84	2844.85	2522.59	2714.475
spe	138	124	2683.72	2576.715	2630.2175	2844.85	2522.59	2744.68	2408.75	2626.8
los	124	GCA.002495485.1.Archaea.Thermoproteota	2576.715	0.0	1288.3575	2744.68	2408.75	0.0	0.0	1372.34
spe	124	123	2576.715	2509.405	2543.06	2744.68	2408.75	2676.61	2342.2	2543.44
spe	123	113	2509.405	2352.095	2430.75	2676.61	2342.2	2536.91	2167.28	2421.945
los	113	GCA.001593865.1.Archaea.Thermoproteota	2352.095	0.0	1176.0475	2536.91	2167.28	0.0	0.0	1268.455
spe	123	122	2509.405	2416.7	2463.0525	2676.61	2342.2	2593.5	2239.9	2458.255
los	122	118	2416.7	2278.345	2347.5225	2593.5	2239.9	2478.81	2077.88	2335.69
spe	122	121	2416.7	2129.565	2273.1325	2593.5	2239.9	2347.3	1911.83	2252.665
spe	138	137	2683.72	2562.75	2623.235	2844.85	2522.59	2734.97	2390.53	2617.69
los	137	GCA.002255045.1.Archaea.Thermoproteota	2562.75	0.0	1281.375	2734.97	2390.53	0.0	0.0	1367.485
spe	137	136	2562.75	2489.555	2526.1525	2734.97	2390.53	2665.95	2313.16	2524.065
los	136	GCA.000375685.1.Archaea.Thermoproteota	2489.555	0.0	1244.7775	2665.95	2313.16	0.0	0.0	1332.975
spe	136	134	2489.555	2351.985	2420.77	2665.95	2313.16	2536.09	2167.88	2416.915
los	134	130	2351.985	2259.135	2305.56	2536.09	2167.88	2456.17	2062.1	2299.095
spe	134	133	2351.985	2194.065	2273.025	2536.09	2167.88	2406.16	1981.97	2259.03
hgt	143	GCA.001940655.1.Archaea.Asgardarchaeota	2511.185	0.0	1255.5925	2712.39	2309.98	0.0	0.0	1356.195
hgt	99	GCF.001481685.1.Archaea.Thermoproteota	2047.925	0.0	1023.9625	2262.48	1833.37	0.0	0.0	1131.24
hgt	118	GCA.001593855.1.Archaea.Thermoproteota	2278.345	0.0	1139.1725	2478.81	2077.88	0.0	0.0	1239.405
hgt	108	107	2433.705	2229.765	2331.735	2622.16	2245.25	2447.7	2011.83	2316.995
los	None	dead	0.0	0.0	0.0	0.0	0.0	0.0	0.0	0.0
spe	108	107	2433.705	2229.765	2331.735	2622.16	2245.25	2447.7	2011.83	2316.995
hgt	31	GCA.001723855.1.Archaea.Altiarchaeota	2641.745	0.0	1320.8725	2838.14	2445.35	0.0	0.0	1419.07
hgt	92	70	2715.565	2480.265	2597.915	2870.72	2560.41	2639.53	2321.0	2595.86
hgt	1068	GCA.002428295.1.Bacteria.Caldisericota	2377.575	0.0	1188.7875	2621.46	2133.69	0.0	0.0	1310.73
hgt	29	GCA.001742785.1.Archaea.Altiarchaeota	2305.1	0.0	1152.55	2555.27	2054.93	0.0	0.0	1277.635
spe	32	26	2887.43	905.1525	1896.29125	3067.58	2707.28	1279.15	531.155	1799.3675
hgt	77	GCA.003194435.1.Archaea.Halobacteriota	2081.03	0.0	1040.515	2277.46	1884.6	0.0	0.0	1138.73
hgt	35	GCF.002201895.1.Archaea.Euryarchaeota	2625.215	0.0	1312.6075	2814.09	2436.34	0.0	0.0	1407.045
spe	92	70	2715.565	2480.265	2597.915	2870.72	2560.41	2639.53	2321.0	2595.86
spe	70	69	2480.265	2382.655	2431.46	2639.53	2321.0	2545.09	2220.22	2429.875
los	69	61	2382.655	2318.855	2350.755	2545.09	2220.22	2484.93	2152.78	2348.935
spe	69	68	2382.655	2254.26	2318.4575	2545.09	2220.22	2432.16	2076.36	2310.725
spe	68	67	2254.26	2122.965	2188.6125	2432.16	2076.36	2304.6	1941.33	2186.745
los	67	GCA.001421185.1.Archaea.Thermoplasmatota	2122.965	0.0	1061.4825	2304.6	1941.33	0.0	0.0	1152.3
spe	67	65	2122.965	1926.01	2024.4875	2304.6	1941.33	2135.57	1716.45	2010.525
los	65	GCA.001595885.1.Archaea.Thermoplasmatota	1926.01	0.0	963.005	2135.57	1716.45	0.0	0.0	1067.785
spe	70	54	2480.265	2391.235	2435.75	2639.53	2321.0	2555.98	2226.49	2433.01
spe	54	48	2391.235	2290.465	2340.85	2555.98	2226.49	2466.71	2114.22	2335.1
hgt	137	GCA.002255045.1.Archaea.Thermoproteota	2562.75	0.0	1281.375	2734.97	2390.53	0.0	0.0	1367.485
los	48	GCA.003009755.1.Archaea.Thermoplasmatota	2290.465	0.0	1145.2325	2466.71	2114.22	0.0	0.0	1233.355
spe	48	47	2290.465	2175.095	2232.78	2466.71	2114.22	2371.63	1978.56	2222.635
spe	54	53	2391.235	2158.385	2274.81	2555.98	2226.49	2345.41	1971.36	2263.67
hgt	61	60	2318.855	2157.845	2238.35	2484.93	2152.78	2341.56	1974.13	2229.53
los	53	52	2158.385	1947.675	2053.03	2345.41	1971.36	2172.33	1723.02	2034.215
spe	61	60	2318.855	2157.845	2238.35	2484.93	2152.78	2341.56	1974.13	2229.53
spe	60	59	2157.845	1950.86	2054.3525	2341.56	1974.13	2148.2	1753.52	2047.54
los	59	GCA.002011395.1.Archaea.Thermoplasmatota	1950.86	0.0	975.43	2148.2	1753.52	0.0	0.0	1074.1
hgt	118	116	2278.345	1726.54	2002.4425	2478.81	2077.88	2006.45	1446.63	1962.72
spe	118	116	2278.345	1726.54	2002.4425	2478.81	2077.88	2006.45	1446.63	1962.72
hgt	88	87	2221.93	2144.39	2183.16	2396.19	2047.67	2323.79	1964.99	2180.59
los	None	dead	0.0	0.0	0.0	0.0	0.0	0.0	0.0	0.0
spe	88	87	2221.93	2144.39	2183.16	2396.19	2047.67	2323.79	1964.99	2180.59
spe	87	86	2144.39	2014.745	2079.5675	2323.79	1964.99	2208.35	1821.14	2072.465
los	86	84	2014.745	1868.445	1941.595	2208.35	1821.14	2080.58	1656.31	1932.33
spe	177	95	2987.475	2895.515	2941.495	3145.38	2829.57	3052.55	2738.48	2941.93
spe	95	94	2895.515	2874.54	2885.0275	3052.55	2738.48	3031.65	2717.43	2884.99
spe	94	42	2874.54	2631.08	2752.81	3031.65	2717.43	2832.32	2429.84	2730.745
los	42	GCA.002502135.1.Archaea.Undinarchaeota	2631.08	0.0	1315.54	2832.32	2429.84	0.0	0.0	1416.16
spe	94	93	2874.54	2781.775	2828.1575	3031.65	2717.43	2937.35	2626.2	2828.925
los	93	GCF.000025525.1.Archaea.Methanobacteriota.A	2781.775	0.0	1390.8875	2937.35	2626.2	0.0	0.0	1468.675
spe	93	92	2781.775	2715.565	2748.67	2937.35	2626.2	2870.72	2560.41	2748.88
los	92	70	2715.565	2480.265	2597.915	2870.72	2560.41	2639.53	2321.0	2595.86
spe	92	91	2715.565	2548.71	2632.1375	2870.72	2560.41	2710.79	2386.63	2628.675
hgt	86	84	2014.745	1868.445	1941.595	2208.35	1821.14	2080.58	1656.31	1932.33
spe	86	84	2014.745	1868.445	1941.595	2208.35	1821.14	2080.58	1656.31	1932.33
hgt	80	GCF.002114285.1.Archaea.Halobacteriota	2032.885	0.0	1016.4425	2234.17	1831.6	0.0	0.0	1117.085
spe	91	90	2548.71	2426.545	2487.6275	2710.79	2386.63	2587.9	2265.19	2487.99
spe	90	89	2426.545	2320.405	2373.475	2587.9	2265.19	2487.89	2152.92	2370.41
los	89	88	2320.405	2221.93	2271.1675	2487.89	2152.92	2396.19	2047.67	2267.78
spe	89	77	2320.405	2081.03	2200.7175	2487.89	2152.92	2277.46	1884.6	2186.245
los	77	GCA.003194435.1.Archaea.Halobacteriota	2081.03	0.0	1040.515	2277.46	1884.6	0.0	0.0	1138.73
hgt	38	GCA.001515205.2.Archaea.Hadarchaeota	2538.31	0.0	1269.155	2727.65	2348.97	0.0	0.0	1363.825
spe	90	74	2426.545	2278.05	2352.2975	2587.9	2265.19	2455.2	2100.9	2344.4
spe	95	39	2895.515	2772.035	2833.775	3052.55	2738.48	2935.32	2608.75	2830.65
spe	39	35	2772.035	2625.215	2698.625	2935.32	2608.75	2814.09	2436.34	2685.83
los	35	GCF.002201895.1.Archaea.Euryarchaeota	2625.215	0.0	1312.6075	2814.09	2436.34	0.0	0.0	1407.045
spe	39	38	2772.035	2538.31	2655.1725	2935.32	2608.75	2727.65	2348.97	2642.145
hgt	93	GCF.000025525.1.Archaea.Methanobacteriota.A	2781.775	0.0	1390.8875	2937.35	2626.2	0.0	0.0	1468.675
los	38	GCA.001515205.2.Archaea.Hadarchaeota	2538.31	0.0	1269.155	2727.65	2348.97	0.0	0.0	1363.825
hgt	1038	1032	2619.59	2327.38	2473.485	2800.05	2439.13	2556.02	2098.74	2449.395
los	None	dead	0.0	0.0	0.0	0.0	0.0	0.0	0.0	0.0
spe	1038	1032	2619.59	2327.38	2473.485	2800.05	2439.13	2556.02	2098.74	2449.395
hgt	885	884	2490.35	2409.27	2449.81	2660.72	2319.98	2585.68	2232.86	2446.79
los	None	dead	0.0	0.0	0.0	0.0	0.0	0.0	0.0	0.0
spe	885	884	2490.35	2409.27	2449.81	2660.72	2319.98	2585.68	2232.86	2446.79
spe	884	883	2409.27	2107.355	2258.3125	2585.68	2232.86	2320.43	1894.28	2239.98
los	883	GCA.001751085.1.Bacteria.Desulfobacterota	2107.355	0.0	1053.6775	2320.43	1894.28	0.0	0.0	1160.215
spe	884	880	2409.27	2202.89	2306.08	2585.68	2232.86	2408.81	1996.97	2291.325
hgt	406	GCA.001872725.1.Bacteria.Proteobacteria	2769.905	0.0	1384.9525	2921.46	2618.35	0.0	0.0	1460.73
hgt	674	GCA.002747255.1.Bacteria.Acidobacteriota	2473.205	0.0	1236.6025	2675.97	2270.44	0.0	0.0	1337.985
hgt	811	GCA.002726535.1.Bacteria.Myxococcota	2134.02	0.0	1067.01	2333.61	1934.43	0.0	0.0	1166.805
hgt	849	GCA.001896555.1.Bacteria.Desulfobacterota	2490.935	0.0	1245.4675	2688.39	2293.48	0.0	0.0	1344.195
hgt	780	GCA.001769805.1.Bacteria.Bdellovibrionota	2414.4	0.0	1207.2	2599.71	2229.09	0.0	0.0	1299.855
hgt	515	GCA.002632265.1.Bacteria.Proteobacteria	2401.52	0.0	1200.76	2548.4	2254.64	0.0	0.0	1274.2
hgt	1119	GCF.002973605.1.Bacteria.Armatimonadota	2529.245	0.0	1264.6225	2761.53	2296.96	0.0	0.0	1380.765
los	880	GCF.000195295.1.Bacteria.Desulfobacterota	2202.89	0.0	1101.445	2408.81	1996.97	0.0	0.0	1204.405
hgt	477	GCA.001897475.1.Bacteria.Proteobacteria	1568.215	0.0	784.1075	1778.86	1357.57	0.0	0.0	889.43
hgt	None	dead	0.0	0.0	0.0	0.0	0.0	0.0	0.0	0.0
spe	1389	1388	3027.58	2941.055	2984.3175	3169.39	2885.77	3082.24	2799.87	2984.63
spe	1388	1274	2941.055	2802.895	2871.975	3082.24	2799.87	2951.21	2654.58	2868.41
hgt	198	GCA.002478245.1.Bacteria.UBP18	2808.635	0.0	1404.3175	2991.51	2625.76	0.0	0.0	1495.755
los	1274	1240	2802.895	2549.06	2675.9775	2951.21	2654.58	2730.4	2367.72	2659.465
spe	1274	1273	2802.895	2658.63	2730.7625	2951.21	2654.58	2811.6	2505.66	2728.435
hgt	370	GCF.000092845.1.Bacteria.Spirochaetota	2617.22	0.0	1308.61	2823.16	2411.28	0.0	0.0	1411.58
los	1273	1272	2658.63	2548.195	2603.4125	2811.6	2505.66	2704.85	2391.54	2601.57
hgt	1655	GCA.001771505.1.Bacteria.Margulisbacteria	2626.04	0.0	1313.02	2831.43	2420.65	0.0	0.0	1415.715
hgt	1068	GCA.002877955.1.Bacteria.Caldisericota	2377.575	0.0	1188.7875	2621.46	2133.69	0.0	0.0	1310.73
hgt	383	GCA.001829315.1.Bacteria.Spirochaetota	2480.61	0.0	1240.305	2682.35	2278.87	0.0	0.0	1341.175
hgt	395	GCA.002402635.1.Bacteria.Deferribacterota	2049.66	0.0	1024.83	2351.06	1748.26	0.0	0.0	1175.53
hgt	1399	GCA.002450835.1.Bacteria.Chloroflexota	2391.86	0.0	1195.93	2619.19	2164.53	0.0	0.0	1309.595
hgt	941	GCA.003477045.1.Bacteria.Delongbacteria	2724.93	0.0	1362.465	2892.99	2556.87	0.0	0.0	1446.495
hgt	None	dead	0.0	0.0	0.0	0.0	0.0	0.0	0.0	0.0
hgt	1187	1133	3068.88	2731.5	2900.19	3215.81	2921.95	2922.33	2540.67	2878.24
hgt	None	dead	0.0	0.0	0.0	0.0	0.0	0.0	0.0	0.0
dup	None	dead	0.0	0.0	0.0	0.0	0.0	0.0	0.0	0.0
hgt	1347	GCF.001561915.1.Bacteria.Firmicutes	1852.54	0.0	926.27	2058.3	1646.78	0.0	0.0	1029.15
los	None	dead	0.0	0.0	0.0	0.0	0.0	0.0	0.0	0.0
hgt	1088	GCA.002010365.1.Bacteria.Bipolaricaulota	2199.325	0.0	1099.6625	2463.66	1934.99	0.0	0.0	1231.83
los	None	dead	0.0	0.0	0.0	0.0	0.0	0.0	0.0	0.0
spe	1388	1387	2941.055	2902.155	2921.605	3082.24	2799.87	3045.04	2759.27	2920.755
spe	1387	1386	2902.155	2794.775	2848.465	3045.04	2759.27	2939.61	2649.94	2847.49
hgt	None	dead	0.0	0.0	0.0	0.0	0.0	0.0	0.0	0.0
hgt	749	GCA.002705185.1.Bacteria.Nitrospinota	2363.875	0.0	1181.9375	2575.43	2152.32	0.0	0.0	1287.715
los	None	dead	0.0	0.0	0.0	0.0	0.0	0.0	0.0	0.0
hgt	1469	GCA.001898225.1.Bacteria.Chloroflexota	2472.76	0.0	1236.38	2679.0	2266.52	0.0	0.0	1339.5
los	1386	1330	2794.775	2416.115	2605.445	2939.61	2649.94	2602.06	2230.17	2584.89
spe	1386	1385	2794.775	2733.33	2764.0525	2939.61	2649.94	2878.0	2588.66	2764.135
hgt	None	dead	0.0	0.0	0.0	0.0	0.0	0.0	0.0	0.0
los	1385	1333	2733.33	2457.61	2595.47	2878.0	2588.66	2627.39	2287.83	2582.915
hgt	1251	GCA.900066305.1.Bacteria.Firmicutes.A	1879.525	0.0	939.7625	2105.5	1653.55	0.0	0.0	1052.75
los	None	dead	0.0	0.0	0.0	0.0	0.0	0.0	0.0	0.0
spe	1385	1384	2733.33	2455.815	2594.5725	2878.0	2588.66	2606.71	2304.92	2591.46
spe	1384	1338	2455.815	2111.765	2283.79	2606.71	2304.92	2295.35	1928.18	2267.445
los	1338	1337	2111.765	1832.425	1972.095	2295.35	1928.18	2086.82	1578.03	1936.69
spe	1384	1383	2455.815	2371.08	2413.4475	2606.71	2304.92	2525.62	2216.54	2411.625
los	1383	1341	2371.08	2078.19	2224.635	2525.62	2216.54	2272.57	1883.81	2204.715
spe	1383	1382	2371.08	2292.545	2331.8125	2525.62	2216.54	2446.92	2138.17	2331.895
los	1382	1344	2292.545	2055.27	2173.9075	2446.92	2138.17	2234.39	1876.15	2161.535
spe	1382	1381	2292.545	2205.155	2248.85	2446.92	2138.17	2360.66	2049.65	2248.285
hgt	None	dead	0.0	0.0	0.0	0.0	0.0	0.0	0.0	0.0
hgt	1360	GCF.002902625.1.Bacteria.Firmicutes	1402.385	0.0	701.1925	1572.18	1232.59	0.0	0.0	786.09
los	None	dead	0.0	0.0	0.0	0.0	0.0	0.0	0.0	0.0
spe	1381	1380	2205.155	2120.065	2162.61	2360.66	2049.65	2280.16	1959.97	2160.315
spe	1380	1379	2120.065	2060.89	2090.4775	2280.16	1959.97	2221.1	1900.68	2090.42
los	1379	1378	2060.89	1789.555	1925.2225	2221.1	1900.68	1953.46	1625.65	1923.375
spe	1379	1355	2060.89	1845.21	1953.05	2221.1	1900.68	2026.05	1664.37	1942.735
los	1355	GCF.000503775.1.Bacteria.Firmicutes	1845.21	0.0	922.605	2026.05	1664.37	0.0	0.0	1013.025
spe	1381	1351	2205.155	2134.51	2169.8325	2360.66	2049.65	2297.16	1971.86	2166.26
spe	1351	1350	2134.51	1969.515	2052.0125	2297.16	1971.86	2159.85	1779.18	2038.17
los	1350	GCF.000942395.1.Bacteria.Firmicutes	1969.515	0.0	984.7575	2159.85	1779.18	0.0	0.0	1079.925
spe	1351	1347	2134.51	1852.54	1993.525	2297.16	1971.86	2058.3	1646.78	1971.97
hgt	1355	GCF.000503775.1.Bacteria.Firmicutes	1845.21	0.0	922.605	2026.05	1664.37	0.0	0.0	1013.025
los	1347	GCF.001561915.1.Bacteria.Firmicutes	1852.54	0.0	926.27	2058.3	1646.78	0.0	0.0	1029.15
hgt	1344	GCF.000218765.1.Bacteria.Firmicutes	2055.27	0.0	1027.635	2234.39	1876.15	0.0	0.0	1117.195
spe	1387	1327	2902.155	2828.71	2865.4325	3045.04	2759.27	2972.74	2684.68	2864.86
los	1327	1289	2828.71	2635.61	2732.16	2972.74	2684.68	2795.95	2475.27	2724.005
spe	1327	1326	2828.71	2719.225	2773.9675	2972.74	2684.68	2868.22	2570.23	2771.485
spe	1326	1292	2719.225	2370.88	2545.0525	2868.22	2570.23	2569.61	2172.15	2520.185
los	1292	GCF.000024605.1.Bacteria.Firmicutes.B	2370.88	0.0	1185.44	2569.61	2172.15	0.0	0.0	1284.805
hgt	1274	1240	2802.895	2549.06	2675.9775	2951.21	2654.58	2730.4	2367.72	2659.465
hgt	183	GCA.002402105.1.Bacteria.UBP17	3092.06	0.0	1546.03	3327.02	2857.1	0.0	0.0	1663.51
spe	1326	1325	2719.225	2604.385	2661.805	2868.22	2570.23	2756.95	2451.82	2660.02
spe	1325	1297	2604.385	2420.65	2512.5175	2756.95	2451.82	2602.22	2239.08	2498.015
los	1297	GCA.002329495.1.Bacteria.Firmicutes.B	2420.65	0.0	1210.325	2602.22	2239.08	0.0	0.0	1301.11
spe	1297	1296	2420.65	2280.145	2350.3975	2602.22	2239.08	2486.05	2074.24	2338.23
los	1296	GCF.900176005.1.Bacteria.Firmicutes.B	2280.145	0.0	1140.0725	2486.05	2074.24	0.0	0.0	1243.025
hgt	1218	GCA.001513125.1.Bacteria.DTU030	2947.155	0.0	1473.5775	3097.7	2796.61	0.0	0.0	1548.85
hgt	1667	GCA.003503675.1.Bacteria.Cyanobacteria	2851.115	0.0	1425.5575	2991.25	2710.98	0.0	0.0	1495.625
spe	1325	1324	2604.385	2536.255	2570.32	2756.95	2451.82	2694.52	2377.99	2567.47
spe	1324	1308	2536.255	2377.745	2457.0	2694.52	2377.99	2550.36	2205.13	2449.825
los	1308	1300	2377.745	2090.18	2233.9625	2550.36	2205.13	2311.51	1868.85	2209.605
spe	1308	1307	2377.745	2196.38	2287.0625	2550.36	2205.13	2389.69	2003.07	2276.715
hgt	1208	GCA.001513145.1.Bacteria.Firmicutes.G	2545.345	0.0	1272.6725	2781.03	2309.66	0.0	0.0	1390.515
hgt	1209	GCA.002452295.1.Bacteria.Firmicutes.G	2688.15	0.0	1344.075	2886.59	2489.71	0.0	0.0	1443.295
spe	1307	1305	2196.38	2012.42	2104.4	2389.69	2003.07	2240.7	1784.14	2086.915
spe	1305	1304	2012.42	1697.92	1855.17	2240.7	1784.14	1975.42	1420.42	1830.56
hgt	1221	GCA.002375925.1.Bacteria.Firmicutes.E	2447.11	0.0	1223.555	2673.77	2220.45	0.0	0.0	1336.885
los	1304	GCA.001508005.1.Bacteria.Firmicutes.B	1697.92	0.0	848.96	1975.42	1420.42	0.0	0.0	987.71
hgt	857	GCA.001830835.1.Bacteria.Desulfobacterota	2515.41	0.0	1257.705	2699.69	2331.13	0.0	0.0	1349.845
hgt	1227	GCA.003242675.1.Bacteria.Firmicutes.E	2407.625	0.0	1203.8125	2618.59	2196.66	0.0	0.0	1309.295
spe	1324	1323	2536.255	2478.3	2507.2775	2694.52	2377.99	2641.49	2315.11	2504.815
los	1323	1322	2478.3	2209.475	2343.8875	2641.49	2315.11	2414.01	2004.94	2323.215
spe	1323	1319	2478.3	2388.655	2433.4775	2641.49	2315.11	2562.17	2215.14	2428.315
los	1319	GCF.900100785.1.Bacteria.Firmicutes.B	2388.655	0.0	1194.3275	2562.17	2215.14	0.0	0.0	1281.085
spe	1319	1318	2388.655	2305.29	2346.9725	2562.17	2215.14	2488.59	2121.99	2342.08
spe	1318	1312	2305.29	2058.365	2181.8275	2488.59	2121.99	2278.56	1838.17	2163.38
los	1312	GCF.000019165.1.Bacteria.Firmicutes.B	2058.365	0.0	1029.1825	2278.56	1838.17	0.0	0.0	1139.28
spe	1318	1317	2305.29	1778.785	2042.0375	2488.59	2121.99	2035.34	1522.23	2005.41
los	1317	1315	1778.785	1580.985	1679.885	2035.34	1522.23	1858.57	1303.4	1669.37
hgt	1285	1281	1868.68	1642.245	1755.4625	2085.73	1651.63	1876.63	1407.86	1746.795
hgt	1315	GCF.002224645.1.Bacteria.Firmicutes.B	1580.985	0.0	790.4925	1858.57	1303.4	0.0	0.0	929.285
spe	1285	1281	1868.68	1642.245	1755.4625	2085.73	1651.63	1876.63	1407.86	1746.795
spe	1281	1280	1642.245	1441.56	1541.9025	1876.63	1407.86	1709.78	1173.34	1524.985
hgt	1287	GCA.002329525.1.Bacteria.Firmicutes.C	1965.585	0.0	982.7925	2175.83	1755.34	0.0	0.0	1087.915
los	1280	GCF.900104455.1.Bacteria.Firmicutes.C	1441.56	0.0	720.78	1709.78	1173.34	0.0	0.0	854.89
spe	1274	1240	2802.895	2549.06	2675.9775	2951.21	2654.58	2730.4	2367.72	2659.465
hgt	1333	GCF.900111575.1.Bacteria.Firmicutes.D	2457.61	0.0	1228.805	2627.39	2287.83	0.0	0.0	1313.695
hgt	1269	GCF.002252565.1.Bacteria.Firmicutes.A	2051.8	0.0	1025.9	2236.36	1867.24	0.0	0.0	1118.18
hgt	1258	GCA.003527145.1.Bacteria.Firmicutes.A	2095.365	0.0	1047.6825	2279.66	1911.07	0.0	0.0	1139.83
hgt	1216	GCF.000020005.1.Bacteria.Firmicutes.D	2550.05	0.0	1275.025	2764.74	2335.36	0.0	0.0	1382.37
hgt	1252	GCF.900107485.1.Bacteria.Firmicutes.A	2040.145	0.0	1020.0725	2235.45	1844.84	0.0	0.0	1117.725
spe	1187	1133	3068.88	2731.5	2900.19	3215.81	2921.95	2922.33	2540.67	2878.24
hgt	1136	GCA.001768645.1.Bacteria.Actinobacteriota	2691.07	0.0	1345.535	2887.94	2494.2	0.0	0.0	1443.97
hgt	1245	GCA.002399285.1.Bacteria.Firmicutes.A	2107.795	0.0	1053.8975	2321.59	1894.0	0.0	0.0	1160.795
hgt	1308	1300	2377.745	2090.18	2233.9625	2550.36	2205.13	2311.51	1868.85	2209.605
los	None	dead	0.0	0.0	0.0	0.0	0.0	0.0	0.0	0.0
spe	1308	1300	2377.745	2090.18	2233.9625	2550.36	2205.13	2311.51	1868.85	2209.605
hgt	193	GCA.001873945.1.Bacteria.UBA9089	2795.065	0.0	1397.5325	2984.65	2605.48	0.0	0.0	1492.325
hgt	1375	GCF.000178255.1.Bacteria.Firmicutes	1359.615	0.0	679.8075	1518.32	1200.91	0.0	0.0	759.16
hgt	1319	GCF.900100785.1.Bacteria.Firmicutes.B	2388.655	0.0	1194.3275	2562.17	2215.14	0.0	0.0	1281.085
hgt	1257	GCF.900104115.1.Bacteria.Firmicutes.A	1906.6	0.0	953.3	2148.79	1664.41	0.0	0.0	1074.395
hgt	1216	1215	2550.05	2030.585	2290.3175	2764.74	2335.36	2340.81	1720.36	2242.55
spe	1216	1215	2550.05	2030.585	2290.3175	2764.74	2335.36	2340.81	1720.36	2242.55
hgt	1411	GCA.002717805.1.Bacteria.Chloroflexota	2250.5	0.0	1125.25	2459.44	2041.56	0.0	0.0	1229.72
hgt	863	862	2597.055	2368.33	2482.6925	2762.98	2431.13	2561.03	2175.63	2469.305
los	None	dead	0.0	0.0	0.0	0.0	0.0	0.0	0.0	0.0
spe	863	862	2597.055	2368.33	2482.6925	2762.98	2431.13	2561.03	2175.63	2469.305
spe	862	861	2368.33	2265.965	2317.1475	2561.03	2175.63	2474.98	2056.95	2308.99
hgt	1280	GCF.900104455.1.Bacteria.Firmicutes.C	1441.56	0.0	720.78	1709.78	1173.34	0.0	0.0	854.89
hgt	1288	GCA.002411145.1.Bacteria.Firmicutes.C	2207.725	0.0	1103.8625	2392.63	2022.82	0.0	0.0	1196.315
los	861	GCA.001304105.1.Bacteria.Desulfobacterota	2265.965	0.0	1132.9825	2474.98	2056.95	0.0	0.0	1237.49
hgt	1322	GCA.000961765.1.Bacteria.Firmicutes.B	2209.475	0.0	1104.7375	2414.01	2004.94	0.0	0.0	1207.005
spe	663	397	3149.67	3038.98	3094.325	3293.35	3005.99	3186.65	2891.31	3092.33
spe	397	396	3038.98	2831.62	2935.3	3186.65	2891.31	2997.63	2665.61	2926.13
los	396	GCF.000177635.2.Bacteria.Chrysiogenota	2831.62	0.0	1415.81	2997.63	2665.61	0.0	0.0	1498.815
spe	396	395	2831.62	2049.66	2440.64	2997.63	2665.61	2351.06	1748.26	2372.945
los	395	GCA.002402635.1.Bacteria.Deferribacterota	2049.66	0.0	1024.83	2351.06	1748.26	0.0	0.0	1175.53
hgt	868	GCA.002347095.1.Bacteria.Desulfobacterota	2357.855	0.0	1178.9275	2546.99	2168.72	0.0	0.0	1273.495
spe	276	275	3142.94	3039.065	3091.0025	3295.82	2990.06	3208.38	2869.75	3082.785
spe	275	274	3039.065	2618.66	2828.8625	3208.38	2869.75	2849.97	2387.35	2797.865
hgt	741	GCA.001771285.1.Bacteria.Methylomirabilota	2582.55	0.0	1291.275	2791.15	2373.95	0.0	0.0	1395.575
los	274	GCA.002687025.1.Bacteria.Poribacteria	2618.66	0.0	1309.33	2849.97	2387.35	0.0	0.0	1424.985
hgt	None	dead	0.0	0.0	0.0	0.0	0.0	0.0	0.0	0.0
hgt	None	dead	0.0	0.0	0.0	0.0	0.0	0.0	0.0	0.0
hgt	1477	1476	3065.68	2948.885	3007.2825	3209.37	2921.99	3099.11	2798.66	3004.015
hgt	1187	1186	3068.88	3002.725	3035.8025	3215.81	2921.95	3152.18	2853.27	3034.54
hgt	None	dead	0.0	0.0	0.0	0.0	0.0	0.0	0.0	0.0
hgt	None	dead	0.0	0.0	0.0	0.0	0.0	0.0	0.0	0.0
dup	None	dead	0.0	0.0	0.0	0.0	0.0	0.0	0.0	0.0
hgt	812	GCA.002863065.1.Bacteria.Myxococcota	2281.345	0.0	1140.6725	2464.68	2098.01	0.0	0.0	1232.34
los	None	dead	0.0	0.0	0.0	0.0	0.0	0.0	0.0	0.0
dup	None	dead	0.0	0.0	0.0	0.0	0.0	0.0	0.0	0.0
hgt	1004	GCA.001775395.1.Bacteria.Zixibacteria	2154.39	0.0	1077.195	2391.17	1917.61	0.0	0.0	1195.585
los	None	dead	0.0	0.0	0.0	0.0	0.0	0.0	0.0	0.0
hgt	1029	GCA.001777915.1.Bacteria.Edwardsbacteria	2585.52	0.0	1292.76	2790.7	2380.34	0.0	0.0	1395.35
los	None	dead	0.0	0.0	0.0	0.0	0.0	0.0	0.0	0.0
hgt	None	dead	0.0	0.0	0.0	0.0	0.0	0.0	0.0	0.0
hgt	825	GCA.002344285.1.Bacteria.Myxococcota	1914.98	0.0	957.49	2142.21	1687.75	0.0	0.0	1071.105
los	None	dead	0.0	0.0	0.0	0.0	0.0	0.0	0.0	0.0
hgt	364	363	3156.3	2895.655	3025.9775	3302.8	3009.8	3047.21	2744.1	3023.45
hgt	1112	GCA.002898555.1.Bacteria.Armatimonadota	2593.11	0.0	1296.555	2834.39	2351.83	0.0	0.0	1417.195
hgt	834	GCA.001798605.1.Bacteria.Myxococcota	2442.985	0.0	1221.4925	2611.91	2274.06	0.0	0.0	1305.955
hgt	940	GCA.002127415.1.Bacteria.AABM5.125.24	2455.68	0.0	1227.84	2659.64	2251.72	0.0	0.0	1329.82
hgt	334	GCA.002338715.1.Bacteria.Planctomycetota	2115.87	0.0	1057.935	2325.24	1906.5	0.0	0.0	1162.62
spe	364	363	3156.3	2895.655	3025.9775	3302.8	3009.8	3047.21	2744.1	3023.45
hgt	None	dead	0.0	0.0	0.0	0.0	0.0	0.0	0.0	0.0
dup	None	dead	0.0	0.0	0.0	0.0	0.0	0.0	0.0	0.0
hgt	821	GCF.000737335.2.Bacteria.Proteobacteria	2160.835	0.0	1080.4175	2359.5	1962.17	0.0	0.0	1179.75
los	None	dead	0.0	0.0	0.0	0.0	0.0	0.0	0.0	0.0
hgt	741	GCA.003220615.1.Bacteria.Methylomirabilota	2582.55	0.0	1291.275	2791.15	2373.95	0.0	0.0	1395.575
los	None	dead	0.0	0.0	0.0	0.0	0.0	0.0	0.0	0.0
spe	363	362	2895.655	2809.515	2852.585	3047.21	2744.1	2963.97	2655.06	2851.135
spe	362	342	2809.515	2698.49	2754.0025	2963.97	2655.06	2862.25	2534.73	2749.35
spe	342	328	2698.49	2426.155	2562.3225	2862.25	2534.73	2612.85	2239.46	2550.855
los	328	327	2426.155	2199.545	2312.85	2612.85	2239.46	2411.52	1987.57	2300.21
hgt	720	GCA.002347965.1.Bacteria.UBA2233	2734.075	0.0	1367.0375	2916.96	2551.19	0.0	0.0	1458.48
los	342	341	2698.49	2533.375	2615.9325	2862.25	2534.73	2707.96	2358.79	2610.52
spe	362	361	2809.515	2745.685	2777.6	2963.97	2655.06	2904.81	2586.56	2775.265
hgt	None	dead	0.0	0.0	0.0	0.0	0.0	0.0	0.0	0.0
hgt	168	160	1456.38	1363.29	1409.835	1643.76	1269.0	1551.64	1174.94	1409.35
los	None	dead	0.0	0.0	0.0	0.0	0.0	0.0	0.0	0.0
spe	168	160	1456.38	1363.29	1409.835	1643.76	1269.0	1551.64	1174.94	1409.35
hgt	668	GCA.001775755.1.Bacteria.Acidobacteriota	2182.81	0.0	1091.405	2412.62	1953.0	0.0	0.0	1206.31
hgt	680	GCA.002238705.1.Bacteria.Acidobacteriota	2328.61	0.0	1164.305	2523.34	2133.88	0.0	0.0	1261.67
hgt	816	GCA.002707085.1.Bacteria.Myxococcota.A	2057.94	0.0	1028.97	2275.98	1839.9	0.0	0.0	1137.99
hgt	1438	GCA.002841995.1.Bacteria.Chloroflexota	1986.755	0.0	993.3775	2210.66	1762.85	0.0	0.0	1105.33
hgt	165	GCA.000188695.1.Eukaryota.Choanoflagellata	859.368	0.0	429.684	1091.7	627.036	0.0	0.0	545.85
hgt	1119	GCA.002779825.1.Bacteria.Armatimonadota	2529.245	0.0	1264.6225	2761.53	2296.96	0.0	0.0	1380.765
hgt	686	GCA.002451015.1.Bacteria.Acidobacteriota	2295.75	0.0	1147.875	2486.27	2105.23	0.0	0.0	1243.135
spe	160	159	1363.29	1225.785	1294.5375	1551.64	1174.94	1392.48	1059.09	1305.365
hgt	1235	GCA.002376005.1.Bacteria.Firmicutes.E	2501.715	0.0	1250.8575	2690.97	2312.46	0.0	0.0	1345.485
los	159	GCA.002049455.2.Eukaryota.Rhodophyta	1225.785	0.0	612.8925	1392.48	1059.09	0.0	0.0	696.24
hgt	390	GCA.002780065.1.Bacteria.UBA8481	3122.13	0.0	1561.065	3271.16	2973.1	0.0	0.0	1635.58
hgt	873	GCA.002011835.1.Bacteria.Desulfobacterota	2374.525	0.0	1187.2625	2555.16	2193.89	0.0	0.0	1277.58
hgt	1474	1473	2804.86	2043.005	2423.9325	2967.88	2641.84	2324.44	1761.57	2364.725
hgt	714	713	2786.11	2694.49	2740.3	2942.95	2629.27	2850.89	2538.09	2740.52
spe	361	360	2745.685	2603.365	2674.525	2904.81	2586.56	2777.61	2429.12	2666.965
hgt	892	GCA.001873295.1.Bacteria.CG2.30.70.394	2624.55	0.0	1312.275	2832.73	2416.37	0.0	0.0	1416.365
hgt	None	dead	0.0	0.0	0.0	0.0	0.0	0.0	0.0	0.0
hgt	940	GCA.002898195.1.Bacteria.AABM5.125.24	2455.68	0.0	1227.84	2659.64	2251.72	0.0	0.0	1329.82
los	None	dead	0.0	0.0	0.0	0.0	0.0	0.0	0.0	0.0
hgt	1016	GCA.002414865.1.Bacteria.Fermentibacterota	2781.455	0.0	1390.7275	2957.96	2604.95	0.0	0.0	1478.98
hgt	265	GCA.003290465.1.Bacteria.Sumerlaeota	2505.165	0.0	1252.5825	2750.37	2259.96	0.0	0.0	1375.185
los	360	359	2603.365	2462.325	2532.845	2777.61	2429.12	2655.98	2268.67	2523.14
hgt	None	dead	0.0	0.0	0.0	0.0	0.0	0.0	0.0	0.0
hgt	241	GCA.002841695.1.Bacteria.Elusimicrobiota	2226.475	0.0	1113.2375	2413.27	2039.68	0.0	0.0	1206.635
los	None	dead	0.0	0.0	0.0	0.0	0.0	0.0	0.0	0.0
hgt	770	769	2621.185	2474.02	2547.6025	2785.83	2456.54	2648.53	2299.51	2542.67
spe	360	356	2603.365	2426.325	2514.845	2777.61	2429.12	2636.03	2216.62	2497.115
hgt	536	GCF.900111015.1.Bacteria.Proteobacteria	2343.3	0.0	1171.65	2502.24	2184.36	0.0	0.0	1251.12
los	356	GCA.001828445.1.Bacteria.Planctomycetota	2426.325	0.0	1213.1625	2636.03	2216.62	0.0	0.0	1318.015
hgt	None	dead	0.0	0.0	0.0	0.0	0.0	0.0	0.0	0.0
hgt	1020	GCA.003235575.1.Bacteria.Eisenbacteria	2279.22	0.0	1139.61	2521.79	2036.65	0.0	0.0	1260.895
los	None	dead	0.0	0.0	0.0	0.0	0.0	0.0	0.0	0.0
hgt	None	dead	0.0	0.0	0.0	0.0	0.0	0.0	0.0	0.0
hgt	1087	GCA.001778455.1.Bacteria.Bipolaricaulota	1892.775	0.0	946.3875	2196.66	1588.89	0.0	0.0	1098.33
los	None	dead	0.0	0.0	0.0	0.0	0.0	0.0	0.0	0.0
hgt	227	GCA.001804315.1.Bacteria.Omnitrophota	2748.92	0.0	1374.46	2912.2	2585.64	0.0	0.0	1456.1
spe	770	769	2621.185	2474.02	2547.6025	2785.83	2456.54	2648.53	2299.51	2542.67
spe	769	768	2474.02	2381.62	2427.82	2648.53	2299.51	2564.17	2199.07	2423.8
spe	768	767	2381.62	2265.96	2323.79	2564.17	2199.07	2459.42	2072.5	2318.335
los	767	GCA.002796325.1.Bacteria.UBA10199	2265.96	0.0	1132.98	2459.42	2072.5	0.0	0.0	1229.71
spe	767	766	2265.96	2115.535	2190.7475	2459.42	2072.5	2326.52	1904.55	2181.985
hgt	992	GCF.001886815.1.Bacteria.Calditrichota	2313.925	0.0	1156.9625	2525.04	2102.81	0.0	0.0	1262.52
hgt	136	GCA.000375685.1.Archaea.Thermoproteota	2489.555	0.0	1244.7775	2665.95	2313.16	0.0	0.0	1332.975
hgt	967	966	2386.18	2094.155	2240.1675	2566.06	2206.3	2298.82	1889.49	2227.775
spe	967	966	2386.18	2094.155	2240.1675	2566.06	2206.3	2298.82	1889.49	2227.775
spe	966	965	2094.155	1893.24	1993.6975	2298.82	1889.49	2109.26	1677.22	1988.02
spe	965	955	1893.24	1759.09	1826.165	2109.26	1677.22	1989.55	1528.63	1818.945
hgt	1078	GCA.002898315.1.Bacteria.Calescibacterota	2475.305	0.0	1237.6525	2693.96	2256.65	0.0	0.0	1346.98
hgt	982	GCF.001535965.1.Bacteria.Bacteroidota	2450.7	0.0	1225.35	2617.0	2284.4	0.0	0.0	1308.5
hgt	1082	GCA.002011615.1.Bacteria.WOR.3	3015.205	0.0	1507.6025	3182.06	2848.35	0.0	0.0	1591.03
los	955	GCF.001280305.1.Bacteria.Bacteroidota	1759.09	0.0	879.545	1989.55	1528.63	0.0	0.0	994.775
spe	965	964	1893.24	1750.505	1821.8725	2109.26	1677.22	1974.3	1526.71	1817.985
hgt	270	GCA.001567115.1.Bacteria.OLB16	2997.52	0.0	1498.76	3178.82	2816.22	0.0	0.0	1589.41
los	964	GCA.002483345.1.Bacteria.Bacteroidota	1750.505	0.0	875.2525	1974.3	1526.71	0.0	0.0	987.15
spe	964	963	1750.505	1609.85	1680.1775	1974.3	1526.71	1840.42	1379.28	1676.79
hgt	926	GCA.001780825.1.Bacteria.Gemmatimonadota	2762.32	0.0	1381.16	2945.47	2579.17	0.0	0.0	1472.735
los	963	GCF.900116225.1.Bacteria.Bacteroidota	1609.85	0.0	804.925	1840.42	1379.28	0.0	0.0	920.21
spe	963	962	1609.85	1433.485	1521.6675	1840.42	1379.28	1676.49	1190.48	1515.45
hgt	1663	GCA.001464165.1.Bacteria.Cyanobacteria	2633.14	0.0	1316.57	2823.95	2442.33	0.0	0.0	1411.975
los	962	GCA.002455375.1.Bacteria.Bacteroidota	1433.485	0.0	716.7425	1676.49	1190.48	0.0	0.0	838.245
spe	962	961	1433.485	1247.9425	1340.71375	1676.49	1190.48	1496.26	999.625	1338.0575
hgt	551	GCA.002699105.1.Bacteria.Bacteroidota	1711.785	0.0	855.8925	1939.79	1483.78	0.0	0.0	969.895
los	961	GCF.900489485.1.Bacteria.Bacteroidota	1247.9425	0.0	623.97125	1496.26	999.625	0.0	0.0	748.13
hgt	374	GCF.000266885.1.Bacteria.Spirochaetota	2303.81	0.0	1151.905	2531.31	2076.31	0.0	0.0	1265.655
hgt	811	GCA.002728755.1.Bacteria.Myxococcota	2134.02	0.0	1067.01	2333.61	1934.43	0.0	0.0	1166.805
hgt	386	GCA.002450905.1.Bacteria.Spirochaetota	2547.685	0.0	1273.8425	2749.56	2345.81	0.0	0.0	1374.78
hgt	1008	GCA.000447245.1.Bacteria.Zixibacteria	2484.465	0.0	1242.2325	2680.46	2288.47	0.0	0.0	1340.23
dup	1008	GCA.000447245.1.Bacteria.Zixibacteria	2484.465	0.0	1242.2325	2680.46	2288.47	0.0	0.0	1340.23
hgt	767	GCA.002796325.1.Bacteria.UBA10199	2265.96	0.0	1132.98	2459.42	2072.5	0.0	0.0	1229.71
hgt	220	GCA.001805375.1.Bacteria.Omnitrophota	2041.98	0.0	1020.99	2253.94	1830.02	0.0	0.0	1126.97
spe	714	713	2786.11	2694.49	2740.3	2942.95	2629.27	2850.89	2538.09	2740.52
hgt	1099	1098	3010.445	2247.98	2629.2125	3187.31	2833.58	2544.35	1951.61	2569.46
spe	713	712	2694.49	2570.455	2632.4725	2850.89	2538.09	2733.41	2407.5	2629.195
spe	712	706	2570.455	2384.34	2477.3975	2733.41	2407.5	2577.83	2190.85	2462.13
los	706	GCA.002327305.1.Bacteria.Acidobacteriota	2384.34	0.0	1192.17	2577.83	2190.85	0.0	0.0	1288.915
spe	706	704	2384.34	2238.87	2311.605	2577.83	2190.85	2440.88	2036.86	2307.345
los	704	GCA.003133645.1.Bacteria.Acidobacteriota	2238.87	0.0	1119.435	2440.88	2036.86	0.0	0.0	1220.44
spe	704	702	2238.87	2020.225	2129.5475	2440.88	2036.86	2250.44	1790.01	2115.445
los	702	GCA.003223635.1.Bacteria.Acidobacteriota	2020.225	0.0	1010.1125	2250.44	1790.01	0.0	0.0	1125.22
spe	712	711	2570.455	2445.625	2508.04	2733.41	2407.5	2626.53	2264.72	2499.065
spe	711	709	2445.625	2213.91	2329.7675	2626.53	2264.72	2433.06	1994.76	2310.645
los	709	GCA.003223145.1.Bacteria.Acidobacteriota	2213.91	0.0	1106.955	2433.06	1994.76	0.0	0.0	1216.53
spe	1099	1098	3010.445	2247.98	2629.2125	3187.31	2833.58	2544.35	1951.61	2569.46
spe	713	699	2694.49	2612.33	2653.41	2850.89	2538.09	2771.91	2452.75	2651.82
spe	699	698	2612.33	2454.615	2533.4725	2771.91	2452.75	2624.66	2284.57	2528.24
los	698	686	2454.615	2295.75	2375.1825	2624.66	2284.57	2486.27	2105.23	2364.945
spe	698	697	2454.615	2258.95	2356.7825	2624.66	2284.57	2444.95	2072.95	2348.805
spe	697	696	2258.95	2077.305	2168.1275	2444.95	2072.95	2277.79	1876.82	2160.885
hgt	686	684	2295.75	1980.48	2138.115	2486.27	2105.23	2216.57	1744.39	2115.33
spe	696	695	2077.305	1981.07	2029.1875	2277.79	1876.82	2189.24	1772.9	2025.345
spe	695	694	1981.07	1909.495	1945.2825	2189.24	1772.9	2127.24	1691.75	1940.495
hgt	1109	GCA.002898895.1.Bacteria.Armatimonadota	2582.96	0.0	1291.48	2796.46	2369.46	0.0	0.0	1398.23
dup	694	GCA.001767075.1.Bacteria.Acidobacteriota	1909.495	0.0	954.7475	2127.24	1691.75	0.0	0.0	1063.62
spe	694	692	1909.495	1806.3	1857.8975	2127.24	1691.75	2047.7	1564.9	1846.07
hgt	376	GCA.002418835.1.Bacteria.Spirochaetota	2638.94	0.0	1319.47	2822.05	2455.83	0.0	0.0	1411.025
spe	686	684	2295.75	1980.48	2138.115	2486.27	2105.23	2216.57	1744.39	2115.33
hgt	1720	1719	2606.445	2506.285	2556.365	2696.98	2515.91	2604.85	2407.72	2552.35
hgt	267	GCA.002428325.1.Bacteria.UBP4	2989.33	0.0	1494.665	3160.51	2818.15	0.0	0.0	1580.255
hgt	None	dead	0.0	0.0	0.0	0.0	0.0	0.0	0.0	0.0
hgt	220	GCA.003451585.1.Bacteria.Omnitrophota	2041.98	0.0	1020.99	2253.94	1830.02	0.0	0.0	1126.97
los	None	dead	0.0	0.0	0.0	0.0	0.0	0.0	0.0	0.0
hgt	None	dead	0.0	0.0	0.0	0.0	0.0	0.0	0.0	0.0
los	699	681	2612.33	2463.525	2537.9275	2771.91	2452.75	2639.97	2287.08	2529.495
hgt	489	GCA.002701885.1.Bacteria.Proteobacteria	1797.555	0.0	898.7775	1997.49	1597.62	0.0	0.0	998.745
los	None	dead	0.0	0.0	0.0	0.0	0.0	0.0	0.0	0.0
hgt	None	dead	0.0	0.0	0.0	0.0	0.0	0.0	0.0	0.0
hgt	None	dead	0.0	0.0	0.0	0.0	0.0	0.0	0.0	0.0
dup	None	dead	0.0	0.0	0.0	0.0	0.0	0.0	0.0	0.0
hgt	955	GCF.001280305.1.Bacteria.Bacteroidota	1759.09	0.0	879.545	1989.55	1528.63	0.0	0.0	994.775
los	None	dead	0.0	0.0	0.0	0.0	0.0	0.0	0.0	0.0
hgt	979	GCA.002763895.1.Bacteria.Bacteroidota	2181.785	0.0	1090.8925	2367.29	1996.28	0.0	0.0	1183.645
los	None	dead	0.0	0.0	0.0	0.0	0.0	0.0	0.0	0.0
hgt	None	dead	0.0	0.0	0.0	0.0	0.0	0.0	0.0	0.0
hgt	293	GCA.002429065.1.Bacteria.Verrucomicrobiota	2421.68	0.0	1210.84	2621.74	2221.62	0.0	0.0	1310.87
los	None	dead	0.0	0.0	0.0	0.0	0.0	0.0	0.0	0.0
hgt	None	dead	0.0	0.0	0.0	0.0	0.0	0.0	0.0	0.0
hgt	None	dead	0.0	0.0	0.0	0.0	0.0	0.0	0.0	0.0
spe	1720	1719	2606.445	2506.285	2556.365	2696.98	2515.91	2604.85	2407.72	2552.35
spe	1719	1718	2506.285	2393.24	2449.7625	2604.85	2407.72	2492.26	2294.22	2449.535
los	1718	1704	2393.24	2299.84	2346.54	2492.26	2294.22	2399.06	2200.62	2346.44
spe	1718	1717	2393.24	2268.17	2330.705	2492.26	2294.22	2385.3	2151.04	2321.65
los	1717	1716	2268.17	2013.02	2140.595	2385.3	2151.04	2161.01	1865.03	2125.165
hgt	586	585	1895.525	1706.285	1800.905	2076.74	1714.31	1917.52	1495.05	1785.895
los	None	dead	0.0	0.0	0.0	0.0	0.0	0.0	0.0	0.0
spe	586	585	1895.525	1706.285	1800.905	2076.74	1714.31	1917.52	1495.05	1785.895
hgt	581	579	1845.545	1566.0	1705.7725	2033.36	1657.73	1791.46	1340.54	1686.95
spe	581	579	1845.545	1566.0	1705.7725	2033.36	1657.73	1791.46	1340.54	1686.95
hgt	536	GCF.002940605.1.Bacteria.Proteobacteria	2343.3	0.0	1171.65	2502.24	2184.36	0.0	0.0	1251.12
hgt	155	GCA.000315625.1.Eukaryota.Cryptophyceae	1364.875	0.0	682.4375	1566.16	1163.59	0.0	0.0	783.08
hgt	270	GCA.002746185.1.Bacteria.Hydrogenedentota	2997.52	0.0	1498.76	3178.82	2816.22	0.0	0.0	1589.41
hgt	581	GCA.002868855.1.Bacteria.Proteobacteria	1845.545	0.0	922.7725	2033.36	1657.73	0.0	0.0	1016.68
hgt	320	GCA.002746535.1.Bacteria.Planctomycetota	2697.03	0.0	1348.515	2876.69	2517.37	0.0	0.0	1438.345
hgt	403	GCF.900177345.1.Bacteria.Proteobacteria	2763.35	0.0	1381.675	2930.03	2596.67	0.0	0.0	1465.015
hgt	1667	GCA.002783405.1.Bacteria.Cyanobacteria	2851.115	0.0	1425.5575	2991.25	2710.98	0.0	0.0	1495.625
dup	None	dead	0.0	0.0	0.0	0.0	0.0	0.0	0.0	0.0
hgt	303	GCA.003477185.1.Bacteria.Verrucomicrobiota	2233.605	0.0	1116.8025	2443.05	2024.16	0.0	0.0	1221.525
los	None	dead	0.0	0.0	0.0	0.0	0.0	0.0	0.0	0.0
hgt	778	GCA.002715375.1.Bacteria.Bdellovibrionota	2281.75	0.0	1140.875	2486.04	2077.46	0.0	0.0	1243.02
los	None	dead	0.0	0.0	0.0	0.0	0.0	0.0	0.0	0.0
dup	None	dead	0.0	0.0	0.0	0.0	0.0	0.0	0.0	0.0
hgt	288	GCA.002323895.1.Bacteria.Verrucomicrobiota	2297.655	0.0	1148.8275	2522.23	2073.08	0.0	0.0	1261.115
los	None	dead	0.0	0.0	0.0	0.0	0.0	0.0	0.0	0.0
hgt	380	GCF.000758165.1.Bacteria.Spirochaetota	2063.635	0.0	1031.8175	2301.87	1825.4	0.0	0.0	1150.935
los	None	dead	0.0	0.0	0.0	0.0	0.0	0.0	0.0	0.0
spe	1474	1473	2804.86	2043.005	2423.9325	2967.88	2641.84	2324.44	1761.57	2364.725
hgt	1178	1177	2241.835	2055.195	2148.515	2458.12	2025.55	2300.55	1809.84	2133.98
hgt	1167	GCA.002413185.1.Bacteria.Actinobacteriota	2503.64	0.0	1251.82	2682.48	2324.8	0.0	0.0	1341.24
spe	1178	1177	2241.835	2055.195	2148.515	2458.12	2025.55	2300.55	1809.84	2133.98
dup	1177	GCA.003138355.1.Bacteria.Actinobacteriota	2055.195	0.0	1027.5975	2300.55	1809.84	0.0	0.0	1150.275
hgt	210	GCA.002796105.1.Bacteria.Omnitrophota	2377.125	0.0	1188.5625	2575.36	2178.89	0.0	0.0	1287.68
hgt	1233	GCA.002291985.1.Bacteria.Firmicutes.E	2039.805	0.0	1019.9025	2298.21	1781.4	0.0	0.0	1149.105
hgt	None	dead	0.0	0.0	0.0	0.0	0.0	0.0	0.0	0.0
dup	None	dead	0.0	0.0	0.0	0.0	0.0	0.0	0.0	0.0
hgt	828	GCA.002699025.1.Bacteria.Myxococcota	2398.31	0.0	1199.155	2568.84	2227.78	0.0	0.0	1284.42
los	None	dead	0.0	0.0	0.0	0.0	0.0	0.0	0.0	0.0
hgt	1145	GCA.001767695.1.Bacteria.Actinobacteriota	2458.975	0.0	1229.4875	2644.12	2273.83	0.0	0.0	1322.06
los	None	dead	0.0	0.0	0.0	0.0	0.0	0.0	0.0	0.0
hgt	None	dead	0.0	0.0	0.0	0.0	0.0	0.0	0.0	0.0
dup	None	dead	0.0	0.0	0.0	0.0	0.0	0.0	0.0	0.0
hgt	791	GCA.002898795.1.Bacteria.Desulfobacterota.B	2015.09	0.0	1007.545	2237.3	1792.88	0.0	0.0	1118.65
los	None	dead	0.0	0.0	0.0	0.0	0.0	0.0	0.0	0.0
hgt	570	GCA.002255365.1.Bacteria.Proteobacteria	2165.975	0.0	1082.9875	2326.89	2005.06	0.0	0.0	1163.445
los	None	dead	0.0	0.0	0.0	0.0	0.0	0.0	0.0	0.0
spe	361	353	2745.685	2650.1	2697.8925	2904.81	2586.56	2818.66	2481.54	2693.175
spe	353	352	2650.1	2391.045	2520.5725	2818.66	2481.54	2583.76	2198.33	2508.495
hgt	670	GCA.002898535.1.Bacteria.Acidobacteriota	2753.645	0.0	1376.8225	2923.59	2583.7	0.0	0.0	1461.795
los	352	GCA.002167285.1.Bacteria.Planctomycetota	2391.045	0.0	1195.5225	2583.76	2198.33	0.0	0.0	1291.88
spe	352	350	2391.045	2200.88	2295.9625	2583.76	2198.33	2420.34	1981.42	2282.59
los	350	GCA.002402755.1.Bacteria.Planctomycetota	2200.88	0.0	1100.44	2420.34	1981.42	0.0	0.0	1210.17
spe	353	347	2650.1	2546.45	2598.275	2818.66	2481.54	2726.66	2366.24	2592.45
hgt	1289	GCA.002345475.1.Bacteria.Firmicutes.H	2635.61	0.0	1317.805	2795.95	2475.27	0.0	0.0	1397.975
hgt	674	GCA.002298155.1.Bacteria.Acidobacteriota	2473.205	0.0	1236.6025	2675.97	2270.44	0.0	0.0	1337.985
spe	347	345	2546.45	2344.43	2445.44	2726.66	2366.24	2550.58	2138.28	2432.47
hgt	895	GCA.002897695.1.Bacteria.BMS3Abin14	2668.13	0.0	1334.065	2862.76	2473.5	0.0	0.0	1431.38
hgt	797	GCA.002311335.1.Bacteria.Desulfobacterota.B	2488.59	0.0	1244.295	2661.77	2315.41	0.0	0.0	1330.885
hgt	709	GCA.003223145.1.Bacteria.Acidobacteriota	2213.91	0.0	1106.955	2433.06	1994.76	0.0	0.0	1216.53
hgt	714	GCA.002731215.1.Bacteria.Acidobacteriota	2786.11	0.0	1393.055	2942.95	2629.27	0.0	0.0	1471.475
hgt	1041	GCA.002686955.1.Bacteria.Gemmatimonadota.A	2930.085	0.0	1465.0425	3083.7	2776.47	0.0	0.0	1541.85
hgt	1021	GCA.002686915.1.Bacteria.ARS69	2684.73	0.0	1342.365	2864.65	2504.81	0.0	0.0	1432.325
hgt	832	GCA.002696345.1.Bacteria.Myxococcota	2268.205	0.0	1134.1025	2461.92	2074.49	0.0	0.0	1230.96
hgt	1178	GCA.002347645.1.Bacteria.Actinobacteriota	2241.835	0.0	1120.9175	2458.12	2025.55	0.0	0.0	1229.06
spe	363	321	2895.655	2808.805	2852.23	3047.21	2744.1	2975.88	2641.73	2844.47
hgt	None	dead	0.0	0.0	0.0	0.0	0.0	0.0	0.0	0.0
los	321	320	2808.805	2697.03	2752.9175	2975.88	2641.73	2876.69	2517.37	2746.625
hgt	804	GCA.002731275.1.Bacteria.Myxococcota	2545.8	0.0	1272.9	2736.71	2354.89	0.0	0.0	1368.355
los	None	dead	0.0	0.0	0.0	0.0	0.0	0.0	0.0	0.0
dup	None	dead	0.0	0.0	0.0	0.0	0.0	0.0	0.0	0.0
hgt	706	GCA.002327305.1.Bacteria.Acidobacteriota	2384.34	0.0	1192.17	2577.83	2190.85	0.0	0.0	1288.915
los	None	dead	0.0	0.0	0.0	0.0	0.0	0.0	0.0	0.0
hgt	1141	1140	2008.575	1795.075	1901.825	2245.24	1771.91	2067.33	1522.82	1884.03
los	None	dead	0.0	0.0	0.0	0.0	0.0	0.0	0.0	0.0
spe	1141	1140	2008.575	1795.075	1901.825	2245.24	1771.91	2067.33	1522.82	1884.03
hgt	1141	GCA.003140175.1.Bacteria.Actinobacteriota	2008.575	0.0	1004.2875	2245.24	1771.91	0.0	0.0	1122.62
spe	1187	1186	3068.88	3002.725	3035.8025	3215.81	2921.95	3152.18	2853.27	3034.54
spe	1186	1136	3002.725	2691.07	2846.8975	3152.18	2853.27	2887.94	2494.2	2823.19
hgt	1221	GCA.002375895.1.Bacteria.Firmicutes.E	2447.11	0.0	1223.555	2673.77	2220.45	0.0	0.0	1336.885
los	1136	GCA.001768645.1.Bacteria.Actinobacteriota	2691.07	0.0	1345.535	2887.94	2494.2	0.0	0.0	1443.97
hgt	702	GCA.003223635.1.Bacteria.Acidobacteriota	2020.225	0.0	1010.1125	2250.44	1790.01	0.0	0.0	1125.22
hgt	None	dead	0.0	0.0	0.0	0.0	0.0	0.0	0.0	0.0
hgt	1292	GCF.000024605.1.Bacteria.Firmicutes.B	2370.88	0.0	1185.44	2569.61	2172.15	0.0	0.0	1284.805
los	None	dead	0.0	0.0	0.0	0.0	0.0	0.0	0.0	0.0
hgt	None	dead	0.0	0.0	0.0	0.0	0.0	0.0	0.0	0.0
dup	None	dead	0.0	0.0	0.0	0.0	0.0	0.0	0.0	0.0
hgt	733	GCA.003235715.1.Bacteria.Nitrospirota	2275.95	0.0	1137.975	2503.33	2048.57	0.0	0.0	1251.665
los	None	dead	0.0	0.0	0.0	0.0	0.0	0.0	0.0	0.0
hgt	1467	GCA.002292925.1.Bacteria.Chloroflexota	2363.295	0.0	1181.6475	2590.38	2136.21	0.0	0.0	1295.19
los	None	dead	0.0	0.0	0.0	0.0	0.0	0.0	0.0	0.0
spe	1186	1185	3002.725	2913.82	2958.2725	3152.18	2853.27	3065.51	2762.13	2957.155
spe	1185	1169	2913.82	2691.26	2802.54	3065.51	2762.13	2854.89	2527.63	2796.57
spe	1169	1145	2691.26	2458.975	2575.1175	2854.89	2527.63	2644.12	2273.83	2564.36
los	1145	GCA.001767695.1.Bacteria.Actinobacteriota	2458.975	0.0	1229.4875	2644.12	2273.83	0.0	0.0	1322.06
spe	1145	1143	2458.975	2319.725	2389.35	2644.12	2273.83	2519.3	2120.15	2382.135
los	1143	1141	2319.725	2008.575	2164.15	2519.3	2120.15	2245.24	1771.91	2145.605
spe	1169	1168	2691.26	2631.565	2661.4125	2854.89	2527.63	2798.58	2464.55	2659.72
spe	1168	1167	2631.565	2503.64	2567.6025	2798.58	2464.55	2682.48	2324.8	2561.69
hgt	1164	1160	1690.82	1520.98	1605.9	1917.35	1464.29	1761.58	1280.38	1598.865
los	1167	GCA.002413185.1.Bacteria.Actinobacteriota	2503.64	0.0	1251.82	2682.48	2324.8	0.0	0.0	1341.24
spe	1164	1160	1690.82	1520.98	1605.9	1917.35	1464.29	1761.58	1280.38	1598.865
spe	1160	1158	1520.98	1386.605	1453.7925	1761.58	1280.38	1639.35	1133.86	1447.72
los	1158	GCF.900106035.1.Bacteria.Actinobacteriota	1386.605	0.0	693.3025	1639.35	1133.86	0.0	0.0	819.675
spe	1167	1166	2503.64	1991.825	2247.7325	2682.48	2324.8	2191.81	1791.84	2237.16
spe	1166	1165	1991.825	1840.865	1916.345	2191.81	1791.84	2058.77	1622.96	1907.385
spe	1165	1155	1840.865	1711.135	1776.0	2058.77	1622.96	1936.0	1486.27	1772.52
spe	1155	1154	1711.135	1356.86	1533.9975	1936.0	1486.27	1624.69	1089.03	1512.515
los	1154	GCF.001591405.1.Bacteria.Actinobacteria	1356.86	0.0	678.43	1624.69	1089.03	0.0	0.0	812.345
spe	1165	1164	1840.865	1690.82	1765.8425	2058.77	1622.96	1917.35	1464.29	1761.53
spe	1164	1160	1690.82	1520.98	1605.9	1917.35	1464.29	1761.58	1280.38	1598.865
los	1160	GCF.000015025.1.Bacteria.Actinobacteriota	1520.98	0.0	760.49	1761.58	1280.38	0.0	0.0	880.79
spe	1160	1158	1520.98	1386.605	1453.7925	1761.58	1280.38	1639.35	1133.86	1447.72
los	1158	GCF.001942305.1.Bacteria.Actinobacteriota	1386.605	0.0	693.3025	1639.35	1133.86	0.0	0.0	819.675
spe	1164	1163	1690.82	1488.035	1589.4275	1917.35	1464.29	1730.27	1245.8	1581.575
los	1163	GCA.001437855.1.Bacteria.Actinobacteriota	1488.035	0.0	744.0175	1730.27	1245.8	0.0	0.0	865.135
hgt	None	dead	0.0	0.0	0.0	0.0	0.0	0.0	0.0	0.0
hgt	1154	GCF.001591405.1.Bacteria.Actinobacteria	1356.86	0.0	678.43	1624.69	1089.03	0.0	0.0	812.345
los	None	dead	0.0	0.0	0.0	0.0	0.0	0.0	0.0	0.0
spe	1168	1148	2631.565	2328.75	2480.1575	2798.58	2464.55	2528.83	2128.67	2463.625
spe	1185	1184	2913.82	2836.38	2875.1	3065.51	2762.13	2994.12	2678.64	2872.075
los	1184	1183	2836.38	2457.105	2646.7425	2994.12	2678.64	2668.97	2245.24	2619.68
spe	1184	1180	2836.38	2587.79	2712.085	2994.12	2678.64	2773.12	2402.46	2698.29
spe	1180	1179	2587.79	2376.455	2482.1225	2773.12	2402.46	2575.79	2177.12	2475.12
hgt	1226	GCA.003242195.1.Bacteria.Firmicutes.E	2297.705	0.0	1148.8525	2529.25	2066.16	0.0	0.0	1264.625
los	1179	1178	2376.455	2241.835	2309.145	2575.79	2177.12	2458.12	2025.55	2300.67
spe	1179	1173	2376.455	2194.99	2285.7225	2575.79	2177.12	2420.07	1969.91	2272.85
hgt	801	GCA.001797815.1.Bacteria.RBG.13.61.14	2578.84	0.0	1289.42	2754.6	2403.08	0.0	0.0	1377.3
hgt	807	GCA.002841945.1.Bacteria.Myxococcota	2202.835	0.0	1101.4175	2393.11	2012.56	0.0	0.0	1196.555
los	1173	GCA.001768675.1.Bacteria.Actinobacteriota	2194.99	0.0	1097.495	2420.07	1969.91	0.0	0.0	1210.035
hgt	1082	1080	3015.205	2861.12	2938.1625	3182.06	2848.35	3036.76	2685.48	2933.77
hgt	654	653	2959.21	2771.345	2865.2775	3102.9	2815.52	2913.41	2629.28	2866.09
spe	1477	1476	3065.68	2948.885	3007.2825	3209.37	2921.99	3099.11	2798.66	3004.015
spe	1476	1475	2948.885	2883.705	2916.295	3099.11	2798.66	3039.71	2727.7	2913.405
hgt	None	dead	0.0	0.0	0.0	0.0	0.0	0.0	0.0	0.0
hgt	515	514	2401.52	2299.515	2350.5175	2548.4	2254.64	2448.11	2150.92	2349.66
los	None	dead	0.0	0.0	0.0	0.0	0.0	0.0	0.0	0.0
spe	515	514	2401.52	2299.515	2350.5175	2548.4	2254.64	2448.11	2150.92	2349.66
spe	514	436	2299.515	2217.14	2258.3275	2448.11	2150.92	2372.03	2062.25	2255.18
hgt	467	GCF.003258945.1.Bacteria.Proteobacteria	1693.575	0.0	846.7875	1896.55	1490.6	0.0	0.0	948.275
spe	436	435	2217.14	2071.245	2144.1925	2372.03	2062.25	2233.96	1908.53	2140.28
hgt	489	GCA.002348365.1.Bacteria.Proteobacteria	1797.555	0.0	898.7775	1997.49	1597.62	0.0	0.0	998.745
los	435	GCA.006969625.1.Bacteria.Proteobacteria	2071.245	0.0	1035.6225	2233.96	1908.53	0.0	0.0	1116.98
spe	435	434	2071.245	1886.935	1979.09	2233.96	1908.53	2078.21	1695.66	1964.81
hgt	463	GCF.002251795.1.Bacteria.Proteobacteria	1889.86	0.0	944.93	2062.81	1716.91	0.0	0.0	1031.405
los	434	GCA.002898275.1.Bacteria.Proteobacteria	1886.935	0.0	943.4675	2078.21	1695.66	0.0	0.0	1039.105
spe	514	513	2299.515	2253.55	2276.5325	2448.11	2150.92	2403.09	2104.01	2276.06
spe	513	512	2253.55	2172.63	2213.09	2403.09	2104.01	2326.95	2018.31	2210.7
spe	512	486	2172.63	1956.2	2064.415	2326.95	2018.31	2130.74	1781.66	2054.305
hgt	924	GCA.002348465.1.Bacteria.Gemmatimonadota	2422.26	0.0	1211.13	2682.06	2162.46	0.0	0.0	1341.03
los	486	GCA.002721365.1.Bacteria.Proteobacteria	1956.2	0.0	978.1	2130.74	1781.66	0.0	0.0	1065.37
spe	512	511	2172.63	2112.01	2142.32	2326.95	2018.31	2268.74	1955.28	2141.115
hgt	1337	GCF.001399675.1.Bacteria.Firmicutes	1832.425	0.0	916.2125	2086.82	1578.03	0.0	0.0	1043.41
los	511	489	2112.01	1797.555	1954.7825	2268.74	1955.28	1997.49	1597.62	1933.18
spe	511	510	2112.01	2056.505	2084.2575	2268.74	1955.28	2217.29	1895.72	2082.23
los	510	509	2056.505	1977.465	2016.985	2217.29	1895.72	2143.57	1811.36	2014.325
spe	510	492	2056.505	1826.375	1941.44	2217.29	1895.72	2015.92	1636.83	1927.06
los	492	GCF.900172325.1.Bacteria.Proteobacteria	1826.375	0.0	913.1875	2015.92	1636.83	0.0	0.0	1007.96
hgt	None	dead	0.0	0.0	0.0	0.0	0.0	0.0	0.0	0.0
hgt	434	GCA.002898275.1.Bacteria.Proteobacteria	1886.935	0.0	943.4675	2078.21	1695.66	0.0	0.0	1039.105
los	None	dead	0.0	0.0	0.0	0.0	0.0	0.0	0.0	0.0
spe	513	483	2253.55	2221.01	2237.28	2403.09	2104.01	2370.99	2071.03	2237.06
hgt	None	dead	0.0	0.0	0.0	0.0	0.0	0.0	0.0	0.0
hgt	486	GCA.002721365.1.Bacteria.Proteobacteria	1956.2	0.0	978.1	2130.74	1781.66	0.0	0.0	1065.37
los	None	dead	0.0	0.0	0.0	0.0	0.0	0.0	0.0	0.0
spe	483	447	2221.01	2113.215	2167.1125	2370.99	2071.03	2272.38	1954.05	2162.52
spe	447	446	2113.215	1951.09	2032.1525	2272.38	1954.05	2125.17	1777.01	2024.695
spe	446	445	1951.09	1836.495	1893.7925	2125.17	1777.01	2032.31	1640.68	1882.925
hgt	1253	GCF.900142265.1.Bacteria.Firmicutes.A	2190.3	0.0	1095.15	2369.36	2011.24	0.0	0.0	1184.68
los	445	GCA.002717225.1.Bacteria.Proteobacteria	1836.495	0.0	918.2475	2032.31	1640.68	0.0	0.0	1016.155
spe	445	444	1836.495	1669.2	1752.8475	2032.31	1640.68	1892.76	1445.64	1738.975
los	444	GCA.002348425.1.Bacteria.Proteobacteria	1669.2	0.0	834.6	1892.76	1445.64	0.0	0.0	946.38
hgt	454	GCA.002709155.1.Bacteria.Proteobacteria	1369.765	0.0	684.8825	1591.74	1147.79	0.0	0.0	795.87
hgt	944	GCA.002712165.1.Bacteria.Proteobacteria	2081.795	0.0	1040.8975	2308.24	1855.35	0.0	0.0	1154.12
spe	447	439	2113.215	1983.035	2048.125	2272.38	1954.05	2153.66	1812.41	2042.395
hgt	1284	GCF.001553315.1.Bacteria.Firmicutes.C	1576.575	0.0	788.2875	1830.37	1322.78	0.0	0.0	915.185
hgt	462	GCF.000315795.1.Bacteria.Proteobacteria	1641.635	0.0	820.8175	1844.48	1438.79	0.0	0.0	922.24
hgt	462	GCF.006980715.1.Bacteria.Proteobacteria	1641.635	0.0	820.8175	1844.48	1438.79	0.0	0.0	922.24
spe	483	482	2221.01	2151.75	2186.38	2370.99	2071.03	2305.03	1998.47	2184.73
spe	482	481	2151.75	2091.815	2121.7825	2305.03	1998.47	2249.28	1934.35	2119.69
hgt	435	GCA.006969625.1.Bacteria.Proteobacteria	2071.245	0.0	1035.6225	2233.96	1908.53	0.0	0.0	1116.98
los	481	480	2091.815	1990.065	2040.94	2249.28	1934.35	2158.12	1822.01	2035.645
spe	481	469	2091.815	2003.935	2047.875	2249.28	1934.35	2168.56	1839.31	2044.295
spe	469	468	2003.935	1847.82	1925.8775	2168.56	1839.31	2029.0	1666.64	1917.6
los	468	467	1847.82	1693.575	1770.6975	2029.0	1666.64	1896.55	1490.6	1759.8
hgt	274	GCA.002687025.1.Bacteria.Poribacteria	2618.66	0.0	1309.33	2849.97	2387.35	0.0	0.0	1424.985
hgt	746	GCF.900079095.1.Bacteria.Tectomicrobia	2548.44	0.0	1274.22	2767.72	2329.16	0.0	0.0	1383.86
los	469	463	2003.935	1889.86	1946.8975	2168.56	1839.31	2062.81	1716.91	1942.735
spe	482	458	2151.75	2053.74	2102.745	2305.03	1998.47	2214.88	1892.6	2098.815
los	458	GCA.002340345.1.Bacteria.Proteobacteria	2053.74	0.0	1026.87	2214.88	1892.6	0.0	0.0	1107.44
spe	458	456	2053.74	1898.57	1976.155	2214.88	1892.6	2073.0	1724.14	1969.51
spe	456	455	1898.57	1531.25	1714.91	2073.0	1724.14	1740.35	1322.15	1697.575
hgt	1402	GCA.003228115.1.Bacteria.Chloroflexota	2331.705	0.0	1165.8525	2524.09	2139.32	0.0	0.0	1262.045
hgt	1407	GCA.002717565.1.Bacteria.Chloroflexota	2350.905	0.0	1175.4525	2541.49	2160.32	0.0	0.0	1270.745
los	455	454	1531.25	1369.765	1450.5075	1740.35	1322.15	1591.74	1147.79	1444.07
hgt	None	dead	0.0	0.0	0.0	0.0	0.0	0.0	0.0	0.0
los	1475	1474	2883.705	2804.86	2844.2825	3039.71	2727.7	2967.88	2641.84	2840.775
hgt	510	509	2056.505	1977.465	2016.985	2217.29	1895.72	2143.57	1811.36	2014.325
los	None	dead	0.0	0.0	0.0	0.0	0.0	0.0	0.0	0.0
spe	510	509	2056.505	1977.465	2016.985	2217.29	1895.72	2143.57	1811.36	2014.325
hgt	614	613	2046.215	1943.945	1995.08	2205.19	1887.24	2109.42	1778.47	1991.83
hgt	553	GCF.001641825.1.Bacteria.Proteobacteria	2172.955	0.0	1086.4775	2336.27	2009.64	0.0	0.0	1168.135
spe	509	495	1977.465	1736.875	1857.17	2143.57	1811.36	1936.33	1537.42	1840.495
hgt	977	GCA.001567195.1.Bacteria.Bacteroidota	1840.405	0.0	920.2025	2073.5	1607.31	0.0	0.0	1036.75
hgt	775	GCA.001797335.1.Bacteria.Bdellovibrionota.E	2456.23	0.0	1228.115	2635.44	2277.02	0.0	0.0	1317.72
spe	614	613	2046.215	1943.945	1995.08	2205.19	1887.24	2109.42	1778.47	1991.83
spe	613	612	1943.945	1796.185	1870.065	2109.42	1778.47	1978.58	1613.79	1861.605
spe	612	611	1796.185	1493.79	1644.9875	1978.58	1613.79	1717.52	1270.06	1624.32
hgt	557	GCA.002007405.1.Bacteria.Proteobacteria	1783.96	0.0	891.98	2002.84	1565.08	0.0	0.0	1001.42
spe	509	508	1977.465	1872.275	1924.87	2143.57	1811.36	2045.43	1699.12	1921.345
spe	508	498	1872.275	1734.36	1803.3175	2045.43	1699.12	1926.5	1542.22	1793.825
los	498	GCF.000192575.1.Bacteria.Proteobacteria	1734.36	0.0	867.18	1926.5	1542.22	0.0	0.0	963.25
hgt	None	dead	0.0	0.0	0.0	0.0	0.0	0.0	0.0	0.0
los	508	507	1872.275	1662.025	1767.15	2045.43	1699.12	1849.48	1474.57	1760.0
hgt	454	453	1369.765	1231.6385	1300.70175	1591.74	1147.79	1464.03	999.247	1295.4935
los	None	dead	0.0	0.0	0.0	0.0	0.0	0.0	0.0	0.0
spe	454	453	1369.765	1231.6385	1300.70175	1591.74	1147.79	1464.03	999.247	1295.4935
spe	1475	1463	2883.705	2750.56	2817.1325	3039.71	2727.7	2918.34	2582.78	2811.245
hgt	None	dead	0.0	0.0	0.0	0.0	0.0	0.0	0.0	0.0
los	1463	1457	2750.56	2476.295	2613.4275	2918.34	2582.78	2697.47	2255.12	2586.73
hgt	492	GCF.900172325.1.Bacteria.Proteobacteria	1826.375	0.0	913.1875	2015.92	1636.83	0.0	0.0	1007.96
los	None	dead	0.0	0.0	0.0	0.0	0.0	0.0	0.0	0.0
spe	1463	1462	2750.56	2688.275	2719.4175	2918.34	2582.78	2865.83	2510.72	2714.53
los	1462	GCA.002436065.1.Bacteria.Chloroflexota	2688.275	0.0	1344.1375	2865.83	2510.72	0.0	0.0	1432.915
spe	1462	1461	2688.275	2433.39	2560.8325	2865.83	2510.72	2666.93	2199.85	2532.84
spe	1476	1454	2948.885	2633.59	2791.2375	3099.11	2798.66	2806.22	2460.96	2780.035
spe	1454	1446	2633.59	2467.265	2550.4275	2806.22	2460.96	2650.86	2283.67	2544.945
los	1446	1440	2467.265	2358.68	2412.9725	2650.86	2283.67	2549.6	2167.76	2409.31
spe	1446	1445	2467.265	2304.44	2385.8525	2650.86	2283.67	2498.38	2110.5	2380.68
hgt	1467	GCA.002440805.1.Bacteria.Chloroflexota	2363.295	0.0	1181.6475	2590.38	2136.21	0.0	0.0	1295.19
hgt	1297	GCA.002329495.1.Bacteria.Firmicutes.B	2420.65	0.0	1210.325	2602.22	2239.08	0.0	0.0	1301.11
hgt	1203	GCA.002399265.1.Bacteria.Firmicutes.G	2369.03	0.0	1184.515	2635.9	2102.16	0.0	0.0	1317.95
hgt	1462	GCA.002436065.1.Bacteria.Chloroflexota	2688.275	0.0	1344.1375	2865.83	2510.72	0.0	0.0	1432.915
hgt	1116	GCA.002898575.1.Bacteria.Armatimonadota	2746.26	0.0	1373.13	2951.68	2540.84	0.0	0.0	1475.84
hgt	1281	GCF.002257705.1.Bacteria.Firmicutes.C	1642.245	0.0	821.1225	1876.63	1407.86	0.0	0.0	938.315
hgt	1061	GCA.003538775.1.Bacteria.Thermotogota	2081.39	0.0	1040.695	2368.61	1794.17	0.0	0.0	1184.305
hgt	1341	GCF.001653195.1.Bacteria.Firmicutes	2078.19	0.0	1039.095	2272.57	1883.81	0.0	0.0	1136.285
hgt	1337	GCF.000092905.1.Bacteria.Firmicutes	1832.425	0.0	916.2125	2086.82	1578.03	0.0	0.0	1043.41
hgt	1399	GCA.002708145.1.Bacteria.Chloroflexota	2391.86	0.0	1195.93	2619.19	2164.53	0.0	0.0	1309.595
hgt	396	GCF.000177635.2.Bacteria.Chrysiogenota	2831.62	0.0	1415.81	2997.63	2665.61	0.0	0.0	1498.815
spe	1445	1444	2304.44	2137.48	2220.96	2498.38	2110.5	2354.92	1920.04	2209.21
hgt	1438	1437	1986.755	1859.345	1923.05	2210.66	1762.85	2096.58	1622.11	1916.385
los	1444	GCA.003451595.1.Bacteria.Chloroflexota	2137.48	0.0	1068.74	2354.92	1920.04	0.0	0.0	1177.46
spe	1438	1437	1986.755	1859.345	1923.05	2210.66	1762.85	2096.58	1622.11	1916.385
hgt	1470	GCF.000025005.1.Bacteria.Chloroflexota	2595.865	0.0	1297.9325	2779.45	2412.28	0.0	0.0	1389.725
hgt	1430	GCA.002239025.1.Bacteria.Chloroflexota	2636.055	0.0	1318.0275	2857.47	2414.64	0.0	0.0	1428.735
hgt	None	dead	0.0	0.0	0.0	0.0	0.0	0.0	0.0	0.0
spe	1454	1453	2633.59	2571.245	2602.4175	2806.22	2460.96	2752.52	2389.97	2598.095
spe	1453	1452	2571.245	2204.94	2388.0925	2752.52	2389.97	2468.84	1941.04	2346.78
spe	1453	1449	2571.245	2414.175	2492.71	2752.52	2389.97	2615.97	2212.38	2482.45
hgt	1425	1424	2515.535	2409.195	2462.365	2693.95	2337.12	2595.11	2223.28	2458.615
spe	1425	1424	2515.535	2409.195	2462.365	2693.95	2337.12	2595.11	2223.28	2458.615
spe	1424	1422	2409.195	2304.265	2356.73	2595.11	2223.28	2497.58	2110.95	2353.03
los	1422	GCA.003484395.1.Bacteria.Chloroflexota	2304.265	0.0	1152.1325	2497.58	2110.95	0.0	0.0	1248.79
spe	1422	1421	2304.265	2272.78	2288.5225	2497.58	2110.95	2470.13	2075.43	2286.505
los	1421	GCA.002347295.1.Bacteria.Chloroflexota	2272.78	0.0	1136.39	2470.13	2075.43	0.0	0.0	1235.065
spe	1421	1419	2272.78	2163.145	2217.9625	2470.13	2075.43	2372.76	1953.53	2211.83
hgt	1440	GCF.001306175.1.Bacteria.Chloroflexota	2358.68	0.0	1179.34	2549.6	2167.76	0.0	0.0	1274.8
dup	None	dead	0.0	0.0	0.0	0.0	0.0	0.0	0.0	0.0
hgt	1425	GCA.003229915.1.Bacteria.Chloroflexota	2515.535	0.0	1257.7675	2693.95	2337.12	0.0	0.0	1346.975
los	None	dead	0.0	0.0	0.0	0.0	0.0	0.0	0.0	0.0
hgt	1412	1408	2456.73	2414.235	2435.4825	2635.79	2277.67	2597.86	2230.61	2433.2
los	None	dead	0.0	0.0	0.0	0.0	0.0	0.0	0.0	0.0
spe	1412	1408	2456.73	2414.235	2435.4825	2635.79	2277.67	2597.86	2230.61	2433.2
spe	1408	1407	2414.235	2350.905	2382.57	2597.86	2230.61	2541.49	2160.32	2379.09
los	1407	GCA.002717565.1.Bacteria.Chloroflexota	2350.905	0.0	1175.4525	2541.49	2160.32	0.0	0.0	1270.745
spe	1407	1406	2350.905	2276.4	2313.6525	2541.49	2160.32	2475.71	2077.09	2309.29
los	1406	GCA.002717925.1.Bacteria.Chloroflexota	2276.4	0.0	1138.2	2475.71	2077.09	0.0	0.0	1237.855
spe	1408	1402	2414.235	2331.705	2372.97	2597.86	2230.61	2524.09	2139.32	2368.59
hgt	681	GCA.002712885.1.Bacteria.Acidobacteriota	2463.525	0.0	1231.7625	2639.97	2287.08	0.0	0.0	1319.985
los	1402	GCA.003228115.1.Bacteria.Chloroflexota	2331.705	0.0	1165.8525	2524.09	2139.32	0.0	0.0	1262.045
spe	654	653	2959.21	2771.345	2865.2775	3102.9	2815.52	2913.41	2629.28	2866.09
spe	653	652	2771.345	2671.985	2721.665	2913.41	2629.28	2814.28	2529.69	2721.55
los	652	526	2671.985	2470.255	2571.12	2814.28	2529.69	2632.1	2308.41	2561.345
spe	652	651	2671.985	2583.355	2627.67	2814.28	2529.69	2725.11	2441.6	2627.94
los	651	650	2583.355	2528.52	2555.9375	2725.11	2441.6	2669.79	2387.25	2556.18
spe	651	533	2583.355	2458.635	2520.995	2725.11	2441.6	2609.15	2308.12	2516.615
spe	533	532	2458.635	2186.645	2322.64	2609.15	2308.12	2379.45	1993.84	2301.495
hgt	924	GCA.003221825.1.Bacteria.Gemmatimonadota	2422.26	0.0	1211.13	2682.06	2162.46	0.0	0.0	1341.03
hgt	568	GCA.002862435.1.Bacteria.Proteobacteria	2035.48	0.0	1017.74	2214.09	1856.87	0.0	0.0	1107.045
hgt	542	GCA.002352565.1.Bacteria.Proteobacteria	2266.915	0.0	1133.4575	2432.28	2101.55	0.0	0.0	1216.14
hgt	598	GCA.002292285.1.Bacteria.Proteobacteria	1497.41	0.0	748.705	1713.35	1281.47	0.0	0.0	856.675
hgt	576	GCA.002432655.1.Bacteria.Proteobacteria	2178.965	0.0	1089.4825	2336.84	2021.09	0.0	0.0	1168.42
los	532	GCA.002405475.1.Bacteria.Proteobacteria	2186.645	0.0	1093.3225	2379.45	1993.84	0.0	0.0	1189.725
spe	533	529	2458.635	2307.945	2383.29	2609.15	2308.12	2475.73	2140.16	2374.655
hgt	None	dead	0.0	0.0	0.0	0.0	0.0	0.0	0.0	0.0
hgt	595	GCA.002389045.1.Bacteria.Proteobacteria	1816.095	0.0	908.0475	2002.91	1629.28	0.0	0.0	1001.455
los	None	dead	0.0	0.0	0.0	0.0	0.0	0.0	0.0	0.0
hgt	636	GCA.002840095.1.Bacteria.Proteobacteria	2146.87	0.0	1073.435	2302.89	1990.85	0.0	0.0	1151.445
hgt	None	dead	0.0	0.0	0.0	0.0	0.0	0.0	0.0	0.0
hgt	639	GCA.002400775.1.Bacteria.Proteobacteria	1859.94	0.0	929.97	2065.68	1654.2	0.0	0.0	1032.84
los	None	dead	0.0	0.0	0.0	0.0	0.0	0.0	0.0	0.0
hgt	602	592	2136.455	1879.945	2008.2	2288.0	1984.91	2061.78	1698.11	1993.055
hgt	None	dead	0.0	0.0	0.0	0.0	0.0	0.0	0.0	0.0
dup	None	dead	0.0	0.0	0.0	0.0	0.0	0.0	0.0	0.0
hgt	600	GCA.002007425.1.Bacteria.Proteobacteria	1814.2	0.0	907.1	1996.49	1631.91	0.0	0.0	998.245
los	None	dead	0.0	0.0	0.0	0.0	0.0	0.0	0.0	0.0
hgt	551	GCA.002746645.1.Bacteria.Proteobacteria	1711.785	0.0	855.8925	1939.79	1483.78	0.0	0.0	969.895
los	None	dead	0.0	0.0	0.0	0.0	0.0	0.0	0.0	0.0
hgt	532	GCA.002405475.1.Bacteria.Proteobacteria	2186.645	0.0	1093.3225	2379.45	1993.84	0.0	0.0	1189.725
hgt	568	GCF.001051235.1.Bacteria.Proteobacteria	2035.48	0.0	1017.74	2214.09	1856.87	0.0	0.0	1107.045
hgt	636	634	2146.87	2007.49	2077.18	2302.89	1990.85	2185.15	1829.83	2066.36
hgt	None	dead	0.0	0.0	0.0	0.0	0.0	0.0	0.0	0.0
hgt	595	GCA.002454015.1.Bacteria.Proteobacteria	1816.095	0.0	908.0475	2002.91	1629.28	0.0	0.0	1001.455
los	None	dead	0.0	0.0	0.0	0.0	0.0	0.0	0.0	0.0
spe	636	634	2146.87	2007.49	2077.18	2302.89	1990.85	2185.15	1829.83	2066.36
hgt	576	574	2178.965	1962.545	2070.755	2336.84	2021.09	2146.1	1778.99	2057.915
hgt	546	GCA.002747435.1.Bacteria.Proteobacteria	2056.155	0.0	1028.0775	2233.12	1879.19	0.0	0.0	1116.56
hgt	542	GCA.002631715.1.Bacteria.Proteobacteria	2266.915	0.0	1133.4575	2432.28	2101.55	0.0	0.0	1216.14
spe	576	574	2178.965	1962.545	2070.755	2336.84	2021.09	2146.1	1778.99	2057.915
hgt	546	GCF.000021985.1.Bacteria.Proteobacteria	2056.155	0.0	1028.0775	2233.12	1879.19	0.0	0.0	1116.56
hgt	643	642	2071.11	1939.07	2005.09	2233.72	1908.5	2120.83	1757.31	1995.515
spe	643	642	2071.11	1939.07	2005.09	2233.72	1908.5	2120.83	1757.31	1995.515
hgt	639	GCA.003230085.1.Bacteria.Proteobacteria	1859.94	0.0	929.97	2065.68	1654.2	0.0	0.0	1032.84
hgt	558	GCA.002386945.1.Bacteria.Proteobacteria	1998.285	0.0	999.1425	2181.41	1815.16	0.0	0.0	1090.705
spe	602	592	2136.455	1879.945	2008.2	2288.0	1984.91	2061.78	1698.11	1993.055
hgt	565	GCF.002958735.1.Bacteria.Proteobacteria	2067.745	0.0	1033.8725	2247.81	1887.68	0.0	0.0	1123.905
hgt	560	GCA.001735895.1.Bacteria.Proteobacteria	2138.97	0.0	1069.485	2303.08	1974.86	0.0	0.0	1151.54
hgt	552	GCF.001614315.2.Bacteria.Proteobacteria	1988.77	0.0	994.385	2174.6	1802.94	0.0	0.0	1087.3
hgt	352	GCA.002167285.1.Bacteria.Planctomycetota	2391.045	0.0	1195.5225	2583.76	2198.33	0.0	0.0	1291.88
hgt	1228	GCA.003023725.1.Bacteria.Firmicutes.E	2573.425	0.0	1286.7125	2761.84	2385.01	0.0	0.0	1380.92
hgt	244	GCA.001800075.1.Bacteria.Elusimicrobiota	2178.39	0.0	1089.195	2377.56	1979.22	0.0	0.0	1188.78
hgt	816	GCA.002724675.1.Bacteria.Myxococcota.A	2057.94	0.0	1028.97	2275.98	1839.9	0.0	0.0	1137.99
hgt	None	dead	0.0	0.0	0.0	0.0	0.0	0.0	0.0	0.0
hgt	None	dead	0.0	0.0	0.0	0.0	0.0	0.0	0.0	0.0
hgt	837	GCA.001768075.1.Bacteria.Myxococcota	2276.83	0.0	1138.415	2468.96	2084.7	0.0	0.0	1234.48
los	None	dead	0.0	0.0	0.0	0.0	0.0	0.0	0.0	0.0
spe	1082	1080	3015.205	2861.12	2938.1625	3182.06	2848.35	3036.76	2685.48	2933.77
spe	1080	1079	2861.12	2652.83	2756.975	3036.76	2685.48	2850.84	2454.82	2745.79
los	1079	GCF.000421485.1.Bacteria.Aquificota	2652.83	0.0	1326.415	2850.84	2454.82	0.0	0.0	1425.42
spe	1079	1078	2652.83	2475.305	2564.0675	2850.84	2454.82	2693.96	2256.65	2553.745
los	1078	GCA.002898315.1.Bacteria.Calescibacterota	2475.305	0.0	1237.6525	2693.96	2256.65	0.0	0.0	1346.98
spe	1078	1076	2475.305	2070.835	2273.07	2693.96	2256.65	2334.5	1807.17	2250.565
dup	None	dead	0.0	0.0	0.0	0.0	0.0	0.0	0.0	0.0
dup	None	dead	0.0	0.0	0.0	0.0	0.0	0.0	0.0	0.0
hgt	1439	GCF.900187885.1.Bacteria.Chloroflexota	2159.315	0.0	1079.6575	2363.76	1954.87	0.0	0.0	1181.88
los	None	dead	0.0	0.0	0.0	0.0	0.0	0.0	0.0	0.0
dup	None	dead	0.0	0.0	0.0	0.0	0.0	0.0	0.0	0.0
dup	None	dead	0.0	0.0	0.0	0.0	0.0	0.0	0.0	0.0
hgt	1444	GCA.003451595.1.Bacteria.Chloroflexota	2137.48	0.0	1068.74	2354.92	1920.04	0.0	0.0	1177.46
los	None	dead	0.0	0.0	0.0	0.0	0.0	0.0	0.0	0.0
hgt	1106	GCA.003134215.1.Bacteria.Armatimonadota	2220.8	0.0	1110.4	2480.29	1961.31	0.0	0.0	1240.145
los	None	dead	0.0	0.0	0.0	0.0	0.0	0.0	0.0	0.0
dup	None	dead	0.0	0.0	0.0	0.0	0.0	0.0	0.0	0.0
hgt	220	GCA.001805375.1.Bacteria.Omnitrophota	2041.98	0.0	1020.99	2253.94	1830.02	0.0	0.0	1126.97
los	None	dead	0.0	0.0	0.0	0.0	0.0	0.0	0.0	0.0
dup	None	dead	0.0	0.0	0.0	0.0	0.0	0.0	0.0	0.0
hgt	1684	GCF.000316115.1.Bacteria.Cyanobacteria	1851.405	0.0	925.7025	1997.61	1705.2	0.0	0.0	998.805
los	None	dead	0.0	0.0	0.0	0.0	0.0	0.0	0.0	0.0
hgt	1702	1701	2160.51	2117.68	2139.095	2257.39	2063.63	2210.97	2024.39	2140.89
los	None	dead	0.0	0.0	0.0	0.0	0.0	0.0	0.0	0.0
spe	1702	1701	2160.51	2117.68	2139.095	2257.39	2063.63	2210.97	2024.39	2140.89
spe	1701	1685	2117.68	2011.14	2064.41	2210.97	2024.39	2124.52	1897.76	2054.365
spe	1685	1684	2011.14	1851.405	1931.2725	2124.52	1897.76	1997.61	1705.2	1914.86
hgt	1720	GCF.000484535.1.Bacteria.Cyanobacteria	2606.445	0.0	1303.2225	2696.98	2515.91	0.0	0.0	1348.49
los	1684	GCF.000316115.1.Bacteria.Cyanobacteria	1851.405	0.0	925.7025	1997.61	1705.2	0.0	0.0	998.805
spe	1701	1700	2117.68	2037.95	2077.815	2210.97	2024.39	2130.46	1945.44	2078.205
hgt	None	dead	0.0	0.0	0.0	0.0	0.0	0.0	0.0	0.0
hgt	1702	GCF.003838225.1.Bacteria.Cyanobacteria	2160.51	0.0	1080.255	2257.39	2063.63	0.0	0.0	1128.695
spe	1700	1688	2037.95	1799.565	1918.7575	2130.46	1945.44	1942.05	1657.08	1893.77
hgt	1678	GCF.000017845.1.Bacteria.Cyanobacteria	1122.4185	0.0	561.20925	1385.17	859.667	0.0	0.0	692.585
hgt	1698	1697	1629.64	1386.915	1508.2775	1658.88	1600.4	1498.21	1275.62	1467.25
los	None	dead	0.0	0.0	0.0	0.0	0.0	0.0	0.0	0.0
spe	1698	1697	1629.64	1386.915	1508.2775	1658.88	1600.4	1498.21	1275.62	1467.25
spe	1697	1695	1386.915	955.3765	1171.14575	1498.21	1275.62	1178.07	732.683	1115.4465
spe	1700	1699	2037.95	1966.585	2002.2675	2130.46	1945.44	2051.72	1881.45	2005.955
hgt	1679	GCF.000473895.1.Bacteria.Cyanobacteria	2001.685	0.0	1000.8425	2133.82	1869.55	0.0	0.0	1066.91
los	1699	1698	1966.585	1629.64	1798.1125	2051.72	1881.45	1658.88	1600.4	1826.06
hgt	1672	GCF.002251945.1.Bacteria.Cyanobacteria	2154.84	0.0	1077.42	2280.19	2029.49	0.0	0.0	1140.095
dup	None	dead	0.0	0.0	0.0	0.0	0.0	0.0	0.0	0.0
dup	None	dead	0.0	0.0	0.0	0.0	0.0	0.0	0.0	0.0
hgt	288	GCA.002382525.1.Bacteria.Verrucomicrobiota	2297.655	0.0	1148.8275	2522.23	2073.08	0.0	0.0	1261.115
los	None	dead	0.0	0.0	0.0	0.0	0.0	0.0	0.0	0.0
hgt	308	290	2838.44	2606.84	2722.64	2994.35	2682.53	2782.77	2430.91	2712.63
los	None	dead	0.0	0.0	0.0	0.0	0.0	0.0	0.0	0.0
spe	308	290	2838.44	2606.84	2722.64	2994.35	2682.53	2782.77	2430.91	2712.63
spe	290	289	2606.84	2498.78	2552.81	2782.77	2430.91	2690.73	2306.83	2544.8
hgt	None	dead	0.0	0.0	0.0	0.0	0.0	0.0	0.0	0.0
los	289	288	2498.78	2297.655	2398.2175	2690.73	2306.83	2522.23	2073.08	2381.905
hgt	445	GCA.002717225.1.Bacteria.Proteobacteria	1836.495	0.0	918.2475	2032.31	1640.68	0.0	0.0	1016.155
los	None	dead	0.0	0.0	0.0	0.0	0.0	0.0	0.0	0.0
spe	290	284	2606.84	2369.92	2488.38	2782.77	2430.91	2568.85	2170.99	2476.88
spe	284	282	2369.92	2053.795	2211.8575	2568.85	2170.99	2296.91	1810.68	2189.765
hgt	935	GCA.001789205.1.Bacteria.Fibrobacterota	2600.975	0.0	1300.4875	2794.79	2407.16	0.0	0.0	1397.395
hgt	1651	GCA.003242895.1.Bacteria.Margulisbacteria	2569.225	0.0	1284.6125	2778.38	2360.07	0.0	0.0	1389.19
hgt	305	GCA.001803235.1.Bacteria.Verrucomicrobiota	2286.74	0.0	1143.37	2490.51	2082.97	0.0	0.0	1245.255
hgt	293	GCA.003246265.1.Bacteria.Verrucomicrobiota	2421.68	0.0	1210.84	2621.74	2221.62	0.0	0.0	1310.87
hgt	302	GCF.000170755.1.Bacteria.Verrucomicrobiota	2089.845	0.0	1044.9225	2315.83	1863.86	0.0	0.0	1157.915
hgt	248	GCA.001799695.1.Bacteria.Elusimicrobiota	1920.715	0.0	960.3575	2155.61	1685.82	0.0	0.0	1077.805
hgt	334	332	2115.87	1728.22	1922.045	2325.24	1906.5	1979.25	1477.19	1901.215
hgt	669	GCA.002335385.1.Bacteria.Acidobacteriota	2395.145	0.0	1197.5725	2603.05	2187.24	0.0	0.0	1301.525
spe	334	332	2115.87	1728.22	1922.045	2325.24	1906.5	1979.25	1477.19	1901.215
dup	None	dead	0.0	0.0	0.0	0.0	0.0	0.0	0.0	0.0
hgt	1183	GCA.002347365.1.Bacteria.Actinobacteriota	2457.105	0.0	1228.5525	2668.97	2245.24	0.0	0.0	1334.485
los	None	dead	0.0	0.0	0.0	0.0	0.0	0.0	0.0	0.0
hgt	498	GCF.000192575.1.Bacteria.Proteobacteria	1734.36	0.0	867.18	1926.5	1542.22	0.0	0.0	963.25
los	None	dead	0.0	0.0	0.0	0.0	0.0	0.0	0.0	0.0
hgt	737	736	2630.42	2435.77	2533.095	2810.4	2450.44	2649.26	2222.28	2516.34
los	None	dead	0.0	0.0	0.0	0.0	0.0	0.0	0.0	0.0
spe	737	736	2630.42	2435.77	2533.095	2810.4	2450.44	2649.26	2222.28	2516.34
hgt	861	GCA.001304105.1.Bacteria.Desulfobacterota	2265.965	0.0	1132.9825	2474.98	2056.95	0.0	0.0	1237.49
hgt	339	GCA.002311745.1.Bacteria.Planctomycetota	2169.255	0.0	1084.6275	2369.72	1968.79	0.0	0.0	1184.86
hgt	880	GCF.000195295.1.Bacteria.Desulfobacterota	2202.89	0.0	1101.445	2408.81	1996.97	0.0	0.0	1204.405
hgt	804	GCA.003247575.1.Bacteria.Myxococcota.A	2545.8	0.0	1272.9	2736.71	2354.89	0.0	0.0	1368.355
hgt	794	GCA.003161515.1.Bacteria.Desulfobacterota.B	2136.5	0.0	1068.25	2343.87	1929.13	0.0	0.0	1171.935
hgt	797	796	2488.59	2368.175	2428.3825	2661.77	2315.41	2549.94	2186.41	2424.09
hgt	503	GCA.002280485.1.Bacteria.Proteobacteria	1517.515	0.0	758.7575	1721.78	1313.25	0.0	0.0	860.89
hgt	1426	GCF.001953175.1.Bacteria.Chloroflexota	2665.03	0.0	1332.515	2834.44	2495.62	0.0	0.0	1417.22
hgt	1036	GCA.002059205.1.Bacteria.Latescibacterota	2411.855	0.0	1205.9275	2625.74	2197.97	0.0	0.0	1312.87
spe	797	796	2488.59	2368.175	2428.3825	2661.77	2315.41	2549.94	2186.41	2424.09
spe	796	795	2368.175	2229.875	2299.025	2549.94	2186.41	2422.94	2036.81	2293.375
los	795	794	2229.875	2136.5	2183.1875	2422.94	2036.81	2343.87	1929.13	2176.035
spe	795	791	2229.875	2015.09	2122.4825	2422.94	2036.81	2237.3	1792.88	2107.91
los	791	GCA.002898795.1.Bacteria.Desulfobacterota.B	2015.09	0.0	1007.545	2237.3	1792.88	0.0	0.0	1118.65
hgt	681	GCA.002712885.1.Bacteria.Acidobacteriota	2463.525	0.0	1231.7625	2639.97	2287.08	0.0	0.0	1319.985
hgt	1020	GCA.001780165.1.Bacteria.Eisenbacteria	2279.22	0.0	1139.61	2521.79	2036.65	0.0	0.0	1260.895
hgt	1233	GCA.003449495.1.Bacteria.Firmicutes.E	2039.805	0.0	1019.9025	2298.21	1781.4	0.0	0.0	1149.105
hgt	807	GCA.002789955.1.Bacteria.Myxococcota	2202.835	0.0	1101.4175	2393.11	2012.56	0.0	0.0	1196.555
hgt	1396	GCA.003244045.1.Bacteria.Dormibacterota	2525.675	0.0	1262.8375	2773.68	2277.67	0.0	0.0	1386.84
dup	None	dead	0.0	0.0	0.0	0.0	0.0	0.0	0.0	0.0
hgt	507	506	1662.025	1610.765	1636.395	1849.48	1474.57	1805.19	1416.34	1632.91
los	None	dead	0.0	0.0	0.0	0.0	0.0	0.0	0.0	0.0
spe	507	506	1662.025	1610.765	1636.395	1849.48	1474.57	1805.19	1416.34	1632.91
dup	None	dead	0.0	0.0	0.0	0.0	0.0	0.0	0.0	0.0
dup	None	dead	0.0	0.0	0.0	0.0	0.0	0.0	0.0	0.0
hgt	816	GCA.002724675.1.Bacteria.Myxococcota.A	2057.94	0.0	1028.97	2275.98	1839.9	0.0	0.0	1137.99
los	None	dead	0.0	0.0	0.0	0.0	0.0	0.0	0.0	0.0
hgt	873	871	2374.525	2172.555	2273.54	2555.16	2193.89	2382.24	1962.87	2259.015
los	None	dead	0.0	0.0	0.0	0.0	0.0	0.0	0.0	0.0
spe	873	871	2374.525	2172.555	2273.54	2555.16	2193.89	2382.24	1962.87	2259.015
hgt	866	GCA.003194485.1.Bacteria.Desulfobacterota	2095.425	0.0	1047.7125	2320.01	1870.84	0.0	0.0	1160.005
hgt	857	GCA.002010915.1.Bacteria.Desulfobacterota	2515.41	0.0	1257.705	2699.69	2331.13	0.0	0.0	1349.845
hgt	854	850	2738.145	2713.455	2725.8	2894.15	2582.14	2872.64	2554.27	2724.21
los	None	dead	0.0	0.0	0.0	0.0	0.0	0.0	0.0	0.0
spe	854	850	2738.145	2713.455	2725.8	2894.15	2582.14	2872.64	2554.27	2724.21
spe	850	849	2713.455	2490.935	2602.195	2872.64	2554.27	2688.39	2293.48	2583.06
hgt	1296	GCF.900176005.1.Bacteria.Firmicutes.B	2280.145	0.0	1140.0725	2486.05	2074.24	0.0	0.0	1243.025
los	849	GCA.001896555.1.Bacteria.Desulfobacterota	2490.935	0.0	1245.4675	2688.39	2293.48	0.0	0.0	1344.195
spe	850	846	2713.455	2541.4	2627.4275	2872.64	2554.27	2725.16	2357.64	2615.14
hgt	1457	GCA.002404055.1.Bacteria.Chloroflexota	2476.295	0.0	1238.1475	2697.47	2255.12	0.0	0.0	1348.735
hgt	328	327	2426.155	2199.545	2312.85	2612.85	2239.46	2411.52	1987.57	2300.21
spe	328	327	2426.155	2199.545	2312.85	2612.85	2239.46	2411.52	1987.57	2300.21
spe	327	326	2199.545	1901.84	2050.6925	2411.52	1987.57	2150.28	1653.4	2032.46
hgt	519	GCF.002109495.1.Bacteria.Proteobacteria	2801.035	0.0	1400.5175	2944.12	2657.95	0.0	0.0	1472.06
hgt	1015	GCA.002790835.1.Bacteria.Krumholzibacteriota	2593.17	0.0	1296.585	2795.8	2390.54	0.0	0.0	1397.9
hgt	1457	GCF.003967555.1.Bacteria.Chloroflexota	2476.295	0.0	1238.1475	2697.47	2255.12	0.0	0.0	1348.735
spe	898	756	3060.73	2888.115	2974.4225	3206.1	2915.36	3046.49	2729.74	2967.92
los	756	GCA.001790645.1.Bacteria.Schekmanbacteria	2888.115	0.0	1444.0575	3046.49	2729.74	0.0	0.0	1523.245
spe	756	754	2888.115	2746.525	2817.32	3046.49	2729.74	2912.14	2580.91	2813.7
spe	754	753	2746.525	2583.27	2664.8975	2912.14	2580.91	2768.8	2397.74	2654.94
los	753	GCA.001803565.1.Bacteria.Nitrospinota.B	2583.27	0.0	1291.635	2768.8	2397.74	0.0	0.0	1384.4
spe	753	751	2583.27	2475.955	2529.6125	2768.8	2397.74	2677.33	2274.58	2521.69
los	751	749	2475.955	2363.875	2419.915	2677.33	2274.58	2575.43	2152.32	2414.825
spe	754	746	2746.525	2548.44	2647.4825	2912.14	2580.91	2767.72	2329.16	2620.65
hgt	1263	GCA.002307275.1.Bacteria.Firmicutes.A	1696.805	0.0	848.4025	1935.53	1458.08	0.0	0.0	967.765
hgt	1269	GCF.002252565.1.Bacteria.Firmicutes.A	2051.8	0.0	1025.9	2236.36	1867.24	0.0	0.0	1118.18
los	746	GCF.900079095.1.Bacteria.Tectomicrobia	2548.44	0.0	1274.22	2767.72	2329.16	0.0	0.0	1383.86
