event	left_node	right_node	left_date	right_date	midpoint_date
spe	1188	1187	3109.515	3068.88	3089.1975
hgt	None	dead	0.0	0.0	0.0
hgt	None	dead	0.0	0.0	0.0
hgt	193	GCA.001873945.1.Bacteria.UBA9089	2795.065	0.0	1397.5325
los	None	dead	0.0	0.0	0.0
hgt	None	dead	0.0	0.0	0.0
hgt	178	177	3109.52	2987.475	3048.4975
hgt	397	396	3038.98	2831.62	2935.3
spe	1187	1133	3068.88	2731.5	2900.19
hgt	None	dead	0.0	0.0	0.0
spe	397	396	3038.98	2831.62	2935.3
hgt	674	GCA.002747255.1.Bacteria.Acidobacteriota	2473.205	0.0	1236.6025
hgt	1218	1216	2947.155	2550.05	2748.6025
hgt	756	GCA.001790645.1.Bacteria.Schekmanbacteria	2888.115	0.0	1444.0575
spe	396	395	2831.62	2049.66	2440.64
hgt	1289	1288	2635.61	2207.725	2421.6675
hgt	None	dead	0.0	0.0	0.0
dup	None	dead	0.0	0.0	0.0
hgt	1333	GCF.900111575.1.Bacteria.Firmicutes.D	2457.61	0.0	1228.805
los	None	dead	0.0	0.0	0.0
hgt	751	GCA.002500605.1.Bacteria.Nitrospinota	2475.955	0.0	1237.9775
los	None	dead	0.0	0.0	0.0
spe	1218	1216	2947.155	2550.05	2748.6025
spe	1216	1215	2550.05	2030.585	2290.3175
los	1215	GCA.003070825.1.Bacteria.Firmicutes.F	2030.585	0.0	1015.2925
hgt	229	GCA.002791075.1.Bacteria.Ratteibacteria	2859.92	0.0	1429.96
hgt	1645	GCF.000212395.1.Bacteria.Thermodesulfobiota	3078.905	0.0	1539.4525
hgt	None	dead	0.0	0.0	0.0
hgt	668	GCA.002010665.1.Bacteria.Acidobacteriota	2182.81	0.0	1091.405
los	None	dead	0.0	0.0	0.0
spe	1289	1288	2635.61	2207.725	2421.6675
spe	1288	1287	2207.725	1965.585	2086.655
los	1287	1285	1965.585	1868.68	1917.1325
hgt	1281	GCF.002257705.1.Bacteria.Firmicutes.C	1642.245	0.0	821.1225
hgt	854	853	2738.145	2576.375	2657.26
los	None	dead	0.0	0.0	0.0
spe	854	853	2738.145	2576.375	2657.26
hgt	861	GCA.002327985.1.Bacteria.Desulfobacterota	2265.965	0.0	1132.9825
hgt	862	GCA.002782605.1.Bacteria.Desulfobacterota	2368.33	0.0	1184.165
hgt	1058	GCA.001443005.1.Bacteria.Synergistota	2874.585	0.0	1437.2925
hgt	1304	GCA.002352935.1.Bacteria.Firmicutes.B	1697.92	0.0	848.96
hgt	None	dead	0.0	0.0	0.0
hgt	None	dead	0.0	0.0	0.0
dup	None	dead	0.0	0.0	0.0
hgt	880	GCA.001577715.1.Bacteria.Desulfobacterota	2202.89	0.0	1101.445
los	None	dead	0.0	0.0	0.0
hgt	1273	1272	2658.63	2548.195	2603.4125
los	None	dead	0.0	0.0	0.0
spe	1273	1272	2658.63	2548.195	2603.4125
spe	1272	1246	2548.195	2308.455	2428.325
los	1246	GCF.000213255.1.Bacteria.Firmicutes.A	2308.455	0.0	1154.2275
spe	1246	1245	2308.455	2107.795	2208.125
los	1245	GCF.900129115.1.Bacteria.Firmicutes.A	2107.795	0.0	1053.8975
spe	1272	1271	2548.195	2346.495	2447.345
spe	1271	1270	2346.495	2201.025	2273.76
spe	1270	1269	2201.025	2051.8	2126.4125
los	1269	1268	2051.8	1820.865	1936.3325
spe	1270	1264	2201.025	1943.29	2072.1575
los	1264	GCA.900317035.1.Bacteria.Firmicutes.A	1943.29	0.0	971.645
spe	1264	1263	1943.29	1696.805	1820.0475
los	1263	GCA.002308775.1.Bacteria.Firmicutes.A	1696.805	0.0	848.4025
dup	1263	GCA.002307275.1.Bacteria.Firmicutes.A	1696.805	0.0	848.4025
spe	1271	1259	2346.495	2295.84	2321.1675
los	1259	1258	2295.84	2095.365	2195.6025
spe	1259	1253	2295.84	2190.3	2243.07
spe	1253	1252	2190.3	2040.145	2115.2225
hgt	1258	GCA.003527145.1.Bacteria.Firmicutes.A	2095.365	0.0	1047.6825
hgt	1269	GCF.002252565.1.Bacteria.Firmicutes.A	2051.8	0.0	1025.9
spe	1252	1251	2040.145	1879.525	1959.835
hgt	1375	GCF.000178255.1.Bacteria.Firmicutes	1359.615	0.0	679.8075
hgt	1257	GCF.900104115.1.Bacteria.Firmicutes.A	1906.6	0.0	953.3
hgt	1082	1080	3015.205	2861.12	2938.1625
hgt	None	dead	0.0	0.0	0.0
hgt	None	dead	0.0	0.0	0.0
spe	178	177	3109.52	2987.475	3048.4975
spe	177	176	2987.475	2870.105	2928.79
spe	176	175	2870.105	2794.775	2832.44
los	175	143	2794.775	2511.185	2652.98
spe	175	174	2794.775	2722.305	2758.54
los	174	173	2722.305	2663.205	2692.755
spe	176	140	2870.105	2794.965	2832.535
los	140	GCF.000019605.1.Archaea.Thermoproteota	2794.965	0.0	1397.4825
spe	140	139	2794.965	2746.6	2770.7825
spe	139	109	2746.6	2611.625	2679.1125
los	109	103	2611.625	2372.465	2492.045
spe	109	108	2611.625	2433.705	2522.665
hgt	None	dead	0.0	0.0	0.0
hgt	136	134	2489.555	2351.985	2420.77
spe	108	107	2433.705	2229.765	2331.735
los	107	GCA.001717025.1.Archaea.Thermoproteota	2229.765	0.0	1114.8825
spe	136	134	2489.555	2351.985	2420.77
spe	134	133	2351.985	2194.065	2273.025
los	133	GCA.002506605.1.Archaea.Thermoproteota	2194.065	0.0	1097.0325
spe	134	130	2351.985	2259.135	2305.56
los	130	GCA.001510295.1.Archaea.Thermoproteota	2259.135	0.0	1129.5675
spe	130	128	2259.135	1456.455	1857.795
hgt	101	99	2213.35	2047.925	2130.6375
los	None	dead	0.0	0.0	0.0
spe	101	99	2213.35	2047.925	2130.6375
hgt	140	GCF.000019605.1.Archaea.Thermoproteota	2794.965	0.0	1397.4825
hgt	143	GCA.001940655.1.Archaea.Asgardarchaeota	2511.185	0.0	1255.5925
hgt	101	GCF.000011205.1.Archaea.Thermoproteota	2213.35	0.0	1106.675
spe	139	138	2746.6	2683.72	2715.16
spe	138	137	2683.72	2562.75	2623.235
hgt	38	GCF.002214485.1.Archaea.Methanobacteriota.B	2538.31	0.0	1269.155
hgt	92	70	2715.565	2480.265	2597.915
los	137	136	2562.75	2489.555	2526.1525
spe	92	70	2715.565	2480.265	2597.915
spe	70	54	2480.265	2391.235	2435.75
spe	54	53	2391.235	2158.385	2274.81
los	53	52	2158.385	1947.675	2053.03
spe	54	48	2391.235	2290.465	2340.85
hgt	35	GCA.001587715.1.Archaea.Methanobacteriota.B	2625.215	0.0	1312.6075
los	48	GCA.003009755.1.Archaea.Thermoplasmatota	2290.465	0.0	1145.2325
spe	48	47	2290.465	2175.095	2232.78
los	47	GCA.002494765.1.Archaea.Thermoplasmatota	2175.095	0.0	1087.5475
spe	70	69	2480.265	2382.655	2431.46
los	69	68	2382.655	2254.26	2318.4575
spe	69	61	2382.655	2318.855	2350.755
los	61	GCA.002497685.1.Archaea.Thermoplasmatota	2318.855	0.0	1159.4275
spe	61	60	2318.855	2157.845	2238.35
spe	60	59	2157.845	1950.86	2054.3525
los	59	GCA.002011395.1.Archaea.Thermoplasmatota	1950.86	0.0	975.43
spe	138	124	2683.72	2576.715	2630.2175
los	124	GCA.002495485.1.Archaea.Thermoproteota	2576.715	0.0	1288.3575
spe	124	123	2576.715	2509.405	2543.06
spe	123	113	2509.405	2352.095	2430.75
hgt	118	116	2278.345	1726.54	2002.4425
hgt	38	GCA.001515205.2.Archaea.Hadarchaeota	2538.31	0.0	1269.155
spe	118	116	2278.345	1726.54	2002.4425
spe	123	122	2509.405	2416.7	2463.0525
spe	122	118	2416.7	2278.345	2347.5225
los	118	116	2278.345	1726.54	2002.4425
hgt	107	GCA.001717025.1.Archaea.Thermoproteota	2229.765	0.0	1114.8825
spe	122	121	2416.7	2129.565	2273.1325
hgt	None	dead	0.0	0.0	0.0
hgt	92	91	2715.565	2548.71	2632.1375
los	None	dead	0.0	0.0	0.0
spe	92	91	2715.565	2548.71	2632.1375
spe	91	90	2548.71	2426.545	2487.6275
spe	90	74	2426.545	2278.05	2352.2975
los	74	GCF.000194625.1.Archaea.Halobacteriota	2278.05	0.0	1139.025
spe	90	89	2426.545	2320.405	2373.475
spe	89	88	2320.405	2221.93	2271.1675
hgt	68	GCA.002495185.1.Archaea.Thermoplasmatota	2254.26	0.0	1127.13
los	88	87	2221.93	2144.39	2183.16
spe	88	80	2221.93	2032.885	2127.4075
los	80	GCA.003158275.1.Archaea.Halobacteriota	2032.885	0.0	1016.4425
hgt	None	dead	0.0	0.0	0.0
spe	89	77	2320.405	2081.03	2200.7175
hgt	86	84	2014.745	1868.445	1941.595
los	None	dead	0.0	0.0	0.0
spe	86	84	2014.745	1868.445	1941.595
spe	177	95	2987.475	2895.515	2941.495
spe	95	39	2895.515	2772.035	2833.775
los	39	38	2772.035	2538.31	2655.1725
spe	39	35	2772.035	2625.215	2698.625
los	35	GCA.001587715.1.Archaea.Methanobacteriota.B	2625.215	0.0	1312.6075
hgt	178	32	3109.52	2887.43	2998.475
spe	95	94	2895.515	2874.54	2885.0275
spe	94	42	2874.54	2631.08	2752.81
los	42	GCA.002502135.1.Archaea.Undinarchaeota	2631.08	0.0	1315.54
spe	94	93	2874.54	2781.775	2828.1575
hgt	None	dead	0.0	0.0	0.0
los	93	92	2781.775	2715.565	2748.67
hgt	31	GCA.001723855.1.Archaea.Altiarchaeota	2641.745	0.0	1320.8725
los	None	dead	0.0	0.0	0.0
hgt	74	GCF.000194625.1.Archaea.Halobacteriota	2278.05	0.0	1139.025
hgt	None	dead	0.0	0.0	0.0
hgt	47	GCA.002494765.1.Archaea.Thermoplasmatota	2175.095	0.0	1087.5475
los	None	dead	0.0	0.0	0.0
spe	178	32	3109.52	2887.43	2998.475
spe	32	26	2887.43	905.1525	1896.29125
spe	32	31	2887.43	2641.745	2764.5875
hgt	1068	GCA.002428295.1.Bacteria.Caldisericota	2377.575	0.0	1188.7875
los	31	GCA.001723855.1.Archaea.Altiarchaeota	2641.745	0.0	1320.8725
spe	31	29	2641.745	2305.1	2473.4225
los	29	GCA.002254565.1.Archaea.Altiarchaeota	2305.1	0.0	1152.55
dup	None	dead	0.0	0.0	0.0
hgt	1228	GCA.003023725.1.Bacteria.Firmicutes.E	2573.425	0.0	1286.7125
los	None	dead	0.0	0.0	0.0
hgt	853	GCA.003232385.1.Bacteria.SZUA.79	2576.375	0.0	1288.1875
los	None	dead	0.0	0.0	0.0
hgt	783	782	2802.765	2703.34	2753.0525
los	None	dead	0.0	0.0	0.0
spe	783	782	2802.765	2703.34	2753.0525
spe	782	770	2703.34	2621.185	2662.2625
spe	770	769	2621.185	2474.02	2547.6025
los	769	768	2474.02	2381.62	2427.82
hgt	198	GCA.001871015.1.Bacteria.Desantisbacteria	2808.635	0.0	1404.3175
hgt	185	GCA.001791795.1.Bacteria.Wallbacteria	3290.735	0.0	1645.3675
los	770	GCA.002787535.1.Bacteria.Bdellovibrionota	2621.185	0.0	1310.5925
hgt	None	dead	0.0	0.0	0.0
hgt	221	GCA.002796125.1.Bacteria.Omnitrophota	2232.655	0.0	1116.3275
los	None	dead	0.0	0.0	0.0
hgt	None	dead	0.0	0.0	0.0
hgt	236	GCA.001800495.1.Bacteria.Elusimicrobiota	2376.71	0.0	1188.355
los	None	dead	0.0	0.0	0.0
hgt	1273	GCF.000166335.1.Bacteria.Firmicutes.A	2658.63	0.0	1329.315
hgt	None	dead	0.0	0.0	0.0
hgt	515	GCA.002632265.1.Bacteria.Proteobacteria	2401.52	0.0	1200.76
los	None	dead	0.0	0.0	0.0
hgt	None	dead	0.0	0.0	0.0
hgt	837	GCA.001768075.1.Bacteria.Myxococcota	2276.83	0.0	1138.415
los	None	dead	0.0	0.0	0.0
dup	837	GCA.001768075.1.Bacteria.Myxococcota	2276.83	0.0	1138.415
hgt	None	dead	0.0	0.0	0.0
dup	None	dead	0.0	0.0	0.0
hgt	477	GCA.001897475.1.Bacteria.Proteobacteria	1568.215	0.0	784.1075
los	None	dead	0.0	0.0	0.0
dup	None	dead	0.0	0.0	0.0
hgt	612	GCF.003612015.1.Bacteria.Proteobacteria	1796.185	0.0	898.0925
los	None	dead	0.0	0.0	0.0
hgt	498	GCF.000192575.1.Bacteria.Proteobacteria	1734.36	0.0	867.18
los	None	dead	0.0	0.0	0.0
spe	782	781	2703.34	2586.935	2645.1375
spe	781	780	2586.935	2414.4	2500.6675
los	780	778	2414.4	2281.75	2348.075
spe	781	775	2586.935	2456.23	2521.5825
los	775	773	2456.23	2375.125	2415.6775
hgt	1068	GCA.002877955.1.Bacteria.Caldisericota	2377.575	0.0	1188.7875
spe	1082	1080	3015.205	2861.12	2938.1625
hgt	173	151	2663.205	2556.275	2609.74
hgt	None	dead	0.0	0.0	0.0
dup	None	dead	0.0	0.0	0.0
dup	None	dead	0.0	0.0	0.0
hgt	966	GCA.003167015.1.Bacteria.Bacteroidota	2094.155	0.0	1047.0775
los	None	dead	0.0	0.0	0.0
hgt	961	GCA.001769385.1.Bacteria.Bacteroidota	1247.9425	0.0	623.97125
los	None	dead	0.0	0.0	0.0
hgt	644	643	2211.125	2071.11	2141.1175
los	None	dead	0.0	0.0	0.0
spe	644	643	2211.125	2071.11	2141.1175
spe	643	639	2071.11	1859.94	1965.525
los	639	GCA.003230085.1.Bacteria.Proteobacteria	1859.94	0.0	929.97
spe	643	642	2071.11	1939.07	2005.09
hgt	639	GCA.003230085.1.Bacteria.Proteobacteria	1859.94	0.0	929.97
hgt	1663	GCA.001464165.1.Bacteria.Cyanobacteria	2633.14	0.0	1316.57
hgt	376	GCA.002418835.1.Bacteria.Spirochaetota	2638.94	0.0	1319.47
spe	173	151	2663.205	2556.275	2609.74
spe	151	150	2556.275	2169.605	2362.94
los	150	GCA.003144275.1.Archaea.Asgardarchaeota	2169.605	0.0	1084.8025
spe	151	147	2556.275	2281.01	2418.6425
los	147	GCA.001940755.1.Archaea.Asgardarchaeota	2281.01	0.0	1140.505
hgt	270	GCA.001567115.1.Bacteria.OLB16	2997.52	0.0	1498.76
hgt	159	GCF.000091205.1.Eukaryota.Rhodophyta	1225.785	0.0	612.8925
hgt	926	GCA.001780825.1.Bacteria.Gemmatimonadota	2762.32	0.0	1381.16
hgt	166	GCA.000209225.1.Eukaryota.Cnidaria	1127.658	0.0	563.829
hgt	551	GCA.002699105.1.Bacteria.Bacteroidota	1711.785	0.0	855.8925
hgt	350	GCA.002402755.1.Bacteria.Planctomycetota	2200.88	0.0	1100.44
spe	1080	1079	2861.12	2652.83	2756.975
hgt	227	GCA.001804315.1.Bacteria.Omnitrophota	2748.92	0.0	1374.46
los	1079	GCF.000421485.1.Bacteria.Aquificota	2652.83	0.0	1326.415
dup	227	GCA.001804315.1.Bacteria.Omnitrophota	2748.92	0.0	1374.46
hgt	210	GCA.002796105.1.Bacteria.Omnitrophota	2377.125	0.0	1188.5625
hgt	801	GCA.002328485.1.Bacteria.Desulfobacterota.G	2578.84	0.0	1289.42
hgt	None	dead	0.0	0.0	0.0
hgt	133	GCA.002506605.1.Archaea.Thermoproteota	2194.065	0.0	1097.0325
los	None	dead	0.0	0.0	0.0
spe	1079	1078	2652.83	2475.305	2564.0675
hgt	1082	GCA.002011615.1.Bacteria.WOR.3	3015.205	0.0	1507.6025
hgt	982	GCF.001535965.1.Bacteria.Bacteroidota	2450.7	0.0	1225.35
spe	1078	1076	2475.305	2070.835	2273.07
hgt	383	GCA.001829315.1.Bacteria.Spirochaetota	2480.61	0.0	1240.305
los	1076	GCF.900142435.1.Bacteria.Aquificota	2070.835	0.0	1035.4175
hgt	754	753	2746.525	2583.27	2664.8975
los	None	dead	0.0	0.0	0.0
spe	754	753	2746.525	2583.27	2664.8975
hgt	768	767	2381.62	2265.96	2323.79
hgt	1008	GCA.000447245.1.Bacteria.Zixibacteria	2484.465	0.0	1242.2325
hgt	None	dead	0.0	0.0	0.0
hgt	220	GCA.001805375.1.Bacteria.Omnitrophota	2041.98	0.0	1020.99
los	None	dead	0.0	0.0	0.0
spe	768	767	2381.62	2265.96	2323.79
spe	767	766	2265.96	2115.535	2190.7475
hgt	768	GCA.001798715.1.Bacteria.UBA10199	2381.62	0.0	1190.81
hgt	866	GCA.002877985.1.Bacteria.Desulfobacterota	2095.425	0.0	1047.7125
hgt	1020	GCA.003235575.1.Bacteria.Eisenbacteria	2279.22	0.0	1139.61
dup	1008	GCA.000447245.1.Bacteria.Zixibacteria	2484.465	0.0	1242.2325
spe	753	751	2583.27	2475.955	2529.6125
hgt	216	GCA.001805575.1.Bacteria.Omnitrophota	2167.33	0.0	1083.665
los	751	GCA.002500605.1.Bacteria.Nitrospinota	2475.955	0.0	1237.9775
spe	751	749	2475.955	2363.875	2419.915
los	749	GCA.002705185.1.Bacteria.Nitrospinota	2363.875	0.0	1181.9375
hgt	1327	1326	2828.71	2719.225	2773.9675
los	None	dead	0.0	0.0	0.0
spe	1327	1326	2828.71	2719.225	2773.9675
spe	1326	1292	2719.225	2370.88	2545.0525
hgt	267	GCA.002428325.1.Bacteria.UBP4	2989.33	0.0	1494.665
los	1292	GCF.000024605.1.Bacteria.Firmicutes.B	2370.88	0.0	1185.44
spe	1326	1325	2719.225	2604.385	2661.805
hgt	1289	GCA.002345475.1.Bacteria.Firmicutes.H	2635.61	0.0	1317.805
hgt	1029	GCA.001777915.1.Bacteria.Edwardsbacteria	2585.52	0.0	1292.76
spe	1325	1297	2604.385	2420.65	2512.5175
hgt	1285	1281	1868.68	1642.245	1755.4625
hgt	1655	GCA.001771505.1.Bacteria.Margulisbacteria	2626.04	0.0	1313.02
spe	1285	1281	1868.68	1642.245	1755.4625
spe	1281	1280	1642.245	1441.56	1541.9025
los	1280	GCF.900104455.1.Bacteria.Firmicutes.C	1441.56	0.0	720.78
dup	1281	GCF.002257705.1.Bacteria.Firmicutes.C	1642.245	0.0	821.1225
hgt	935	GCA.001789205.1.Bacteria.Fibrobacterota	2600.975	0.0	1300.4875
hgt	1651	GCA.003242895.1.Bacteria.Margulisbacteria	2569.225	0.0	1284.6125
hgt	370	GCF.000092845.1.Bacteria.Spirochaetota	2617.22	0.0	1308.61
hgt	941	GCA.003477045.1.Bacteria.Delongbacteria	2724.93	0.0	1362.465
hgt	293	GCA.003246265.1.Bacteria.Verrucomicrobiota	2421.68	0.0	1210.84
hgt	1319	1318	2388.655	2305.29	2346.9725
spe	1297	1296	2420.65	2280.145	2350.3975
hgt	1218	GCA.001513125.1.Bacteria.DTU030	2947.155	0.0	1473.5775
hgt	1221	GCA.002375925.1.Bacteria.Firmicutes.E	2447.11	0.0	1223.555
spe	1319	1318	2388.655	2305.29	2346.9725
spe	1318	1317	2305.29	1778.785	2042.0375
hgt	1307	GCA.000987045.1.Bacteria.Firmicutes.B	2196.38	0.0	1098.19
los	1317	1315	1778.785	1580.985	1679.885
spe	1318	1312	2305.29	2058.365	2181.8275
hgt	1227	GCA.003242675.1.Bacteria.Firmicutes.E	2407.625	0.0	1203.8125
hgt	1319	GCF.900100785.1.Bacteria.Firmicutes.B	2388.655	0.0	1194.3275
hgt	1112	GCA.002898555.1.Bacteria.Armatimonadota	2593.11	0.0	1296.555
hgt	1300	GCA.002418765.1.Bacteria.Firmicutes.B	2090.18	0.0	1045.09
hgt	1305	GCF.002207765.1.Bacteria.Firmicutes.B	2012.42	0.0	1006.21
hgt	1292	GCF.000024605.1.Bacteria.Firmicutes.B	2370.88	0.0	1185.44
hgt	198	GCA.002478245.1.Bacteria.UBP18	2808.635	0.0	1404.3175
hgt	1274	1240	2802.895	2549.06	2675.9775
hgt	1667	GCA.003503675.1.Bacteria.Cyanobacteria	2851.115	0.0	1425.5575
spe	1325	1324	2604.385	2536.255	2570.32
spe	1324	1308	2536.255	2377.745	2457.0
hgt	None	dead	0.0	0.0	0.0
hgt	1315	GCF.002224645.1.Bacteria.Firmicutes.B	1580.985	0.0	790.4925
los	None	dead	0.0	0.0	0.0
hgt	1330	GCA.003444595.1.Bacteria.Firmicutes.D	2416.115	0.0	1208.0575
los	1308	1307	2377.745	2196.38	2287.0625
dup	1330	GCA.003444595.1.Bacteria.Firmicutes.D	2416.115	0.0	1208.0575
spe	1308	1300	2377.745	2090.18	2233.9625
hgt	1235	GCA.002376005.1.Bacteria.Firmicutes.E	2501.715	0.0	1250.8575
los	1300	GCA.002418765.1.Bacteria.Firmicutes.B	2090.18	0.0	1045.09
spe	1324	1323	2536.255	2478.3	2507.2775
hgt	None	dead	0.0	0.0	0.0
los	1323	1319	2478.3	2388.655	2433.4775
hgt	1087	GCA.001778455.1.Bacteria.Bipolaricaulota	1892.775	0.0	946.3875
los	None	dead	0.0	0.0	0.0
spe	1323	1322	2478.3	2209.475	2343.8875
hgt	1381	1351	2205.155	2134.51	2169.8325
los	1322	GCA.001512665.1.Bacteria.Firmicutes.B	2209.475	0.0	1104.7375
spe	1381	1351	2205.155	2134.51	2169.8325
spe	1351	1350	2134.51	1969.515	2052.0125
los	1350	GCF.000942395.1.Bacteria.Firmicutes	1969.515	0.0	984.7575
hgt	1384	1338	2455.815	2111.765	2283.79
spe	1351	1347	2134.51	1852.54	1993.525
los	1347	GCF.900099895.1.Bacteria.Firmicutes	1852.54	0.0	926.27
spe	1384	1338	2455.815	2111.765	2283.79
spe	1338	1337	2111.765	1832.425	1972.095
los	1337	GCF.001399675.1.Bacteria.Firmicutes	1832.425	0.0	916.2125
hgt	1380	GCF.001049895.1.Bacteria.Firmicutes	2120.065	0.0	1060.0325
hgt	669	GCA.002335385.1.Bacteria.Acidobacteriota	2395.145	0.0	1197.5725
hgt	1191	GCA.002408345.1.Bacteria.Firmicutes.G	2563.43	0.0	1281.715
spe	1274	1240	2802.895	2549.06	2675.9775
hgt	1215	GCA.003070825.1.Bacteria.Firmicutes.F	2030.585	0.0	1015.2925
dup	None	dead	0.0	0.0	0.0
hgt	1106	GCA.003134215.1.Bacteria.Armatimonadota	2220.8	0.0	1110.4
los	None	dead	0.0	0.0	0.0
hgt	1476	1454	2948.885	2633.59	2791.2375
los	None	dead	0.0	0.0	0.0
spe	1476	1454	2948.885	2633.59	2791.2375
spe	1454	1453	2633.59	2571.245	2602.4175
los	1453	1452	2571.245	2204.94	2388.0925
spe	1453	1449	2571.245	2414.175	2492.71
los	1449	GCA.002366595.1.Bacteria.Chloroflexota	2414.175	0.0	1207.0875
hgt	1721	1720	3037.59	2606.445	2822.0175
hgt	None	dead	0.0	0.0	0.0
hgt	1467	GCA.002292925.1.Bacteria.Chloroflexota	2363.295	0.0	1181.6475
los	None	dead	0.0	0.0	0.0
hgt	None	dead	0.0	0.0	0.0
hgt	293	GCA.002429065.1.Bacteria.Verrucomicrobiota	2421.68	0.0	1210.84
los	None	dead	0.0	0.0	0.0
dup	1454	1446	2633.59	2467.265	2550.4275
spe	1454	1446	2633.59	2467.265	2550.4275
spe	1446	1440	2467.265	2358.68	2412.9725
los	1440	1439	2358.68	2159.315	2258.9975
spe	1446	1445	2467.265	2304.44	2385.8525
hgt	352	GCA.002167285.1.Bacteria.Planctomycetota	2391.045	0.0	1195.5225
hgt	796	795	2368.175	2229.875	2299.025
los	1445	1444	2304.44	2137.48	2220.96
spe	796	795	2368.175	2229.875	2299.025
spe	795	791	2229.875	2015.09	2122.4825
los	791	GCA.002050235.1.Bacteria.Desulfobacterota.B	2015.09	0.0	1007.545
spe	795	794	2229.875	2136.5	2183.1875
hgt	334	GCA.002338715.1.Bacteria.Planctomycetota	2115.87	0.0	1057.935
los	794	GCA.001798565.1.Bacteria.Desulfobacterota.B	2136.5	0.0	1068.25
hgt	694	GCA.001767075.1.Bacteria.Acidobacteriota	1909.495	0.0	954.7475
spe	1454	1446	2633.59	2467.265	2550.4275
spe	1446	1445	2467.265	2304.44	2385.8525
hgt	1128	GCA.002898935.1.Bacteria.CSP1.3	3141.47	0.0	1570.735
los	1445	GCA.003130875.1.Bacteria.Chloroflexota	2304.44	0.0	1152.22
spe	1445	1444	2304.44	2137.48	2220.96
hgt	1449	GCA.002400365.1.Bacteria.Chloroflexota	2414.175	0.0	1207.0875
spe	1446	1440	2467.265	2358.68	2412.9725
los	1440	GCF.001306175.1.Bacteria.Chloroflexota	2358.68	0.0	1179.34
spe	1440	1439	2358.68	2159.315	2258.9975
spe	1439	1438	2159.315	1986.755	2073.035
spe	1438	1437	1986.755	1859.345	1923.05
los	1437	GCA.002702065.1.Bacteria.Chloroflexota	1859.345	0.0	929.6725
spe	1721	1720	3037.59	2606.445	2822.0175
spe	1720	1719	2606.445	2506.285	2556.365
los	1719	GCF.000013205.1.Bacteria.Cyanobacteria	2506.285	0.0	1253.1425
spe	1719	1718	2506.285	2393.24	2449.7625
los	1718	1717	2393.24	2268.17	2330.705
spe	1718	1704	2393.24	2299.84	2346.54
spe	1704	1672	2299.84	2154.84	2227.34
los	1672	GCF.000015965.1.Bacteria.Cyanobacteria	2154.84	0.0	1077.42
spe	1704	1703	2299.84	2220.145	2259.9925
spe	1703	1679	2220.145	2001.685	2110.915
los	1679	1678	2001.685	1122.4185	1562.05175
hgt	None	dead	0.0	0.0	0.0
hgt	1685	GCF.000018105.1.Bacteria.Cyanobacteria	2011.14	0.0	1005.57
los	None	dead	0.0	0.0	0.0
spe	1703	1702	2220.145	2160.51	2190.3275
hgt	1698	1697	1629.64	1386.915	1508.2775
hgt	1678	GCF.000017845.1.Bacteria.Cyanobacteria	1122.4185	0.0	561.20925
spe	1698	1697	1629.64	1386.915	1508.2775
spe	1697	1695	1386.915	955.3765	1171.14575
spe	1702	1701	2160.51	2117.68	2139.095
spe	1701	1700	2117.68	2037.95	2077.815
spe	1700	1688	2037.95	1799.565	1918.7575
los	1688	GCF.000353285.1.Bacteria.Cyanobacteria	1799.565	0.0	899.7825
spe	1700	1699	2037.95	1966.585	2002.2675
los	1699	1698	1966.585	1629.64	1798.1125
spe	1701	1685	2117.68	2011.14	2064.41
los	1685	GCF.000018105.1.Bacteria.Cyanobacteria	2011.14	0.0	1005.57
spe	1685	1684	2011.14	1851.405	1931.2725
hgt	1688	GCF.000353285.1.Bacteria.Cyanobacteria	1799.565	0.0	899.7825
hgt	None	dead	0.0	0.0	0.0
dup	None	dead	0.0	0.0	0.0
dup	None	dead	0.0	0.0	0.0
hgt	1036	GCA.002059205.1.Bacteria.Latescibacterota	2411.855	0.0	1205.9275
los	None	dead	0.0	0.0	0.0
hgt	849	GCF.000266945.1.Bacteria.Desulfobacterota	2490.935	0.0	1245.4675
los	None	dead	0.0	0.0	0.0
hgt	842	841	2805.65	2762.435	2784.0425
los	None	dead	0.0	0.0	0.0
spe	842	841	2805.65	2762.435	2784.0425
hgt	1126	1116	2983.51	2746.26	2864.885
spe	841	840	2762.435	2651.205	2706.82
los	840	804	2651.205	2545.8	2598.5025
spe	840	839	2651.205	2599.34	2625.2725
hgt	None	dead	0.0	0.0	0.0
dup	None	dead	0.0	0.0	0.0
hgt	1069	GCF.000378005.1.Bacteria.Coprothermobacterota	2559.465	0.0	1279.7325
los	None	dead	0.0	0.0	0.0
hgt	1284	GCF.001553315.1.Bacteria.Firmicutes.C	1576.575	0.0	788.2875
los	None	dead	0.0	0.0	0.0
hgt	None	dead	0.0	0.0	0.0
spe	839	829	2599.34	2568.27	2583.805
spe	829	828	2568.27	2398.31	2483.29
spe	828	827	2398.31	2313.915	2356.1125
los	827	821	2313.915	2160.835	2237.375
spe	827	826	2313.915	2185.76	2249.8375
los	826	GCA.002747355.1.Bacteria.Myxococcota	2185.76	0.0	1092.88
spe	826	825	2185.76	1914.98	2050.37
hgt	821	GCF.000737335.2.Bacteria.Proteobacteria	2160.835	0.0	1080.4175
spe	829	817	2568.27	2468.695	2518.4825
los	817	816	2468.695	2057.94	2263.3175
spe	817	813	2468.695	2371.52	2420.1075
los	813	812	2371.52	2281.345	2326.4325
spe	813	807	2371.52	2202.835	2287.1775
hgt	832	GCA.002696345.1.Bacteria.Myxococcota	2268.205	0.0	1134.1025
hgt	837	GCA.001768075.1.Bacteria.Myxococcota	2276.83	0.0	1138.415
dup	None	dead	0.0	0.0	0.0
hgt	241	GCA.002841695.1.Bacteria.Elusimicrobiota	2226.475	0.0	1113.2375
los	None	dead	0.0	0.0	0.0
dup	None	dead	0.0	0.0	0.0
hgt	648	647	2440.92	2391.055	2415.9875
los	None	dead	0.0	0.0	0.0
spe	648	647	2440.92	2391.055	2415.9875
hgt	406	GCA.001872725.1.Bacteria.Proteobacteria	2769.905	0.0	1384.9525
hgt	514	513	2299.515	2253.55	2276.5325
hgt	None	dead	0.0	0.0	0.0
hgt	532	GCA.001750625.1.Bacteria.Proteobacteria	2186.645	0.0	1093.3225
los	None	dead	0.0	0.0	0.0
spe	647	571	2391.055	2282.495	2336.775
spe	571	565	2282.495	2067.745	2175.12
los	565	GCF.000239355.1.Bacteria.Proteobacteria	2067.745	0.0	1033.8725
hgt	631	603	2258.31	2200.665	2229.4875
spe	571	570	2282.495	2165.975	2224.235
los	570	GCA.002255365.1.Bacteria.Proteobacteria	2165.975	0.0	1082.9875
spe	570	568	2165.975	2035.48	2100.7275
hgt	614	613	2046.215	1943.945	1995.08
hgt	542	GCA.002352565.1.Bacteria.Proteobacteria	2266.915	0.0	1133.4575
spe	614	613	2046.215	1943.945	1995.08
spe	613	612	1943.945	1796.185	1870.065
los	612	GCF.003612015.1.Bacteria.Proteobacteria	1796.185	0.0	898.0925
spe	612	611	1796.185	1493.79	1644.9875
hgt	None	dead	0.0	0.0	0.0
hgt	595	GCA.002454015.1.Bacteria.Proteobacteria	1816.095	0.0	908.0475
los	None	dead	0.0	0.0	0.0
hgt	None	dead	0.0	0.0	0.0
hgt	546	GCA.002747435.1.Bacteria.Proteobacteria	2056.155	0.0	1028.0775
los	None	dead	0.0	0.0	0.0
spe	631	603	2258.31	2200.665	2229.4875
spe	603	602	2200.665	2136.455	2168.56
los	602	592	2136.455	1879.945	2008.2
spe	602	601	2136.455	2005.515	2070.985
spe	601	595	2005.515	1816.095	1910.805
los	595	GCA.002454015.1.Bacteria.Proteobacteria	1816.095	0.0	908.0475
spe	601	600	2005.515	1814.2	1909.8575
los	600	GCA.002007425.1.Bacteria.Proteobacteria	1814.2	0.0	907.1
spe	600	598	1814.2	1497.41	1655.805
hgt	592	GCF.001720165.1.Bacteria.Proteobacteria	1879.945	0.0	939.9725
hgt	560	GCA.001735895.1.Bacteria.Proteobacteria	2138.97	0.0	1069.485
spe	514	513	2299.515	2253.55	2276.5325
hgt	None	dead	0.0	0.0	0.0
hgt	462	GCF.000315795.1.Bacteria.Proteobacteria	1641.635	0.0	820.8175
los	None	dead	0.0	0.0	0.0
hgt	None	dead	0.0	0.0	0.0
hgt	434	GCA.002898275.1.Bacteria.Proteobacteria	1886.935	0.0	943.4675
los	None	dead	0.0	0.0	0.0
spe	513	483	2253.55	2221.01	2237.28
spe	483	482	2221.01	2151.75	2186.38
hgt	None	dead	0.0	0.0	0.0
los	482	481	2151.75	2091.815	2121.7825
hgt	415	GCA.002717245.1.Bacteria.Proteobacteria	1888.055	0.0	944.0275
los	None	dead	0.0	0.0	0.0
spe	482	458	2151.75	2053.74	2102.745
los	458	456	2053.74	1898.57	1976.155
hgt	None	dead	0.0	0.0	0.0
hgt	492	GCF.900172325.1.Bacteria.Proteobacteria	1826.375	0.0	913.1875
los	None	dead	0.0	0.0	0.0
hgt	None	dead	0.0	0.0	0.0
hgt	498	GCA.002731375.1.Bacteria.Proteobacteria	1734.36	0.0	867.18
los	None	dead	0.0	0.0	0.0
hgt	None	dead	0.0	0.0	0.0
hgt	481	469	2091.815	2003.935	2047.875
los	None	dead	0.0	0.0	0.0
spe	481	469	2091.815	2003.935	2047.875
spe	469	468	2003.935	1847.82	1925.8775
los	468	GCF.900167455.1.Bacteria.Proteobacteria	1847.82	0.0	923.91
spe	468	467	1847.82	1693.575	1770.6975
los	467	GCA.002291925.1.Bacteria.Proteobacteria	1693.575	0.0	846.7875
spe	469	463	2003.935	1889.86	1946.8975
spe	463	462	1889.86	1641.635	1765.7475
los	462	GCF.000315795.1.Bacteria.Proteobacteria	1641.635	0.0	820.8175
spe	483	447	2221.01	2113.215	2167.1125
hgt	944	GCA.002712165.1.Bacteria.Proteobacteria	2081.795	0.0	1040.8975
spe	447	446	2113.215	1951.09	2032.1525
hgt	434	GCA.002238885.1.Bacteria.Proteobacteria	1886.935	0.0	943.4675
spe	446	445	1951.09	1836.495	1893.7925
spe	445	444	1836.495	1669.2	1752.8475
hgt	455	454	1531.25	1369.765	1450.5075
los	444	GCA.002348425.1.Bacteria.Proteobacteria	1669.2	0.0	834.6
spe	455	454	1531.25	1369.765	1450.5075
hgt	456	GCF.002148795.1.Bacteria.Proteobacteria	1898.57	0.0	949.285
spe	454	453	1369.765	1231.6385	1300.70175
hgt	455	GCF.900102465.1.Bacteria.Proteobacteria	1531.25	0.0	765.625
hgt	486	GCA.002721365.1.Bacteria.Proteobacteria	1956.2	0.0	978.1
hgt	436	GCA.002722885.1.Bacteria.Proteobacteria	2217.14	0.0	1108.57
hgt	435	GCA.006969625.1.Bacteria.Proteobacteria	2071.245	0.0	1035.6225
hgt	468	GCF.900167455.1.Bacteria.Proteobacteria	1847.82	0.0	923.91
hgt	495	GCA.002796975.1.Bacteria.Proteobacteria	1736.875	0.0	868.4375
spe	447	439	2113.215	1983.035	2048.125
hgt	489	GCA.002348365.1.Bacteria.Proteobacteria	1797.555	0.0	898.7775
hgt	508	507	1872.275	1662.025	1767.15
hgt	492	GCF.002798435.1.Bacteria.Proteobacteria	1826.375	0.0	913.1875
spe	508	507	1872.275	1662.025	1767.15
spe	507	503	1662.025	1517.515	1589.77
hgt	495	GCF.003173035.1.Bacteria.Proteobacteria	1736.875	0.0	868.4375
los	503	501	1517.515	1305.64	1411.5775
spe	507	506	1662.025	1610.765	1636.395
hgt	462	GCF.000315795.1.Bacteria.Proteobacteria	1641.635	0.0	820.8175
hgt	517	GCA.002937675.1.Bacteria.Proteobacteria	2543.2	0.0	1271.6
spe	513	512	2253.55	2172.63	2213.09
los	512	511	2172.63	2112.01	2142.32
spe	512	486	2172.63	1956.2	2064.415
los	486	GCA.002721365.1.Bacteria.Proteobacteria	1956.2	0.0	978.1
dup	486	GCF.000264455.2.Bacteria.Proteobacteria	1956.2	0.0	978.1
spe	647	646	2391.055	2358.03	2374.5425
spe	646	588	2358.03	2283.06	2320.545
los	588	587	2283.06	1996.16	2139.61
spe	588	576	2283.06	2178.965	2231.0125
hgt	636	634	2146.87	2007.49	2077.18
spe	576	574	2178.965	1962.545	2070.755
los	574	GCF.000374645.1.Bacteria.Proteobacteria	1962.545	0.0	981.2725
hgt	570	GCA.002255365.1.Bacteria.Proteobacteria	2165.975	0.0	1082.9875
spe	636	634	2146.87	2007.49	2077.18
hgt	529	GCA.002451085.1.Bacteria.Proteobacteria	2307.945	0.0	1153.9725
hgt	585	GCA.002688175.1.Bacteria.Proteobacteria	1706.285	0.0	853.1425
hgt	546	GCF.000021985.1.Bacteria.Proteobacteria	2056.155	0.0	1028.0775
hgt	553	GCF.001641825.1.Bacteria.Proteobacteria	2172.955	0.0	1086.4775
spe	646	645	2358.03	2312.285	2335.1575
hgt	None	dead	0.0	0.0	0.0
los	645	631	2312.285	2258.31	2285.2975
hgt	557	GCA.002007405.1.Bacteria.Proteobacteria	1783.96	0.0	891.98
los	None	dead	0.0	0.0	0.0
spe	645	644	2312.285	2211.125	2261.705
spe	644	636	2211.125	2146.87	2178.9975
los	636	634	2146.87	2007.49	2077.18
hgt	519	GCF.002109495.1.Bacteria.Proteobacteria	2801.035	0.0	1400.5175
los	644	643	2211.125	2071.11	2141.1175
hgt	284	282	2369.92	2053.795	2211.8575
los	None	dead	0.0	0.0	0.0
spe	284	282	2369.92	2053.795	2211.8575
hgt	284	GCA.003164675.1.Bacteria.Verrucomicrobiota	2369.92	0.0	1184.96
spe	839	838	2599.34	2486.025	2542.6825
spe	838	834	2486.025	2442.985	2464.505
spe	834	832	2442.985	2268.205	2355.595
los	832	GCA.002696345.1.Bacteria.Myxococcota	2268.205	0.0	1134.1025
hgt	660	659	2810.715	2073.72	2442.2175
hgt	340	334	2278.045	2115.87	2196.9575
hgt	892	GCA.001873295.1.Bacteria.CG2.30.70.394	2624.55	0.0	1312.275
hgt	1015	GCA.002790835.1.Bacteria.Krumholzibacteriota	2593.17	0.0	1296.585
hgt	992	GCF.001886815.1.Bacteria.Calditrichota	2313.925	0.0	1156.9625
hgt	979	GCA.002763895.1.Bacteria.Bacteroidota	2181.785	0.0	1090.8925
hgt	989	GCA.002011685.1.Bacteria.JdFR.76	2472.065	0.0	1236.0325
hgt	955	GCF.001280305.1.Bacteria.Bacteroidota	1759.09	0.0	879.545
hgt	811	GCA.002728755.1.Bacteria.Myxococcota	2134.02	0.0	1067.01
spe	340	334	2278.045	2115.87	2196.9575
spe	334	332	2115.87	1728.22	1922.045
hgt	321	GCA.003136555.1.Bacteria.Planctomycetota	2808.805	0.0	1404.4025
los	332	GCA.002364485.1.Bacteria.Planctomycetota	1728.22	0.0	864.11
hgt	328	GCF.002277955.1.Bacteria.Planctomycetota	2426.155	0.0	1213.0775
hgt	305	GCA.001803235.1.Bacteria.Verrucomicrobiota	2286.74	0.0	1143.37
hgt	932	GCA.002414805.1.Bacteria.Fibrobacterota	2324.52	0.0	1162.26
hgt	386	GCA.002450905.1.Bacteria.Spirochaetota	2547.685	0.0	1273.8425
hgt	400	GCA.002707655.1.Bacteria.SAR324	2693.845	0.0	1346.9225
hgt	374	GCF.000266885.1.Bacteria.Spirochaetota	2303.81	0.0	1151.905
hgt	611	GCF.003052605.1.Bacteria.Proteobacteria	1493.79	0.0	746.895
hgt	778	GCA.002715375.1.Bacteria.Bdellovibrionota	2281.75	0.0	1140.875
hgt	1667	GCA.002783405.1.Bacteria.Cyanobacteria	2851.115	0.0	1425.5575
hgt	1719	GCF.000013205.1.Bacteria.Cyanobacteria	2506.285	0.0	1253.1425
hgt	403	GCF.900177345.1.Bacteria.Proteobacteria	2763.35	0.0	1381.675
hgt	1717	GCF.001870225.1.Bacteria.Cyanobacteria	2268.17	0.0	1134.085
hgt	1119	GCA.002779825.1.Bacteria.Armatimonadota	2529.245	0.0	1264.6225
hgt	1016	GCA.002414865.1.Bacteria.Fermentibacterota	2781.455	0.0	1390.7275
hgt	1058	GCF.000233775.1.Bacteria.Synergistota	2874.585	0.0	1437.2925
spe	660	659	2810.715	2073.72	2442.2175
hgt	1006	1004	2321.235	2154.39	2237.8125
los	838	837	2486.025	2276.83	2381.4275
spe	1006	1004	2321.235	2154.39	2237.8125
spe	1126	1116	2983.51	2746.26	2864.885
hgt	895	GCA.000739515.1.Bacteria.Moduliflexota	2668.13	0.0	1334.065
hgt	1119	GCF.002973605.1.Bacteria.Armatimonadota	2529.245	0.0	1264.6225
hgt	736	GCA.001803795.1.Bacteria.Nitrospirota	2435.77	0.0	1217.885
hgt	None	dead	0.0	0.0	0.0
hgt	220	GCA.003451585.1.Bacteria.Omnitrophota	2041.98	0.0	1020.99
los	None	dead	0.0	0.0	0.0
hgt	1474	1470	2804.86	2595.865	2700.3625
hgt	1185	1169	2913.82	2691.26	2802.54
hgt	699	698	2612.33	2454.615	2533.4725
spe	699	698	2612.33	2454.615	2533.4725
spe	698	686	2454.615	2295.75	2375.1825
los	686	GCA.002451015.1.Bacteria.Acidobacteriota	2295.75	0.0	1147.875
spe	686	684	2295.75	1980.48	2138.115
hgt	289	GCA.002708005.1.Bacteria.Verrucomicrobiota	2498.78	0.0	1249.39
spe	698	697	2454.615	2258.95	2356.7825
hgt	804	GCA.002731275.1.Bacteria.Myxococcota	2545.8	0.0	1272.9
los	697	GCA.003222815.1.Bacteria.Acidobacteriota	2258.95	0.0	1129.475
spe	697	696	2258.95	2077.305	2168.1275
hgt	332	GCA.002364485.1.Bacteria.Planctomycetota	1728.22	0.0	864.11
los	696	GCA.003224665.1.Bacteria.Acidobacteriota	2077.305	0.0	1038.6525
spe	696	695	2077.305	1981.07	2029.1875
spe	695	694	1981.07	1909.495	1945.2825
los	694	GCA.001767075.1.Bacteria.Acidobacteriota	1909.495	0.0	954.7475
spe	694	692	1909.495	1806.3	1857.8975
los	692	GCA.003152325.1.Bacteria.Acidobacteriota	1806.3	0.0	903.15
spe	1185	1169	2913.82	2691.26	2802.54
spe	1169	1168	2691.26	2631.565	2661.4125
hgt	713	699	2694.49	2612.33	2653.41
hgt	None	dead	0.0	0.0	0.0
hgt	1396	GCA.003244045.1.Bacteria.Dormibacterota	2525.675	0.0	1262.8375
los	None	dead	0.0	0.0	0.0
hgt	1427	1413	2775.63	2608.425	2692.0275
spe	1168	1148	2631.565	2328.75	2480.1575
hgt	1160	GCF.000015025.1.Bacteria.Actinobacteriota	1520.98	0.0	760.49
hgt	None	dead	0.0	0.0	0.0
dup	None	dead	0.0	0.0	0.0
hgt	804	GCA.003247575.1.Bacteria.Myxococcota.A	2545.8	0.0	1272.9
los	None	dead	0.0	0.0	0.0
hgt	1177	GCA.003138355.1.Bacteria.Actinobacteriota	2055.195	0.0	1027.5975
los	None	dead	0.0	0.0	0.0
dup	1177	GCA.003138355.1.Bacteria.Actinobacteriota	2055.195	0.0	1027.5975
hgt	1474	1473	2804.86	2043.005	2423.9325
hgt	None	dead	0.0	0.0	0.0
hgt	816	GCA.002724675.1.Bacteria.Myxococcota.A	2057.94	0.0	1028.97
los	None	dead	0.0	0.0	0.0
hgt	270	GCA.002746185.1.Bacteria.Hydrogenedentota	2997.52	0.0	1498.76
spe	1427	1413	2775.63	2608.425	2692.0275
hgt	670	GCA.002898535.1.Bacteria.Acidobacteriota	2753.645	0.0	1376.8225
spe	1413	1399	2608.425	2391.86	2500.1425
hgt	1406	GCA.002717925.1.Bacteria.Chloroflexota	2276.4	0.0	1138.2
hgt	1402	GCA.002721445.1.Bacteria.Chloroflexota	2331.705	0.0	1165.8525
hgt	557	GCA.002728355.1.Bacteria.Proteobacteria	1783.96	0.0	891.98
hgt	1411	GCA.002717805.1.Bacteria.Chloroflexota	2250.5	0.0	1125.25
hgt	955	GCA.001769655.1.Bacteria.Bacteroidota	1759.09	0.0	879.545
hgt	1360	GCF.002902625.1.Bacteria.Firmicutes	1402.385	0.0	701.1925
hgt	1076	GCF.900142435.1.Bacteria.Aquificota	2070.835	0.0	1035.4175
spe	1413	1412	2608.425	2456.73	2532.5775
los	1412	1411	2456.73	2250.5	2353.615
spe	1412	1408	2456.73	2414.235	2435.4825
spe	1408	1402	2414.235	2331.705	2372.97
los	1402	GCA.002721445.1.Bacteria.Chloroflexota	2331.705	0.0	1165.8525
spe	1408	1407	2414.235	2350.905	2382.57
hgt	681	GCA.002712885.1.Bacteria.Acidobacteriota	2463.525	0.0	1231.7625
hgt	1437	GCA.002702065.1.Bacteria.Chloroflexota	1859.345	0.0	929.6725
spe	1407	1406	2350.905	2276.4	2313.6525
hgt	1032	GCA.002727195.1.Bacteria.Latescibacterota	2327.38	0.0	1163.69
los	1406	GCA.002717925.1.Bacteria.Chloroflexota	2276.4	0.0	1138.2
hgt	797	GCA.002311335.1.Bacteria.Desulfobacterota.B	2488.59	0.0	1244.295
hgt	None	dead	0.0	0.0	0.0
hgt	588	587	2283.06	1996.16	2139.61
los	None	dead	0.0	0.0	0.0
spe	588	587	2283.06	1996.16	2139.61
spe	587	581	1996.16	1845.545	1920.8525
spe	581	579	1845.545	1566.0	1705.7725
los	579	GCA.003137095.1.Bacteria.Proteobacteria	1566.0	0.0	783.0
spe	587	586	1996.16	1895.525	1945.8425
los	586	GCA.003228965.1.Bacteria.Proteobacteria	1895.525	0.0	947.7625
spe	586	585	1895.525	1706.285	1800.905
hgt	579	GCA.003137095.1.Bacteria.Proteobacteria	1566.0	0.0	783.0
hgt	None	dead	0.0	0.0	0.0
hgt	1384	1383	2455.815	2371.08	2413.4475
hgt	305	303	2286.74	2233.605	2260.1725
spe	305	303	2286.74	2233.605	2260.1725
spe	303	302	2233.605	2089.845	2161.725
hgt	380	GCF.000758165.1.Bacteria.Spirochaetota	2063.635	0.0	1031.8175
los	302	GCA.002340265.1.Bacteria.Verrucomicrobiota	2089.845	0.0	1044.9225
hgt	183	GCA.002402105.1.Bacteria.UBP17	3092.06	0.0	1546.03
hgt	320	GCA.002746535.1.Bacteria.Planctomycetota	2697.03	0.0	1348.515
dup	320	GCA.002746535.1.Bacteria.Planctomycetota	2697.03	0.0	1348.515
spe	1384	1383	2455.815	2371.08	2413.4475
spe	1383	1341	2371.08	2078.19	2224.635
los	1341	GCF.001311905.1.Bacteria.Firmicutes	2078.19	0.0	1039.095
hgt	None	dead	0.0	0.0	0.0
hgt	1379	1355	2060.89	1845.21	1953.05
los	None	dead	0.0	0.0	0.0
spe	1379	1355	2060.89	1845.21	1953.05
hgt	1347	GCF.900099895.1.Bacteria.Firmicutes	1852.54	0.0	926.27
spe	1383	1382	2371.08	2292.545	2331.8125
spe	1382	1344	2292.545	2055.27	2173.9075
los	1344	GCA.002159075.1.Bacteria.Firmicutes	2055.27	0.0	1027.635
spe	1382	1381	2292.545	2205.155	2248.85
spe	1381	1351	2205.155	2134.51	2169.8325
los	1351	1350	2134.51	1969.515	2052.0125
spe	1351	1347	2134.51	1852.54	1993.525
los	1347	GCF.001561915.1.Bacteria.Firmicutes	1852.54	0.0	926.27
spe	1381	1380	2205.155	2120.065	2162.61
los	1380	GCF.001049895.1.Bacteria.Firmicutes	2120.065	0.0	1060.0325
spe	1380	1379	2120.065	2060.89	2090.4775
los	1379	1378	2060.89	1789.555	1925.2225
spe	1379	1355	2060.89	1845.21	1953.05
los	1355	GCF.000503775.1.Bacteria.Firmicutes	1845.21	0.0	922.605
dup	None	dead	0.0	0.0	0.0
hgt	536	GCF.002940605.1.Bacteria.Proteobacteria	2343.3	0.0	1171.65
los	None	dead	0.0	0.0	0.0
hgt	220	GCA.001805375.1.Bacteria.Omnitrophota	2041.98	0.0	1020.99
los	None	dead	0.0	0.0	0.0
hgt	347	GCA.002683135.1.Bacteria.Planctomycetota	2546.45	0.0	1273.225
spe	1474	1473	2804.86	2043.005	2423.9325
hgt	553	552	2172.955	1988.77	2080.8625
hgt	532	GCA.002405475.1.Bacteria.Proteobacteria	2186.645	0.0	1093.3225
hgt	600	GCA.002007425.1.Bacteria.Proteobacteria	1814.2	0.0	907.1
hgt	1457	GCA.002404055.1.Bacteria.Chloroflexota	2476.295	0.0	1238.1475
hgt	1337	GCF.001399675.1.Bacteria.Firmicutes	1832.425	0.0	916.2125
hgt	674	GCA.002298155.1.Bacteria.Acidobacteriota	2473.205	0.0	1236.6025
hgt	592	GCF.000024725.1.Bacteria.Proteobacteria	1879.945	0.0	939.9725
hgt	1461	GCA.002413265.1.Bacteria.Chloroflexota	2433.39	0.0	1216.695
hgt	702	GCA.003223635.1.Bacteria.Acidobacteriota	2020.225	0.0	1010.1125
spe	553	552	2172.955	1988.77	2080.8625
hgt	1430	GCA.002239025.1.Bacteria.Chloroflexota	2636.055	0.0	1318.0275
hgt	558	GCA.002386945.1.Bacteria.Proteobacteria	1998.285	0.0	999.1425
spe	552	551	1988.77	1711.785	1850.2775
hgt	1228	GCA.003023725.1.Bacteria.Firmicutes.E	2573.425	0.0	1286.7125
hgt	653	GCF.001399755.1.Bacteria.Proteobacteria	2771.345	0.0	1385.6725
hgt	288	GCA.002323895.1.Bacteria.Verrucomicrobiota	2297.655	0.0	1148.8275
hgt	529	GCA.002420425.1.Bacteria.Proteobacteria	2307.945	0.0	1153.9725
hgt	1145	GCA.001767695.1.Bacteria.Actinobacteriota	2458.975	0.0	1229.4875
los	551	GCA.002699105.1.Bacteria.Bacteroidota	1711.785	0.0	855.8925
dup	1145	GCA.001767695.1.Bacteria.Actinobacteriota	2458.975	0.0	1229.4875
hgt	1098	GCA.003244105.1.Bacteria.Eremiobacterota	2247.98	0.0	1123.99
hgt	542	GCA.002631715.1.Bacteria.Proteobacteria	2266.915	0.0	1133.4575
spe	713	699	2694.49	2612.33	2653.41
hgt	720	GCA.002347965.1.Bacteria.UBA2233	2734.075	0.0	1367.0375
hgt	None	dead	0.0	0.0	0.0
hgt	796	GCA.002238415.1.Bacteria.Desulfobacterota.B	2368.175	0.0	1184.0875
los	None	dead	0.0	0.0	0.0
spe	699	698	2612.33	2454.615	2533.4725
spe	698	686	2454.615	2295.75	2375.1825
los	686	684	2295.75	1980.48	2138.115
spe	698	697	2454.615	2258.95	2356.7825
hgt	275	GCA.001784175.1.Bacteria.Lindowbacteria	3039.065	0.0	1519.5325
los	697	696	2258.95	2077.305	2168.1275
hgt	742	741	2922.825	2582.55	2752.6875
spe	699	681	2612.33	2463.525	2537.9275
hgt	347	345	2546.45	2344.43	2445.44
spe	681	680	2463.525	2328.61	2396.0675
los	680	GCA.003155335.1.Bacteria.Acidobacteriota	2328.61	0.0	1164.305
spe	347	345	2546.45	2344.43	2445.44
hgt	None	dead	0.0	0.0	0.0
hgt	924	GCA.003221825.1.Bacteria.Gemmatimonadota	2422.26	0.0	1211.13
los	None	dead	0.0	0.0	0.0
spe	742	741	2922.825	2582.55	2752.6875
hgt	724	GCA.001914955.1.Bacteria.Nitrospirota	2245.41	0.0	1122.705
hgt	1032	GCA.002693325.1.Bacteria.Latescibacterota	2327.38	0.0	1163.69
spe	1168	1167	2631.565	2503.64	2567.6025
hgt	1020	GCA.001780165.1.Bacteria.Eisenbacteria	2279.22	0.0	1139.61
los	1167	GCA.002413185.1.Bacteria.Actinobacteriota	2503.64	0.0	1251.82
hgt	None	dead	0.0	0.0	0.0
hgt	1154	GCF.003047285.1.Bacteria.Actinobacteriota	1356.86	0.0	678.43
los	None	dead	0.0	0.0	0.0
hgt	None	dead	0.0	0.0	0.0
hgt	1154	GCF.001591405.1.Bacteria.Actinobacteria	1356.86	0.0	678.43
los	None	dead	0.0	0.0	0.0
spe	1167	1166	2503.64	1991.825	2247.7325
hgt	1158	GCF.900106035.1.Bacteria.Actinobacteriota	1386.605	0.0	693.3025
spe	1166	1165	1991.825	1840.865	1916.345
spe	1165	1155	1840.865	1711.135	1776.0
los	1155	1154	1711.135	1356.86	1533.9975
spe	1165	1164	1840.865	1690.82	1765.8425
spe	1164	1163	1690.82	1488.035	1589.4275
los	1163	GCA.001437855.1.Bacteria.Actinobacteriota	1488.035	0.0	744.0175
spe	1164	1160	1690.82	1520.98	1605.9
spe	1160	1158	1520.98	1386.605	1453.7925
los	1158	GCF.900106035.1.Bacteria.Actinobacteriota	1386.605	0.0	693.3025
hgt	1154	GCF.003047285.1.Bacteria.Actinobacteriota	1356.86	0.0	678.43
los	1160	GCF.000015025.1.Bacteria.Actinobacteriota	1520.98	0.0	760.49
hgt	275	274	3039.065	2618.66	2828.8625
spe	1169	1145	2691.26	2458.975	2575.1175
spe	1145	1143	2458.975	2319.725	2389.35
hgt	741	GCA.001771285.1.Bacteria.Methylomirabilota	2582.55	0.0	1291.275
hgt	1396	GCA.003151665.1.Bacteria.Dormibacterota	2525.675	0.0	1262.8375
hgt	1167	GCA.002413185.1.Bacteria.Actinobacteriota	2503.64	0.0	1251.82
spe	1143	1141	2319.725	2008.575	2164.15
spe	1141	1140	2008.575	1795.075	1901.825
los	1140	GCA.003162395.1.Bacteria.Actinobacteriota	1795.075	0.0	897.5375
hgt	1198	GCA.002159155.1.Bacteria.Firmicutes.G	2678.675	0.0	1339.3375
hgt	536	GCF.900111015.1.Bacteria.Proteobacteria	2343.3	0.0	1171.65
hgt	574	GCF.000374645.1.Bacteria.Proteobacteria	1962.545	0.0	981.2725
los	1145	GCA.001767695.1.Bacteria.Actinobacteriota	2458.975	0.0	1229.4875
hgt	1226	GCA.003242195.1.Bacteria.Firmicutes.E	2297.705	0.0	1148.8525
hgt	390	GCA.002780065.1.Bacteria.UBA8481	3122.13	0.0	1561.065
spe	275	274	3039.065	2618.66	2828.8625
hgt	1021	GCA.002686915.1.Bacteria.ARS69	2684.73	0.0	1342.365
hgt	749	GCA.002705185.1.Bacteria.Nitrospinota	2363.875	0.0	1181.9375
hgt	746	GCA.002238965.1.Bacteria.UBA8248	2548.44	0.0	1274.22
hgt	327	326	2199.545	1901.84	2050.6925
hgt	None	dead	0.0	0.0	0.0
hgt	692	GCA.003152325.1.Bacteria.Acidobacteriota	1806.3	0.0	903.15
los	None	dead	0.0	0.0	0.0
spe	327	326	2199.545	1901.84	2050.6925
hgt	None	dead	0.0	0.0	0.0
hgt	1667	GCA.002783405.1.Bacteria.Cyanobacteria	2851.115	0.0	1425.5575
hgt	None	dead	0.0	0.0	0.0
hgt	1461	GCA.002347925.1.Bacteria.Chloroflexota	2433.39	0.0	1216.695
los	None	dead	0.0	0.0	0.0
spe	1474	1470	2804.86	2595.865	2700.3625
spe	1470	1469	2595.865	2472.76	2534.3125
hgt	1457	GCF.003967555.1.Bacteria.Chloroflexota	2476.295	0.0	1238.1475
los	1469	1467	2472.76	2363.295	2418.0275
hgt	1177	GCA.001464275.1.Bacteria.Actinobacteriota	2055.195	0.0	1027.5975
hgt	712	711	2570.455	2445.625	2508.04
los	None	dead	0.0	0.0	0.0
spe	712	711	2570.455	2445.625	2508.04
spe	711	709	2445.625	2213.91	2329.7675
los	709	GCA.003223995.1.Bacteria.Acidobacteriota	2213.91	0.0	1106.955
spe	841	801	2762.435	2578.84	2670.6375
hgt	356	GCA.001303885.1.Bacteria.Planctomycetota	2426.325	0.0	1213.1625
hgt	188	GCA.001787855.1.Bacteria.Riflebacteria	3243.0	0.0	1621.5
hgt	359	GCF.000949635.1.Bacteria.Planctomycetota	2462.325	0.0	1231.1625
hgt	341	340	2533.375	2278.045	2405.71
los	801	GCA.002328485.1.Bacteria.Desulfobacterota.G	2578.84	0.0	1289.42
spe	341	340	2533.375	2278.045	2405.71
spe	340	339	2278.045	2169.255	2223.65
los	339	337	2169.255	2026.89	2098.0725
spe	340	334	2278.045	2115.87	2196.9575
los	334	GCA.002338715.1.Bacteria.Planctomycetota	2115.87	0.0	1057.935
spe	334	332	2115.87	1728.22	1922.045
los	332	GCA.002364485.1.Bacteria.Planctomycetota	1728.22	0.0	864.11
hgt	None	dead	0.0	0.0	0.0
hgt	None	dead	0.0	0.0	0.0
hgt	None	dead	0.0	0.0	0.0
dup	None	dead	0.0	0.0	0.0
hgt	721	GCA.003230535.1.Bacteria.SZUA.182	2908.09	0.0	1454.045
los	None	dead	0.0	0.0	0.0
dup	None	dead	0.0	0.0	0.0
hgt	265	GCA.003290465.1.Bacteria.Sumerlaeota	2505.165	0.0	1252.5825
los	None	dead	0.0	0.0	0.0
hgt	702	GCA.003152095.1.Bacteria.Acidobacteriota	2020.225	0.0	1010.1125
los	None	dead	0.0	0.0	0.0
hgt	None	dead	0.0	0.0	0.0
hgt	None	dead	0.0	0.0	0.0
hgt	None	dead	0.0	0.0	0.0
spe	1187	1186	3068.88	3002.725	3035.8025
spe	1186	1136	3002.725	2691.07	2846.8975
spe	1186	1185	3002.725	2913.82	2958.2725
los	1185	1169	2913.82	2691.26	2802.54
spe	1185	1184	2913.82	2836.38	2875.1
spe	1184	1183	2836.38	2457.105	2646.7425
los	1183	GCA.000434775.1.Bacteria.Actinobacteriota	2457.105	0.0	1228.5525
spe	1184	1180	2836.38	2587.79	2712.085
los	1180	GCF.001029505.1.Bacteria.Actinobacteriota	2587.79	0.0	1293.895
spe	1180	1179	2587.79	2376.455	2482.1225
spe	1179	1178	2376.455	2241.835	2309.145
los	1178	1177	2241.835	2055.195	2148.515
spe	1179	1173	2376.455	2194.99	2285.7225
dup	None	dead	0.0	0.0	0.0
dup	None	dead	0.0	0.0	0.0
hgt	709	GCA.003223995.1.Bacteria.Acidobacteriota	2213.91	0.0	1106.955
los	None	dead	0.0	0.0	0.0
dup	None	dead	0.0	0.0	0.0
hgt	1462	GCA.002436065.1.Bacteria.Chloroflexota	2688.275	0.0	1344.1375
los	None	dead	0.0	0.0	0.0
dup	None	dead	0.0	0.0	0.0
hgt	1098	GCA.003167155.1.Bacteria.Eremiobacterota	2247.98	0.0	1123.99
los	None	dead	0.0	0.0	0.0
hgt	924	GCA.002348465.1.Bacteria.Gemmatimonadota	2422.26	0.0	1211.13
los	None	dead	0.0	0.0	0.0
hgt	850	846	2713.455	2541.4	2627.4275
los	None	dead	0.0	0.0	0.0
spe	850	846	2713.455	2541.4	2627.4275
dup	None	dead	0.0	0.0	0.0
dup	None	dead	0.0	0.0	0.0
hgt	1234	1233	2299.215	2039.805	2169.51
los	None	dead	0.0	0.0	0.0
spe	1234	1233	2299.215	2039.805	2169.51
hgt	250	249	2494.48	2408.17	2451.325
los	None	dead	0.0	0.0	0.0
spe	250	249	2494.48	2408.17	2451.325
spe	249	248	2408.17	1920.715	2164.4425
los	248	GCA.001800245.1.Bacteria.Elusimicrobiota	1920.715	0.0	960.3575
spe	249	245	2408.17	2346.24	2377.205
los	245	241	2346.24	2226.475	2286.3575
spe	245	244	2346.24	2178.39	2262.315
los	244	GCA.001800095.1.Bacteria.Elusimicrobiota	2178.39	0.0	1089.195
dup	None	dead	0.0	0.0	0.0
hgt	873	GCA.002011835.1.Bacteria.Desulfobacterota	2374.525	0.0	1187.2625
los	None	dead	0.0	0.0	0.0
dup	None	dead	0.0	0.0	0.0
hgt	1280	GCF.900104455.1.Bacteria.Firmicutes.C	1441.56	0.0	720.78
los	None	dead	0.0	0.0	0.0
hgt	1288	GCA.002411145.1.Bacteria.Firmicutes.C	2207.725	0.0	1103.8625
los	None	dead	0.0	0.0	0.0
dup	None	dead	0.0	0.0	0.0
dup	None	dead	0.0	0.0	0.0
hgt	1109	GCA.002898895.1.Bacteria.Armatimonadota	2582.96	0.0	1291.48
los	None	dead	0.0	0.0	0.0
dup	None	dead	0.0	0.0	0.0
hgt	1210	1209	2923.75	2688.15	2805.95
los	None	dead	0.0	0.0	0.0
spe	1210	1209	2923.75	2688.15	2805.95
spe	1209	1208	2688.15	2545.345	2616.7475
los	1208	GCA.900016865.1.Bacteria.Firmicutes.G	2545.345	0.0	1272.6725
dup	None	dead	0.0	0.0	0.0
hgt	1426	GCF.001953175.1.Bacteria.Chloroflexota	2665.03	0.0	1332.515
los	None	dead	0.0	0.0	0.0
hgt	1454	1453	2633.59	2571.245	2602.4175
los	None	dead	0.0	0.0	0.0
spe	1454	1453	2633.59	2571.245	2602.4175
spe	1453	1452	2571.245	2204.94	2388.0925
hgt	1180	GCF.001029505.1.Bacteria.Actinobacteriota	2587.79	0.0	1293.895
spe	1453	1449	2571.245	2414.175	2492.71
hgt	1425	1424	2515.535	2409.195	2462.365
los	1449	GCA.002400365.1.Bacteria.Chloroflexota	2414.175	0.0	1207.0875
spe	1425	1424	2515.535	2409.195	2462.365
spe	1424	1422	2409.195	2304.265	2356.73
los	1422	GCA.003484395.1.Bacteria.Chloroflexota	2304.265	0.0	1152.1325
spe	1422	1421	2304.265	2272.78	2288.5225
los	1421	GCA.002347295.1.Bacteria.Chloroflexota	2272.78	0.0	1136.39
spe	1421	1419	2272.78	2163.145	2217.9625
hgt	1425	GCA.003229915.1.Bacteria.Chloroflexota	2515.535	0.0	1257.7675
hgt	737	733	2630.42	2275.95	2453.185
los	None	dead	0.0	0.0	0.0
spe	737	733	2630.42	2275.95	2453.185
spe	733	732	2275.95	2077.52	2176.735
hgt	736	GCA.003454665.1.Bacteria.Nitrospirota	2435.77	0.0	1217.885
dup	736	GCA.003454665.1.Bacteria.Nitrospirota	2435.77	0.0	1217.885
hgt	888	887	2827.975	2727.215	2777.595
los	None	dead	0.0	0.0	0.0
spe	888	887	2827.975	2727.215	2777.595
hgt	895	GCA.002897695.1.Bacteria.BMS3Abin14	2668.13	0.0	1334.065
hgt	None	dead	0.0	0.0	0.0
hgt	849	GCA.001896555.1.Bacteria.Desulfobacterota	2490.935	0.0	1245.4675
los	None	dead	0.0	0.0	0.0
spe	887	886	2727.215	2570.925	2649.07
spe	886	885	2570.925	2490.35	2530.6375
spe	885	877	2490.35	2406.095	2448.2225
los	877	GCA.001797675.1.Bacteria.Desulfobacterota	2406.095	0.0	1203.0475
hgt	397	GCF.000526155.1.Bacteria.Desulfobacterota	3038.98	0.0	1519.49
los	885	884	2490.35	2409.27	2449.81
spe	886	874	2570.925	2502.96	2536.9425
spe	874	873	2502.96	2374.525	2438.7425
hgt	736	GCA.003454665.1.Bacteria.Nitrospirota	2435.77	0.0	1217.885
los	873	GCA.002011835.1.Bacteria.Desulfobacterota	2374.525	0.0	1187.2625
hgt	880	GCF.000195295.1.Bacteria.Desulfobacterota	2202.89	0.0	1101.445
spe	873	871	2374.525	2172.555	2273.54
hgt	877	GCA.001797675.1.Bacteria.Desulfobacterota	2406.095	0.0	1203.0475
hgt	892	GCA.001873285.1.Bacteria.CG2.30.53.67	2624.55	0.0	1312.275
spe	874	868	2502.96	2357.855	2430.4075
spe	868	866	2357.855	2095.425	2226.64
los	866	GCA.002877985.1.Bacteria.Desulfobacterota	2095.425	0.0	1047.7125
hgt	861	GCA.001304105.1.Bacteria.Desulfobacterota	2265.965	0.0	1132.9825
spe	887	863	2727.215	2597.055	2662.135
los	863	862	2597.055	2368.33	2482.6925
spe	863	857	2597.055	2515.41	2556.2325
hgt	861	GCA.001304105.1.Bacteria.Desulfobacterota	2265.965	0.0	1132.9825
dup	None	dead	0.0	0.0	0.0
hgt	236	GCA.002412545.1.Bacteria.Elusimicrobiota	2376.71	0.0	1188.355
los	None	dead	0.0	0.0	0.0
hgt	706	GCA.002327305.1.Bacteria.Acidobacteriota	2384.34	0.0	1192.17
los	None	dead	0.0	0.0	0.0
