event	left_node	right_node	left_date	right_date	midpoint_date
spe	1477	1476	3065.68	2948.885	3007.2825
spe	1476	1454	2948.885	2633.59	2791.2375
los	1454	1453	2633.59	2571.245	2602.4175
spe	1454	1446	2633.59	2467.265	2550.4275
spe	1446	1440	2467.265	2358.68	2412.9725
los	1440	1439	2358.68	2159.315	2258.9975
spe	1446	1445	2467.265	2304.44	2385.8525
hgt	746	GCF.900079095.1.Bacteria.Tectomicrobia	2548.44	0.0	1274.22
los	1445	1444	2304.44	2137.48	2220.96
spe	1476	1475	2948.885	2883.705	2916.295
spe	1475	1463	2883.705	2750.56	2817.1325
spe	1463	1462	2750.56	2688.275	2719.4175
los	1462	1461	2688.275	2433.39	2560.8325
hgt	None	dead	0.0	0.0	0.0
hgt	None	dead	0.0	0.0	0.0
hgt	1210	1209	2923.75	2688.15	2805.95
hgt	None	dead	0.0	0.0	0.0
hgt	1187	1133	3068.88	2731.5	2900.19
hgt	1462	GCA.002436065.1.Bacteria.Chloroflexota	2688.275	0.0	1344.1375
los	None	dead	0.0	0.0	0.0
spe	1187	1133	3068.88	2731.5	2900.19
hgt	None	dead	0.0	0.0	0.0
hgt	1136	GCA.001768645.1.Bacteria.Actinobacteriota	2691.07	0.0	1345.535
los	None	dead	0.0	0.0	0.0
hgt	None	dead	0.0	0.0	0.0
hgt	None	dead	0.0	0.0	0.0
hgt	376	GCA.002418835.1.Bacteria.Spirochaetota	2638.94	0.0	1319.47
hgt	193	GCA.001873945.1.Bacteria.UBA9089	2795.065	0.0	1397.5325
los	None	dead	0.0	0.0	0.0
hgt	None	dead	0.0	0.0	0.0
hgt	1461	GCA.002347925.1.Bacteria.Chloroflexota	2433.39	0.0	1216.695
los	None	dead	0.0	0.0	0.0
hgt	1476	1454	2948.885	2633.59	2791.2375
hgt	None	dead	0.0	0.0	0.0
hgt	1437	GCF.900066015.1.Bacteria.Chloroflexota	1859.345	0.0	929.6725
los	None	dead	0.0	0.0	0.0
spe	1463	1457	2750.56	2476.295	2613.4275
hgt	None	dead	0.0	0.0	0.0
hgt	1109	GCA.002898895.1.Bacteria.Armatimonadota	2582.96	0.0	1291.48
hgt	210	GCA.002796105.1.Bacteria.Omnitrophota	2377.125	0.0	1188.5625
los	None	dead	0.0	0.0	0.0
spe	1476	1454	2948.885	2633.59	2791.2375
spe	1454	1453	2633.59	2571.245	2602.4175
spe	1453	1449	2571.245	2414.175	2492.71
los	1449	GCA.002400365.1.Bacteria.Chloroflexota	2414.175	0.0	1207.0875
spe	1453	1452	2571.245	2204.94	2388.0925
los	1452	GCA.002423325.1.Bacteria.Chloroflexota	2204.94	0.0	1102.47
spe	1454	1446	2633.59	2467.265	2550.4275
spe	1446	1440	2467.265	2358.68	2412.9725
los	1440	GCF.001306175.1.Bacteria.Chloroflexota	2358.68	0.0	1179.34
spe	1440	1439	2358.68	2159.315	2258.9975
los	1439	1438	2159.315	1986.755	2073.035
spe	1446	1445	2467.265	2304.44	2385.8525
hgt	1449	GCA.002400365.1.Bacteria.Chloroflexota	2414.175	0.0	1207.0875
spe	1445	1444	2304.44	2137.48	2220.96
hgt	1440	GCF.001306175.1.Bacteria.Chloroflexota	2358.68	0.0	1179.34
los	1444	GCA.003451595.1.Bacteria.Chloroflexota	2137.48	0.0	1068.74
hgt	1327	1326	2828.71	2719.225	2773.9675
hgt	854	850	2738.145	2713.455	2725.8
hgt	868	GCA.002347095.1.Bacteria.Desulfobacterota	2357.855	0.0	1178.9275
los	None	dead	0.0	0.0	0.0
hgt	None	dead	0.0	0.0	0.0
spe	854	850	2738.145	2713.455	2725.8
spe	850	849	2713.455	2490.935	2602.195
los	849	GCF.000266945.1.Bacteria.Desulfobacterota	2490.935	0.0	1245.4675
hgt	801	GCA.002328485.1.Bacteria.Desulfobacterota.G	2578.84	0.0	1289.42
spe	850	846	2713.455	2541.4	2627.4275
hgt	None	dead	0.0	0.0	0.0
hgt	None	dead	0.0	0.0	0.0
hgt	397	GCF.000526155.1.Bacteria.Desulfobacterota	3038.98	0.0	1519.49
hgt	863	857	2597.055	2515.41	2556.2325
los	None	dead	0.0	0.0	0.0
spe	863	857	2597.055	2515.41	2556.2325
hgt	None	dead	0.0	0.0	0.0
hgt	None	dead	0.0	0.0	0.0
hgt	1136	GCA.003157385.1.Bacteria.Actinobacteriota	2691.07	0.0	1345.535
hgt	834	GCA.001798605.1.Bacteria.Myxococcota	2442.985	0.0	1221.4925
los	None	dead	0.0	0.0	0.0
hgt	849	GCF.000266945.1.Bacteria.Desulfobacterota	2490.935	0.0	1245.4675
hgt	None	dead	0.0	0.0	0.0
hgt	1015	GCA.002790835.1.Bacteria.Krumholzibacteriota	2593.17	0.0	1296.585
hgt	353	352	2650.1	2391.045	2520.5725
hgt	706	GCA.002327305.1.Bacteria.Acidobacteriota	2384.34	0.0	1192.17
los	None	dead	0.0	0.0	0.0
spe	353	352	2650.1	2391.045	2520.5725
hgt	None	dead	0.0	0.0	0.0
hgt	288	GCA.002382525.1.Bacteria.Verrucomicrobiota	2297.655	0.0	1148.8275
hgt	282	GCF.900105685.1.Bacteria.Verrucomicrobiota	2053.795	0.0	1026.8975
los	None	dead	0.0	0.0	0.0
spe	352	350	2391.045	2200.88	2295.9625
hgt	None	dead	0.0	0.0	0.0
hgt	557	GCA.002007405.1.Bacteria.Proteobacteria	1783.96	0.0	891.98
hgt	486	GCF.000264455.2.Bacteria.Proteobacteria	1956.2	0.0	978.1
los	None	dead	0.0	0.0	0.0
hgt	1076	GCF.900142435.1.Bacteria.Aquificota	2070.835	0.0	1035.4175
hgt	None	dead	0.0	0.0	0.0
hgt	711	GCA.001664505.1.Bacteria.Acidobacteriota	2445.625	0.0	1222.8125
hgt	714	GCA.002731215.1.Bacteria.Acidobacteriota	2786.11	0.0	1393.055
los	None	dead	0.0	0.0	0.0
hgt	1177	GCA.001464275.1.Bacteria.Actinobacteriota	2055.195	0.0	1027.5975
hgt	332	GCA.002364485.1.Bacteria.Planctomycetota	1728.22	0.0	864.11
hgt	533	532	2458.635	2186.645	2322.64
los	350	GCA.002402755.1.Bacteria.Planctomycetota	2200.88	0.0	1100.44
hgt	None	dead	0.0	0.0	0.0
hgt	345	GCA.002748355.1.Bacteria.Planctomycetota	2344.43	0.0	1172.215
spe	533	532	2458.635	2186.645	2322.64
hgt	612	GCF.003612015.1.Bacteria.Proteobacteria	1796.185	0.0	898.0925
hgt	674	GCA.002298155.1.Bacteria.Acidobacteriota	2473.205	0.0	1236.6025
hgt	328	327	2426.155	2199.545	2312.85
hgt	None	dead	0.0	0.0	0.0
hgt	636	GCA.002840095.1.Bacteria.Proteobacteria	2146.87	0.0	1073.435
los	None	dead	0.0	0.0	0.0
spe	328	327	2426.155	2199.545	2312.85
spe	327	326	2199.545	1901.84	2050.6925
los	326	GCF.900129635.1.Bacteria.Planctomycetota	1901.84	0.0	950.92
hgt	529	GCA.002420425.1.Bacteria.Proteobacteria	2307.945	0.0	1153.9725
hgt	321	GCA.003136555.1.Bacteria.Planctomycetota	2808.805	0.0	1404.4025
hgt	347	GCA.002683135.1.Bacteria.Planctomycetota	2546.45	0.0	1273.225
los	None	dead	0.0	0.0	0.0
hgt	660	659	2810.715	2073.72	2442.2175
hgt	613	GCF.003097315.1.Bacteria.Proteobacteria	1943.945	0.0	971.9725
hgt	1720	GCF.000484535.1.Bacteria.Cyanobacteria	2606.445	0.0	1303.2225
spe	660	659	2810.715	2073.72	2442.2175
hgt	183	GCA.002402105.1.Bacteria.UBP17	3092.06	0.0	1546.03
hgt	634	GCF.002020875.1.Bacteria.Proteobacteria	2007.49	0.0	1003.745
hgt	159	GCA.002049455.2.Eukaryota.Rhodophyta	1225.785	0.0	612.8925
hgt	1469	GCA.001898225.1.Bacteria.Chloroflexota	2472.76	0.0	1236.38
hgt	1402	GCA.003228115.1.Bacteria.Chloroflexota	2331.705	0.0	1165.8525
los	None	dead	0.0	0.0	0.0
hgt	1430	GCA.001795235.1.Bacteria.Chloroflexota	2636.055	0.0	1318.0275
hgt	880	GCF.000195295.1.Bacteria.Desulfobacterota	2202.89	0.0	1101.445
los	None	dead	0.0	0.0	0.0
hgt	861	GCA.001304105.1.Bacteria.Desulfobacterota	2265.965	0.0	1132.9825
hgt	738	737	2756.645	2630.42	2693.5325
hgt	753	GCA.001803565.1.Bacteria.Nitrospinota.B	2583.27	0.0	1291.635
hgt	861	GCA.002327985.1.Bacteria.Desulfobacterota	2265.965	0.0	1132.9825
los	None	dead	0.0	0.0	0.0
hgt	None	dead	0.0	0.0	0.0
spe	738	737	2756.645	2630.42	2693.5325
spe	737	736	2630.42	2435.77	2533.095
los	736	GCA.001803795.1.Bacteria.Nitrospirota	2435.77	0.0	1217.885
spe	737	733	2630.42	2275.95	2453.185
los	733	732	2275.95	2077.52	2176.735
hgt	892	GCA.001873285.1.Bacteria.CG2.30.53.67	2624.55	0.0	1312.275
hgt	668	GCA.002010665.1.Bacteria.Acidobacteriota	2182.81	0.0	1091.405
los	None	dead	0.0	0.0	0.0
spe	1327	1326	2828.71	2719.225	2773.9675
spe	1326	1292	2719.225	2370.88	2545.0525
hgt	1216	1215	2550.05	2030.585	2290.3175
hgt	None	dead	0.0	0.0	0.0
hgt	1341	GCF.001311905.1.Bacteria.Firmicutes	2078.19	0.0	1039.095
hgt	1351	1347	2134.51	1852.54	1993.525
los	None	dead	0.0	0.0	0.0
spe	1351	1347	2134.51	1852.54	1993.525
hgt	1355	GCF.004522215.1.Bacteria.Firmicutes	1845.21	0.0	922.605
hgt	1245	GCA.002399285.1.Bacteria.Firmicutes.A	2107.795	0.0	1053.8975
hgt	1271	1259	2346.495	2295.84	2321.1675
hgt	267	GCA.002428325.1.Bacteria.UBP4	2989.33	0.0	1494.665
spe	1271	1259	2346.495	2295.84	2321.1675
spe	1259	1258	2295.84	2095.365	2195.6025
hgt	1288	1287	2207.725	1965.585	2086.655
los	1258	1257	2095.365	1906.6	2000.9825
spe	1288	1287	2207.725	1965.585	2086.655
spe	1287	1285	1965.585	1868.68	1917.1325
los	1285	1284	1868.68	1576.575	1722.6275
spe	1285	1281	1868.68	1642.245	1755.4625
los	1281	1280	1642.245	1441.56	1541.9025
spe	1259	1253	2295.84	2190.3	2243.07
spe	1253	1252	2190.3	2040.145	2115.2225
hgt	1269	GCF.002252565.1.Bacteria.Firmicutes.A	2051.8	0.0	1025.9
los	1252	1251	2040.145	1879.525	1959.835
hgt	None	dead	0.0	0.0	0.0
hgt	1375	GCF.000178255.1.Bacteria.Firmicutes	1359.615	0.0	679.8075
los	None	dead	0.0	0.0	0.0
hgt	1655	GCA.001771505.1.Bacteria.Margulisbacteria	2626.04	0.0	1313.02
hgt	1280	GCF.900104455.1.Bacteria.Firmicutes.C	1441.56	0.0	720.78
spe	1216	1215	2550.05	2030.585	2290.3175
hgt	216	GCA.001805575.1.Bacteria.Omnitrophota	2167.33	0.0	1083.665
hgt	1263	GCA.002307275.1.Bacteria.Firmicutes.A	1696.805	0.0	848.4025
hgt	1029	GCA.001777915.1.Bacteria.Edwardsbacteria	2585.52	0.0	1292.76
hgt	1304	GCA.002352935.1.Bacteria.Firmicutes.B	1697.92	0.0	848.96
hgt	198	GCA.001871015.1.Bacteria.Desantisbacteria	2808.635	0.0	1404.3175
spe	1326	1325	2719.225	2604.385	2661.805
spe	1325	1324	2604.385	2536.255	2570.32
spe	1324	1323	2536.255	2478.3	2507.2775
hgt	801	GCA.001797815.1.Bacteria.RBG.13.61.14	2578.84	0.0	1289.42
los	1323	1322	2478.3	2209.475	2343.8875
spe	1323	1319	2478.3	2388.655	2433.4775
spe	1319	1318	2388.655	2305.29	2346.9725
los	1318	1317	2305.29	1778.785	2042.0375
spe	1318	1312	2305.29	2058.365	2181.8275
los	1312	GCF.002607855.1.Bacteria.Firmicutes.B	2058.365	0.0	1029.1825
hgt	1425	GCA.003229915.1.Bacteria.Chloroflexota	2515.535	0.0	1257.7675
spe	1324	1308	2536.255	2377.745	2457.0
spe	1308	1307	2377.745	2196.38	2287.0625
spe	1307	1305	2196.38	2012.42	2104.4
los	1305	1304	2012.42	1697.92	1855.17
spe	1308	1300	2377.745	2090.18	2233.9625
hgt	None	dead	0.0	0.0	0.0
los	1300	GCF.000620305.1.Bacteria.Firmicutes.B	2090.18	0.0	1045.09
hgt	1315	GCF.002224645.1.Bacteria.Firmicutes.B	1580.985	0.0	790.4925
los	None	dead	0.0	0.0	0.0
hgt	None	dead	0.0	0.0	0.0
hgt	1274	1240	2802.895	2549.06	2675.9775
spe	1325	1297	2604.385	2420.65	2512.5175
los	1297	GCA.002329495.1.Bacteria.Firmicutes.B	2420.65	0.0	1210.325
spe	1297	1296	2420.65	2280.145	2350.3975
spe	1274	1240	2802.895	2549.06	2675.9775
hgt	1221	GCA.002375925.1.Bacteria.Firmicutes.E	2447.11	0.0	1223.555
hgt	1216	GCF.000020005.1.Bacteria.Firmicutes.D	2550.05	0.0	1275.025
hgt	1218	GCA.001513125.1.Bacteria.DTU030	2947.155	0.0	1473.5775
hgt	1233	GCA.002291985.1.Bacteria.Firmicutes.E	2039.805	0.0	1019.9025
hgt	1425	1424	2515.535	2409.195	2462.365
hgt	1667	GCA.003503675.1.Bacteria.Cyanobacteria	2851.115	0.0	1425.5575
hgt	198	GCA.002478245.1.Bacteria.UBP18	2808.635	0.0	1404.3175
hgt	236	GCA.002412545.1.Bacteria.Elusimicrobiota	2376.71	0.0	1188.355
los	None	dead	0.0	0.0	0.0
hgt	359	GCF.000949635.1.Bacteria.Planctomycetota	2462.325	0.0	1231.1625
spe	1425	1424	2515.535	2409.195	2462.365
spe	1424	1422	2409.195	2304.265	2356.73
los	1422	GCA.003484395.1.Bacteria.Chloroflexota	2304.265	0.0	1152.1325
spe	1422	1421	2304.265	2272.78	2288.5225
los	1421	GCA.002347295.1.Bacteria.Chloroflexota	2272.78	0.0	1136.39
spe	1421	1419	2272.78	2163.145	2217.9625
spe	1210	1209	2923.75	2688.15	2805.95
hgt	1337	GCF.000092905.1.Bacteria.Firmicutes	1832.425	0.0	916.2125
spe	1209	1208	2688.15	2545.345	2616.7475
hgt	None	dead	0.0	0.0	0.0
los	1208	GCA.900016865.1.Bacteria.Firmicutes.G	2545.345	0.0	1272.6725
hgt	874	873	2502.96	2374.525	2438.7425
los	None	dead	0.0	0.0	0.0
spe	874	873	2502.96	2374.525	2438.7425
spe	873	871	2374.525	2172.555	2273.54
los	871	GCA.002899795.1.Bacteria.Desulfobacterota	2172.555	0.0	1086.2775
hgt	1180	1179	2587.79	2376.455	2482.1225
los	None	dead	0.0	0.0	0.0
spe	1180	1179	2587.79	2376.455	2482.1225
spe	1179	1178	2376.455	2241.835	2309.145
los	1178	1177	2241.835	2055.195	2148.515
spe	1179	1173	2376.455	2194.99	2285.7225
hgt	167	166	1318.1	1127.658	1222.879
los	None	dead	0.0	0.0	0.0
spe	167	166	1318.1	1127.658	1222.879
spe	166	165	1127.658	859.368	993.513
spe	1475	1474	2883.705	2804.86	2844.2825
los	1474	1473	2804.86	2043.005	2423.9325
spe	1474	1470	2804.86	2595.865	2700.3625
los	1470	GCF.000025005.1.Bacteria.Chloroflexota	2595.865	0.0	1297.9325
spe	1470	1469	2595.865	2472.76	2534.3125
spe	1469	1467	2472.76	2363.295	2418.0275
los	1467	GCA.002440805.1.Bacteria.Chloroflexota	2363.295	0.0	1181.6475
