event	left_node	right_node	left_date	right_date	midpoint_date	left_date_lower	left_date_upper	right_date_lower	right_date_upper	midpoint_date_all
hgt	None	dead	0.0	0.0	0.0	0.0	0.0	0.0	0.0	0.0
hgt	509	495	1417.44	1152.21	1284.825	1560.37	1274.51	1304.12	1000.3	1280.335
los	None	dead	0.0	0.0	0.0	0.0	0.0	0.0	0.0	0.0
spe	509	495	1417.44	1152.21	1284.825	1560.37	1274.51	1304.12	1000.3	1280.335
hgt	611	GCF.003052605.1.Bacteria.Proteobacteria	907.6015	0.0	453.80075	1068.3	746.903	0.0	0.0	534.15
hgt	463	GCF.002251795.1.Bacteria.Proteobacteria	1313.945	0.0	656.9725	1461.65	1166.24	0.0	0.0	730.825
hgt	453	GCA.002457765.1.Bacteria.Proteobacteria	720.6325	0.0	360.31625	876.145	565.12	0.0	0.0	438.0725
hgt	560	GCA.001735895.1.Bacteria.Proteobacteria	1588.3	0.0	794.15	1745.96	1430.64	0.0	0.0	872.98
hgt	439	GCF.001613805.1.Bacteria.Proteobacteria	1430.985	0.0	715.4925	1588.14	1273.83	0.0	0.0	794.07
hgt	492	GCF.900172325.1.Bacteria.Proteobacteria	1247.39	0.0	623.695	1403.42	1091.36	0.0	0.0	701.71
hgt	183	GCA.002402105.1.Bacteria.UBP17	2959.72	0.0	1479.86	3396.2	2523.24	0.0	0.0	1698.1
spe	652	651	2398.805	2255.845	2327.325	2542.21	2255.4	2397.01	2114.68	2328.445
spe	651	650	2255.845	2166.365	2211.105	2397.01	2114.68	2307.19	2025.54	2211.275
spe	650	536	2166.365	1887.95	2027.1575	2307.19	2025.54	2062.1	1713.8	2010.495
los	536	GCF.002940605.1.Bacteria.Proteobacteria	1887.95	0.0	943.975	2062.1	1713.8	0.0	0.0	1031.05
spe	650	649	2166.365	2098.245	2132.305	2307.19	2025.54	2237.54	1958.95	2133.07
spe	649	543	2098.245	1931.665	2014.955	2237.54	1958.95	2088.26	1775.07	2006.305
los	543	539	1931.665	1720.395	1826.03	2088.26	1775.07	1924.5	1516.29	1802.275
spe	543	542	1931.665	1750.015	1840.84	2088.26	1775.07	1929.85	1570.18	1829.22
los	542	GCA.002631715.1.Bacteria.Proteobacteria	1750.015	0.0	875.0075	1929.85	1570.18	0.0	0.0	964.925
spe	649	648	2098.245	2024.465	2061.355	2237.54	1958.95	2163.47	1885.46	2061.5
los	648	562	2024.465	1860.4	1942.4325	2163.47	1885.46	2005.59	1715.21	1939.34
spe	648	647	2024.465	1945.285	1984.875	2163.47	1885.46	2083.18	1807.39	1985.43
spe	647	571	1945.285	1781.46	1863.3725	2083.18	1807.39	1928.85	1634.07	1858.625
los	571	565	1781.46	1495.725	1638.5925	1928.85	1634.07	1673.32	1318.13	1623.49
spe	571	570	1781.46	1624.36	1702.91	1928.85	1634.07	1779.57	1469.15	1699.0
los	570	GCA.002255365.1.Bacteria.Proteobacteria	1624.36	0.0	812.18	1779.57	1469.15	0.0	0.0	889.785
spe	570	568	1624.36	1463.05	1543.705	1779.57	1469.15	1635.35	1290.75	1535.16
los	568	GCF.001051235.1.Bacteria.Proteobacteria	1463.05	0.0	731.525	1635.35	1290.75	0.0	0.0	817.675
spe	647	646	1945.285	1897.835	1921.56	2083.18	1807.39	2035.74	1759.93	1921.555
los	646	645	1897.835	1829.485	1863.66	2035.74	1759.93	1967.16	1691.81	1863.775
spe	646	588	1897.835	1783.48	1840.6575	2035.74	1759.93	1926.18	1640.78	1838.26
los	588	576	1783.48	1633.525	1708.5025	1926.18	1640.78	1787.8	1479.25	1702.715
spe	588	587	1783.48	1406.63	1595.055	1926.18	1640.78	1560.81	1252.45	1589.315
los	587	586	1406.63	1290.345	1348.4875	1560.81	1252.45	1452.62	1128.07	1344.44
spe	587	581	1406.63	1247.6	1327.115	1560.81	1252.45	1410.64	1084.56	1322.685
los	581	GCA.002868855.1.Bacteria.Proteobacteria	1247.6	0.0	623.8	1410.64	1084.56	0.0	0.0	705.32
spe	581	579	1247.6	971.347	1109.4735	1410.64	1084.56	1155.18	787.514	1099.077
los	579	GCA.003155415.1.Bacteria.Proteobacteria	971.347	0.0	485.6735	1155.18	787.514	0.0	0.0	577.59
hgt	None	dead	0.0	0.0	0.0	0.0	0.0	0.0	0.0	0.0
dup	None	dead	0.0	0.0	0.0	0.0	0.0	0.0	0.0	0.0
hgt	804	GCA.003247575.1.Bacteria.Myxococcota.A	2020.19	0.0	1010.095	2257.86	1782.52	0.0	0.0	1128.93
los	None	dead	0.0	0.0	0.0	0.0	0.0	0.0	0.0	0.0
hgt	585	GCA.002338605.1.Bacteria.Proteobacteria	1098.223	0.0	549.1115	1267.88	928.566	0.0	0.0	633.94
los	None	dead	0.0	0.0	0.0	0.0	0.0	0.0	0.0	0.0
spe	651	533	2255.845	2045.455	2150.65	2397.01	2114.68	2212.39	1878.52	2137.765
spe	533	529	2045.455	1818.925	1932.19	2212.39	1878.52	2012.28	1625.57	1918.98
los	529	GCA.002451085.1.Bacteria.Proteobacteria	1818.925	0.0	909.4625	2012.28	1625.57	0.0	0.0	1006.14
spe	533	532	2045.455	1641.495	1843.475	2212.39	1878.52	1864.28	1418.71	1815.55
hgt	574	GCF.000374645.1.Bacteria.Proteobacteria	1374.275	0.0	687.1375	1546.58	1201.97	0.0	0.0	773.29
los	532	GCA.002405475.1.Bacteria.Proteobacteria	1641.495	0.0	820.7475	1864.28	1418.71	0.0	0.0	932.14
hgt	839	829	2107.47	2062.825	2085.1475	2276.96	1937.98	2232.91	1892.74	2084.85
hgt	513	483	1786.09	1736.705	1761.3975	1924.53	1647.65	1875.69	1597.72	1761.125
spe	513	483	1786.09	1736.705	1761.3975	1924.53	1647.65	1875.69	1597.72	1761.125
spe	483	447	1736.705	1590.07	1663.3875	1875.69	1597.72	1734.74	1445.4	1660.545
los	447	446	1590.07	1389.555	1489.8125	1734.74	1445.4	1543.03	1236.08	1485.41
spe	447	439	1590.07	1430.985	1510.5275	1734.74	1445.4	1588.14	1273.83	1504.285
los	439	GCF.001613805.1.Bacteria.Proteobacteria	1430.985	0.0	715.4925	1588.14	1273.83	0.0	0.0	794.07
spe	483	482	1736.705	1642.38	1689.5425	1875.69	1597.72	1782.01	1502.75	1689.22
los	482	458	1642.38	1513.53	1577.955	1782.01	1502.75	1663.43	1363.63	1572.82
spe	482	481	1642.38	1564.755	1603.5675	1782.01	1502.75	1703.88	1425.63	1603.82
los	481	480	1564.755	1431.52	1498.1375	1703.88	1425.63	1580.99	1282.05	1492.965
spe	481	469	1564.755	1451.305	1508.03	1703.88	1425.63	1594.82	1307.79	1505.835
spe	469	463	1451.305	1313.945	1382.625	1594.82	1307.79	1461.65	1166.24	1380.53
los	463	GCF.002251795.1.Bacteria.Proteobacteria	1313.945	0.0	656.9725	1461.65	1166.24	0.0	0.0	730.825
spe	463	462	1313.945	1065.146	1189.5455	1461.65	1166.24	1220.68	909.612	1185.631
spe	469	468	1451.305	1270.185	1360.745	1594.82	1307.79	1420.59	1119.78	1357.3
spe	468	467	1270.185	1108.71	1189.4475	1420.59	1119.78	1267.07	950.35	1185.47
los	467	GCA.002291925.1.Bacteria.Proteobacteria	1108.71	0.0	554.355	1267.07	950.35	0.0	0.0	633.535
spe	839	829	2107.47	2062.825	2085.1475	2276.96	1937.98	2232.91	1892.74	2084.85
hgt	1461	GCA.002347925.1.Bacteria.Chloroflexota	1906.91	0.0	953.455	2201.28	1612.54	0.0	0.0	1100.64
hgt	None	dead	0.0	0.0	0.0	0.0	0.0	0.0	0.0	0.0
spe	829	828	2062.825	1800.295	1931.56	2232.91	1892.74	1975.41	1625.18	1929.045
spe	828	827	1800.295	1682.675	1741.485	1975.41	1625.18	1859.1	1506.25	1740.83
los	827	826	1682.675	1516.045	1599.36	1859.1	1506.25	1693.77	1338.32	1598.71
spe	827	821	1682.675	1480.98	1581.8275	1859.1	1506.25	1673.3	1288.66	1573.88
los	821	GCA.002841825.1.Bacteria.Myxococcota	1480.98	0.0	740.49	1673.3	1288.66	0.0	0.0	836.65
hgt	1166	1165	1472.335	1325.685	1399.01	1697.69	1246.98	1549.4	1101.97	1399.83
los	None	dead	0.0	0.0	0.0	0.0	0.0	0.0	0.0	0.0
spe	1166	1165	1472.335	1325.685	1399.01	1697.69	1246.98	1549.4	1101.97	1399.83
spe	1165	1164	1325.685	1172.8835	1249.28425	1549.4	1101.97	1391.91	953.857	1251.6285
los	1164	1163	1172.8835	995.9815	1084.4325	1391.91	953.857	1205.77	786.193	1089.0515
spe	1164	1160	1172.8835	1016.58	1094.73175	1391.91	953.857	1228.58	804.58	1098.245
los	1160	GCF.000015025.1.Bacteria.Actinobacteriota	1016.58	0.0	508.29	1228.58	804.58	0.0	0.0	614.29
spe	1160	1158	1016.58	905.248	960.914	1228.58	804.58	1113.91	696.586	962.583
los	1158	GCF.001942305.1.Bacteria.Actinobacteriota	905.248	0.0	452.624	1113.91	696.586	0.0	0.0	556.955
spe	1165	1155	1325.685	1195.766	1260.7255	1549.4	1101.97	1415.51	976.022	1262.711
los	1155	GCF.003443735.1.Bacteria.Actinobacteriota	1195.766	0.0	597.883	1415.51	976.022	0.0	0.0	707.755
spe	1155	1154	1195.766	907.0585	1051.41225	1415.51	976.022	1120.3	693.817	1054.6635
los	1154	GCF.001591405.1.Bacteria.Actinobacteria	907.0585	0.0	453.52925	1120.3	693.817	0.0	0.0	560.15
hgt	1700	1688	1961.585	1636.375	1798.98	2035.9	1887.27	1774.1	1498.65	1767.275
hgt	1672	GCF.002251945.1.Bacteria.Cyanobacteria	2002.185	0.0	1001.0925	2153.78	1850.59	0.0	0.0	1076.89
spe	1700	1688	1961.585	1636.375	1798.98	2035.9	1887.27	1774.1	1498.65	1767.275
hgt	982	981	1930.625	1803.65	1867.1375	2111.35	1749.9	1990.88	1616.42	1863.885
spe	829	817	2062.825	1903.64	1983.2325	2232.91	1892.74	2075.55	1731.73	1982.32
spe	817	813	1903.64	1756.665	1830.1525	2075.55	1731.73	1929.08	1584.25	1829.9
spe	813	807	1756.665	1533.145	1644.905	1929.08	1584.25	1724.66	1341.63	1635.355
los	807	GCA.002841945.1.Bacteria.Myxococcota	1533.145	0.0	766.5725	1724.66	1341.63	0.0	0.0	862.33
hgt	804	GCA.002731275.1.Bacteria.Myxococcota	2020.19	0.0	1010.095	2257.86	1782.52	0.0	0.0	1128.93
los	813	812	1756.665	1631.73	1694.1975	1929.08	1584.25	1817.22	1446.24	1687.66
hgt	834	832	1863.715	1622.625	1743.17	2045.73	1681.7	1826.38	1418.87	1732.3
spe	817	816	1903.64	1355.92	1629.78	2075.55	1731.73	1564.17	1147.67	1611.61
los	816	GCA.002707085.1.Bacteria.Myxococcota.A	1355.92	0.0	677.96	1564.17	1147.67	0.0	0.0	782.085
spe	834	832	1863.715	1622.625	1743.17	2045.73	1681.7	1826.38	1418.87	1732.3
hgt	None	dead	0.0	0.0	0.0	0.0	0.0	0.0	0.0	0.0
hgt	155	GCA.000315625.1.Eukaryota.Cryptophyceae	1152.7	0.0	576.35	1278.72	1026.68	0.0	0.0	639.36
los	None	dead	0.0	0.0	0.0	0.0	0.0	0.0	0.0	0.0
spe	982	981	1930.625	1803.65	1867.1375	2111.35	1749.9	1990.88	1616.42	1863.885
spe	981	980	1803.65	1671.585	1737.6175	1990.88	1616.42	1853.74	1489.43	1740.155
los	980	979	1671.585	1564.47	1618.0275	1853.74	1489.43	1751.15	1377.79	1615.765
spe	980	972	1671.585	1310.3	1490.9425	1853.74	1489.43	1508.79	1111.81	1482.775
los	972	GCA.003158475.1.Bacteria.Bacteroidota	1310.3	0.0	655.15	1508.79	1111.81	0.0	0.0	754.395
