event	left_node	right_node	left_date	right_date	midpoint_date
spe	1048	1047	3560.57	3546.415	3553.4925
spe	1047	365	3546.415	3289.67	3418.0425
los	365	GCA.001730085.1.Bacteria.GCA.001730085	3289.67	0.0	1644.835
spe	365	364	3289.67	3190.2	3239.935
spe	364	316	3190.2	2994.185	3092.1925
los	316	315	2994.185	2831.96	2913.0725
spe	316	308	2994.185	2526.01	2760.0975
los	308	290	2526.01	2118.335	2322.1725
spe	308	307	2526.01	2412.955	2469.4825
los	307	306	2412.955	1867.71	2140.3325
spe	307	297	2412.955	2134.445	2273.7
los	297	296	2134.445	1549.515	1841.98
spe	297	293	2134.445	1839.63	1987.0375
spe	364	363	3190.2	2638.385	2914.2925
spe	363	321	2638.385	2458.77	2548.5775
los	321	GCA.003136555.1.Bacteria.Planctomycetota	2458.77	0.0	1229.385
spe	321	320	2458.77	2256.89	2357.83
los	320	GCA.002746535.1.Bacteria.Planctomycetota	2256.89	0.0	1128.445
spe	363	362	2638.385	2473.985	2556.185
los	362	361	2473.985	2351.985	2412.985
spe	362	342	2473.985	2271.435	2372.71
los	342	328	2271.435	1842.83	2057.1325
spe	342	341	2271.435	2005.01	2138.2225
los	341	GCA.003170085.1.Bacteria.Planctomycetota	2005.01	0.0	1002.505
spe	341	340	2005.01	1641.945	1823.4775
los	340	339	1641.945	1498.51	1570.2275
spe	340	334	1641.945	1433.42	1537.6825
los	334	GCA.002338715.1.Bacteria.Planctomycetota	1433.42	0.0	716.71
spe	334	332	1433.42	1016.322	1224.871
los	332	GCA.002364485.1.Bacteria.Planctomycetota	1016.322	0.0	508.161
spe	1047	1046	3546.415	3486.69	3516.5525
hgt	None	dead	0.0	0.0	0.0
los	1046	1045	3486.69	3272.33	3379.51
hgt	239	GCA.003158755.1.Bacteria.Elusimicrobiota	1457.025	0.0	728.5125
los	None	dead	0.0	0.0	0.0
spe	1046	902	3486.69	3388.51	3437.6
dup	902	901	3388.51	3298.045	3343.2775
spe	902	901	3388.51	3298.045	3343.2775
spe	901	900	3298.045	3178.205	3238.125
los	900	716	3178.205	2750.795	2964.5
spe	900	899	3178.205	3077.265	3127.735
los	899	743	3077.265	2953.32	3015.2925
spe	899	898	3077.265	3008.34	3042.8025
los	898	756	3008.34	2635.78	2822.06
spe	898	897	3008.34	2922.2	2965.27
los	897	896	2922.2	2689.39	2805.795
spe	897	889	2922.2	2701.575	2811.8875
los	889	843	2701.575	2593.715	2647.645
spe	889	888	2701.575	2515.76	2608.6675
spe	888	854	2515.76	2344.965	2430.3625
los	854	853	2344.965	2065.005	2204.985
spe	854	850	2344.965	2301.83	2323.3975
los	850	846	2301.83	2027.01	2164.42
spe	850	849	2301.83	1938.415	2120.1225
los	849	GCA.001896555.1.Bacteria.Desulfobacterota	1938.415	0.0	969.2075
spe	888	887	2515.76	2332.115	2423.9375
los	887	863	2332.115	2111.78	2221.9475
spe	887	886	2332.115	2067.29	2199.7025
los	886	885	2067.29	1945.59	2006.44
spe	886	874	2067.29	1965.97	2016.63
spe	874	868	1965.97	1758.21	1862.09
los	868	866	1758.21	1421.715	1589.9625
spe	874	873	1965.97	1792.01	1878.99
hgt	880	GCF.000195295.1.Bacteria.Desulfobacterota	1550.835	0.0	775.4175
los	873	GCA.002011835.1.Bacteria.Desulfobacterota	1792.01	0.0	896.005
spe	873	871	1792.01	1532.675	1662.3425
los	871	GCA.002899795.1.Bacteria.Desulfobacterota	1532.675	0.0	766.3375
spe	901	663	3298.045	3209.65	3253.8475
spe	663	397	3209.65	3012.355	3111.0025
los	397	396	3012.355	2626.695	2819.525
hgt	None	dead	0.0	0.0	0.0
los	663	662	3209.65	3137.46	3173.555
hgt	932	GCA.002414805.1.Bacteria.Fibrobacterota	1699.53	0.0	849.765
los	None	dead	0.0	0.0	0.0
hgt	None	dead	0.0	0.0	0.0
hgt	None	dead	0.0	0.0	0.0
hgt	887	886	2332.115	2067.29	2199.7025
los	None	dead	0.0	0.0	0.0
spe	887	886	2332.115	2067.29	2199.7025
spe	886	885	2067.29	1945.59	2006.44
los	885	877	1945.59	1826.365	1885.9775
spe	885	884	1945.59	1824.105	1884.8475
los	884	883	1824.105	1441.77	1632.9375
spe	884	880	1824.105	1550.835	1687.47
los	880	GCA.001577715.1.Bacteria.Desulfobacterota	1550.835	0.0	775.4175
spe	886	874	2067.29	1965.97	2016.63
hgt	None	dead	0.0	0.0	0.0
los	874	868	1965.97	1758.21	1862.09
hgt	686	GCA.002451015.1.Bacteria.Acidobacteriota	1699.78	0.0	849.89
los	None	dead	0.0	0.0	0.0
spe	874	873	1965.97	1792.01	1878.99
los	873	871	1792.01	1532.675	1662.3425
hgt	177	95	3486.475	3251.76	3369.1175
hgt	None	dead	0.0	0.0	0.0
hgt	853	GCA.003232385.1.Bacteria.SZUA.79	2065.005	0.0	1032.5025
los	None	dead	0.0	0.0	0.0
hgt	None	dead	0.0	0.0	0.0
dup	None	dead	0.0	0.0	0.0
hgt	1350	GCF.001742305.1.Bacteria.Firmicutes	1409.0	0.0	704.5
los	None	dead	0.0	0.0	0.0
dup	None	dead	0.0	0.0	0.0
hgt	1289	1288	2319.605	1737.805	2028.705
los	None	dead	0.0	0.0	0.0
dup	1289	1288	2319.605	1737.805	2028.705
dup	1289	1288	2319.605	1737.805	2028.705
spe	1289	1288	2319.605	1737.805	2028.705
spe	1288	1287	1737.805	1455.455	1596.63
los	1287	GCA.002329525.1.Bacteria.Firmicutes.C	1455.455	0.0	727.7275
spe	1287	1285	1455.455	1344.265	1399.86
los	1285	1284	1344.265	1051.609	1197.937
spe	1285	1281	1344.265	1116.4885	1230.37675
spe	1281	1280	1116.4885	953.42	1034.95425
los	1280	GCF.000430605.1.Bacteria.Firmicutes.C	953.42	0.0	476.71
spe	1289	1288	2319.605	1737.805	2028.705
spe	1288	1287	1737.805	1455.455	1596.63
los	1287	GCA.002329525.1.Bacteria.Firmicutes.C	1455.455	0.0	727.7275
spe	1287	1285	1455.455	1344.265	1399.86
los	1285	1284	1344.265	1051.609	1197.937
spe	1285	1281	1344.265	1116.4885	1230.37675
los	1281	GCF.002257705.1.Bacteria.Firmicutes.C	1116.4885	0.0	558.24425
spe	1281	1280	1116.4885	953.42	1034.95425
los	1280	GCF.000430605.1.Bacteria.Firmicutes.C	953.42	0.0	476.71
hgt	1312	GCF.002607855.1.Bacteria.Firmicutes.B	1521.75	0.0	760.875
spe	1289	1288	2319.605	1737.805	2028.705
los	1288	GCA.002411145.1.Bacteria.Firmicutes.C	1737.805	0.0	868.9025
spe	1288	1287	1737.805	1455.455	1596.63
los	1287	GCA.002329525.1.Bacteria.Firmicutes.C	1455.455	0.0	727.7275
spe	1287	1285	1455.455	1344.265	1399.86
los	1285	1284	1344.265	1051.609	1197.937
spe	1285	1281	1344.265	1116.4885	1230.37675
dup	1281	GCF.002257705.1.Bacteria.Firmicutes.C	1116.4885	0.0	558.24425
spe	1281	1280	1116.4885	953.42	1034.95425
dup	None	dead	0.0	0.0	0.0
hgt	880	GCA.001577715.1.Bacteria.Desulfobacterota	1550.835	0.0	775.4175
los	None	dead	0.0	0.0	0.0
hgt	1269	GCF.002252565.1.Bacteria.Firmicutes.A	1538.365	0.0	769.1825
los	None	dead	0.0	0.0	0.0
hgt	None	dead	0.0	0.0	0.0
hgt	749	GCA.003229375.1.Bacteria.Nitrospinota	1781.81	0.0	890.905
los	None	dead	0.0	0.0	0.0
spe	902	901	3388.51	3298.045	3343.2775
spe	901	900	3298.045	3178.205	3238.125
los	900	716	3178.205	2750.795	2964.5
spe	900	899	3178.205	3077.265	3127.735
los	899	898	3077.265	3008.34	3042.8025
spe	899	743	3077.265	2953.32	3015.2925
los	743	742	2953.32	2707.335	2830.3275
spe	743	721	2953.32	2669.375	2811.3475
los	721	GCA.003230535.1.Bacteria.SZUA.182	2669.375	0.0	1334.6875
spe	721	720	2669.375	2336.65	2503.0125
los	720	GCA.001775255.1.Bacteria.Desulfobacterota.D	2336.65	0.0	1168.325
spe	901	663	3298.045	3209.65	3253.8475
spe	663	397	3209.65	3012.355	3111.0025
los	397	GCF.000526155.1.Bacteria.Desulfobacterota	3012.355	0.0	1506.1775
spe	397	396	3012.355	2626.695	2819.525
spe	396	395	2626.695	1520.715	2073.705
los	395	GCF.000487995.1.Bacteria.Deferribacterota	1520.715	0.0	760.3575
spe	663	662	3209.65	3137.46	3173.555
hgt	1720	1719	2606.555	2498.57	2552.5625
los	662	400	3137.46	2394.165	2765.8125
spe	1720	1719	2606.555	2498.57	2552.5625
spe	1719	1718	2498.57	2360.855	2429.7125
los	1718	1717	2360.855	2145.98	2253.4175
spe	1718	1704	2360.855	2247.23	2304.0425
spe	1704	1672	2247.23	2002.185	2124.7075
los	1672	GCF.000015965.1.Bacteria.Cyanobacteria	2002.185	0.0	1001.0925
spe	1704	1703	2247.23	2155.655	2201.4425
spe	1703	1679	2155.655	1829.33	1992.4925
los	1679	GCF.000473895.1.Bacteria.Cyanobacteria	1829.33	0.0	914.665
spe	1679	1678	1829.33	892.4805	1360.90525
spe	1678	1676	892.4805	250.8965	571.6885
los	1676	UCYNA2	250.8965	0.0	125.44825
spe	1703	1702	2155.655	2083.6	2119.6275
spe	1702	1701	2083.6	2042.11	2062.855
spe	1701	1685	2042.11	1873.315	1957.7125
los	1685	GCF.000018105.1.Bacteria.Cyanobacteria	1873.315	0.0	936.6575
spe	1685	1684	1873.315	1661.66	1767.4875
los	1684	GCA.001698445.1.Bacteria.Cyanobacteria	1661.66	0.0	830.83
spe	1701	1700	2042.11	1961.585	2001.8475
spe	1700	1699	1961.585	1903.88	1932.7325
los	1699	GCF.000317045.1.Bacteria.Cyanobacteria	1903.88	0.0	951.94
dup	1699	1698	1903.88	1614.145	1759.0125
spe	1699	1698	1903.88	1614.145	1759.0125
los	1698	1692	1614.145	178.9818	896.5634
spe	1698	1697	1614.145	1294.515	1454.33
los	1697	Fischerella.muscicola.CCMEE5323	1294.515	0.0	647.2575
spe	1697	1695	1294.515	878.0175	1086.26625
spe	1699	1698	1903.88	1614.145	1759.0125
spe	1698	1692	1614.145	178.9818	896.5634
los	1692	Richelia.intracellularis.HM01	178.9818	0.0	89.4909
spe	1698	1697	1614.145	1294.515	1454.33
los	1697	1695	1294.515	878.0175	1086.26625
spe	1700	1688	1961.585	1636.375	1798.98
spe	662	661	3137.46	3082.4	3109.93
spe	661	660	3082.4	2563.03	2822.715
los	660	GCA.002395105.1.Bacteria.Proteobacteria	2563.03	0.0	1281.515
spe	660	659	2563.03	1482.555	2022.7925
los	659	GCF.000021725.1.Bacteria.Campylobacterota	1482.555	0.0	741.2775
spe	661	655	3082.4	3023.71	3053.055
los	655	403	3023.71	2523.57	2773.64
spe	655	654	3023.71	2882.745	2953.2275
spe	654	653	2882.745	2568.17	2725.4575
hgt	498	GCF.000192575.1.Bacteria.Proteobacteria	1143.1505	0.0	571.57525
los	653	GCF.001399755.1.Bacteria.Proteobacteria	2568.17	0.0	1284.085
spe	653	652	2568.17	2398.805	2483.4875
los	652	526	2398.805	2059.41	2229.1075
spe	652	651	2398.805	2255.845	2327.325
los	651	533	2255.845	2045.455	2150.65
spe	651	650	2255.845	2166.365	2211.105
spe	650	649	2166.365	2098.245	2132.305
los	649	543	2098.245	1931.665	2014.955
spe	649	648	2098.245	2024.465	2061.355
los	648	562	2024.465	1860.4	1942.4325
spe	648	647	2024.465	1945.285	1984.875
spe	647	571	1945.285	1781.46	1863.3725
los	571	565	1781.46	1495.725	1638.5925
spe	571	570	1781.46	1624.36	1702.91
los	570	GCA.002255365.1.Bacteria.Proteobacteria	1624.36	0.0	812.18
spe	570	568	1624.36	1463.05	1543.705
los	568	GCF.001051235.1.Bacteria.Proteobacteria	1463.05	0.0	731.525
spe	647	646	1945.285	1897.835	1921.56
los	646	588	1897.835	1783.48	1840.6575
spe	646	645	1897.835	1829.485	1863.66
los	645	631	1829.485	1750.855	1790.17
spe	645	644	1829.485	1683.9	1756.6925
los	644	643	1683.9	1502.7	1593.3
spe	644	636	1683.9	1603.01	1643.455
los	636	GCA.002840095.1.Bacteria.Proteobacteria	1603.01	0.0	801.505
spe	636	634	1603.01	1434.16	1518.585
los	634	GCF.002020875.1.Bacteria.Proteobacteria	1434.16	0.0	717.08
spe	650	536	2166.365	1887.95	2027.1575
hgt	None	dead	0.0	0.0	0.0
hgt	837	GCA.001768075.1.Bacteria.Myxococcota	1633.315	0.0	816.6575
los	None	dead	0.0	0.0	0.0
hgt	483	482	1736.705	1642.38	1689.5425
los	536	GCF.002940605.1.Bacteria.Proteobacteria	1887.95	0.0	943.975
spe	483	482	1736.705	1642.38	1689.5425
spe	482	481	1642.38	1564.755	1603.5675
hgt	None	dead	0.0	0.0	0.0
los	481	480	1564.755	1431.52	1498.1375
hgt	495	GCF.003173035.1.Bacteria.Proteobacteria	1152.21	0.0	576.105
los	None	dead	0.0	0.0	0.0
spe	481	469	1564.755	1451.305	1508.03
los	469	468	1451.305	1270.185	1360.745
spe	469	463	1451.305	1313.945	1382.625
los	463	GCF.002251795.1.Bacteria.Proteobacteria	1313.945	0.0	656.9725
spe	463	462	1313.945	1065.146	1189.5455
spe	482	458	1642.38	1513.53	1577.955
hgt	736	GCA.001803795.1.Bacteria.Nitrospirota	1883.24	0.0	941.62
los	458	456	1513.53	1329.135	1421.3325
spe	654	520	2882.745	2793.675	2838.21
spe	520	519	2793.675	2628.48	2711.0775
los	519	518	2628.48	2401.92	2515.2
spe	520	406	2793.675	2569.1	2681.3875
hgt	565	GCF.002958735.1.Bacteria.Proteobacteria	1495.725	0.0	747.8625
los	406	GCF.002795805.1.Bacteria.Proteobacteria	2569.1	0.0	1284.55
hgt	542	GCA.002352565.1.Bacteria.Proteobacteria	1750.015	0.0	875.0075
hgt	636	GCA.002840095.1.Bacteria.Proteobacteria	1603.01	0.0	801.505
hgt	None	dead	0.0	0.0	0.0
hgt	67	GCA.001421185.1.Archaea.Thermoplasmatota	1685.635	0.0	842.8175
los	None	dead	0.0	0.0	0.0
spe	177	95	3486.475	3251.76	3369.1175
spe	95	39	3251.76	2961.96	3106.86
hgt	None	dead	0.0	0.0	0.0
los	39	38	2961.96	2493.245	2727.6025
hgt	733	GCA.003235715.1.Bacteria.Nitrospirota	1662.33	0.0	831.165
los	None	dead	0.0	0.0	0.0
spe	39	35	2961.96	2647.665	2804.8125
hgt	846	GCF.001611275.1.Bacteria.Desulfobacterota	2027.01	0.0	1013.505
los	35	GCA.001587715.1.Archaea.Methanobacteriota.B	2647.665	0.0	1323.8325
spe	95	94	3251.76	3195.115	3223.4375
hgt	None	dead	0.0	0.0	0.0
los	94	42	3195.115	2648.12	2921.6175
hgt	1305	GCF.002207765.1.Bacteria.Firmicutes.B	1518.03	0.0	759.015
los	None	dead	0.0	0.0	0.0
spe	94	93	3195.115	2978.785	3086.95
hgt	1421	1419	1703.17	1560.275	1631.7225
hgt	143	GCA.001563325.1.Archaea.Asgardarchaeota	2506.355	0.0	1253.1775
hgt	None	dead	0.0	0.0	0.0
dup	None	dead	0.0	0.0	0.0
hgt	1280	GCF.000430605.1.Bacteria.Firmicutes.C	953.42	0.0	476.71
los	None	dead	0.0	0.0	0.0
dup	None	dead	0.0	0.0	0.0
hgt	1264	GCA.900317035.1.Bacteria.Firmicutes.A	1401.22	0.0	700.61
los	None	dead	0.0	0.0	0.0
hgt	239	GCF.001027545.1.Bacteria.Elusimicrobiota	1457.025	0.0	728.5125
los	None	dead	0.0	0.0	0.0
hgt	35	GCA.001587715.1.Archaea.Methanobacteriota.B	2647.665	0.0	1323.8325
hgt	721	GCA.003230535.1.Bacteria.SZUA.182	2669.375	0.0	1334.6875
spe	1421	1419	1703.17	1560.275	1631.7225
hgt	118	GCA.001593855.1.Archaea.Thermoproteota	1963.41	0.0	981.705
hgt	107	GCA.001717025.1.Archaea.Thermoproteota	1874.74	0.0	937.37
hgt	84	GCF.000011005.1.Archaea.Euryarchaeota	1360.205	0.0	680.1025
hgt	None	dead	0.0	0.0	0.0
spe	93	92	2978.785	2820.295	2899.54
spe	92	91	2820.295	2456.155	2638.225
hgt	47	GCA.002494765.1.Archaea.Thermoplasmatota	1758.69	0.0	879.345
los	91	GCA.003034855.1.Archaea.Halobacteriota	2456.155	0.0	1228.0775
spe	91	90	2456.155	2213.885	2335.02
los	90	74	2213.885	1964.425	2089.155
spe	90	89	2213.885	2018.03	2115.9575
dup	89	88	2018.03	1850.095	1934.0625
spe	89	88	2018.03	1850.095	1934.0625
los	88	80	1850.095	1577.665	1713.88
spe	88	87	1850.095	1733.555	1791.825
los	87	86	1733.555	1547.845	1640.7
spe	89	88	2018.03	1850.095	1934.0625
spe	88	80	1850.095	1577.665	1713.88
los	80	GCF.002114285.1.Archaea.Halobacteriota	1577.665	0.0	788.8325
spe	88	87	1850.095	1733.555	1791.825
los	87	GCA.002256595.1.Archaea.Halobacteriota	1733.555	0.0	866.7775
spe	87	86	1733.555	1547.845	1640.7
los	86	84	1547.845	1360.205	1454.025
spe	89	77	2018.03	1646.475	1832.2525
hgt	753	GCA.001803565.1.Bacteria.Nitrospinota.B	2099.055	0.0	1049.5275
los	77	GCA.003194435.1.Archaea.Halobacteriota	1646.475	0.0	823.2375
spe	92	70	2820.295	2306.48	2563.3875
spe	70	54	2306.48	2132.505	2219.4925
los	54	53	2132.505	1748.97	1940.7375
spe	54	48	2132.505	1954.89	2043.6975
los	48	GCA.003009755.1.Archaea.Thermoplasmatota	1954.89	0.0	977.445
spe	48	47	1954.89	1758.69	1856.79
los	47	GCA.002494765.1.Archaea.Thermoplasmatota	1758.69	0.0	879.345
hgt	None	dead	0.0	0.0	0.0
los	70	69	2306.48	2110.085	2208.2825
hgt	84	GCF.000970205.1.Archaea.Halobacteriota	1360.205	0.0	680.1025
los	None	dead	0.0	0.0	0.0
dup	84	GCF.000970205.1.Archaea.Halobacteriota	1360.205	0.0	680.1025
hgt	1327	1326	2643.35	2448.67	2546.01
los	None	dead	0.0	0.0	0.0
spe	1327	1326	2643.35	2448.67	2546.01
spe	1326	1292	2448.67	1962.37	2205.52
los	1292	GCF.000024605.1.Bacteria.Firmicutes.B	1962.37	0.0	981.185
spe	1326	1325	2448.67	2256.125	2352.3975
los	1325	1297	2256.125	1985.275	2120.7
spe	1325	1324	2256.125	2152.01	2204.0675
los	1324	1308	2152.01	1925.235	2038.6225
spe	1324	1323	2152.01	2061.88	2106.945
los	1323	1322	2061.88	1700.81	1881.345
spe	1323	1319	2061.88	1933.46	1997.67
spe	1319	1318	1933.46	1818.985	1876.2225
los	1318	1317	1818.985	1219.28	1519.1325
spe	1318	1312	1818.985	1521.75	1670.3675
los	1312	GCF.002607855.1.Bacteria.Firmicutes.B	1521.75	0.0	760.875
dup	None	dead	0.0	0.0	0.0
hgt	1284	GCF.001553315.1.Bacteria.Firmicutes.C	1051.609	0.0	525.8045
los	None	dead	0.0	0.0	0.0
hgt	1173	GCA.002897715.1.Bacteria.Actinobacteriota	1615.325	0.0	807.6625
los	None	dead	0.0	0.0	0.0
spe	902	390	3388.51	3128.085	3258.2975
los	390	GCA.002780065.1.Bacteria.UBA8481	3128.085	0.0	1564.0425
spe	390	389	3128.085	2749.555	2938.82
los	389	371	2749.555	2510.29	2629.9225
spe	389	388	2749.555	2535.365	2642.46
spe	388	376	2535.365	2164.345	2349.855
los	376	374	2164.345	1675.86	1920.1025
spe	388	387	2535.365	2327.165	2431.265
spe	387	383	2327.165	1910.295	2118.73
los	383	381	1910.295	1517.805	1714.05
spe	387	386	2327.165	2009.02	2168.0925
hgt	1651	GCA.003242895.1.Bacteria.Margulisbacteria	2156.75	0.0	1078.375
los	386	GCA.002450905.1.Bacteria.Spirochaetota	2009.02	0.0	1004.51
hgt	895	GCA.000739515.1.Bacteria.Moduliflexota	2233.715	0.0	1116.8575
hgt	883	GCA.000961655.1.Bacteria.Desulfobacterota	1441.77	0.0	720.885
