event	left_node	right_node	left_date	right_date	midpoint_date	left_date_lower	left_date_upper	right_date_lower	right_date_upper	midpoint_date_all
spe	1048	1047	3560.57	3546.415	3553.4925	3688.87	3432.27	3674.52	3418.31	3553.59
spe	1047	365	3546.415	3289.67	3418.0425	3674.52	3418.31	3445.84	3133.5	3404.01
los	365	GCA.001730085.1.Bacteria.GCA.001730085	3289.67	0.0	1644.835	3445.84	3133.5	0.0	0.0	1722.92
spe	365	364	3289.67	3190.2	3239.935	3445.84	3133.5	3346.09	3034.31	3240.075
spe	364	316	3190.2	2994.185	3092.1925	3346.09	3034.31	3168.47	2819.9	3082.995
los	316	315	2994.185	2831.96	2913.0725	3168.47	2819.9	3064.9	2599.02	2883.745
spe	316	308	2994.185	2526.01	2760.0975	3168.47	2819.9	2733.08	2318.94	2743.705
los	308	290	2526.01	2118.335	2322.1725	2733.08	2318.94	2347.07	1889.6	2311.34
spe	308	307	2526.01	2412.955	2469.4825	2733.08	2318.94	2627.63	2198.28	2465.68
los	307	306	2412.955	1867.71	2140.3325	2627.63	2198.28	2102.45	1632.97	2130.3
spe	307	297	2412.955	2134.445	2273.7	2627.63	2198.28	2367.44	1901.45	2264.54
los	297	296	2134.445	1549.515	1841.98	2367.44	1901.45	1813.72	1285.31	1826.375
spe	297	293	2134.445	1839.63	1987.0375	2367.44	1901.45	2093.59	1585.67	1976.555
spe	364	363	3190.2	2638.385	2914.2925	3346.09	3034.31	2836.23	2440.54	2893.315
spe	363	321	2638.385	2458.77	2548.5775	2836.23	2440.54	2694.85	2222.69	2529.46
los	321	GCA.003136555.1.Bacteria.Planctomycetota	2458.77	0.0	1229.385	2694.85	2222.69	0.0	0.0	1347.425
spe	321	320	2458.77	2256.89	2357.83	2694.85	2222.69	2514.01	1999.77	2347.31
los	320	GCA.002746535.1.Bacteria.Planctomycetota	2256.89	0.0	1128.445	2514.01	1999.77	0.0	0.0	1257.005
spe	363	362	2638.385	2473.985	2556.185	2836.23	2440.54	2673.81	2274.16	2555.195
los	362	361	2473.985	2351.985	2412.985	2673.81	2274.16	2554.98	2148.99	2411.4
spe	362	342	2473.985	2271.435	2372.71	2673.81	2274.16	2476.91	2065.96	2369.885
los	342	328	2271.435	1842.83	2057.1325	2476.91	2065.96	2064.83	1620.83	2048.87
spe	342	341	2271.435	2005.01	2138.2225	2476.91	2065.96	2220.55	1789.47	2133.19
los	341	GCA.003170085.1.Bacteria.Planctomycetota	2005.01	0.0	1002.505	2220.55	1789.47	0.0	0.0	1110.275
spe	341	340	2005.01	1641.945	1823.4775	2220.55	1789.47	1853.74	1430.15	1825.35
los	340	339	1641.945	1498.51	1570.2275	1853.74	1430.15	1713.12	1283.9	1568.82
spe	340	334	1641.945	1433.42	1537.6825	1853.74	1430.15	1653.95	1212.89	1533.315
los	334	GCA.002338715.1.Bacteria.Planctomycetota	1433.42	0.0	716.71	1653.95	1212.89	0.0	0.0	826.975
spe	334	332	1433.42	1016.322	1224.871	1653.95	1212.89	1225.76	806.884	1230.417
los	332	GCA.002364485.1.Bacteria.Planctomycetota	1016.322	0.0	508.161	1225.76	806.884	0.0	0.0	612.88
hgt	None	dead	0.0	0.0	0.0	0.0	0.0	0.0	0.0	0.0
hgt	239	GCA.003158755.1.Bacteria.Elusimicrobiota	1457.025	0.0	728.5125	1667.53	1246.52	0.0	0.0	833.765
los	None	dead	0.0	0.0	0.0	0.0	0.0	0.0	0.0	0.0
spe	1047	1046	3546.415	3486.69	3516.5525	3674.52	3418.31	3616.07	3357.31	3515.915
los	1046	1045	3486.69	3272.33	3379.51	3616.07	3357.31	3416.5	3128.16	3372.115
spe	1046	902	3486.69	3388.51	3437.6	3616.07	3357.31	3521.39	3255.63	3435.85
dup	902	901	3388.51	3298.045	3343.2775	3521.39	3255.63	3429.86	3166.23	3343.81
spe	902	901	3388.51	3298.045	3343.2775	3521.39	3255.63	3429.86	3166.23	3343.81
spe	901	900	3298.045	3178.205	3238.125	3429.86	3166.23	3315.23	3041.18	3235.52
los	900	716	3178.205	2750.795	2964.5	3315.23	3041.18	2927.43	2574.16	2944.695
spe	900	899	3178.205	3077.265	3127.735	3315.23	3041.18	3217.17	2937.36	3126.295
los	899	743	3077.265	2953.32	3015.2925	3217.17	2937.36	3111.6	2795.04	3006.105
spe	899	898	3077.265	3008.34	3042.8025	3217.17	2937.36	3157.32	2859.36	3038.265
los	898	756	3008.34	2635.78	2822.06	3157.32	2859.36	2841.14	2430.42	2793.87
spe	898	897	3008.34	2922.2	2965.27	3157.32	2859.36	3075.7	2768.7	2963.01
los	897	896	2922.2	2689.39	2805.795	3075.7	2768.7	2894.07	2484.71	2780.205
spe	897	889	2922.2	2701.575	2811.8875	3075.7	2768.7	2862.5	2540.65	2808.175
los	889	843	2701.575	2593.715	2647.645	2862.5	2540.65	2758.02	2429.41	2645.955
spe	889	888	2701.575	2515.76	2608.6675	2862.5	2540.65	2689.37	2342.15	2602.325
spe	888	854	2515.76	2344.965	2430.3625	2689.37	2342.15	2529.94	2159.99	2424.68
los	854	853	2344.965	2065.005	2204.985	2529.94	2159.99	2302.51	1827.5	2178.72
spe	854	850	2344.965	2301.83	2323.3975	2529.94	2159.99	2492.34	2111.32	2320.63
los	850	846	2301.83	2027.01	2164.42	2492.34	2111.32	2255.26	1798.76	2145.55
spe	850	849	2301.83	1938.415	2120.1225	2492.34	2111.32	2174.57	1702.26	2097.3
los	849	GCA.001896555.1.Bacteria.Desulfobacterota	1938.415	0.0	969.2075	2174.57	1702.26	0.0	0.0	1087.285
spe	888	887	2515.76	2332.115	2423.9375	2689.37	2342.15	2510.45	2153.78	2421.575
los	887	863	2332.115	2111.78	2221.9475	2510.45	2153.78	2305.71	1917.85	2214.15
spe	887	886	2332.115	2067.29	2199.7025	2510.45	2153.78	2248.32	1886.26	2198.355
los	886	885	2067.29	1945.59	2006.44	2248.32	1886.26	2133.66	1757.52	2002.92
spe	886	874	2067.29	1965.97	2016.63	2248.32	1886.26	2151.74	1780.2	2014.26
spe	874	868	1965.97	1758.21	1862.09	2151.74	1780.2	1962.57	1553.85	1852.795
los	868	866	1758.21	1421.715	1589.9625	1962.57	1553.85	1644.35	1199.08	1580.825
spe	874	873	1965.97	1792.01	1878.99	2151.74	1780.2	1991.39	1592.63	1872.185
los	873	GCA.002011835.1.Bacteria.Desulfobacterota	1792.01	0.0	896.005	1991.39	1592.63	0.0	0.0	995.695
hgt	None	dead	0.0	0.0	0.0	0.0	0.0	0.0	0.0	0.0
hgt	880	GCF.000195295.1.Bacteria.Desulfobacterota	1550.835	0.0	775.4175	1763.87	1337.8	0.0	0.0	881.935
los	None	dead	0.0	0.0	0.0	0.0	0.0	0.0	0.0	0.0
spe	873	871	1792.01	1532.675	1662.3425	1991.39	1592.63	1744.25	1321.1	1656.245
los	871	GCA.002899795.1.Bacteria.Desulfobacterota	1532.675	0.0	766.3375	1744.25	1321.1	0.0	0.0	872.125
spe	901	663	3298.045	3209.65	3253.8475	3429.86	3166.23	3346.24	3073.06	3251.46
los	663	662	3209.65	3137.46	3173.555	3346.24	3073.06	3279.1	2995.82	3171.03
hgt	None	dead	0.0	0.0	0.0	0.0	0.0	0.0	0.0	0.0
spe	663	397	3209.65	3012.355	3111.0025	3346.24	3073.06	3169.34	2855.37	3100.805
los	397	396	3012.355	2626.695	2819.525	3169.34	2855.37	2851.47	2401.92	2785.63
hgt	932	GCA.002414805.1.Bacteria.Fibrobacterota	1699.53	0.0	849.765	1968.92	1430.14	0.0	0.0	984.46
los	None	dead	0.0	0.0	0.0	0.0	0.0	0.0	0.0	0.0
hgt	None	dead	0.0	0.0	0.0	0.0	0.0	0.0	0.0	0.0
hgt	None	dead	0.0	0.0	0.0	0.0	0.0	0.0	0.0	0.0
hgt	887	886	2332.115	2067.29	2199.7025	2510.45	2153.78	2248.32	1886.26	2198.355
los	None	dead	0.0	0.0	0.0	0.0	0.0	0.0	0.0	0.0
spe	887	886	2332.115	2067.29	2199.7025	2510.45	2153.78	2248.32	1886.26	2198.355
spe	886	885	2067.29	1945.59	2006.44	2248.32	1886.26	2133.66	1757.52	2002.92
los	885	877	1945.59	1826.365	1885.9775	2133.66	1757.52	2034.01	1618.72	1876.19
spe	885	884	1945.59	1824.105	1884.8475	2133.66	1757.52	2015.87	1632.34	1883.0
los	884	883	1824.105	1441.77	1632.9375	2015.87	1632.34	1657.06	1226.48	1621.175
spe	884	880	1824.105	1550.835	1687.47	2015.87	1632.34	1763.87	1337.8	1676.835
los	880	GCA.001577715.1.Bacteria.Desulfobacterota	1550.835	0.0	775.4175	1763.87	1337.8	0.0	0.0	881.935
spe	886	874	2067.29	1965.97	2016.63	2248.32	1886.26	2151.74	1780.2	2014.26
los	874	868	1965.97	1758.21	1862.09	2151.74	1780.2	1962.57	1553.85	1852.795
hgt	None	dead	0.0	0.0	0.0	0.0	0.0	0.0	0.0	0.0
hgt	686	GCA.002451015.1.Bacteria.Acidobacteriota	1699.78	0.0	849.89	1911.59	1487.97	0.0	0.0	955.795
los	None	dead	0.0	0.0	0.0	0.0	0.0	0.0	0.0	0.0
spe	874	873	1965.97	1792.01	1878.99	2151.74	1780.2	1991.39	1592.63	1872.185
los	873	871	1792.01	1532.675	1662.3425	1991.39	1592.63	1744.25	1321.1	1656.245
hgt	None	dead	0.0	0.0	0.0	0.0	0.0	0.0	0.0	0.0
hgt	None	dead	0.0	0.0	0.0	0.0	0.0	0.0	0.0	0.0
hgt	853	GCA.003232385.1.Bacteria.SZUA.79	2065.005	0.0	1032.5025	2302.51	1827.5	0.0	0.0	1151.255
los	None	dead	0.0	0.0	0.0	0.0	0.0	0.0	0.0	0.0
hgt	None	dead	0.0	0.0	0.0	0.0	0.0	0.0	0.0	0.0
dup	None	dead	0.0	0.0	0.0	0.0	0.0	0.0	0.0	0.0
hgt	1350	GCF.001742305.1.Bacteria.Firmicutes	1409.0	0.0	704.5	1596.52	1221.48	0.0	0.0	798.26
los	None	dead	0.0	0.0	0.0	0.0	0.0	0.0	0.0	0.0
hgt	1289	1288	2319.605	1737.805	2028.705	2515.76	2123.45	1959.07	1516.54	2016.15
los	None	dead	0.0	0.0	0.0	0.0	0.0	0.0	0.0	0.0
hgt	None	dead	0.0	0.0	0.0	0.0	0.0	0.0	0.0	0.0
dup	1289	1288	2319.605	1737.805	2028.705	2515.76	2123.45	1959.07	1516.54	2016.15
dup	1289	1288	2319.605	1737.805	2028.705	2515.76	2123.45	1959.07	1516.54	2016.15
spe	1289	1288	2319.605	1737.805	2028.705	2515.76	2123.45	1959.07	1516.54	2016.15
spe	1288	1287	1737.805	1455.455	1596.63	1959.07	1516.54	1682.3	1228.61	1593.84
los	1287	GCA.002329525.1.Bacteria.Firmicutes.C	1455.455	0.0	727.7275	1682.3	1228.61	0.0	0.0	841.15
spe	1287	1285	1455.455	1344.265	1399.86	1682.3	1228.61	1565.83	1122.7	1402.5
los	1285	1284	1344.265	1051.609	1197.937	1565.83	1122.7	1266.32	836.898	1201.364
spe	1285	1281	1344.265	1116.4885	1230.37675	1565.83	1122.7	1331.85	901.127	1233.4785
spe	1281	1280	1116.4885	953.42	1034.95425	1331.85	901.127	1163.28	743.56	1037.705
los	1280	GCF.000430605.1.Bacteria.Firmicutes.C	953.42	0.0	476.71	1163.28	743.56	0.0	0.0	581.64
spe	1289	1288	2319.605	1737.805	2028.705	2515.76	2123.45	1959.07	1516.54	2016.15
spe	1288	1287	1737.805	1455.455	1596.63	1959.07	1516.54	1682.3	1228.61	1593.84
los	1287	GCA.002329525.1.Bacteria.Firmicutes.C	1455.455	0.0	727.7275	1682.3	1228.61	0.0	0.0	841.15
spe	1287	1285	1455.455	1344.265	1399.86	1682.3	1228.61	1565.83	1122.7	1402.5
los	1285	1284	1344.265	1051.609	1197.937	1565.83	1122.7	1266.32	836.898	1201.364
spe	1285	1281	1344.265	1116.4885	1230.37675	1565.83	1122.7	1331.85	901.127	1233.4785
los	1281	GCF.002257705.1.Bacteria.Firmicutes.C	1116.4885	0.0	558.24425	1331.85	901.127	0.0	0.0	665.925
spe	1281	1280	1116.4885	953.42	1034.95425	1331.85	901.127	1163.28	743.56	1037.705
los	1280	GCF.000430605.1.Bacteria.Firmicutes.C	953.42	0.0	476.71	1163.28	743.56	0.0	0.0	581.64
hgt	None	dead	0.0	0.0	0.0	0.0	0.0	0.0	0.0	0.0
hgt	1312	GCF.002607855.1.Bacteria.Firmicutes.B	1521.75	0.0	760.875	1739.03	1304.47	0.0	0.0	869.515
los	None	dead	0.0	0.0	0.0	0.0	0.0	0.0	0.0	0.0
spe	1289	1288	2319.605	1737.805	2028.705	2515.76	2123.45	1959.07	1516.54	2016.15
los	1288	GCA.002411145.1.Bacteria.Firmicutes.C	1737.805	0.0	868.9025	1959.07	1516.54	0.0	0.0	979.535
spe	1288	1287	1737.805	1455.455	1596.63	1959.07	1516.54	1682.3	1228.61	1593.84
los	1287	GCA.002329525.1.Bacteria.Firmicutes.C	1455.455	0.0	727.7275	1682.3	1228.61	0.0	0.0	841.15
spe	1287	1285	1455.455	1344.265	1399.86	1682.3	1228.61	1565.83	1122.7	1402.5
los	1285	1284	1344.265	1051.609	1197.937	1565.83	1122.7	1266.32	836.898	1201.364
spe	1285	1281	1344.265	1116.4885	1230.37675	1565.83	1122.7	1331.85	901.127	1233.4785
dup	1281	GCF.002257705.1.Bacteria.Firmicutes.C	1116.4885	0.0	558.24425	1331.85	901.127	0.0	0.0	665.925
spe	1281	1280	1116.4885	953.42	1034.95425	1331.85	901.127	1163.28	743.56	1037.705
dup	None	dead	0.0	0.0	0.0	0.0	0.0	0.0	0.0	0.0
hgt	880	GCA.001577715.1.Bacteria.Desulfobacterota	1550.835	0.0	775.4175	1763.87	1337.8	0.0	0.0	881.935
los	None	dead	0.0	0.0	0.0	0.0	0.0	0.0	0.0	0.0
hgt	1269	GCF.002252565.1.Bacteria.Firmicutes.A	1538.365	0.0	769.1825	1724.93	1351.8	0.0	0.0	862.465
los	None	dead	0.0	0.0	0.0	0.0	0.0	0.0	0.0	0.0
hgt	None	dead	0.0	0.0	0.0	0.0	0.0	0.0	0.0	0.0
hgt	749	GCA.003229375.1.Bacteria.Nitrospinota	1781.81	0.0	890.905	2044.22	1519.4	0.0	0.0	1022.11
los	None	dead	0.0	0.0	0.0	0.0	0.0	0.0	0.0	0.0
spe	902	901	3388.51	3298.045	3343.2775	3521.39	3255.63	3429.86	3166.23	3343.81
spe	901	900	3298.045	3178.205	3238.125	3429.86	3166.23	3315.23	3041.18	3235.52
los	900	716	3178.205	2750.795	2964.5	3315.23	3041.18	2927.43	2574.16	2944.695
spe	900	899	3178.205	3077.265	3127.735	3315.23	3041.18	3217.17	2937.36	3126.295
los	899	898	3077.265	3008.34	3042.8025	3217.17	2937.36	3157.32	2859.36	3038.265
spe	899	743	3077.265	2953.32	3015.2925	3217.17	2937.36	3111.6	2795.04	3006.105
los	743	742	2953.32	2707.335	2830.3275	3111.6	2795.04	2896.17	2518.5	2815.05
spe	743	721	2953.32	2669.375	2811.3475	3111.6	2795.04	2891.15	2447.6	2779.6
los	721	GCA.003230535.1.Bacteria.SZUA.182	2669.375	0.0	1334.6875	2891.15	2447.6	0.0	0.0	1445.575
spe	721	720	2669.375	2336.65	2503.0125	2891.15	2447.6	2619.25	2054.05	2472.6
los	720	GCA.001775255.1.Bacteria.Desulfobacterota.D	2336.65	0.0	1168.325	2619.25	2054.05	0.0	0.0	1309.625
spe	901	663	3298.045	3209.65	3253.8475	3429.86	3166.23	3346.24	3073.06	3251.46
spe	663	397	3209.65	3012.355	3111.0025	3346.24	3073.06	3169.34	2855.37	3100.805
los	397	GCF.000526155.1.Bacteria.Desulfobacterota	3012.355	0.0	1506.1775	3169.34	2855.37	0.0	0.0	1584.67
spe	397	396	3012.355	2626.695	2819.525	3169.34	2855.37	2851.47	2401.92	2785.63
spe	396	395	2626.695	1520.715	2073.705	2851.47	2401.92	1836.24	1205.19	2028.33
los	395	GCF.000487995.1.Bacteria.Deferribacterota	1520.715	0.0	760.3575	1836.24	1205.19	0.0	0.0	918.12
spe	663	662	3209.65	3137.46	3173.555	3346.24	3073.06	3279.1	2995.82	3171.03
hgt	None	dead	0.0	0.0	0.0	0.0	0.0	0.0	0.0	0.0
los	662	400	3137.46	2394.165	2765.8125	3279.1	2995.82	2660.57	2127.76	2703.43
hgt	1720	1719	2606.555	2498.57	2552.5625	2696.39	2516.72	2595.21	2401.93	2549.16
los	None	dead	0.0	0.0	0.0	0.0	0.0	0.0	0.0	0.0
spe	1720	1719	2606.555	2498.57	2552.5625	2696.39	2516.72	2595.21	2401.93	2549.16
spe	1719	1718	2498.57	2360.855	2429.7125	2595.21	2401.93	2455.4	2266.31	2430.76
los	1718	1717	2360.855	2145.98	2253.4175	2455.4	2266.31	2280.59	2011.37	2233.385
spe	1718	1704	2360.855	2247.23	2304.0425	2455.4	2266.31	2338.81	2155.65	2305.525
spe	1704	1672	2247.23	2002.185	2124.7075	2338.81	2155.65	2153.78	1850.59	2094.7
los	1672	GCF.000015965.1.Bacteria.Cyanobacteria	2002.185	0.0	1001.0925	2153.78	1850.59	0.0	0.0	1076.89
spe	1704	1703	2247.23	2155.655	2201.4425	2338.81	2155.65	2243.27	2068.04	2203.425
spe	1703	1679	2155.655	1829.33	1992.4925	2243.27	2068.04	1977.8	1680.86	1962.065
los	1679	GCF.000473895.1.Bacteria.Cyanobacteria	1829.33	0.0	914.665	1977.8	1680.86	0.0	0.0	988.9
spe	1679	1678	1829.33	892.4805	1360.90525	1977.8	1680.86	1125.82	659.141	1318.4705
spe	1678	1676	892.4805	250.8965	571.6885	1125.82	659.141	362.735	139.058	632.439
los	1676	UCYNA2	250.8965	0.0	125.44825	362.735	139.058	0.0	0.0	181.3675
spe	1703	1702	2155.655	2083.6	2119.6275	2243.27	2068.04	2167.45	1999.75	2121.51
spe	1702	1701	2083.6	2042.11	2062.855	2167.45	1999.75	2121.49	1962.73	2065.09
spe	1701	1685	2042.11	1873.315	1957.7125	2121.49	1962.73	1989.89	1756.74	1939.115
los	1685	GCF.000018105.1.Bacteria.Cyanobacteria	1873.315	0.0	936.6575	1989.89	1756.74	0.0	0.0	994.945
spe	1685	1684	1873.315	1661.66	1767.4875	1989.89	1756.74	1813.5	1509.82	1749.855
los	1684	GCA.001698445.1.Bacteria.Cyanobacteria	1661.66	0.0	830.83	1813.5	1509.82	0.0	0.0	906.75
spe	1701	1700	2042.11	1961.585	2001.8475	2121.49	1962.73	2035.9	1887.27	2004.38
spe	1700	1699	1961.585	1903.88	1932.7325	2035.9	1887.27	1972.93	1834.83	1935.365
los	1699	GCF.000317045.1.Bacteria.Cyanobacteria	1903.88	0.0	951.94	1972.93	1834.83	0.0	0.0	986.465
dup	1699	1698	1903.88	1614.145	1759.0125	1972.93	1834.83	1628.1	1600.19	1786.56
spe	1699	1698	1903.88	1614.145	1759.0125	1972.93	1834.83	1628.1	1600.19	1786.56
los	1698	1692	1614.145	178.9818	896.5634	1628.1	1600.19	287.502	70.4616	849.2808
spe	1698	1697	1614.145	1294.515	1454.33	1628.1	1600.19	1416.54	1172.49	1400.295
los	1697	Fischerella.muscicola.CCMEE5323	1294.515	0.0	647.2575	1416.54	1172.49	0.0	0.0	708.27
spe	1697	1695	1294.515	878.0175	1086.26625	1416.54	1172.49	1068.32	687.715	1052.1275
spe	1699	1698	1903.88	1614.145	1759.0125	1972.93	1834.83	1628.1	1600.19	1786.56
spe	1698	1692	1614.145	178.9818	896.5634	1628.1	1600.19	287.502	70.4616	849.2808
los	1692	Richelia.intracellularis.HM01	178.9818	0.0	89.4909	287.502	70.4616	0.0	0.0	143.751
spe	1698	1697	1614.145	1294.515	1454.33	1628.1	1600.19	1416.54	1172.49	1400.295
los	1697	1695	1294.515	878.0175	1086.26625	1416.54	1172.49	1068.32	687.715	1052.1275
spe	1700	1688	1961.585	1636.375	1798.98	2035.9	1887.27	1774.1	1498.65	1767.275
spe	662	661	3137.46	3082.4	3109.93	3279.1	2995.82	3218.98	2945.82	3112.46
spe	661	660	3082.4	2563.03	2822.715	3218.98	2945.82	2816.78	2309.28	2764.13
los	660	GCA.002395105.1.Bacteria.Proteobacteria	2563.03	0.0	1281.515	2816.78	2309.28	0.0	0.0	1408.39
spe	660	659	2563.03	1482.555	2022.7925	2816.78	2309.28	1819.93	1145.18	1980.98
los	659	GCF.000021725.1.Bacteria.Campylobacterota	1482.555	0.0	741.2775	1819.93	1145.18	0.0	0.0	909.965
spe	661	655	3082.4	3023.71	3053.055	3218.98	2945.82	3161.56	2885.86	3052.42
los	655	403	3023.71	2523.57	2773.64	3161.56	2885.86	2749.35	2297.79	2729.675
spe	655	654	3023.71	2882.745	2953.2275	3161.56	2885.86	3020.9	2744.59	2953.075
spe	654	653	2882.745	2568.17	2725.4575	3020.9	2744.59	2711.59	2424.75	2722.825
los	653	GCF.001399755.1.Bacteria.Proteobacteria	2568.17	0.0	1284.085	2711.59	2424.75	0.0	0.0	1355.795
hgt	None	dead	0.0	0.0	0.0	0.0	0.0	0.0	0.0	0.0
hgt	498	GCF.000192575.1.Bacteria.Proteobacteria	1143.1505	0.0	571.57525	1299.85	986.451	0.0	0.0	649.925
los	None	dead	0.0	0.0	0.0	0.0	0.0	0.0	0.0	0.0
spe	653	652	2568.17	2398.805	2483.4875	2711.59	2424.75	2542.21	2255.4	2483.495
los	652	526	2398.805	2059.41	2229.1075	2542.21	2255.4	2251.33	1867.49	2204.85
spe	652	651	2398.805	2255.845	2327.325	2542.21	2255.4	2397.01	2114.68	2328.445
los	651	533	2255.845	2045.455	2150.65	2397.01	2114.68	2212.39	1878.52	2137.765
spe	651	650	2255.845	2166.365	2211.105	2397.01	2114.68	2307.19	2025.54	2211.275
spe	650	649	2166.365	2098.245	2132.305	2307.19	2025.54	2237.54	1958.95	2133.07
los	649	543	2098.245	1931.665	2014.955	2237.54	1958.95	2088.26	1775.07	2006.305
spe	649	648	2098.245	2024.465	2061.355	2237.54	1958.95	2163.47	1885.46	2061.5
los	648	562	2024.465	1860.4	1942.4325	2163.47	1885.46	2005.59	1715.21	1939.34
spe	648	647	2024.465	1945.285	1984.875	2163.47	1885.46	2083.18	1807.39	1985.43
spe	647	571	1945.285	1781.46	1863.3725	2083.18	1807.39	1928.85	1634.07	1858.625
los	571	565	1781.46	1495.725	1638.5925	1928.85	1634.07	1673.32	1318.13	1623.49
spe	571	570	1781.46	1624.36	1702.91	1928.85	1634.07	1779.57	1469.15	1699.0
los	570	GCA.002255365.1.Bacteria.Proteobacteria	1624.36	0.0	812.18	1779.57	1469.15	0.0	0.0	889.785
spe	570	568	1624.36	1463.05	1543.705	1779.57	1469.15	1635.35	1290.75	1535.16
los	568	GCF.001051235.1.Bacteria.Proteobacteria	1463.05	0.0	731.525	1635.35	1290.75	0.0	0.0	817.675
spe	647	646	1945.285	1897.835	1921.56	2083.18	1807.39	2035.74	1759.93	1921.555
los	646	588	1897.835	1783.48	1840.6575	2035.74	1759.93	1926.18	1640.78	1838.26
spe	646	645	1897.835	1829.485	1863.66	2035.74	1759.93	1967.16	1691.81	1863.775
los	645	631	1829.485	1750.855	1790.17	1967.16	1691.81	1889.42	1612.29	1789.725
spe	645	644	1829.485	1683.9	1756.6925	1967.16	1691.81	1827.27	1540.53	1753.845
los	644	643	1683.9	1502.7	1593.3	1827.27	1540.53	1655.53	1349.87	1588.57
spe	644	636	1683.9	1603.01	1643.455	1827.27	1540.53	1754.71	1451.31	1639.29
los	636	GCA.002840095.1.Bacteria.Proteobacteria	1603.01	0.0	801.505	1754.71	1451.31	0.0	0.0	877.355
spe	636	634	1603.01	1434.16	1518.585	1754.71	1451.31	1607.4	1260.92	1507.815
los	634	GCF.002020875.1.Bacteria.Proteobacteria	1434.16	0.0	717.08	1607.4	1260.92	0.0	0.0	803.7
spe	650	536	2166.365	1887.95	2027.1575	2307.19	2025.54	2062.1	1713.8	2010.495
hgt	None	dead	0.0	0.0	0.0	0.0	0.0	0.0	0.0	0.0
los	536	GCF.002940605.1.Bacteria.Proteobacteria	1887.95	0.0	943.975	2062.1	1713.8	0.0	0.0	1031.05
dup	None	dead	0.0	0.0	0.0	0.0	0.0	0.0	0.0	0.0
hgt	837	GCA.001768075.1.Bacteria.Myxococcota	1633.315	0.0	816.6575	1837.63	1429.0	0.0	0.0	918.815
los	None	dead	0.0	0.0	0.0	0.0	0.0	0.0	0.0	0.0
hgt	483	482	1736.705	1642.38	1689.5425	1875.69	1597.72	1782.01	1502.75	1689.22
los	None	dead	0.0	0.0	0.0	0.0	0.0	0.0	0.0	0.0
spe	483	482	1736.705	1642.38	1689.5425	1875.69	1597.72	1782.01	1502.75	1689.22
spe	482	481	1642.38	1564.755	1603.5675	1782.01	1502.75	1703.88	1425.63	1603.82
los	481	480	1564.755	1431.52	1498.1375	1703.88	1425.63	1580.99	1282.05	1492.965
hgt	None	dead	0.0	0.0	0.0	0.0	0.0	0.0	0.0	0.0
hgt	495	GCF.003173035.1.Bacteria.Proteobacteria	1152.21	0.0	576.105	1304.12	1000.3	0.0	0.0	652.06
los	None	dead	0.0	0.0	0.0	0.0	0.0	0.0	0.0	0.0
spe	481	469	1564.755	1451.305	1508.03	1703.88	1425.63	1594.82	1307.79	1505.835
los	469	468	1451.305	1270.185	1360.745	1594.82	1307.79	1420.59	1119.78	1357.3
spe	469	463	1451.305	1313.945	1382.625	1594.82	1307.79	1461.65	1166.24	1380.53
los	463	GCF.002251795.1.Bacteria.Proteobacteria	1313.945	0.0	656.9725	1461.65	1166.24	0.0	0.0	730.825
spe	463	462	1313.945	1065.146	1189.5455	1461.65	1166.24	1220.68	909.612	1185.631
spe	482	458	1642.38	1513.53	1577.955	1782.01	1502.75	1663.43	1363.63	1572.82
hgt	None	dead	0.0	0.0	0.0	0.0	0.0	0.0	0.0	0.0
los	458	456	1513.53	1329.135	1421.3325	1663.43	1363.63	1490.23	1168.04	1415.735
hgt	736	GCA.001803795.1.Bacteria.Nitrospirota	1883.24	0.0	941.62	2143.89	1622.59	0.0	0.0	1071.945
los	None	dead	0.0	0.0	0.0	0.0	0.0	0.0	0.0	0.0
spe	654	520	2882.745	2793.675	2838.21	3020.9	2744.59	2935.62	2651.73	2836.315
spe	520	519	2793.675	2628.48	2711.0775	2935.62	2651.73	2774.64	2482.32	2708.97
los	519	518	2628.48	2401.92	2515.2	2774.64	2482.32	2550.03	2253.81	2514.225
hgt	None	dead	0.0	0.0	0.0	0.0	0.0	0.0	0.0	0.0
hgt	565	GCF.002958735.1.Bacteria.Proteobacteria	1495.725	0.0	747.8625	1673.32	1318.13	0.0	0.0	836.66
los	None	dead	0.0	0.0	0.0	0.0	0.0	0.0	0.0	0.0
spe	520	406	2793.675	2569.1	2681.3875	2935.62	2651.73	2747.05	2391.15	2663.385
hgt	None	dead	0.0	0.0	0.0	0.0	0.0	0.0	0.0	0.0
los	406	GCF.002795805.1.Bacteria.Proteobacteria	2569.1	0.0	1284.55	2747.05	2391.15	0.0	0.0	1373.525
dup	None	dead	0.0	0.0	0.0	0.0	0.0	0.0	0.0	0.0
hgt	542	GCA.002352565.1.Bacteria.Proteobacteria	1750.015	0.0	875.0075	1929.85	1570.18	0.0	0.0	964.925
los	None	dead	0.0	0.0	0.0	0.0	0.0	0.0	0.0	0.0
hgt	636	GCA.002840095.1.Bacteria.Proteobacteria	1603.01	0.0	801.505	1754.71	1451.31	0.0	0.0	877.355
los	None	dead	0.0	0.0	0.0	0.0	0.0	0.0	0.0	0.0
hgt	177	95	3486.475	3251.76	3369.1175	3512.52	3460.43	3341.54	3161.98	3337.25
los	None	dead	0.0	0.0	0.0	0.0	0.0	0.0	0.0	0.0
hgt	None	dead	0.0	0.0	0.0	0.0	0.0	0.0	0.0	0.0
hgt	67	GCA.001421185.1.Archaea.Thermoplasmatota	1685.635	0.0	842.8175	1904.6	1466.67	0.0	0.0	952.3
los	None	dead	0.0	0.0	0.0	0.0	0.0	0.0	0.0	0.0
spe	177	95	3486.475	3251.76	3369.1175	3512.52	3460.43	3341.54	3161.98	3337.25
hgt	None	dead	0.0	0.0	0.0	0.0	0.0	0.0	0.0	0.0
hgt	733	GCA.003235715.1.Bacteria.Nitrospirota	1662.33	0.0	831.165	1919.68	1404.98	0.0	0.0	959.84
los	None	dead	0.0	0.0	0.0	0.0	0.0	0.0	0.0	0.0
spe	95	39	3251.76	2961.96	3106.86	3341.54	3161.98	3130.74	2793.18	3067.36
los	39	38	2961.96	2493.245	2727.6025	3130.74	2793.18	2769.67	2216.82	2673.78
spe	39	35	2961.96	2647.665	2804.8125	3130.74	2793.18	2911.01	2384.32	2757.53
hgt	None	dead	0.0	0.0	0.0	0.0	0.0	0.0	0.0	0.0
los	35	GCA.001587715.1.Archaea.Methanobacteriota.B	2647.665	0.0	1323.8325	2911.01	2384.32	0.0	0.0	1455.505
hgt	846	GCF.001611275.1.Bacteria.Desulfobacterota	2027.01	0.0	1013.505	2255.26	1798.76	0.0	0.0	1127.63
los	None	dead	0.0	0.0	0.0	0.0	0.0	0.0	0.0	0.0
hgt	None	dead	0.0	0.0	0.0	0.0	0.0	0.0	0.0	0.0
hgt	1305	GCF.002207765.1.Bacteria.Firmicutes.B	1518.03	0.0	759.015	1722.41	1313.65	0.0	0.0	861.205
los	None	dead	0.0	0.0	0.0	0.0	0.0	0.0	0.0	0.0
spe	95	94	3251.76	3195.115	3223.4375	3341.54	3161.98	3301.05	3089.18	3215.36
los	94	42	3195.115	2648.12	2921.6175	3301.05	3089.18	2950.53	2345.71	2823.38
spe	94	93	3195.115	2978.785	3086.95	3301.05	3089.18	3114.91	2842.66	3071.855
hgt	None	dead	0.0	0.0	0.0	0.0	0.0	0.0	0.0	0.0
hgt	143	GCA.001563325.1.Archaea.Asgardarchaeota	2506.355	0.0	1253.1775	2769.4	2243.31	0.0	0.0	1384.7
los	None	dead	0.0	0.0	0.0	0.0	0.0	0.0	0.0	0.0
hgt	None	dead	0.0	0.0	0.0	0.0	0.0	0.0	0.0	0.0
dup	None	dead	0.0	0.0	0.0	0.0	0.0	0.0	0.0	0.0
dup	None	dead	0.0	0.0	0.0	0.0	0.0	0.0	0.0	0.0
hgt	1280	GCF.000430605.1.Bacteria.Firmicutes.C	953.42	0.0	476.71	1163.28	743.56	0.0	0.0	581.64
los	None	dead	0.0	0.0	0.0	0.0	0.0	0.0	0.0	0.0
dup	None	dead	0.0	0.0	0.0	0.0	0.0	0.0	0.0	0.0
hgt	1264	GCA.900317035.1.Bacteria.Firmicutes.A	1401.22	0.0	700.61	1594.09	1208.35	0.0	0.0	797.045
los	None	dead	0.0	0.0	0.0	0.0	0.0	0.0	0.0	0.0
hgt	239	GCF.001027545.1.Bacteria.Elusimicrobiota	1457.025	0.0	728.5125	1667.53	1246.52	0.0	0.0	833.765
los	None	dead	0.0	0.0	0.0	0.0	0.0	0.0	0.0	0.0
dup	None	dead	0.0	0.0	0.0	0.0	0.0	0.0	0.0	0.0
hgt	721	GCA.003230535.1.Bacteria.SZUA.182	2669.375	0.0	1334.6875	2891.15	2447.6	0.0	0.0	1445.575
los	None	dead	0.0	0.0	0.0	0.0	0.0	0.0	0.0	0.0
hgt	None	dead	0.0	0.0	0.0	0.0	0.0	0.0	0.0	0.0
hgt	1421	1419	1703.17	1560.275	1631.7225	1936.17	1470.17	1794.98	1325.57	1630.87
los	None	dead	0.0	0.0	0.0	0.0	0.0	0.0	0.0	0.0
spe	1421	1419	1703.17	1560.275	1631.7225	1936.17	1470.17	1794.98	1325.57	1630.87
hgt	118	GCA.001593855.1.Archaea.Thermoproteota	1963.41	0.0	981.705	2228.25	1698.57	0.0	0.0	1114.125
los	None	dead	0.0	0.0	0.0	0.0	0.0	0.0	0.0	0.0
hgt	None	dead	0.0	0.0	0.0	0.0	0.0	0.0	0.0	0.0
hgt	35	GCA.001587715.1.Archaea.Methanobacteriota.B	2647.665	0.0	1323.8325	2911.01	2384.32	0.0	0.0	1455.505
los	None	dead	0.0	0.0	0.0	0.0	0.0	0.0	0.0	0.0
hgt	None	dead	0.0	0.0	0.0	0.0	0.0	0.0	0.0	0.0
dup	None	dead	0.0	0.0	0.0	0.0	0.0	0.0	0.0	0.0
hgt	107	GCA.001717025.1.Archaea.Thermoproteota	1874.74	0.0	937.37	2176.29	1573.19	0.0	0.0	1088.145
los	None	dead	0.0	0.0	0.0	0.0	0.0	0.0	0.0	0.0
hgt	84	GCF.000011005.1.Archaea.Euryarchaeota	1360.205	0.0	680.1025	1583.15	1137.26	0.0	0.0	791.575
los	None	dead	0.0	0.0	0.0	0.0	0.0	0.0	0.0	0.0
hgt	None	dead	0.0	0.0	0.0	0.0	0.0	0.0	0.0	0.0
spe	93	92	2978.785	2820.295	2899.54	3114.91	2842.66	2975.98	2664.61	2889.76
hgt	None	dead	0.0	0.0	0.0	0.0	0.0	0.0	0.0	0.0
hgt	47	GCA.002494765.1.Archaea.Thermoplasmatota	1758.69	0.0	879.345	2012.02	1505.36	0.0	0.0	1006.01
los	None	dead	0.0	0.0	0.0	0.0	0.0	0.0	0.0	0.0
spe	92	91	2820.295	2456.155	2638.225	2975.98	2664.61	2657.46	2254.85	2615.415
los	91	GCA.003034855.1.Archaea.Halobacteriota	2456.155	0.0	1228.0775	2657.46	2254.85	0.0	0.0	1328.73
spe	91	90	2456.155	2213.885	2335.02	2657.46	2254.85	2419.47	2008.3	2332.88
los	90	74	2213.885	1964.425	2089.155	2419.47	2008.3	2200.42	1728.43	2073.95
spe	90	89	2213.885	2018.03	2115.9575	2419.47	2008.3	2233.95	1802.11	2110.79
dup	89	88	2018.03	1850.095	1934.0625	2233.95	1802.11	2065.66	1634.53	1934.24
spe	89	88	2018.03	1850.095	1934.0625	2233.95	1802.11	2065.66	1634.53	1934.24
los	88	80	1850.095	1577.665	1713.88	2065.66	1634.53	1816.4	1338.93	1702.295
spe	88	87	1850.095	1733.555	1791.825	2065.66	1634.53	1951.94	1515.17	1790.415
los	87	86	1733.555	1547.845	1640.7	1951.94	1515.17	1766.34	1329.35	1640.645
spe	89	88	2018.03	1850.095	1934.0625	2233.95	1802.11	2065.66	1634.53	1934.24
spe	88	80	1850.095	1577.665	1713.88	2065.66	1634.53	1816.4	1338.93	1702.295
los	80	GCF.002114285.1.Archaea.Halobacteriota	1577.665	0.0	788.8325	1816.4	1338.93	0.0	0.0	908.2
spe	88	87	1850.095	1733.555	1791.825	2065.66	1634.53	1951.94	1515.17	1790.415
los	87	GCA.002256595.1.Archaea.Halobacteriota	1733.555	0.0	866.7775	1951.94	1515.17	0.0	0.0	975.97
spe	87	86	1733.555	1547.845	1640.7	1951.94	1515.17	1766.34	1329.35	1640.645
los	86	84	1547.845	1360.205	1454.025	1766.34	1329.35	1583.15	1137.26	1451.8
spe	89	77	2018.03	1646.475	1832.2525	2233.95	1802.11	1886.1	1406.85	1820.4
hgt	None	dead	0.0	0.0	0.0	0.0	0.0	0.0	0.0	0.0
los	77	GCA.003194435.1.Archaea.Halobacteriota	1646.475	0.0	823.2375	1886.1	1406.85	0.0	0.0	943.05
hgt	753	GCA.001803565.1.Bacteria.Nitrospinota.B	2099.055	0.0	1049.5275	2342.98	1855.13	0.0	0.0	1171.49
los	None	dead	0.0	0.0	0.0	0.0	0.0	0.0	0.0	0.0
spe	92	70	2820.295	2306.48	2563.3875	2975.98	2664.61	2494.66	2118.3	2547.14
los	70	69	2306.48	2110.085	2208.2825	2494.66	2118.3	2307.92	1912.25	2203.455
spe	70	54	2306.48	2132.505	2219.4925	2494.66	2118.3	2336.0	1929.01	2211.835
los	54	53	2132.505	1748.97	1940.7375	2336.0	1929.01	1980.44	1517.5	1926.75
hgt	None	dead	0.0	0.0	0.0	0.0	0.0	0.0	0.0	0.0
spe	54	48	2132.505	1954.89	2043.6975	2336.0	1929.01	2176.6	1733.18	2034.59
los	48	GCA.003009755.1.Archaea.Thermoplasmatota	1954.89	0.0	977.445	2176.6	1733.18	0.0	0.0	1088.3
spe	48	47	1954.89	1758.69	1856.79	2176.6	1733.18	2012.02	1505.36	1840.98
los	47	GCA.002494765.1.Archaea.Thermoplasmatota	1758.69	0.0	879.345	2012.02	1505.36	0.0	0.0	1006.01
hgt	84	GCF.000970205.1.Archaea.Halobacteriota	1360.205	0.0	680.1025	1583.15	1137.26	0.0	0.0	791.575
los	None	dead	0.0	0.0	0.0	0.0	0.0	0.0	0.0	0.0
dup	84	GCF.000970205.1.Archaea.Halobacteriota	1360.205	0.0	680.1025	1583.15	1137.26	0.0	0.0	791.575
hgt	1327	1326	2643.35	2448.67	2546.01	2807.8	2478.9	2619.66	2277.68	2542.74
los	None	dead	0.0	0.0	0.0	0.0	0.0	0.0	0.0	0.0
spe	1327	1326	2643.35	2448.67	2546.01	2807.8	2478.9	2619.66	2277.68	2542.74
spe	1326	1292	2448.67	1962.37	2205.52	2619.66	2277.68	2188.61	1736.13	2177.895
los	1292	GCF.000024605.1.Bacteria.Firmicutes.B	1962.37	0.0	981.185	2188.61	1736.13	0.0	0.0	1094.305
spe	1326	1325	2448.67	2256.125	2352.3975	2619.66	2277.68	2432.87	2079.38	2349.52
los	1325	1297	2256.125	1985.275	2120.7	2432.87	2079.38	2195.62	1774.93	2103.9
spe	1325	1324	2256.125	2152.01	2204.0675	2432.87	2079.38	2327.59	1976.43	2204.65
los	1324	1308	2152.01	1925.235	2038.6225	2327.59	1976.43	2113.94	1736.53	2032.06
spe	1324	1323	2152.01	2061.88	2106.945	2327.59	1976.43	2241.44	1882.32	2104.955
los	1323	1322	2061.88	1700.81	1881.345	2241.44	1882.32	1909.29	1492.33	1866.885
spe	1323	1319	2061.88	1933.46	1997.67	2241.44	1882.32	2119.98	1746.94	1994.19
spe	1319	1318	1933.46	1818.985	1876.2225	2119.98	1746.94	2011.41	1626.56	1873.27
los	1318	1317	1818.985	1219.28	1519.1325	2011.41	1626.56	1424.03	1014.53	1512.97
spe	1318	1312	1818.985	1521.75	1670.3675	2011.41	1626.56	1739.03	1304.47	1657.94
los	1312	GCF.002607855.1.Bacteria.Firmicutes.B	1521.75	0.0	760.875	1739.03	1304.47	0.0	0.0	869.515
dup	None	dead	0.0	0.0	0.0	0.0	0.0	0.0	0.0	0.0
hgt	1284	GCF.001553315.1.Bacteria.Firmicutes.C	1051.609	0.0	525.8045	1266.32	836.898	0.0	0.0	633.16
los	None	dead	0.0	0.0	0.0	0.0	0.0	0.0	0.0	0.0
hgt	1173	GCA.002897715.1.Bacteria.Actinobacteriota	1615.325	0.0	807.6625	1879.87	1350.78	0.0	0.0	939.935
los	None	dead	0.0	0.0	0.0	0.0	0.0	0.0	0.0	0.0
spe	902	390	3388.51	3128.085	3258.2975	3521.39	3255.63	3305.45	2950.72	3236.055
los	390	GCA.002780065.1.Bacteria.UBA8481	3128.085	0.0	1564.0425	3305.45	2950.72	0.0	0.0	1652.725
spe	390	389	3128.085	2749.555	2938.82	3305.45	2950.72	2964.67	2534.44	2919.945
los	389	371	2749.555	2510.29	2629.9225	2964.67	2534.44	2773.8	2246.78	2605.725
spe	389	388	2749.555	2535.365	2642.46	2964.67	2534.44	2764.69	2306.04	2635.355
spe	388	376	2535.365	2164.345	2349.855	2764.69	2306.04	2427.34	1901.35	2333.02
los	376	374	2164.345	1675.86	1920.1025	2427.34	1901.35	1962.59	1389.13	1908.235
spe	388	387	2535.365	2327.165	2431.265	2764.69	2306.04	2573.04	2081.29	2422.99
spe	387	383	2327.165	1910.295	2118.73	2573.04	2081.29	2169.33	1651.26	2112.15
los	383	381	1910.295	1517.805	1714.05	2169.33	1651.26	1777.32	1258.29	1713.81
hgt	None	dead	0.0	0.0	0.0	0.0	0.0	0.0	0.0	0.0
hgt	1651	GCA.003242895.1.Bacteria.Margulisbacteria	2156.75	0.0	1078.375	2473.24	1840.26	0.0	0.0	1236.62
los	None	dead	0.0	0.0	0.0	0.0	0.0	0.0	0.0	0.0
spe	387	386	2327.165	2009.02	2168.0925	2573.04	2081.29	2288.32	1729.72	2151.38
hgt	None	dead	0.0	0.0	0.0	0.0	0.0	0.0	0.0	0.0
los	386	GCA.002450905.1.Bacteria.Spirochaetota	2009.02	0.0	1004.51	2288.32	1729.72	0.0	0.0	1144.16
dup	None	dead	0.0	0.0	0.0	0.0	0.0	0.0	0.0	0.0
hgt	895	GCA.000739515.1.Bacteria.Moduliflexota	2233.715	0.0	1116.8575	2507.56	1959.87	0.0	0.0	1253.78
los	None	dead	0.0	0.0	0.0	0.0	0.0	0.0	0.0	0.0
hgt	883	GCA.000961655.1.Bacteria.Desulfobacterota	1441.77	0.0	720.885	1657.06	1226.48	0.0	0.0	828.53
los	None	dead	0.0	0.0	0.0	0.0	0.0	0.0	0.0	0.0
