event	left_node	right_node	left_date	right_date	midpoint_date
dup	1642	1478	3541.065	3264.47	3402.7675
spe	1642	1478	3541.065	3264.47	3402.7675
spe	1478	1396	3264.47	2089.7	2677.085
hgt	1148	GCF.000969705.1.Bacteria.Actinobacteriota	1851.865	0.0	925.9325
los	1396	GCA.003244045.1.Bacteria.Dormibacterota	2089.7	0.0	1044.85
hgt	1461	GCA.002413265.1.Bacteria.Chloroflexota	1906.91	0.0	953.455
spe	1478	1477	3264.47	3024.12	3144.295
los	1477	1431	3024.12	2678.945	2851.5325
spe	1477	1476	3024.12	2783.015	2903.5675
spe	1476	1454	2783.015	2214.935	2498.975
spe	1454	1446	2214.935	1960.08	2087.5075
los	1446	1445	1960.08	1742.485	1851.2825
spe	1446	1440	1960.08	1813.195	1886.6375
los	1440	GCF.001306175.1.Bacteria.Chloroflexota	1813.195	0.0	906.5975
spe	1440	1439	1813.195	1555.635	1684.415
los	1439	1438	1555.635	1347.94	1451.7875
hgt	1236	1228	2380.34	2207.365	2293.8525
los	1454	1453	2214.935	2115.485	2165.21
spe	1236	1228	2380.34	2207.365	2293.8525
spe	1228	1227	2207.365	1969.33	2088.3475
los	1227	GCA.003242675.1.Bacteria.Firmicutes.E	1969.33	0.0	984.665
spe	1227	1226	1969.33	1819.185	1894.2575
los	1226	GCA.002385465.1.Bacteria.Firmicutes.E	1819.185	0.0	909.5925
hgt	1341	GCF.001653195.1.Bacteria.Firmicutes	1562.96	0.0	781.48
hgt	None	dead	0.0	0.0	0.0
hgt	107	GCA.003019535.1.Archaea.Thermoproteota	1874.74	0.0	937.37
los	None	dead	0.0	0.0	0.0
spe	1476	1475	2783.015	2647.025	2715.02
spe	1475	1463	2647.025	2401.705	2524.365
hgt	400	GCA.002707655.1.Bacteria.SAR324	2394.165	0.0	1197.0825
los	1463	1457	2401.705	1966.385	2184.045
spe	1463	1462	2401.705	2298.115	2349.91
spe	1462	1461	2298.115	1906.91	2102.5125
los	1461	GCA.002413265.1.Bacteria.Chloroflexota	1906.91	0.0	953.455
hgt	741	GCA.003220615.1.Bacteria.Methylomirabilota	2099.065	0.0	1049.5325
hgt	684	GCA.002483445.1.Bacteria.Acidobacteriota	1325.86	0.0	662.93
los	1462	GCA.002436065.1.Bacteria.Chloroflexota	2298.115	0.0	1149.0575
spe	1475	1474	2647.025	2497.34	2572.1825
spe	1474	1473	2497.34	1423.81	1960.575
los	1473	GCA.003243965.1.Bacteria.Chloroflexota	1423.81	0.0	711.905
spe	1474	1470	2497.34	2147.93	2322.635
los	1470	GCF.000025005.1.Bacteria.Chloroflexota	2147.93	0.0	1073.965
spe	1470	1469	2147.93	1964.555	2056.2425
los	1469	1467	1964.555	1808.245	1886.4
hgt	None	dead	0.0	0.0	0.0
dup	None	dead	0.0	0.0	0.0
hgt	552	GCF.001614315.2.Bacteria.Proteobacteria	1397.305	0.0	698.6525
los	None	dead	0.0	0.0	0.0
hgt	532	GCA.001750625.1.Bacteria.Proteobacteria	1641.495	0.0	820.7475
los	None	dead	0.0	0.0	0.0
hgt	None	dead	0.0	0.0	0.0
hgt	1158	GCF.900106035.1.Bacteria.Actinobacteriota	905.248	0.0	452.624
los	None	dead	0.0	0.0	0.0
spe	1642	1478	3541.065	3264.47	3402.7675
spe	1478	1396	3264.47	2089.7	2677.085
los	1396	GCA.003244045.1.Bacteria.Dormibacterota	2089.7	0.0	1044.85
spe	1478	1477	3264.47	3024.12	3144.295
dup	1477	1476	3024.12	2783.015	2903.5675
spe	1477	1476	3024.12	2783.015	2903.5675
los	1476	1454	2783.015	2214.935	2498.975
spe	1476	1475	2783.015	2647.025	2715.02
spe	1475	1463	2647.025	2401.705	2524.365
spe	1463	1457	2401.705	1966.385	2184.045
los	1457	GCA.002404055.1.Bacteria.Chloroflexota	1966.385	0.0	983.1925
hgt	713	699	2300.685	2165.445	2233.065
los	1463	1462	2401.705	2298.115	2349.91
spe	713	699	2300.685	2165.445	2233.065
spe	699	681	2165.445	1934.475	2049.96
los	681	680	1934.475	1748.645	1841.56
spe	699	698	2165.445	1924.625	2045.035
spe	698	686	1924.625	1699.78	1812.2025
spe	686	684	1699.78	1325.86	1512.82
los	684	GCA.003223975.1.Bacteria.Acidobacteriota	1325.86	0.0	662.93
hgt	746	GCA.002238965.1.Bacteria.UBA8248	2036.715	0.0	1018.3575
hgt	347	GCA.002683135.1.Bacteria.Planctomycetota	2010.41	0.0	1005.205
los	686	GCA.002451015.1.Bacteria.Acidobacteriota	1699.78	0.0	849.89
spe	698	697	1924.625	1651.7	1788.1625
spe	697	696	1651.7	1431.15	1541.425
hgt	1116	GCA.002898575.1.Bacteria.Armatimonadota	2382.81	0.0	1191.405
los	696	GCA.003224665.1.Bacteria.Acidobacteriota	1431.15	0.0	715.575
spe	696	695	1431.15	1321.86	1376.505
los	695	GCA.003131705.1.Bacteria.Acidobacteriota	1321.86	0.0	660.93
spe	695	694	1321.86	1248.195	1285.0275
los	694	GCA.001767075.1.Bacteria.Acidobacteriota	1248.195	0.0	624.0975
spe	694	692	1248.195	1141.9465	1195.07075
los	692	GCA.003140235.1.Bacteria.Acidobacteriota	1141.9465	0.0	570.97325
spe	1475	1474	2647.025	2497.34	2572.1825
los	1474	1473	2497.34	1423.81	1960.575
spe	1474	1470	2497.34	2147.93	2322.635
los	1470	GCF.000025005.1.Bacteria.Chloroflexota	2147.93	0.0	1073.965
spe	1470	1469	2147.93	1964.555	2056.2425
los	1469	1467	1964.555	1808.245	1886.4
dup	1469	GCA.001898225.1.Bacteria.Chloroflexota	1964.555	0.0	982.2775
hgt	1186	1185	2936.225	2773.915	2855.07
hgt	None	dead	0.0	0.0	0.0
hgt	107	GCA.003019535.1.Archaea.Thermoproteota	1874.74	0.0	937.37
los	None	dead	0.0	0.0	0.0
hgt	1128	GCA.002898935.1.Bacteria.CSP1.3	3162.27	0.0	1581.135
spe	1477	1476	3024.12	2783.015	2903.5675
spe	1476	1454	2783.015	2214.935	2498.975
spe	1454	1446	2214.935	1960.08	2087.5075
los	1446	1445	1960.08	1742.485	1851.2825
spe	1446	1440	1960.08	1813.195	1886.6375
spe	1440	1439	1813.195	1555.635	1684.415
los	1439	1438	1555.635	1347.94	1451.7875
hgt	None	dead	0.0	0.0	0.0
hgt	741	GCA.003220615.1.Bacteria.Methylomirabilota	2099.065	0.0	1049.5325
los	None	dead	0.0	0.0	0.0
hgt	400	GCA.002707655.1.Bacteria.SAR324	2394.165	0.0	1197.0825
hgt	None	dead	0.0	0.0	0.0
los	1454	1453	2214.935	2115.485	2165.21
hgt	515	514	2002.575	1851.4	1926.9875
los	None	dead	0.0	0.0	0.0
dup	515	514	2002.575	1851.4	1926.9875
spe	515	514	2002.575	1851.4	1926.9875
spe	514	436	1851.4	1731.205	1791.3025
los	436	GCA.002722885.1.Bacteria.Proteobacteria	1731.205	0.0	865.6025
spe	436	435	1731.205	1539.415	1635.31
los	435	GCA.006969625.1.Bacteria.Proteobacteria	1539.415	0.0	769.7075
spe	435	434	1539.415	1329.5	1434.4575
los	434	GCA.002238885.1.Bacteria.Proteobacteria	1329.5	0.0	664.75
hgt	None	dead	0.0	0.0	0.0
hgt	498	GCA.002731375.1.Bacteria.Proteobacteria	1143.1505	0.0	571.57525
los	None	dead	0.0	0.0	0.0
spe	514	513	1851.4	1786.09	1818.745
spe	513	512	1786.09	1671.055	1728.5725
los	512	486	1671.055	1393.215	1532.135
spe	512	511	1671.055	1589.625	1630.34
los	511	489	1589.625	1225.83	1407.7275
spe	511	510	1589.625	1517.685	1553.655
spe	510	509	1517.685	1417.44	1467.5625
los	509	508	1417.44	1290.24	1353.84
spe	509	495	1417.44	1152.21	1284.825
los	495	GCF.003173035.1.Bacteria.Proteobacteria	1152.21	0.0	576.105
spe	510	492	1517.685	1247.39	1382.5375
hgt	435	GCA.006969625.1.Bacteria.Proteobacteria	1539.415	0.0	769.7075
los	492	GCF.002798435.1.Bacteria.Proteobacteria	1247.39	0.0	623.695
spe	513	483	1786.09	1736.705	1761.3975
spe	483	447	1736.705	1590.07	1663.3875
los	447	439	1590.07	1430.985	1510.5275
spe	447	446	1590.07	1389.555	1489.8125
los	446	445	1389.555	1267.47	1328.5125
spe	483	482	1736.705	1642.38	1689.5425
spe	482	481	1642.38	1564.755	1603.5675
los	481	480	1564.755	1431.52	1498.1375
spe	481	469	1564.755	1451.305	1508.03
los	469	463	1451.305	1313.945	1382.625
spe	469	468	1451.305	1270.185	1360.745
los	468	467	1270.185	1108.71	1189.4475
hgt	None	dead	0.0	0.0	0.0
los	482	458	1642.38	1513.53	1577.955
hgt	506	GCA.002480495.1.Bacteria.Proteobacteria	1020.1165	0.0	510.05825
los	None	dead	0.0	0.0	0.0
dup	515	514	2002.575	1851.4	1926.9875
dup	515	514	2002.575	1851.4	1926.9875
dup	515	514	2002.575	1851.4	1926.9875
dup	515	514	2002.575	1851.4	1926.9875
dup	515	514	2002.575	1851.4	1926.9875
dup	515	514	2002.575	1851.4	1926.9875
dup	515	514	2002.575	1851.4	1926.9875
spe	515	514	2002.575	1851.4	1926.9875
dup	514	513	1851.4	1786.09	1818.745
spe	514	513	1851.4	1786.09	1818.745
spe	513	483	1786.09	1736.705	1761.3975
los	483	447	1736.705	1590.07	1663.3875
spe	483	482	1736.705	1642.38	1689.5425
spe	482	458	1642.38	1513.53	1577.955
los	458	GCA.002340345.1.Bacteria.Proteobacteria	1513.53	0.0	756.765
spe	458	456	1513.53	1329.135	1421.3325
los	456	GCF.002148795.1.Bacteria.Proteobacteria	1329.135	0.0	664.5675
spe	456	455	1329.135	974.476	1151.8055
los	455	454	974.476	839.502	906.989
spe	482	481	1642.38	1564.755	1603.5675
los	481	480	1564.755	1431.52	1498.1375
spe	481	469	1564.755	1451.305	1508.03
los	469	463	1451.305	1313.945	1382.625
spe	469	468	1451.305	1270.185	1360.745
los	468	467	1270.185	1108.71	1189.4475
spe	513	512	1786.09	1671.055	1728.5725
los	512	486	1671.055	1393.215	1532.135
spe	512	511	1671.055	1589.625	1630.34
los	511	489	1589.625	1225.83	1407.7275
spe	511	510	1589.625	1517.685	1553.655
spe	510	492	1517.685	1247.39	1382.5375
los	492	GCF.900172325.1.Bacteria.Proteobacteria	1247.39	0.0	623.695
spe	510	509	1517.685	1417.44	1467.5625
los	509	495	1417.44	1152.21	1284.825
spe	509	508	1417.44	1290.24	1353.84
los	508	498	1290.24	1143.1505	1216.69525
spe	508	507	1290.24	1064.673	1177.4565
los	507	503	1064.673	930.456	997.5645
spe	507	506	1064.673	1020.1165	1042.39475
los	506	GCA.002480495.1.Bacteria.Proteobacteria	1020.1165	0.0	510.05825
spe	514	513	1851.4	1786.09	1818.745
los	513	512	1786.09	1671.055	1728.5725
spe	513	483	1786.09	1736.705	1761.3975
los	483	447	1736.705	1590.07	1663.3875
spe	483	482	1736.705	1642.38	1689.5425
los	482	481	1642.38	1564.755	1603.5675
spe	482	458	1642.38	1513.53	1577.955
los	458	GCA.002340345.1.Bacteria.Proteobacteria	1513.53	0.0	756.765
spe	458	456	1513.53	1329.135	1421.3325
spe	456	455	1329.135	974.476	1151.8055
los	455	454	974.476	839.502	906.989
spe	514	436	1851.4	1731.205	1791.3025
spe	436	435	1731.205	1539.415	1635.31
spe	435	434	1539.415	1329.5	1434.4575
los	434	GCA.002238885.1.Bacteria.Proteobacteria	1329.5	0.0	664.75
hgt	463	GCF.002251795.1.Bacteria.Proteobacteria	1313.945	0.0	656.9725
spe	515	514	2002.575	1851.4	1926.9875
los	514	436	1851.4	1731.205	1791.3025
spe	514	513	1851.4	1786.09	1818.745
spe	513	483	1786.09	1736.705	1761.3975
los	483	447	1736.705	1590.07	1663.3875
spe	483	482	1736.705	1642.38	1689.5425
los	482	458	1642.38	1513.53	1577.955
spe	482	481	1642.38	1564.755	1603.5675
los	481	480	1564.755	1431.52	1498.1375
spe	481	469	1564.755	1451.305	1508.03
los	469	468	1451.305	1270.185	1360.745
spe	469	463	1451.305	1313.945	1382.625
los	463	GCF.002251795.1.Bacteria.Proteobacteria	1313.945	0.0	656.9725
spe	463	462	1313.945	1065.146	1189.5455
hgt	944	GCA.002712165.1.Bacteria.Proteobacteria	1432.315	0.0	716.1575
spe	513	512	1786.09	1671.055	1728.5725
spe	512	486	1671.055	1393.215	1532.135
los	486	GCF.000264455.2.Bacteria.Proteobacteria	1393.215	0.0	696.6075
spe	512	511	1671.055	1589.625	1630.34
spe	511	510	1589.625	1517.685	1553.655
los	510	492	1517.685	1247.39	1382.5375
spe	510	509	1517.685	1417.44	1467.5625
los	509	495	1417.44	1152.21	1284.825
spe	509	508	1417.44	1290.24	1353.84
los	508	498	1290.24	1143.1505	1216.69525
spe	508	507	1290.24	1064.673	1177.4565
los	507	503	1064.673	930.456	997.5645
spe	507	506	1064.673	1020.1165	1042.39475
los	506	GCA.001464215.1.Bacteria.Proteobacteria	1020.1165	0.0	510.05825
spe	511	489	1589.625	1225.83	1407.7275
los	489	GCA.002701885.1.Bacteria.Proteobacteria	1225.83	0.0	612.915
dup	489	GCA.002348365.1.Bacteria.Proteobacteria	1225.83	0.0	612.915
spe	515	514	2002.575	1851.4	1926.9875
los	514	436	1851.4	1731.205	1791.3025
dup	514	513	1851.4	1786.09	1818.745
spe	514	513	1851.4	1786.09	1818.745
spe	513	512	1786.09	1671.055	1728.5725
los	512	486	1671.055	1393.215	1532.135
spe	512	511	1671.055	1589.625	1630.34
los	511	510	1589.625	1517.685	1553.655
spe	511	489	1589.625	1225.83	1407.7275
los	489	GCA.002701885.1.Bacteria.Proteobacteria	1225.83	0.0	612.915
dup	513	483	1786.09	1736.705	1761.3975
spe	513	483	1786.09	1736.705	1761.3975
spe	483	447	1736.705	1590.07	1663.3875
los	447	439	1590.07	1430.985	1510.5275
spe	447	446	1590.07	1389.555	1489.8125
los	446	445	1389.555	1267.47	1328.5125
spe	483	482	1736.705	1642.38	1689.5425
spe	482	481	1642.38	1564.755	1603.5675
los	481	480	1564.755	1431.52	1498.1375
spe	481	469	1564.755	1451.305	1508.03
los	469	463	1451.305	1313.945	1382.625
spe	469	468	1451.305	1270.185	1360.745
los	468	467	1270.185	1108.71	1189.4475
spe	482	458	1642.38	1513.53	1577.955
hgt	435	GCA.006969625.1.Bacteria.Proteobacteria	1539.415	0.0	769.7075
los	458	GCA.002340345.1.Bacteria.Proteobacteria	1513.53	0.0	756.765
spe	458	456	1513.53	1329.135	1421.3325
spe	456	455	1329.135	974.476	1151.8055
los	455	454	974.476	839.502	906.989
hgt	741	GCA.003220615.1.Bacteria.Methylomirabilota	2099.065	0.0	1049.5325
spe	513	483	1786.09	1736.705	1761.3975
spe	483	482	1736.705	1642.38	1689.5425
los	482	458	1642.38	1513.53	1577.955
spe	482	481	1642.38	1564.755	1603.5675
los	481	480	1564.755	1431.52	1498.1375
spe	481	469	1564.755	1451.305	1508.03
los	469	463	1451.305	1313.945	1382.625
spe	469	468	1451.305	1270.185	1360.745
spe	468	467	1270.185	1108.71	1189.4475
los	467	GCA.002291925.1.Bacteria.Proteobacteria	1108.71	0.0	554.355
spe	483	447	1736.705	1590.07	1663.3875
hgt	None	dead	0.0	0.0	0.0
los	447	439	1590.07	1430.985	1510.5275
hgt	498	GCA.002731375.1.Bacteria.Proteobacteria	1143.1505	0.0	571.57525
los	None	dead	0.0	0.0	0.0
dup	447	446	1590.07	1389.555	1489.8125
spe	447	446	1590.07	1389.555	1489.8125
spe	446	445	1389.555	1267.47	1328.5125
los	445	GCA.002717225.1.Bacteria.Proteobacteria	1267.47	0.0	633.735
spe	445	444	1267.47	1089.937	1178.7035
los	444	GCA.002686135.1.Bacteria.Proteobacteria	1089.937	0.0	544.9685
spe	447	446	1590.07	1389.555	1489.8125
los	446	445	1389.555	1267.47	1328.5125
dup	446	GCA.002717185.1.Bacteria.Proteobacteria	1389.555	0.0	694.7775
hgt	741	GCA.003220615.1.Bacteria.Methylomirabilota	2099.065	0.0	1049.5325
hgt	498	GCA.002731375.1.Bacteria.Proteobacteria	1143.1505	0.0	571.57525
dup	741	GCA.003220615.1.Bacteria.Methylomirabilota	2099.065	0.0	1049.5325
spe	514	513	1851.4	1786.09	1818.745
spe	513	483	1786.09	1736.705	1761.3975
hgt	741	GCA.003220615.1.Bacteria.Methylomirabilota	2099.065	0.0	1049.5325
los	483	482	1736.705	1642.38	1689.5425
dup	483	447	1736.705	1590.07	1663.3875
dup	483	447	1736.705	1590.07	1663.3875
spe	483	447	1736.705	1590.07	1663.3875
los	447	439	1590.07	1430.985	1510.5275
spe	447	446	1590.07	1389.555	1489.8125
spe	446	445	1389.555	1267.47	1328.5125
spe	445	444	1267.47	1089.937	1178.7035
hgt	489	GCA.002348365.1.Bacteria.Proteobacteria	1225.83	0.0	612.915
los	444	GCA.002686135.1.Bacteria.Proteobacteria	1089.937	0.0	544.9685
dup	483	447	1736.705	1590.07	1663.3875
dup	483	447	1736.705	1590.07	1663.3875
spe	483	447	1736.705	1590.07	1663.3875
spe	447	439	1590.07	1430.985	1510.5275
los	439	GCF.001613805.1.Bacteria.Proteobacteria	1430.985	0.0	715.4925
spe	447	446	1590.07	1389.555	1489.8125
los	446	GCA.002717185.1.Bacteria.Proteobacteria	1389.555	0.0	694.7775
spe	446	445	1389.555	1267.47	1328.5125
los	445	GCA.002717225.1.Bacteria.Proteobacteria	1267.47	0.0	633.735
spe	445	444	1267.47	1089.937	1178.7035
los	444	GCA.002686135.1.Bacteria.Proteobacteria	1089.937	0.0	544.9685
spe	483	447	1736.705	1590.07	1663.3875
los	447	446	1590.07	1389.555	1489.8125
spe	447	439	1590.07	1430.985	1510.5275
los	439	GCF.001613805.1.Bacteria.Proteobacteria	1430.985	0.0	715.4925
dup	439	GCA.002723345.1.Bacteria.Proteobacteria	1430.985	0.0	715.4925
hgt	468	GCF.900167455.1.Bacteria.Proteobacteria	1270.185	0.0	635.0925
hgt	741	GCA.003220615.1.Bacteria.Methylomirabilota	2099.065	0.0	1049.5325
dup	439	GCA.002723345.1.Bacteria.Proteobacteria	1430.985	0.0	715.4925
dup	483	447	1736.705	1590.07	1663.3875
spe	483	447	1736.705	1590.07	1663.3875
spe	447	439	1590.07	1430.985	1510.5275
los	439	GCF.001613805.1.Bacteria.Proteobacteria	1430.985	0.0	715.4925
spe	447	446	1590.07	1389.555	1489.8125
spe	446	445	1389.555	1267.47	1328.5125
los	445	GCA.002717225.1.Bacteria.Proteobacteria	1267.47	0.0	633.735
spe	445	444	1267.47	1089.937	1178.7035
los	444	GCA.002686135.1.Bacteria.Proteobacteria	1089.937	0.0	544.9685
spe	483	447	1736.705	1590.07	1663.3875
spe	447	439	1590.07	1430.985	1510.5275
los	439	GCF.001613805.1.Bacteria.Proteobacteria	1430.985	0.0	715.4925
spe	447	446	1590.07	1389.555	1489.8125
los	446	GCA.002717185.1.Bacteria.Proteobacteria	1389.555	0.0	694.7775
spe	446	445	1389.555	1267.47	1328.5125
los	445	GCA.002717225.1.Bacteria.Proteobacteria	1267.47	0.0	633.735
spe	445	444	1267.47	1089.937	1178.7035
los	444	GCA.002686135.1.Bacteria.Proteobacteria	1089.937	0.0	544.9685
dup	444	GCA.002348425.1.Bacteria.Proteobacteria	1089.937	0.0	544.9685
spe	483	447	1736.705	1590.07	1663.3875
spe	447	439	1590.07	1430.985	1510.5275
los	439	GCF.001613805.1.Bacteria.Proteobacteria	1430.985	0.0	715.4925
spe	447	446	1590.07	1389.555	1489.8125
los	446	GCA.002717185.1.Bacteria.Proteobacteria	1389.555	0.0	694.7775
spe	446	445	1389.555	1267.47	1328.5125
los	445	GCA.002717225.1.Bacteria.Proteobacteria	1267.47	0.0	633.735
spe	445	444	1267.47	1089.937	1178.7035
los	444	GCA.002686135.1.Bacteria.Proteobacteria	1089.937	0.0	544.9685
dup	444	GCA.002348425.1.Bacteria.Proteobacteria	1089.937	0.0	544.9685
hgt	489	GCA.002348365.1.Bacteria.Proteobacteria	1225.83	0.0	612.915
spe	513	512	1786.09	1671.055	1728.5725
hgt	None	dead	0.0	0.0	0.0
los	512	511	1671.055	1589.625	1630.34
hgt	445	GCA.002717225.1.Bacteria.Proteobacteria	1267.47	0.0	633.735
los	None	dead	0.0	0.0	0.0
spe	512	486	1671.055	1393.215	1532.135
los	486	GCF.000264455.2.Bacteria.Proteobacteria	1393.215	0.0	696.6075
spe	515	514	2002.575	1851.4	1926.9875
los	514	436	1851.4	1731.205	1791.3025
dup	514	513	1851.4	1786.09	1818.745
dup	514	513	1851.4	1786.09	1818.745
spe	514	513	1851.4	1786.09	1818.745
los	513	483	1786.09	1736.705	1761.3975
spe	513	512	1786.09	1671.055	1728.5725
los	512	486	1671.055	1393.215	1532.135
spe	512	511	1671.055	1589.625	1630.34
los	511	510	1589.625	1517.685	1553.655
dup	511	489	1589.625	1225.83	1407.7275
dup	511	489	1589.625	1225.83	1407.7275
spe	511	489	1589.625	1225.83	1407.7275
los	489	GCA.002701885.1.Bacteria.Proteobacteria	1225.83	0.0	612.915
hgt	469	468	1451.305	1270.185	1360.745
spe	511	489	1589.625	1225.83	1407.7275
los	489	GCA.002701885.1.Bacteria.Proteobacteria	1225.83	0.0	612.915
spe	469	468	1451.305	1270.185	1360.745
spe	468	467	1270.185	1108.71	1189.4475
los	467	GCA.002291925.1.Bacteria.Proteobacteria	1108.71	0.0	554.355
spe	511	489	1589.625	1225.83	1407.7275
los	489	GCA.002701885.1.Bacteria.Proteobacteria	1225.83	0.0	612.915
dup	489	GCA.002348365.1.Bacteria.Proteobacteria	1225.83	0.0	612.915
spe	514	513	1851.4	1786.09	1818.745
spe	513	483	1786.09	1736.705	1761.3975
los	483	447	1736.705	1590.07	1663.3875
spe	483	482	1736.705	1642.38	1689.5425
spe	482	481	1642.38	1564.755	1603.5675
los	481	480	1564.755	1431.52	1498.1375
spe	481	469	1564.755	1451.305	1508.03
los	469	463	1451.305	1313.945	1382.625
spe	469	468	1451.305	1270.185	1360.745
los	468	GCF.900167455.1.Bacteria.Proteobacteria	1270.185	0.0	635.0925
spe	468	467	1270.185	1108.71	1189.4475
los	467	GCA.002291925.1.Bacteria.Proteobacteria	1108.71	0.0	554.355
spe	482	458	1642.38	1513.53	1577.955
spe	458	456	1513.53	1329.135	1421.3325
los	456	GCF.002148795.1.Bacteria.Proteobacteria	1329.135	0.0	664.5675
spe	456	455	1329.135	974.476	1151.8055
los	455	454	974.476	839.502	906.989
hgt	498	GCA.002731375.1.Bacteria.Proteobacteria	1143.1505	0.0	571.57525
los	458	GCA.002340345.1.Bacteria.Proteobacteria	1513.53	0.0	756.765
spe	513	512	1786.09	1671.055	1728.5725
spe	512	486	1671.055	1393.215	1532.135
los	486	GCA.002721365.1.Bacteria.Proteobacteria	1393.215	0.0	696.6075
spe	512	511	1671.055	1589.625	1630.34
spe	511	510	1589.625	1517.685	1553.655
los	510	509	1517.685	1417.44	1467.5625
spe	510	492	1517.685	1247.39	1382.5375
los	492	GCF.900172325.1.Bacteria.Proteobacteria	1247.39	0.0	623.695
spe	511	489	1589.625	1225.83	1407.7275
los	489	GCA.002701885.1.Bacteria.Proteobacteria	1225.83	0.0	612.915
spe	514	513	1851.4	1786.09	1818.745
hgt	None	dead	0.0	0.0	0.0
hgt	498	GCA.002731375.1.Bacteria.Proteobacteria	1143.1505	0.0	571.57525
los	None	dead	0.0	0.0	0.0
spe	513	483	1786.09	1736.705	1761.3975
spe	483	447	1736.705	1590.07	1663.3875
los	447	439	1590.07	1430.985	1510.5275
spe	447	446	1590.07	1389.555	1489.8125
los	446	445	1389.555	1267.47	1328.5125
spe	483	482	1736.705	1642.38	1689.5425
spe	482	481	1642.38	1564.755	1603.5675
los	481	480	1564.755	1431.52	1498.1375
spe	481	469	1564.755	1451.305	1508.03
los	469	463	1451.305	1313.945	1382.625
spe	469	468	1451.305	1270.185	1360.745
spe	468	467	1270.185	1108.71	1189.4475
los	467	GCA.002291925.1.Bacteria.Proteobacteria	1108.71	0.0	554.355
spe	482	458	1642.38	1513.53	1577.955
los	458	GCA.002340345.1.Bacteria.Proteobacteria	1513.53	0.0	756.765
spe	458	456	1513.53	1329.135	1421.3325
spe	456	455	1329.135	974.476	1151.8055
spe	455	454	974.476	839.502	906.989
spe	454	453	839.502	720.6325	780.06725
los	453	GCA.002457765.1.Bacteria.Proteobacteria	720.6325	0.0	360.31625
hgt	468	GCF.900167455.1.Bacteria.Proteobacteria	1270.185	0.0	635.0925
spe	513	512	1786.09	1671.055	1728.5725
hgt	None	dead	0.0	0.0	0.0
los	512	486	1671.055	1393.215	1532.135
hgt	434	GCA.002898275.1.Bacteria.Proteobacteria	1329.5	0.0	664.75
los	None	dead	0.0	0.0	0.0
spe	512	511	1671.055	1589.625	1630.34
los	511	489	1589.625	1225.83	1407.7275
spe	511	510	1589.625	1517.685	1553.655
spe	510	509	1517.685	1417.44	1467.5625
hgt	None	dead	0.0	0.0	0.0
los	509	508	1417.44	1290.24	1353.84
hgt	467	GCF.003258945.1.Bacteria.Proteobacteria	1108.71	0.0	554.355
los	None	dead	0.0	0.0	0.0
spe	509	495	1417.44	1152.21	1284.825
los	495	GCF.003173035.1.Bacteria.Proteobacteria	1152.21	0.0	576.105
spe	510	492	1517.685	1247.39	1382.5375
spe	515	514	2002.575	1851.4	1926.9875
spe	514	513	1851.4	1786.09	1818.745
los	513	483	1786.09	1736.705	1761.3975
spe	513	512	1786.09	1671.055	1728.5725
los	512	511	1671.055	1589.625	1630.34
spe	512	486	1671.055	1393.215	1532.135
los	486	GCF.000264455.2.Bacteria.Proteobacteria	1393.215	0.0	696.6075
spe	514	436	1851.4	1731.205	1791.3025
hgt	741	GCA.003220615.1.Bacteria.Methylomirabilota	2099.065	0.0	1049.5325
los	436	435	1731.205	1539.415	1635.31
dup	436	GCA.002722885.1.Bacteria.Proteobacteria	1731.205	0.0	865.6025
dup	436	GCA.002722885.1.Bacteria.Proteobacteria	1731.205	0.0	865.6025
spe	515	514	2002.575	1851.4	1926.9875
los	514	436	1851.4	1731.205	1791.3025
spe	514	513	1851.4	1786.09	1818.745
spe	513	483	1786.09	1736.705	1761.3975
los	483	482	1736.705	1642.38	1689.5425
spe	483	447	1736.705	1590.07	1663.3875
los	447	439	1590.07	1430.985	1510.5275
spe	447	446	1590.07	1389.555	1489.8125
los	446	445	1389.555	1267.47	1328.5125
spe	513	512	1786.09	1671.055	1728.5725
los	512	511	1671.055	1589.625	1630.34
spe	512	486	1671.055	1393.215	1532.135
hgt	468	GCF.900167455.1.Bacteria.Proteobacteria	1270.185	0.0	635.0925
spe	515	514	2002.575	1851.4	1926.9875
spe	514	436	1851.4	1731.205	1791.3025
los	436	GCA.002722885.1.Bacteria.Proteobacteria	1731.205	0.0	865.6025
spe	436	435	1731.205	1539.415	1635.31
los	435	434	1539.415	1329.5	1434.4575
spe	514	513	1851.4	1786.09	1818.745
spe	513	483	1786.09	1736.705	1761.3975
los	483	447	1736.705	1590.07	1663.3875
spe	483	482	1736.705	1642.38	1689.5425
los	482	458	1642.38	1513.53	1577.955
spe	482	481	1642.38	1564.755	1603.5675
los	481	480	1564.755	1431.52	1498.1375
spe	481	469	1564.755	1451.305	1508.03
los	469	468	1451.305	1270.185	1360.745
spe	469	463	1451.305	1313.945	1382.625
los	463	GCF.002251795.1.Bacteria.Proteobacteria	1313.945	0.0	656.9725
spe	463	462	1313.945	1065.146	1189.5455
los	462	GCF.006980715.1.Bacteria.Proteobacteria	1065.146	0.0	532.573
spe	513	512	1786.09	1671.055	1728.5725
los	512	511	1671.055	1589.625	1630.34
spe	512	486	1671.055	1393.215	1532.135
los	486	GCA.002721365.1.Bacteria.Proteobacteria	1393.215	0.0	696.6075
hgt	None	dead	0.0	0.0	0.0
spe	515	514	2002.575	1851.4	1926.9875
spe	514	513	1851.4	1786.09	1818.745
los	513	512	1786.09	1671.055	1728.5725
spe	513	483	1786.09	1736.705	1761.3975
los	483	447	1736.705	1590.07	1663.3875
spe	483	482	1736.705	1642.38	1689.5425
spe	482	481	1642.38	1564.755	1603.5675
los	481	480	1564.755	1431.52	1498.1375
spe	481	469	1564.755	1451.305	1508.03
los	469	463	1451.305	1313.945	1382.625
spe	469	468	1451.305	1270.185	1360.745
los	468	GCF.900167455.1.Bacteria.Proteobacteria	1270.185	0.0	635.0925
spe	468	467	1270.185	1108.71	1189.4475
los	467	GCA.002291925.1.Bacteria.Proteobacteria	1108.71	0.0	554.355
spe	482	458	1642.38	1513.53	1577.955
los	458	GCA.002340345.1.Bacteria.Proteobacteria	1513.53	0.0	756.765
spe	458	456	1513.53	1329.135	1421.3325
spe	456	455	1329.135	974.476	1151.8055
los	455	454	974.476	839.502	906.989
spe	514	436	1851.4	1731.205	1791.3025
hgt	492	GCF.002798435.1.Bacteria.Proteobacteria	1247.39	0.0	623.695
los	436	GCA.002722885.1.Bacteria.Proteobacteria	1731.205	0.0	865.6025
spe	436	435	1731.205	1539.415	1635.31
los	435	GCA.006969625.1.Bacteria.Proteobacteria	1539.415	0.0	769.7075
spe	435	434	1539.415	1329.5	1434.4575
los	434	GCA.002898275.1.Bacteria.Proteobacteria	1329.5	0.0	664.75
dup	None	dead	0.0	0.0	0.0
hgt	574	GCF.000374645.1.Bacteria.Proteobacteria	1374.275	0.0	687.1375
los	None	dead	0.0	0.0	0.0
hgt	552	GCF.001614315.2.Bacteria.Proteobacteria	1397.305	0.0	698.6525
los	None	dead	0.0	0.0	0.0
spe	1476	1475	2783.015	2647.025	2715.02
spe	1475	1463	2647.025	2401.705	2524.365
los	1463	1457	2401.705	1966.385	2184.045
spe	1463	1462	2401.705	2298.115	2349.91
los	1462	GCA.002436065.1.Bacteria.Chloroflexota	2298.115	0.0	1149.0575
spe	1462	1461	2298.115	1906.91	2102.5125
los	1461	GCA.002347925.1.Bacteria.Chloroflexota	1906.91	0.0	953.455
spe	1475	1474	2647.025	2497.34	2572.1825
los	1474	1473	2497.34	1423.81	1960.575
spe	1474	1470	2497.34	2147.93	2322.635
spe	1470	1469	2147.93	1964.555	2056.2425
los	1469	GCA.001898225.1.Bacteria.Chloroflexota	1964.555	0.0	982.2775
spe	1469	1467	1964.555	1808.245	1886.4
los	1467	GCA.002440805.1.Bacteria.Chloroflexota	1808.245	0.0	904.1225
hgt	1338	1337	1618.77	1358.655	1488.7125
hgt	1406	GCA.002710215.1.Bacteria.Chloroflexota	1650.16	0.0	825.08
hgt	1228	GCA.003023725.1.Bacteria.Firmicutes.E	2207.365	0.0	1103.6825
spe	1338	1337	1618.77	1358.655	1488.7125
hgt	1379	1355	1514.47	1273.085	1393.7775
spe	1379	1355	1514.47	1273.085	1393.7775
hgt	None	dead	0.0	0.0	0.0
hgt	1226	GCA.003242195.1.Bacteria.Firmicutes.E	1819.185	0.0	909.5925
los	None	dead	0.0	0.0	0.0
spe	1186	1185	2936.225	2773.915	2855.07
spe	1185	1184	2773.915	2619.05	2696.4825
hgt	None	dead	0.0	0.0	0.0
los	1184	1183	2619.05	2026.845	2322.9475
hgt	1158	GCF.001942305.1.Bacteria.Actinobacteriota	905.248	0.0	452.624
los	None	dead	0.0	0.0	0.0
spe	1184	1180	2619.05	2187.185	2403.1175
los	1180	1179	2187.185	1862.535	2024.86
dup	1180	GCF.001029505.1.Bacteria.Actinobacteriota	2187.185	0.0	1093.5925
spe	1185	1169	2773.915	2396.405	2585.16
los	1169	1145	2396.405	2028.235	2212.32
spe	1169	1168	2396.405	2301.295	2348.85
spe	1168	1148	2301.295	1851.865	2076.58
los	1148	GCA.003021615.1.Bacteria.Actinobacteriota	1851.865	0.0	925.9325
spe	1168	1167	2301.295	2105.28	2203.2875
los	1167	GCA.002413185.1.Bacteria.Actinobacteriota	2105.28	0.0	1052.64
spe	1167	1166	2105.28	1472.335	1788.8075
spe	1166	1165	1472.335	1325.685	1399.01
spe	1165	1164	1325.685	1172.8835	1249.28425
los	1164	1160	1172.8835	1016.58	1094.73175
spe	1164	1163	1172.8835	995.9815	1084.4325
los	1163	GCA.001437855.1.Bacteria.Actinobacteriota	995.9815	0.0	497.99075
spe	1165	1155	1325.685	1195.766	1260.7255
hgt	1158	GCF.900106035.1.Bacteria.Actinobacteriota	905.248	0.0	452.624
los	1155	GCF.003443735.1.Bacteria.Actinobacteriota	1195.766	0.0	597.883
spe	1155	1154	1195.766	907.0585	1051.41225
hgt	742	741	2707.335	2099.065	2403.2
los	1477	1431	3024.12	2678.945	2851.5325
dup	742	741	2707.335	2099.065	2403.2
hgt	139	109	2917.505	2602.795	2760.15
dup	742	741	2707.335	2099.065	2403.2
hgt	None	dead	0.0	0.0	0.0
hgt	1185	1169	2773.915	2396.405	2585.16
spe	742	741	2707.335	2099.065	2403.2
hgt	796	GCA.002238415.1.Bacteria.Desulfobacterota.B	1757.055	0.0	878.5275
los	741	GCA.001771285.1.Bacteria.Methylomirabilota	2099.065	0.0	1049.5325
dup	796	GCA.002238415.1.Bacteria.Desulfobacterota.B	1757.055	0.0	878.5275
dup	796	GCA.002238415.1.Bacteria.Desulfobacterota.B	1757.055	0.0	878.5275
dup	796	GCA.002238415.1.Bacteria.Desulfobacterota.B	1757.055	0.0	878.5275
dup	741	GCA.003220615.1.Bacteria.Methylomirabilota	2099.065	0.0	1049.5325
hgt	1402	GCA.003228115.1.Bacteria.Chloroflexota	1732.845	0.0	866.4225
hgt	514	513	1851.4	1786.09	1818.745
dup	741	GCA.003220615.1.Bacteria.Methylomirabilota	2099.065	0.0	1049.5325
hgt	483	447	1736.705	1590.07	1663.3875
spe	483	447	1736.705	1590.07	1663.3875
spe	447	439	1590.07	1430.985	1510.5275
hgt	462	GCF.006980715.1.Bacteria.Proteobacteria	1065.146	0.0	532.573
los	439	GCF.001613805.1.Bacteria.Proteobacteria	1430.985	0.0	715.4925
hgt	495	GCA.002796975.1.Bacteria.Proteobacteria	1152.21	0.0	576.105
dup	447	446	1590.07	1389.555	1489.8125
spe	447	446	1590.07	1389.555	1489.8125
hgt	None	dead	0.0	0.0	0.0
los	446	445	1389.555	1267.47	1328.5125
hgt	498	GCA.002731375.1.Bacteria.Proteobacteria	1143.1505	0.0	571.57525
los	None	dead	0.0	0.0	0.0
spe	447	446	1590.07	1389.555	1489.8125
spe	446	445	1389.555	1267.47	1328.5125
los	445	GCA.002717225.1.Bacteria.Proteobacteria	1267.47	0.0	633.735
spe	445	444	1267.47	1089.937	1178.7035
los	444	GCA.002686135.1.Bacteria.Proteobacteria	1089.937	0.0	544.9685
hgt	796	GCA.002238415.1.Bacteria.Desulfobacterota.B	1757.055	0.0	878.5275
hgt	498	GCA.002731375.1.Bacteria.Proteobacteria	1143.1505	0.0	571.57525
spe	514	513	1851.4	1786.09	1818.745
dup	513	483	1786.09	1736.705	1761.3975
spe	513	483	1786.09	1736.705	1761.3975
los	483	482	1736.705	1642.38	1689.5425
spe	483	447	1736.705	1590.07	1663.3875
los	447	439	1590.07	1430.985	1510.5275
spe	447	446	1590.07	1389.555	1489.8125
los	446	445	1389.555	1267.47	1328.5125
hgt	None	dead	0.0	0.0	0.0
hgt	498	GCA.002731375.1.Bacteria.Proteobacteria	1143.1505	0.0	571.57525
los	None	dead	0.0	0.0	0.0
spe	513	483	1786.09	1736.705	1761.3975
spe	483	447	1736.705	1590.07	1663.3875
los	447	439	1590.07	1430.985	1510.5275
spe	447	446	1590.07	1389.555	1489.8125
los	446	445	1389.555	1267.47	1328.5125
spe	483	482	1736.705	1642.38	1689.5425
spe	482	458	1642.38	1513.53	1577.955
los	458	GCA.002340345.1.Bacteria.Proteobacteria	1513.53	0.0	756.765
spe	458	456	1513.53	1329.135	1421.3325
los	456	455	1329.135	974.476	1151.8055
hgt	None	dead	0.0	0.0	0.0
los	482	481	1642.38	1564.755	1603.5675
hgt	435	GCA.006969625.1.Bacteria.Proteobacteria	1539.415	0.0	769.7075
los	None	dead	0.0	0.0	0.0
spe	513	512	1786.09	1671.055	1728.5725
los	512	486	1671.055	1393.215	1532.135
spe	512	511	1671.055	1589.625	1630.34
los	511	510	1589.625	1517.685	1553.655
spe	511	489	1589.625	1225.83	1407.7275
los	489	GCA.002701885.1.Bacteria.Proteobacteria	1225.83	0.0	612.915
dup	489	GCA.002348365.1.Bacteria.Proteobacteria	1225.83	0.0	612.915
spe	1185	1169	2773.915	2396.405	2585.16
spe	1169	1168	2396.405	2301.295	2348.85
spe	1168	1167	2301.295	2105.28	2203.2875
los	1167	GCA.002413185.1.Bacteria.Actinobacteriota	2105.28	0.0	1052.64
spe	1167	1166	2105.28	1472.335	1788.8075
los	1166	GCF.004348535.1.Bacteria.Actinobacteriota	1472.335	0.0	736.1675
spe	1166	1165	1472.335	1325.685	1399.01
los	1165	1155	1325.685	1195.766	1260.7255
spe	1165	1164	1325.685	1172.8835	1249.28425
los	1164	1163	1172.8835	995.9815	1084.4325
spe	1164	1160	1172.8835	1016.58	1094.73175
los	1160	GCF.000015025.1.Bacteria.Actinobacteriota	1016.58	0.0	508.29
spe	1160	1158	1016.58	905.248	960.914
los	1158	GCF.900106035.1.Bacteria.Actinobacteriota	905.248	0.0	452.624
spe	1168	1148	2301.295	1851.865	2076.58
los	1148	GCA.003021615.1.Bacteria.Actinobacteriota	1851.865	0.0	925.9325
spe	1169	1145	2396.405	2028.235	2212.32
hgt	1338	1337	1618.77	1358.655	1488.7125
los	1145	GCA.001767695.1.Bacteria.Actinobacteriota	2028.235	0.0	1014.1175
spe	1338	1337	1618.77	1358.655	1488.7125
spe	1145	1143	2028.235	1828.16	1928.1975
hgt	536	GCF.900111015.1.Bacteria.Proteobacteria	1887.95	0.0	943.975
los	1143	GCA.002352645.1.Bacteria.Actinobacteriota	1828.16	0.0	914.08
spe	1143	1141	1828.16	1437.0	1632.58
los	1141	1140	1437.0	1211.153	1324.0765
dup	1141	GCA.003140175.1.Bacteria.Actinobacteriota	1437.0	0.0	718.5
dup	None	dead	0.0	0.0	0.0
hgt	107	GCA.003019535.1.Archaea.Thermoproteota	1874.74	0.0	937.37
los	None	dead	0.0	0.0	0.0
hgt	797	796	1933.19	1757.055	1845.1225
los	None	dead	0.0	0.0	0.0
spe	797	796	1933.19	1757.055	1845.1225
spe	796	795	1757.055	1569.94	1663.4975
los	795	791	1569.94	1320.57	1445.255
spe	795	794	1569.94	1455.87	1512.905
los	794	GCA.003161515.1.Bacteria.Desulfobacterota.B	1455.87	0.0	727.935
dup	796	GCA.002238415.1.Bacteria.Desulfobacterota.B	1757.055	0.0	878.5275
hgt	1382	1381	1812.955	1697.085	1755.02
spe	1382	1381	1812.955	1697.085	1755.02
spe	1381	1351	1697.085	1602.01	1649.5475
los	1351	1350	1602.01	1409.0	1505.505
spe	1351	1347	1602.01	1294.365	1448.1875
los	1347	GCF.001561915.1.Bacteria.Firmicutes	1294.365	0.0	647.1825
spe	1381	1380	1697.085	1588.96	1643.0225
los	1380	GCF.001049895.1.Bacteria.Firmicutes	1588.96	0.0	794.48
spe	1380	1379	1588.96	1514.47	1551.715
los	1379	1378	1514.47	1207.485	1360.9775
spe	1379	1355	1514.47	1273.085	1393.7775
los	1355	GCF.000503775.1.Bacteria.Firmicutes	1273.085	0.0	636.5425
hgt	1347	GCF.900099895.1.Bacteria.Firmicutes	1294.365	0.0	647.1825
hgt	None	dead	0.0	0.0	0.0
dup	None	dead	0.0	0.0	0.0
dup	None	dead	0.0	0.0	0.0
hgt	445	GCA.002717225.1.Bacteria.Proteobacteria	1267.47	0.0	633.735
los	None	dead	0.0	0.0	0.0
hgt	1177	GCA.001464275.1.Bacteria.Actinobacteriota	1440.505	0.0	720.2525
los	None	dead	0.0	0.0	0.0
hgt	1166	1165	1472.335	1325.685	1399.01
los	None	dead	0.0	0.0	0.0
spe	1166	1165	1472.335	1325.685	1399.01
spe	1165	1155	1325.685	1195.766	1260.7255
los	1155	GCF.003443735.1.Bacteria.Actinobacteriota	1195.766	0.0	597.883
spe	1155	1154	1195.766	907.0585	1051.41225
los	1154	GCF.003047285.1.Bacteria.Actinobacteriota	907.0585	0.0	453.52925
spe	1165	1164	1325.685	1172.8835	1249.28425
los	1164	1160	1172.8835	1016.58	1094.73175
spe	1164	1163	1172.8835	995.9815	1084.4325
los	1163	GCA.001437855.1.Bacteria.Actinobacteriota	995.9815	0.0	497.99075
hgt	None	dead	0.0	0.0	0.0
hgt	1228	GCA.003023725.1.Bacteria.Firmicutes.E	2207.365	0.0	1103.6825
los	None	dead	0.0	0.0	0.0
hgt	None	dead	0.0	0.0	0.0
hgt	1396	GCA.003151665.1.Bacteria.Dormibacterota	2089.7	0.0	1044.85
los	None	dead	0.0	0.0	0.0
dup	742	741	2707.335	2099.065	2403.2
dup	742	741	2707.335	2099.065	2403.2
hgt	1128	GCA.002898935.1.Bacteria.CSP1.3	3162.27	0.0	1581.135
hgt	None	dead	0.0	0.0	0.0
hgt	445	GCA.002717225.1.Bacteria.Proteobacteria	1267.47	0.0	633.735
los	None	dead	0.0	0.0	0.0
hgt	1169	1168	2396.405	2301.295	2348.85
spe	742	741	2707.335	2099.065	2403.2
hgt	445	GCA.002717225.1.Bacteria.Proteobacteria	1267.47	0.0	633.735
los	741	GCA.001771285.1.Bacteria.Methylomirabilota	2099.065	0.0	1049.5325
spe	1169	1168	2396.405	2301.295	2348.85
spe	1168	1167	2301.295	2105.28	2203.2875
los	1167	GCA.002413185.1.Bacteria.Actinobacteriota	2105.28	0.0	1052.64
spe	1167	1166	2105.28	1472.335	1788.8075
spe	1166	1165	1472.335	1325.685	1399.01
los	1165	1155	1325.685	1195.766	1260.7255
spe	1165	1164	1325.685	1172.8835	1249.28425
los	1164	1163	1172.8835	995.9815	1084.4325
spe	1164	1160	1172.8835	1016.58	1094.73175
los	1160	GCF.000015025.1.Bacteria.Actinobacteriota	1016.58	0.0	508.29
spe	1160	1158	1016.58	905.248	960.914
los	1158	GCF.001942305.1.Bacteria.Actinobacteriota	905.248	0.0	452.624
spe	1168	1148	2301.295	1851.865	2076.58
hgt	1399	GCA.002708145.1.Bacteria.Chloroflexota	1824.235	0.0	912.1175
los	1148	GCA.003021615.1.Bacteria.Actinobacteriota	1851.865	0.0	925.9325
dup	1399	GCA.002708145.1.Bacteria.Chloroflexota	1824.235	0.0	912.1175
hgt	1226	GCA.003242195.1.Bacteria.Firmicutes.E	1819.185	0.0	909.5925
hgt	1446	1440	1960.08	1813.195	1886.6375
spe	1446	1440	1960.08	1813.195	1886.6375
spe	1440	1439	1813.195	1555.635	1684.415
los	1439	GCF.900187885.1.Bacteria.Chloroflexota	1555.635	0.0	777.8175
spe	1439	1438	1555.635	1347.94	1451.7875
los	1438	1437	1347.94	1218.17	1283.055
spe	742	741	2707.335	2099.065	2403.2
hgt	483	447	1736.705	1590.07	1663.3875
los	741	GCA.001771285.1.Bacteria.Methylomirabilota	2099.065	0.0	1049.5325
spe	483	447	1736.705	1590.07	1663.3875
dup	447	446	1590.07	1389.555	1489.8125
spe	447	446	1590.07	1389.555	1489.8125
los	446	445	1389.555	1267.47	1328.5125
hgt	None	dead	0.0	0.0	0.0
hgt	453	GCA.003280605.1.Bacteria.Proteobacteria	720.6325	0.0	360.31625
los	None	dead	0.0	0.0	0.0
hgt	None	dead	0.0	0.0	0.0
hgt	489	GCA.002348365.1.Bacteria.Proteobacteria	1225.83	0.0	612.915
los	None	dead	0.0	0.0	0.0
spe	447	446	1590.07	1389.555	1489.8125
spe	446	445	1389.555	1267.47	1328.5125
los	445	GCA.002717225.1.Bacteria.Proteobacteria	1267.47	0.0	633.735
spe	445	444	1267.47	1089.937	1178.7035
los	444	GCA.002686135.1.Bacteria.Proteobacteria	1089.937	0.0	544.9685
dup	444	GCA.002348425.1.Bacteria.Proteobacteria	1089.937	0.0	544.9685
spe	447	439	1590.07	1430.985	1510.5275
los	439	GCF.001613805.1.Bacteria.Proteobacteria	1430.985	0.0	715.4925
dup	439	GCA.002723345.1.Bacteria.Proteobacteria	1430.985	0.0	715.4925
spe	742	741	2707.335	2099.065	2403.2
los	741	GCA.001771285.1.Bacteria.Methylomirabilota	2099.065	0.0	1049.5325
dup	741	GCA.003220615.1.Bacteria.Methylomirabilota	2099.065	0.0	1049.5325
hgt	1406	GCA.002710215.1.Bacteria.Chloroflexota	1650.16	0.0	825.08
hgt	1158	GCF.900106035.1.Bacteria.Actinobacteriota	905.248	0.0	452.624
hgt	462	GCF.006980715.1.Bacteria.Proteobacteria	1065.146	0.0	532.573
dup	1406	GCA.002710215.1.Bacteria.Chloroflexota	1650.16	0.0	825.08
dup	741	GCA.003220615.1.Bacteria.Methylomirabilota	2099.065	0.0	1049.5325
dup	741	GCA.003220615.1.Bacteria.Methylomirabilota	2099.065	0.0	1049.5325
hgt	746	GCF.900079095.1.Bacteria.Tectomicrobia	2036.715	0.0	1018.3575
hgt	447	446	1590.07	1389.555	1489.8125
dup	741	GCA.003220615.1.Bacteria.Methylomirabilota	2099.065	0.0	1049.5325
dup	741	GCA.003220615.1.Bacteria.Methylomirabilota	2099.065	0.0	1049.5325
hgt	None	dead	0.0	0.0	0.0
hgt	1355	GCF.000503775.1.Bacteria.Firmicutes	1273.085	0.0	636.5425
los	None	dead	0.0	0.0	0.0
spe	447	446	1590.07	1389.555	1489.8125
spe	446	445	1389.555	1267.47	1328.5125
los	445	GCA.002717225.1.Bacteria.Proteobacteria	1267.47	0.0	633.735
spe	445	444	1267.47	1089.937	1178.7035
los	444	GCA.002686135.1.Bacteria.Proteobacteria	1089.937	0.0	544.9685
spe	139	109	2917.505	2602.795	2760.15
spe	109	108	2602.795	2228.635	2415.715
los	108	GCF.000148385.1.Archaea.Thermoproteota	2228.635	0.0	1114.3175
spe	108	107	2228.635	1874.74	2051.6875
los	107	GCA.001717025.1.Archaea.Thermoproteota	1874.74	0.0	937.37
spe	109	103	2602.795	2146.08	2374.4375
los	103	GCA.002254745.1.Archaea.Thermoproteota	2146.08	0.0	1073.04
spe	103	101	2146.08	1883.85	2014.965
los	101	99	1883.85	1639.4	1761.625
hgt	1185	1169	2773.915	2396.405	2585.16
hgt	None	dead	0.0	0.0	0.0
dup	None	dead	0.0	0.0	0.0
hgt	468	GCF.900167455.1.Bacteria.Proteobacteria	1270.185	0.0	635.0925
los	None	dead	0.0	0.0	0.0
hgt	849	GCF.000266945.1.Bacteria.Desulfobacterota	1938.415	0.0	969.2075
los	None	dead	0.0	0.0	0.0
dup	742	741	2707.335	2099.065	2403.2
hgt	1474	1470	2497.34	2147.93	2322.635
spe	742	741	2707.335	2099.065	2403.2
los	741	GCA.001771285.1.Bacteria.Methylomirabilota	2099.065	0.0	1049.5325
spe	1474	1470	2497.34	2147.93	2322.635
spe	1470	1469	2147.93	1964.555	2056.2425
los	1469	GCA.001898225.1.Bacteria.Chloroflexota	1964.555	0.0	982.2775
spe	1469	1467	1964.555	1808.245	1886.4
los	1467	GCA.002292925.1.Bacteria.Chloroflexota	1808.245	0.0	904.1225
spe	742	741	2707.335	2099.065	2403.2
dup	741	GCA.003220615.1.Bacteria.Methylomirabilota	2099.065	0.0	1049.5325
dup	741	GCA.003220615.1.Bacteria.Methylomirabilota	2099.065	0.0	1049.5325
hgt	1128	GCA.002898935.1.Bacteria.CSP1.3	3162.27	0.0	1581.135
hgt	1402	GCA.003228115.1.Bacteria.Chloroflexota	1732.845	0.0	866.4225
los	741	GCA.001771285.1.Bacteria.Methylomirabilota	2099.065	0.0	1049.5325
dup	1402	GCA.003228115.1.Bacteria.Chloroflexota	1732.845	0.0	866.4225
hgt	746	GCF.900079095.1.Bacteria.Tectomicrobia	2036.715	0.0	1018.3575
dup	746	GCF.900079095.1.Bacteria.Tectomicrobia	2036.715	0.0	1018.3575
hgt	1406	GCA.002710215.1.Bacteria.Chloroflexota	1650.16	0.0	825.08
dup	1406	GCA.002710215.1.Bacteria.Chloroflexota	1650.16	0.0	825.08
dup	1406	GCA.002710215.1.Bacteria.Chloroflexota	1650.16	0.0	825.08
spe	1185	1169	2773.915	2396.405	2585.16
spe	1169	1168	2396.405	2301.295	2348.85
los	1168	1167	2301.295	2105.28	2203.2875
spe	1168	1148	2301.295	1851.865	2076.58
los	1148	GCA.003021615.1.Bacteria.Actinobacteriota	1851.865	0.0	925.9325
spe	1169	1145	2396.405	2028.235	2212.32
hgt	1469	GCA.001898225.1.Bacteria.Chloroflexota	1964.555	0.0	982.2775
los	1145	GCA.001767695.1.Bacteria.Actinobacteriota	2028.235	0.0	1014.1175
hgt	None	dead	0.0	0.0	0.0
hgt	680	GCA.002238705.1.Bacteria.Acidobacteriota	1748.645	0.0	874.3225
los	None	dead	0.0	0.0	0.0
dup	1145	1143	2028.235	1828.16	1928.1975
spe	1145	1143	2028.235	1828.16	1928.1975
spe	1143	1141	1828.16	1437.0	1632.58
hgt	444	GCA.002686135.1.Bacteria.Proteobacteria	1089.937	0.0	544.9685
los	1141	GCA.003140175.1.Bacteria.Actinobacteriota	1437.0	0.0	718.5
spe	1141	1140	1437.0	1211.153	1324.0765
los	1140	GCA.003162395.1.Bacteria.Actinobacteriota	1211.153	0.0	605.5765
spe	1145	1143	2028.235	1828.16	1928.1975
hgt	1396	GCA.003151665.1.Bacteria.Dormibacterota	2089.7	0.0	1044.85
los	1143	GCA.002352645.1.Bacteria.Actinobacteriota	1828.16	0.0	914.08
spe	1143	1141	1828.16	1437.0	1632.58
spe	1141	1140	1437.0	1211.153	1324.0765
los	1140	GCA.003162395.1.Bacteria.Actinobacteriota	1211.153	0.0	605.5765
