event	left_node	right_node	left_date	right_date	midpoint_date
spe	179	178	3713.54	3649.25	3681.395
spe	178	32	3649.25	3162.845	3406.0475
spe	32	31	3162.845	2674.29	2918.5675
los	31	GCA.001723855.1.Archaea.Altiarchaeota	2674.29	0.0	1337.145
spe	31	29	2674.29	2073.58	2373.935
los	29	GCA.002254565.1.Archaea.Altiarchaeota	2073.58	0.0	1036.79
spe	32	26	3162.845	606.986	1884.9155
dup	178	177	3649.25	3486.475	3567.8625
spe	178	177	3649.25	3486.475	3567.8625
spe	177	95	3486.475	3251.76	3369.1175
spe	95	94	3251.76	3195.115	3223.4375
los	94	42	3195.115	2648.12	2921.6175
spe	94	93	3195.115	2978.785	3086.95
los	93	GCF.000025525.1.Archaea.Methanobacteriota.A	2978.785	0.0	1489.3925
spe	93	92	2978.785	2820.295	2899.54
los	92	91	2820.295	2456.155	2638.225
dup	92	70	2820.295	2306.48	2563.3875
spe	92	70	2820.295	2306.48	2563.3875
spe	70	54	2306.48	2132.505	2219.4925
los	54	48	2132.505	1954.89	2043.6975
spe	54	53	2132.505	1748.97	1940.7375
los	53	52	1748.97	1459.595	1604.2825
spe	70	69	2306.48	2110.085	2208.2825
los	69	68	2110.085	1880.675	1995.38
spe	69	61	2110.085	1994.0	2052.0425
los	61	GCA.002497685.1.Archaea.Thermoplasmatota	1994.0	0.0	997.0
spe	61	60	1994.0	1729.97	1861.985
spe	60	59	1729.97	1444.935	1587.4525
los	59	GCA.002011395.1.Archaea.Thermoplasmatota	1444.935	0.0	722.4675
spe	92	70	2820.295	2306.48	2563.3875
spe	70	69	2306.48	2110.085	2208.2825
los	69	61	2110.085	1994.0	2052.0425
spe	69	68	2110.085	1880.675	1995.38
spe	68	67	1880.675	1685.635	1783.155
los	67	GCA.001421185.1.Archaea.Thermoplasmatota	1685.635	0.0	842.8175
spe	67	65	1685.635	1417.775	1551.705
los	65	GCA.001595885.1.Archaea.Thermoplasmatota	1417.775	0.0	708.8875
spe	70	54	2306.48	2132.505	2219.4925
los	54	53	2132.505	1748.97	1940.7375
hgt	None	dead	0.0	0.0	0.0
hgt	137	GCA.002255045.1.Archaea.Thermoproteota	2491.115	0.0	1245.5575
los	None	dead	0.0	0.0	0.0
spe	54	48	2132.505	1954.89	2043.6975
los	48	GCA.003009755.1.Archaea.Thermoplasmatota	1954.89	0.0	977.445
spe	48	47	1954.89	1758.69	1856.79
spe	95	39	3251.76	2961.96	3106.86
los	39	38	2961.96	2493.245	2727.6025
hgt	None	dead	0.0	0.0	0.0
hgt	77	GCA.003194435.1.Archaea.Halobacteriota	1646.475	0.0	823.2375
los	None	dead	0.0	0.0	0.0
spe	39	35	2961.96	2647.665	2804.8125
los	35	GCA.001587715.1.Archaea.Methanobacteriota.B	2647.665	0.0	1323.8325
hgt	None	dead	0.0	0.0	0.0
hgt	1068	GCA.002428295.1.Bacteria.Caldisericota	1804.715	0.0	902.3575
los	None	dead	0.0	0.0	0.0
spe	177	176	3486.475	3232.565	3359.52
spe	176	140	3232.565	3044.4	3138.4825
los	140	GCF.000019605.1.Archaea.Thermoproteota	3044.4	0.0	1522.2
dup	140	139	3044.4	2917.505	2980.9525
spe	140	139	3044.4	2917.505	2980.9525
spe	139	109	2917.505	2602.795	2760.15
spe	109	108	2602.795	2228.635	2415.715
los	108	107	2228.635	1874.74	2051.6875
dup	109	103	2602.795	2146.08	2374.4375
spe	109	103	2602.795	2146.08	2374.4375
los	103	GCA.002254745.1.Archaea.Thermoproteota	2146.08	0.0	1073.04
spe	103	101	2146.08	1883.85	2014.965
los	101	GCF.000011205.1.Archaea.Thermoproteota	1883.85	0.0	941.925
spe	101	99	1883.85	1639.4	1761.625
los	99	GCF.001481685.1.Archaea.Thermoproteota	1639.4	0.0	819.7
spe	109	103	2602.795	2146.08	2374.4375
spe	103	101	2146.08	1883.85	2014.965
los	101	99	1883.85	1639.4	1761.625
spe	139	138	2917.505	2764.09	2840.7975
spe	138	137	2764.09	2491.115	2627.6025
los	137	GCA.002255045.1.Archaea.Thermoproteota	2491.115	0.0	1245.5575
spe	137	136	2491.115	2332.2	2411.6575
los	136	GCA.000375685.1.Archaea.Thermoproteota	2332.2	0.0	1166.1
spe	136	134	2332.2	2080.28	2206.24
los	134	130	2080.28	1916.685	1998.4825
spe	134	133	2080.28	1814.08	1947.18
los	133	GCA.000405685.1.Archaea.Thermoproteota	1814.08	0.0	907.04
spe	138	124	2764.09	2515.505	2639.7975
los	124	GCA.002495485.1.Archaea.Thermoproteota	2515.505	0.0	1257.7525
spe	124	123	2515.505	2385.055	2450.28
spe	123	113	2385.055	2111.275	2248.165
los	113	GCA.001593865.1.Archaea.Thermoproteota	2111.275	0.0	1055.6375
spe	123	122	2385.055	2203.735	2294.395
spe	122	118	2203.735	1963.41	2083.5725
los	118	116	1963.41	1247.9685	1605.68925
hgt	None	dead	0.0	0.0	0.0
hgt	143	GCA.001940655.1.Archaea.Asgardarchaeota	2506.355	0.0	1253.1775
los	None	dead	0.0	0.0	0.0
spe	122	121	2203.735	1743.665	1973.7
spe	140	139	3044.4	2917.505	2980.9525
spe	139	109	2917.505	2602.795	2760.15
los	109	103	2602.795	2146.08	2374.4375
spe	109	108	2602.795	2228.635	2415.715
los	108	GCF.000148385.1.Archaea.Thermoproteota	2228.635	0.0	1114.3175
spe	108	107	2228.635	1874.74	2051.6875
spe	139	138	2917.505	2764.09	2840.7975
los	138	124	2764.09	2515.505	2639.7975
spe	138	137	2764.09	2491.115	2627.6025
los	137	GCA.002255045.1.Archaea.Thermoproteota	2491.115	0.0	1245.5575
spe	137	136	2491.115	2332.2	2411.6575
los	136	GCA.000375685.1.Archaea.Thermoproteota	2332.2	0.0	1166.1
spe	136	134	2332.2	2080.28	2206.24
spe	134	130	2080.28	1916.685	1998.4825
los	130	GCA.001510295.1.Archaea.Thermoproteota	1916.685	0.0	958.3425
spe	130	128	1916.685	930.467	1423.576
hgt	None	dead	0.0	0.0	0.0
hgt	31	GCA.001723855.1.Archaea.Altiarchaeota	2674.29	0.0	1337.145
los	None	dead	0.0	0.0	0.0
spe	134	133	2080.28	1814.08	1947.18
hgt	None	dead	0.0	0.0	0.0
los	133	GCA.002506605.1.Archaea.Thermoproteota	1814.08	0.0	907.04
hgt	99	GCF.001481685.1.Archaea.Thermoproteota	1639.4	0.0	819.7
los	None	dead	0.0	0.0	0.0
spe	176	175	3232.565	3094.86	3163.7125
los	175	143	3094.86	2506.355	2800.6075
hgt	None	dead	0.0	0.0	0.0
spe	175	174	3094.86	2978.795	3036.8275
los	174	173	2978.795	2879.565	2929.18
hgt	113	GCA.001593865.1.Archaea.Thermoproteota	2111.275	0.0	1055.6375
los	None	dead	0.0	0.0	0.0
spe	178	177	3649.25	3486.475	3567.8625
hgt	None	dead	0.0	0.0	0.0
hgt	None	dead	0.0	0.0	0.0
dup	None	dead	0.0	0.0	0.0
hgt	662	661	3137.46	3082.4	3109.93
los	None	dead	0.0	0.0	0.0
spe	662	661	3137.46	3082.4	3109.93
spe	661	660	3082.4	2563.03	2822.715
hgt	None	dead	0.0	0.0	0.0
los	660	GCA.002395105.1.Bacteria.Proteobacteria	2563.03	0.0	1281.515
hgt	426	416	1807.88	1500.62	1654.25
los	None	dead	0.0	0.0	0.0
spe	426	416	1807.88	1500.62	1654.25
spe	416	415	1500.62	1271.57	1386.095
hgt	None	dead	0.0	0.0	0.0
los	415	GCA.003213135.1.Bacteria.Proteobacteria	1271.57	0.0	635.785
hgt	557	GCA.002728355.1.Bacteria.Proteobacteria	1194.24	0.0	597.12
los	None	dead	0.0	0.0	0.0
spe	660	659	2563.03	1482.555	2022.7925
spe	661	655	3082.4	3023.71	3053.055
los	655	403	3023.71	2523.57	2773.64
hgt	None	dead	0.0	0.0	0.0
spe	655	654	3023.71	2882.745	2953.2275
los	654	653	2882.745	2568.17	2725.4575
spe	654	520	2882.745	2793.675	2838.21
hgt	None	dead	0.0	0.0	0.0
hgt	880	GCA.001577715.1.Bacteria.Desulfobacterota	1550.835	0.0	775.4175
los	None	dead	0.0	0.0	0.0
spe	520	406	2793.675	2569.1	2681.3875
los	406	GCF.002795805.1.Bacteria.Proteobacteria	2569.1	0.0	1284.55
hgt	None	dead	0.0	0.0	0.0
hgt	674	GCA.002747255.1.Bacteria.Acidobacteriota	1948.825	0.0	974.4125
los	None	dead	0.0	0.0	0.0
hgt	None	dead	0.0	0.0	0.0
hgt	811	GCA.002726535.1.Bacteria.Myxococcota	1440.74	0.0	720.37
los	None	dead	0.0	0.0	0.0
hgt	None	dead	0.0	0.0	0.0
hgt	849	GCA.001896555.1.Bacteria.Desulfobacterota	1938.415	0.0	969.2075
los	None	dead	0.0	0.0	0.0
spe	520	519	2793.675	2628.48	2711.0775
los	519	GCF.002109495.1.Bacteria.Proteobacteria	2628.48	0.0	1314.24
spe	519	518	2628.48	2401.92	2515.2
los	518	GCA.002689455.1.Bacteria.Proteobacteria	2401.92	0.0	1200.96
hgt	None	dead	0.0	0.0	0.0
dup	None	dead	0.0	0.0	0.0
hgt	780	GCA.001769805.1.Bacteria.Bdellovibrionota	1805.89	0.0	902.945
los	None	dead	0.0	0.0	0.0
hgt	477	GCA.001897475.1.Bacteria.Proteobacteria	981.752	0.0	490.876
los	None	dead	0.0	0.0	0.0
spe	518	517	2401.92	2211.17	2306.545
los	517	GCA.002937675.1.Bacteria.Proteobacteria	2211.17	0.0	1105.585
spe	517	516	2211.17	2128.885	2170.0275
los	516	428	2128.885	2006.63	2067.7575
hgt	None	dead	0.0	0.0	0.0
spe	516	515	2128.885	2002.575	2065.73
los	515	514	2002.575	1851.4	1926.9875
hgt	1119	GCF.002973605.1.Bacteria.Armatimonadota	2017.9	0.0	1008.95
los	None	dead	0.0	0.0	0.0
hgt	1038	1032	2137.765	1723.11	1930.4375
los	None	dead	0.0	0.0	0.0
spe	1038	1032	2137.765	1723.11	1930.4375
hgt	1046	902	3486.69	3388.51	3437.6
los	None	dead	0.0	0.0	0.0
hgt	None	dead	0.0	0.0	0.0
hgt	598	GCA.002170535.1.Bacteria.Proteobacteria	904.2135	0.0	452.10675
los	None	dead	0.0	0.0	0.0
hgt	None	dead	0.0	0.0	0.0
spe	1046	902	3486.69	3388.51	3437.6
hgt	None	dead	0.0	0.0	0.0
hgt	None	dead	0.0	0.0	0.0
spe	902	390	3388.51	3128.085	3258.2975
los	390	GCA.002780065.1.Bacteria.UBA8481	3128.085	0.0	1564.0425
hgt	None	dead	0.0	0.0	0.0
hgt	198	GCA.002478245.1.Bacteria.UBP18	2444.64	0.0	1222.32
los	None	dead	0.0	0.0	0.0
spe	390	389	3128.085	2749.555	2938.82
spe	389	371	2749.555	2510.29	2629.9225
los	371	GCF.900112165.1.Bacteria.Spirochaetota	2510.29	0.0	1255.145
spe	371	370	2510.29	2115.08	2312.685
los	370	GCA.003497555.1.Bacteria.Spirochaetota	2115.08	0.0	1057.54
spe	389	388	2749.555	2535.365	2642.46
hgt	None	dead	0.0	0.0	0.0
los	388	376	2535.365	2164.345	2349.855
dup	None	dead	0.0	0.0	0.0
hgt	941	GCA.003477045.1.Bacteria.Delongbacteria	2334.605	0.0	1167.3025
los	None	dead	0.0	0.0	0.0
hgt	1655	GCA.001771505.1.Bacteria.Margulisbacteria	2266.66	0.0	1133.33
los	None	dead	0.0	0.0	0.0
hgt	None	dead	0.0	0.0	0.0
hgt	1068	GCA.002877955.1.Bacteria.Caldisericota	1804.715	0.0	902.3575
los	None	dead	0.0	0.0	0.0
spe	388	387	2535.365	2327.165	2431.265
los	387	386	2327.165	2009.02	2168.0925
spe	387	383	2327.165	1910.295	2118.73
hgt	None	dead	0.0	0.0	0.0
los	383	381	1910.295	1517.805	1714.05
dup	None	dead	0.0	0.0	0.0
hgt	395	GCA.002402635.1.Bacteria.Deferribacterota	1520.715	0.0	760.3575
los	None	dead	0.0	0.0	0.0
dup	None	dead	0.0	0.0	0.0
hgt	1273	GCF.000166335.1.Bacteria.Firmicutes.A	2372.06	0.0	1186.03
los	None	dead	0.0	0.0	0.0
hgt	1399	GCA.002450835.1.Bacteria.Chloroflexota	1824.235	0.0	912.1175
los	None	dead	0.0	0.0	0.0
hgt	1391	1390	3193.865	3074.65	3134.2575
los	None	dead	0.0	0.0	0.0
spe	1391	1390	3193.865	3074.65	3134.2575
spe	1390	1389	3074.65	2995.16	3034.905
hgt	None	dead	0.0	0.0	0.0
los	1389	1237	2995.16	2548.64	2771.9
hgt	183	GCA.002402105.1.Bacteria.UBP17	2959.72	0.0	1479.86
los	None	dead	0.0	0.0	0.0
dup	1389	1388	2995.16	2841.585	2918.3725
spe	1389	1388	2995.16	2841.585	2918.3725
los	1388	1274	2841.585	2600.015	2720.8
spe	1388	1387	2841.585	2774.13	2807.8575
hgt	None	dead	0.0	0.0	0.0
dup	None	dead	0.0	0.0	0.0
hgt	749	GCA.002705185.1.Bacteria.Nitrospinota	1781.81	0.0	890.905
los	None	dead	0.0	0.0	0.0
hgt	1469	GCA.001898225.1.Bacteria.Chloroflexota	1964.555	0.0	982.2775
los	None	dead	0.0	0.0	0.0
spe	1387	1386	2774.13	2592.35	2683.24
los	1386	1330	2592.35	2019.045	2305.6975
hgt	None	dead	0.0	0.0	0.0
hgt	1251	GCA.900066305.1.Bacteria.Firmicutes.A	1313.25	0.0	656.625
los	None	dead	0.0	0.0	0.0
spe	1386	1385	2592.35	2489.295	2540.8225
los	1385	1333	2489.295	2115.765	2302.53
spe	1385	1384	2489.295	2053.965	2271.63
spe	1384	1338	2053.965	1618.77	1836.3675
los	1338	1337	1618.77	1358.655	1488.7125
spe	1384	1383	2053.965	1928.425	1991.195
los	1383	1341	1928.425	1562.96	1745.6925
spe	1383	1382	1928.425	1812.955	1870.69
los	1382	1344	1812.955	1531.325	1672.14
spe	1382	1381	1812.955	1697.085	1755.02
hgt	None	dead	0.0	0.0	0.0
hgt	1360	GCF.002902625.1.Bacteria.Firmicutes	814.663	0.0	407.3315
los	None	dead	0.0	0.0	0.0
spe	1381	1380	1697.085	1588.96	1643.0225
spe	1380	1379	1588.96	1514.47	1551.715
los	1379	1378	1514.47	1207.485	1360.9775
spe	1379	1355	1514.47	1273.085	1393.7775
los	1355	GCF.000503775.1.Bacteria.Firmicutes	1273.085	0.0	636.5425
spe	1381	1351	1697.085	1602.01	1649.5475
spe	1351	1350	1602.01	1409.0	1505.505
los	1350	GCF.000942395.1.Bacteria.Firmicutes	1409.0	0.0	704.5
hgt	None	dead	0.0	0.0	0.0
hgt	1355	GCF.000503775.1.Bacteria.Firmicutes	1273.085	0.0	636.5425
los	None	dead	0.0	0.0	0.0
spe	1351	1347	1602.01	1294.365	1448.1875
los	1347	GCF.001561915.1.Bacteria.Firmicutes	1294.365	0.0	647.1825
hgt	None	dead	0.0	0.0	0.0
hgt	1344	GCF.000218765.1.Bacteria.Firmicutes	1531.325	0.0	765.6625
los	None	dead	0.0	0.0	0.0
spe	1387	1327	2774.13	2643.35	2708.74
los	1327	1289	2643.35	2319.605	2481.4775
hgt	None	dead	0.0	0.0	0.0
hgt	1088	GCA.002010365.1.Bacteria.Bipolaricaulota	1684.665	0.0	842.3325
los	None	dead	0.0	0.0	0.0
spe	1327	1326	2643.35	2448.67	2546.01
los	1326	1325	2448.67	2256.125	2352.3975
spe	1326	1292	2448.67	1962.37	2205.52
los	1292	GCF.000024605.1.Bacteria.Firmicutes.B	1962.37	0.0	981.185
spe	1389	1388	2995.16	2841.585	2918.3725
spe	1388	1387	2841.585	2774.13	2807.8575
los	1387	1386	2774.13	2592.35	2683.24
spe	1387	1327	2774.13	2643.35	2708.74
spe	1327	1326	2643.35	2448.67	2546.01
spe	1326	1325	2448.67	2256.125	2352.3975
spe	1325	1297	2256.125	1985.275	2120.7
los	1297	GCA.002329495.1.Bacteria.Firmicutes.B	1985.275	0.0	992.6375
spe	1297	1296	1985.275	1805.085	1895.18
los	1296	GCF.900176005.1.Bacteria.Firmicutes.B	1805.085	0.0	902.5425
spe	1325	1324	2256.125	2152.01	2204.0675
spe	1324	1308	2152.01	1925.235	2038.6225
los	1308	1300	1925.235	1565.1	1745.1675
spe	1308	1307	1925.235	1703.5	1814.3675
hgt	None	dead	0.0	0.0	0.0
dup	None	dead	0.0	0.0	0.0
hgt	1208	GCA.001513145.1.Bacteria.Firmicutes.G	2182.765	0.0	1091.3825
los	None	dead	0.0	0.0	0.0
hgt	1209	GCA.002452295.1.Bacteria.Firmicutes.G	2390.265	0.0	1195.1325
los	None	dead	0.0	0.0	0.0
spe	1307	1305	1703.5	1518.03	1610.765
spe	1305	1304	1518.03	1212.67	1365.35
hgt	None	dead	0.0	0.0	0.0
los	1304	GCA.001508005.1.Bacteria.Firmicutes.B	1212.67	0.0	606.335
hgt	1221	GCA.002375925.1.Bacteria.Firmicutes.E	2065.095	0.0	1032.5475
los	None	dead	0.0	0.0	0.0
hgt	None	dead	0.0	0.0	0.0
dup	None	dead	0.0	0.0	0.0
hgt	1227	GCA.003242675.1.Bacteria.Firmicutes.E	1969.33	0.0	984.665
los	None	dead	0.0	0.0	0.0
hgt	857	GCA.001830835.1.Bacteria.Desulfobacterota	1980.505	0.0	990.2525
los	None	dead	0.0	0.0	0.0
spe	1324	1323	2152.01	2061.88	2106.945
los	1323	1322	2061.88	1700.81	1881.345
spe	1323	1319	2061.88	1933.46	1997.67
los	1319	GCF.900100785.1.Bacteria.Firmicutes.B	1933.46	0.0	966.73
spe	1319	1318	1933.46	1818.985	1876.2225
spe	1318	1312	1818.985	1521.75	1670.3675
los	1312	GCF.000019165.1.Bacteria.Firmicutes.B	1521.75	0.0	760.875
spe	1318	1317	1818.985	1219.28	1519.1325
los	1317	1315	1219.28	1023.5775	1121.42875
hgt	None	dead	0.0	0.0	0.0
los	1326	1292	2448.67	1962.37	2205.52
dup	None	dead	0.0	0.0	0.0
hgt	1667	GCA.003503675.1.Bacteria.Cyanobacteria	2879.985	0.0	1439.9925
los	None	dead	0.0	0.0	0.0
dup	None	dead	0.0	0.0	0.0
hgt	1218	GCA.001513125.1.Bacteria.DTU030	2879.54	0.0	1439.77
los	None	dead	0.0	0.0	0.0
hgt	1315	GCF.002224645.1.Bacteria.Firmicutes.B	1023.5775	0.0	511.78875
los	None	dead	0.0	0.0	0.0
spe	1327	1289	2643.35	2319.605	2481.4775
los	1289	GCA.002345475.1.Bacteria.Firmicutes.H	2319.605	0.0	1159.8025
spe	1289	1288	2319.605	1737.805	2028.705
los	1288	GCA.002411145.1.Bacteria.Firmicutes.C	1737.805	0.0	868.9025
dup	1288	1287	1737.805	1455.455	1596.63
spe	1288	1287	1737.805	1455.455	1596.63
los	1287	GCA.002329525.1.Bacteria.Firmicutes.C	1455.455	0.0	727.7275
spe	1287	1285	1455.455	1344.265	1399.86
los	1285	1284	1344.265	1051.609	1197.937
spe	1285	1281	1344.265	1116.4885	1230.37675
los	1281	1280	1116.4885	953.42	1034.95425
spe	1288	1287	1737.805	1455.455	1596.63
spe	1287	1285	1455.455	1344.265	1399.86
los	1285	1284	1344.265	1051.609	1197.937
hgt	None	dead	0.0	0.0	0.0
spe	1285	1281	1344.265	1116.4885	1230.37675
los	1281	GCF.002257705.1.Bacteria.Firmicutes.C	1116.4885	0.0	558.24425
spe	1281	1280	1116.4885	953.42	1034.95425
los	1280	GCF.900104455.1.Bacteria.Firmicutes.C	953.42	0.0	476.71
hgt	1347	GCF.001561915.1.Bacteria.Firmicutes	1294.365	0.0	647.1825
los	None	dead	0.0	0.0	0.0
spe	1388	1274	2841.585	2600.015	2720.8
hgt	None	dead	0.0	0.0	0.0
spe	1274	1273	2600.015	2372.06	2486.0375
los	1273	GCF.000166335.1.Bacteria.Firmicutes.A	2372.06	0.0	1186.03
spe	1273	1272	2372.06	2201.415	2286.7375
los	1272	1271	2201.415	1904.435	2052.925
spe	1272	1246	2201.415	1853.53	2027.4725
los	1246	GCF.000213255.1.Bacteria.Firmicutes.A	1853.53	0.0	926.765
spe	1246	1245	1853.53	1615.79	1734.66
los	1245	GCF.900129115.1.Bacteria.Firmicutes.A	1615.79	0.0	807.895
hgt	1187	1133	3067.16	2467.96	2767.56
los	None	dead	0.0	0.0	0.0
spe	1187	1133	3067.16	2467.96	2767.56
hgt	None	dead	0.0	0.0	0.0
hgt	1136	GCA.001768645.1.Bacteria.Actinobacteriota	2376.455	0.0	1188.2275
los	None	dead	0.0	0.0	0.0
spe	1274	1240	2600.015	2224.995	2412.505
hgt	None	dead	0.0	0.0	0.0
hgt	1333	GCF.900111575.1.Bacteria.Firmicutes.D	2115.765	0.0	1057.8825
los	None	dead	0.0	0.0	0.0
hgt	None	dead	0.0	0.0	0.0
hgt	None	dead	0.0	0.0	0.0
hgt	1216	GCF.000020005.1.Bacteria.Firmicutes.D	2264.52	0.0	1132.26
los	None	dead	0.0	0.0	0.0
hgt	1271	1259	1904.435	1830.34	1867.3875
los	None	dead	0.0	0.0	0.0
spe	1271	1259	1904.435	1830.34	1867.3875
spe	1259	1258	1830.34	1568.675	1699.5075
los	1258	1257	1568.675	1358.965	1463.82
spe	1259	1253	1830.34	1684.93	1757.635
los	1253	GCF.900142265.1.Bacteria.Firmicutes.A	1684.93	0.0	842.465
hgt	None	dead	0.0	0.0	0.0
spe	1253	1252	1684.93	1492.085	1588.5075
los	1252	1251	1492.085	1313.25	1402.6675
hgt	1269	GCF.002252565.1.Bacteria.Firmicutes.A	1538.365	0.0	769.1825
los	None	dead	0.0	0.0	0.0
spe	1390	1218	3074.65	2879.54	2977.095
hgt	None	dead	0.0	0.0	0.0
los	1218	GCA.001513125.1.Bacteria.DTU030	2879.54	0.0	1439.77
hgt	193	GCA.001873945.1.Bacteria.UBA9089	2415.11	0.0	1207.555
los	None	dead	0.0	0.0	0.0
hgt	None	dead	0.0	0.0	0.0
hgt	1325	1324	2256.125	2152.01	2204.0675
los	None	dead	0.0	0.0	0.0
hgt	None	dead	0.0	0.0	0.0
dup	None	dead	0.0	0.0	0.0
hgt	1257	GCF.900104115.1.Bacteria.Firmicutes.A	1358.965	0.0	679.4825
los	None	dead	0.0	0.0	0.0
hgt	1375	GCF.000178255.1.Bacteria.Firmicutes	776.4135	0.0	388.20675
los	None	dead	0.0	0.0	0.0
spe	1325	1324	2256.125	2152.01	2204.0675
spe	1324	1323	2152.01	2061.88	2106.945
los	1323	1322	2061.88	1700.81	1881.345
spe	1323	1319	2061.88	1933.46	1997.67
los	1319	1318	1933.46	1818.985	1876.2225
spe	1324	1308	2152.01	1925.235	2038.6225
los	1308	1307	1925.235	1703.5	1814.3675
spe	1308	1300	1925.235	1565.1	1745.1675
los	1300	GCA.002418765.1.Bacteria.Firmicutes.B	1565.1	0.0	782.55
spe	1218	1216	2879.54	2264.52	2572.03
hgt	None	dead	0.0	0.0	0.0
los	1216	GCF.000020005.1.Bacteria.Firmicutes.D	2264.52	0.0	1132.26
hgt	1411	GCA.002717805.1.Bacteria.Chloroflexota	1632.645	0.0	816.3225
los	None	dead	0.0	0.0	0.0
spe	1216	1215	2264.52	1572.11	1918.315
hgt	None	dead	0.0	0.0	0.0
hgt	1300	GCA.002418765.1.Bacteria.Firmicutes.B	1565.1	0.0	782.55
los	None	dead	0.0	0.0	0.0
hgt	863	862	2111.78	1779.145	1945.4625
los	None	dead	0.0	0.0	0.0
spe	863	862	2111.78	1779.145	1945.4625
hgt	None	dead	0.0	0.0	0.0
hgt	1289	1288	2319.605	1737.805	2028.705
los	None	dead	0.0	0.0	0.0
spe	1289	1288	2319.605	1737.805	2028.705
spe	1288	1287	1737.805	1455.455	1596.63
los	1287	GCA.002329525.1.Bacteria.Firmicutes.C	1455.455	0.0	727.7275
spe	1287	1285	1455.455	1344.265	1399.86
los	1285	1284	1344.265	1051.609	1197.937
spe	1285	1281	1344.265	1116.4885	1230.37675
los	1281	GCF.002257705.1.Bacteria.Firmicutes.C	1116.4885	0.0	558.24425
spe	1281	1280	1116.4885	953.42	1034.95425
los	1280	GCF.000430605.1.Bacteria.Firmicutes.C	953.42	0.0	476.71
spe	862	861	1779.145	1645.455	1712.3
hgt	None	dead	0.0	0.0	0.0
los	861	GCA.001304105.1.Bacteria.Desulfobacterota	1645.455	0.0	822.7275
hgt	1322	GCA.000961765.1.Bacteria.Firmicutes.B	1700.81	0.0	850.405
los	None	dead	0.0	0.0	0.0
dup	902	901	3388.51	3298.045	3343.2775
dup	902	901	3388.51	3298.045	3343.2775
spe	902	901	3388.51	3298.045	3343.2775
los	901	663	3298.045	3209.65	3253.8475
spe	901	900	3298.045	3178.205	3238.125
spe	900	716	3178.205	2750.795	2964.5
los	716	715	2750.795	2587.59	2669.1925
spe	716	670	2750.795	2401.115	2575.955
los	670	GCA.002898535.1.Bacteria.Acidobacteriota	2401.115	0.0	1200.5575
hgt	None	dead	0.0	0.0	0.0
hgt	1058	GCF.000233775.1.Bacteria.Synergistota	2648.915	0.0	1324.4575
los	None	dead	0.0	0.0	0.0
spe	670	669	2401.115	1836.34	2118.7275
los	669	GCA.002335385.1.Bacteria.Acidobacteriota	1836.34	0.0	918.17
spe	669	668	1836.34	1575.265	1705.8025
los	668	GCA.001775755.1.Bacteria.Acidobacteriota	1575.265	0.0	787.6325
spe	900	899	3178.205	3077.265	3127.735
spe	899	898	3077.265	3008.34	3042.8025
los	898	897	3008.34	2922.2	2965.27
spe	898	756	3008.34	2635.78	2822.06
los	756	GCA.001790645.1.Bacteria.Schekmanbacteria	2635.78	0.0	1317.89
spe	756	754	2635.78	2364.085	2499.9325
spe	754	753	2364.085	2099.055	2231.57
los	753	GCA.001803565.1.Bacteria.Nitrospinota.B	2099.055	0.0	1049.5275
spe	753	751	2099.055	1941.285	2020.17
los	751	749	1941.285	1781.81	1861.5475
spe	754	746	2364.085	2036.715	2200.4
los	746	GCF.900079095.1.Bacteria.Tectomicrobia	2036.715	0.0	1018.3575
spe	899	743	3077.265	2953.32	3015.2925
los	743	721	2953.32	2669.375	2811.3475
hgt	None	dead	0.0	0.0	0.0
hgt	1271	1270	1904.435	1709.88	1807.1575
los	None	dead	0.0	0.0	0.0
spe	1271	1270	1904.435	1709.88	1807.1575
spe	1270	1264	1709.88	1401.22	1555.55
los	1264	GCA.900317035.1.Bacteria.Firmicutes.A	1401.22	0.0	700.61
spe	1264	1263	1401.22	1142.5375	1271.87875
los	1263	GCA.002308775.1.Bacteria.Firmicutes.A	1142.5375	0.0	571.26875
spe	1270	1269	1709.88	1538.365	1624.1225
los	1269	1268	1538.365	1301.03	1419.6975
spe	743	742	2953.32	2707.335	2830.3275
los	742	741	2707.335	2099.065	2403.2
spe	742	738	2707.335	2387.34	2547.3375
los	738	728	2387.34	2047.46	2217.4
spe	738	737	2387.34	2168.56	2277.95
los	737	736	2168.56	1883.24	2025.9
hgt	None	dead	0.0	0.0	0.0
spe	737	733	2168.56	1662.33	1915.445
los	733	GCA.003235715.1.Bacteria.Nitrospirota	1662.33	0.0	831.165
spe	733	732	1662.33	1418.365	1540.3475
los	732	GCA.003153275.1.Bacteria.Nitrospirota	1418.365	0.0	709.1825
dup	None	dead	0.0	0.0	0.0
hgt	1296	GCF.900176005.1.Bacteria.Firmicutes.B	1805.085	0.0	902.5425
los	None	dead	0.0	0.0	0.0
hgt	866	GCA.003194485.1.Bacteria.Desulfobacterota	1421.715	0.0	710.8575
los	None	dead	0.0	0.0	0.0
spe	902	901	3388.51	3298.045	3343.2775
spe	901	900	3298.045	3178.205	3238.125
los	900	716	3178.205	2750.795	2964.5
spe	900	899	3178.205	3077.265	3127.735
spe	899	898	3077.265	3008.34	3042.8025
spe	898	897	3008.34	2922.2	2965.27
los	897	896	2922.2	2689.39	2805.795
spe	897	889	2922.2	2701.575	2811.8875
los	889	843	2701.575	2593.715	2647.645
spe	889	888	2701.575	2515.76	2608.6675
los	888	887	2515.76	2332.115	2423.9375
spe	888	854	2515.76	2344.965	2430.3625
los	854	850	2344.965	2301.83	2323.3975
spe	854	853	2344.965	2065.005	2204.985
los	853	GCA.003232385.1.Bacteria.SZUA.79	2065.005	0.0	1032.5025
spe	898	756	3008.34	2635.78	2822.06
los	756	GCA.001790645.1.Bacteria.Schekmanbacteria	2635.78	0.0	1317.89
spe	756	754	2635.78	2364.085	2499.9325
los	754	746	2364.085	2036.715	2200.4
spe	754	753	2364.085	2099.055	2231.57
los	753	751	2099.055	1941.285	2020.17
spe	899	743	3077.265	2953.32	3015.2925
los	743	721	2953.32	2669.375	2811.3475
hgt	None	dead	0.0	0.0	0.0
hgt	458	GCA.002340345.1.Bacteria.Proteobacteria	1513.53	0.0	756.765
los	None	dead	0.0	0.0	0.0
spe	743	742	2953.32	2707.335	2830.3275
los	742	738	2707.335	2387.34	2547.3375
hgt	None	dead	0.0	0.0	0.0
hgt	274	GCA.000406005.1.Bacteria.Poribacteria	2118.375	0.0	1059.1875
los	None	dead	0.0	0.0	0.0
spe	742	741	2707.335	2099.065	2403.2
los	741	GCA.003220615.1.Bacteria.Methylomirabilota	2099.065	0.0	1049.5325
spe	901	663	3298.045	3209.65	3253.8475
spe	663	397	3209.65	3012.355	3111.0025
spe	397	396	3012.355	2626.695	2819.525
los	396	GCF.000177635.2.Bacteria.Chrysiogenota	2626.695	0.0	1313.3475
spe	396	395	2626.695	1520.715	2073.705
los	395	GCA.002402635.1.Bacteria.Deferribacterota	1520.715	0.0	760.3575
hgt	None	dead	0.0	0.0	0.0
hgt	1198	GCA.002159155.1.Bacteria.Firmicutes.G	2386.815	0.0	1193.4075
los	None	dead	0.0	0.0	0.0
hgt	None	dead	0.0	0.0	0.0
dup	None	dead	0.0	0.0	0.0
hgt	1312	GCF.000019165.1.Bacteria.Firmicutes.B	1521.75	0.0	760.875
los	None	dead	0.0	0.0	0.0
hgt	1173	GCA.001768675.1.Bacteria.Actinobacteriota	1615.325	0.0	807.6625
los	None	dead	0.0	0.0	0.0
hgt	None	dead	0.0	0.0	0.0
hgt	868	GCA.002347095.1.Bacteria.Desulfobacterota	1758.21	0.0	879.105
los	None	dead	0.0	0.0	0.0
hgt	None	dead	0.0	0.0	0.0
hgt	None	dead	0.0	0.0	0.0
hgt	None	dead	0.0	0.0	0.0
hgt	365	364	3289.67	3190.2	3239.935
los	None	dead	0.0	0.0	0.0
spe	365	364	3289.67	3190.2	3239.935
spe	364	316	3190.2	2994.185	3092.1925
spe	316	308	2994.185	2526.01	2760.0975
los	308	307	2526.01	2412.955	2469.4825
dup	308	290	2526.01	2118.335	2322.1725
hgt	None	dead	0.0	0.0	0.0
hgt	669	GCA.002335385.1.Bacteria.Acidobacteriota	1836.34	0.0	918.17
los	None	dead	0.0	0.0	0.0
hgt	None	dead	0.0	0.0	0.0
hgt	334	332	1433.42	1016.322	1224.871
los	None	dead	0.0	0.0	0.0
spe	334	332	1433.42	1016.322	1224.871
hgt	None	dead	0.0	0.0	0.0
hgt	248	GCA.001799695.1.Bacteria.Elusimicrobiota	1213.735	0.0	606.8675
los	None	dead	0.0	0.0	0.0
spe	308	290	2526.01	2118.335	2322.1725
hgt	None	dead	0.0	0.0	0.0
spe	290	289	2118.335	1953.23	2035.7825
los	289	288	1953.23	1656.495	1804.8625
hgt	445	GCA.002717225.1.Bacteria.Proteobacteria	1267.47	0.0	633.735
los	None	dead	0.0	0.0	0.0
hgt	None	dead	0.0	0.0	0.0
hgt	306	305	1867.71	1638.845	1753.2775
los	None	dead	0.0	0.0	0.0
spe	306	305	1867.71	1638.845	1753.2775
hgt	None	dead	0.0	0.0	0.0
hgt	293	GCA.003246265.1.Bacteria.Verrucomicrobiota	1839.63	0.0	919.815
los	None	dead	0.0	0.0	0.0
spe	305	303	1638.845	1573.395	1606.12
los	303	GCA.003477185.1.Bacteria.Verrucomicrobiota	1573.395	0.0	786.6975
spe	303	302	1573.395	1395.265	1484.33
hgt	None	dead	0.0	0.0	0.0
los	302	GCA.002340265.1.Bacteria.Verrucomicrobiota	1395.265	0.0	697.6325
hgt	935	GCA.001789205.1.Bacteria.Fibrobacterota	2109.88	0.0	1054.94
los	None	dead	0.0	0.0	0.0
spe	290	284	2118.335	1761.175	1939.755
spe	284	282	1761.175	1374.795	1567.985
los	282	GCF.900105685.1.Bacteria.Verrucomicrobiota	1374.795	0.0	687.3975
hgt	None	dead	0.0	0.0	0.0
hgt	1651	GCA.003242895.1.Bacteria.Margulisbacteria	2156.75	0.0	1078.375
los	None	dead	0.0	0.0	0.0
hgt	None	dead	0.0	0.0	0.0
hgt	1183	GCA.002347365.1.Bacteria.Actinobacteriota	2026.845	0.0	1013.4225
los	None	dead	0.0	0.0	0.0
spe	308	290	2526.01	2118.335	2322.1725
spe	290	284	2118.335	1761.175	1939.755
los	284	GCA.003164675.1.Bacteria.Verrucomicrobiota	1761.175	0.0	880.5875
spe	284	282	1761.175	1374.795	1567.985
los	282	GCA.003219195.1.Bacteria.Verrucomicrobiota	1374.795	0.0	687.3975
spe	290	289	2118.335	1953.23	2035.7825
los	289	GCA.002708005.1.Bacteria.Verrucomicrobiota	1953.23	0.0	976.615
spe	289	288	1953.23	1656.495	1804.8625
los	288	GCA.002323895.1.Bacteria.Verrucomicrobiota	1656.495	0.0	828.2475
hgt	None	dead	0.0	0.0	0.0
los	316	315	2994.185	2831.96	2913.0725
dup	None	dead	0.0	0.0	0.0
hgt	1718	1704	2360.855	2247.23	2304.0425
los	None	dead	0.0	0.0	0.0
dup	1718	1704	2360.855	2247.23	2304.0425
spe	1718	1704	2360.855	2247.23	2304.0425
spe	1704	1672	2247.23	2002.185	2124.7075
los	1672	GCF.000015965.1.Bacteria.Cyanobacteria	2002.185	0.0	1001.0925
spe	1704	1703	2247.23	2155.655	2201.4425
los	1703	1679	2155.655	1829.33	1992.4925
spe	1703	1702	2155.655	2083.6	2119.6275
los	1702	GCF.003838225.1.Bacteria.Cyanobacteria	2083.6	0.0	1041.8
dup	1702	1701	2083.6	2042.11	2062.855
spe	1702	1701	2083.6	2042.11	2062.855
los	1701	1685	2042.11	1873.315	1957.7125
spe	1701	1700	2042.11	1961.585	2001.8475
los	1700	1688	1961.585	1636.375	1798.98
spe	1700	1699	1961.585	1903.88	1932.7325
los	1699	1698	1903.88	1614.145	1759.0125
spe	1702	1701	2083.6	2042.11	2062.855
spe	1701	1685	2042.11	1873.315	1957.7125
spe	1685	1684	1873.315	1661.66	1767.4875
hgt	None	dead	0.0	0.0	0.0
los	1684	GCF.000316115.1.Bacteria.Cyanobacteria	1661.66	0.0	830.83
hgt	1720	GCF.000484535.1.Bacteria.Cyanobacteria	2606.555	0.0	1303.2775
los	None	dead	0.0	0.0	0.0
spe	1701	1700	2042.11	1961.585	2001.8475
hgt	None	dead	0.0	0.0	0.0
spe	1700	1688	1961.585	1636.375	1798.98
dup	None	dead	0.0	0.0	0.0
hgt	1678	GCF.000017845.1.Bacteria.Cyanobacteria	892.4805	0.0	446.24025
los	None	dead	0.0	0.0	0.0
hgt	1702	GCF.003838225.1.Bacteria.Cyanobacteria	2083.6	0.0	1041.8
los	None	dead	0.0	0.0	0.0
spe	1700	1699	1961.585	1903.88	1932.7325
los	1699	GCF.000317045.1.Bacteria.Cyanobacteria	1903.88	0.0	951.94
spe	1699	1698	1903.88	1614.145	1759.0125
los	1698	1692	1614.145	178.9818	896.5634
spe	1698	1697	1614.145	1294.515	1454.33
spe	1697	1695	1294.515	878.0175	1086.26625
spe	1718	1704	2360.855	2247.23	2304.0425
los	1704	1672	2247.23	2002.185	2124.7075
spe	1704	1703	2247.23	2155.655	2201.4425
spe	1703	1702	2155.655	2083.6	2119.6275
los	1702	GCF.003838225.1.Bacteria.Cyanobacteria	2083.6	0.0	1041.8
spe	1702	1701	2083.6	2042.11	2062.855
los	1701	1700	2042.11	1961.585	2001.8475
spe	1701	1685	2042.11	1873.315	1957.7125
los	1685	GCF.000018105.1.Bacteria.Cyanobacteria	1873.315	0.0	936.6575
spe	1685	1684	1873.315	1661.66	1767.4875
los	1684	GCA.001698445.1.Bacteria.Cyanobacteria	1661.66	0.0	830.83
spe	1703	1679	2155.655	1829.33	1992.4925
los	1679	1678	1829.33	892.4805	1360.90525
hgt	1454	1446	2214.935	1960.08	2087.5075
los	None	dead	0.0	0.0	0.0
spe	1454	1446	2214.935	1960.08	2087.5075
spe	1446	1445	1960.08	1742.485	1851.2825
los	1445	GCA.003130875.1.Bacteria.Chloroflexota	1742.485	0.0	871.2425
spe	1445	1444	1742.485	1539.09	1640.7875
los	1444	GCA.002366755.1.Bacteria.Chloroflexota	1539.09	0.0	769.545
spe	1446	1440	1960.08	1813.195	1886.6375
spe	1440	1439	1813.195	1555.635	1684.415
los	1439	1438	1555.635	1347.94	1451.7875
hgt	None	dead	0.0	0.0	0.0
los	1440	GCF.001306175.1.Bacteria.Chloroflexota	1813.195	0.0	906.5975
hgt	498	GCF.000192575.1.Bacteria.Proteobacteria	1143.1505	0.0	571.57525
los	None	dead	0.0	0.0	0.0
hgt	None	dead	0.0	0.0	0.0
dup	None	dead	0.0	0.0	0.0
hgt	1029	GCA.001777915.1.Bacteria.Edwardsbacteria	2083.06	0.0	1041.53
los	None	dead	0.0	0.0	0.0
dup	None	dead	0.0	0.0	0.0
hgt	1004	GCA.001775395.1.Bacteria.Zixibacteria	1511.205	0.0	755.6025
los	None	dead	0.0	0.0	0.0
dup	None	dead	0.0	0.0	0.0
hgt	825	GCA.002344285.1.Bacteria.Myxococcota	1214.79	0.0	607.395
los	None	dead	0.0	0.0	0.0
hgt	812	GCA.002863065.1.Bacteria.Myxococcota	1631.73	0.0	815.865
los	None	dead	0.0	0.0	0.0
hgt	None	dead	0.0	0.0	0.0
hgt	1187	1186	3067.16	2936.225	3001.6925
los	None	dead	0.0	0.0	0.0
spe	1187	1186	3067.16	2936.225	3001.6925
hgt	None	dead	0.0	0.0	0.0
hgt	1143	1141	1828.16	1437.0	1632.58
los	None	dead	0.0	0.0	0.0
dup	1143	1141	1828.16	1437.0	1632.58
spe	1143	1141	1828.16	1437.0	1632.58
los	1141	GCA.003140175.1.Bacteria.Actinobacteriota	1437.0	0.0	718.5
spe	1141	1140	1437.0	1211.153	1324.0765
los	1140	GCA.003162395.1.Bacteria.Actinobacteriota	1211.153	0.0	605.5765
spe	1143	1141	1828.16	1437.0	1632.58
spe	1141	1140	1437.0	1211.153	1324.0765
los	1140	GCA.002722565.1.Bacteria.Actinobacteriota	1211.153	0.0	605.5765
spe	1186	1136	2936.225	2376.455	2656.34
los	1136	GCA.001768645.1.Bacteria.Actinobacteriota	2376.455	0.0	1188.2275
hgt	None	dead	0.0	0.0	0.0
hgt	1221	GCA.002375895.1.Bacteria.Firmicutes.E	2065.095	0.0	1032.5475
los	None	dead	0.0	0.0	0.0
hgt	None	dead	0.0	0.0	0.0
hgt	702	GCA.003223635.1.Bacteria.Acidobacteriota	1354.27	0.0	677.135
los	None	dead	0.0	0.0	0.0
hgt	None	dead	0.0	0.0	0.0
hgt	1292	GCF.000024605.1.Bacteria.Firmicutes.B	1962.37	0.0	981.185
los	None	dead	0.0	0.0	0.0
hgt	None	dead	0.0	0.0	0.0
dup	None	dead	0.0	0.0	0.0
hgt	733	GCA.003235715.1.Bacteria.Nitrospirota	1662.33	0.0	831.165
los	None	dead	0.0	0.0	0.0
hgt	1467	GCA.002292925.1.Bacteria.Chloroflexota	1808.245	0.0	904.1225
los	None	dead	0.0	0.0	0.0
spe	1186	1185	2936.225	2773.915	2855.07
spe	1185	1169	2773.915	2396.405	2585.16
spe	1169	1145	2396.405	2028.235	2212.32
los	1145	GCA.001767695.1.Bacteria.Actinobacteriota	2028.235	0.0	1014.1175
spe	1145	1143	2028.235	1828.16	1928.1975
los	1143	1141	1828.16	1437.0	1632.58
spe	1169	1168	2396.405	2301.295	2348.85
spe	1168	1167	2301.295	2105.28	2203.2875
los	1167	GCA.002413185.1.Bacteria.Actinobacteriota	2105.28	0.0	1052.64
dup	1167	1166	2105.28	1472.335	1788.8075
spe	1167	1166	2105.28	1472.335	1788.8075
los	1166	GCF.004348535.1.Bacteria.Actinobacteriota	1472.335	0.0	736.1675
spe	1166	1165	1472.335	1325.685	1399.01
spe	1165	1155	1325.685	1195.766	1260.7255
spe	1155	1154	1195.766	907.0585	1051.41225
los	1154	GCF.001591405.1.Bacteria.Actinobacteria	907.0585	0.0	453.52925
spe	1165	1164	1325.685	1172.8835	1249.28425
spe	1164	1160	1172.8835	1016.58	1094.73175
los	1160	GCF.000015025.1.Bacteria.Actinobacteriota	1016.58	0.0	508.29
spe	1160	1158	1016.58	905.248	960.914
los	1158	GCF.001942305.1.Bacteria.Actinobacteriota	905.248	0.0	452.624
spe	1164	1163	1172.8835	995.9815	1084.4325
los	1163	GCA.001437855.1.Bacteria.Actinobacteriota	995.9815	0.0	497.99075
spe	1167	1166	2105.28	1472.335	1788.8075
spe	1166	1165	1472.335	1325.685	1399.01
spe	1165	1155	1325.685	1195.766	1260.7255
los	1155	GCF.003443735.1.Bacteria.Actinobacteriota	1195.766	0.0	597.883
spe	1155	1154	1195.766	907.0585	1051.41225
los	1154	GCF.003047285.1.Bacteria.Actinobacteriota	907.0585	0.0	453.52925
spe	1165	1164	1325.685	1172.8835	1249.28425
los	1164	1163	1172.8835	995.9815	1084.4325
spe	1164	1160	1172.8835	1016.58	1094.73175
spe	1160	1158	1016.58	905.248	960.914
los	1158	GCF.900106035.1.Bacteria.Actinobacteriota	905.248	0.0	452.624
spe	1168	1148	2301.295	1851.865	2076.58
spe	1185	1184	2773.915	2619.05	2696.4825
los	1184	1183	2619.05	2026.845	2322.9475
spe	1184	1180	2619.05	2187.185	2403.1175
spe	1180	1179	2187.185	1862.535	2024.86
hgt	None	dead	0.0	0.0	0.0
los	1179	1178	1862.535	1673.74	1768.1375
hgt	1226	GCA.003242195.1.Bacteria.Firmicutes.E	1819.185	0.0	909.5925
los	None	dead	0.0	0.0	0.0
spe	1179	1173	1862.535	1615.325	1738.93
hgt	None	dead	0.0	0.0	0.0
los	1173	GCA.001768675.1.Bacteria.Actinobacteriota	1615.325	0.0	807.6625
dup	None	dead	0.0	0.0	0.0
hgt	801	GCA.001797815.1.Bacteria.RBG.13.61.14	2073.125	0.0	1036.5625
los	None	dead	0.0	0.0	0.0
hgt	807	GCA.002841945.1.Bacteria.Myxococcota	1533.145	0.0	766.5725
los	None	dead	0.0	0.0	0.0
hgt	None	dead	0.0	0.0	0.0
hgt	901	900	3298.045	3178.205	3238.125
los	None	dead	0.0	0.0	0.0
spe	901	900	3298.045	3178.205	3238.125
spe	900	899	3178.205	3077.265	3127.735
los	899	898	3077.265	3008.34	3042.8025
spe	899	743	3077.265	2953.32	3015.2925
spe	743	721	2953.32	2669.375	2811.3475
los	721	GCA.003230535.1.Bacteria.SZUA.182	2669.375	0.0	1334.6875
spe	721	720	2669.375	2336.65	2503.0125
los	720	GCA.001775255.1.Bacteria.Desulfobacterota.D	2336.65	0.0	1168.325
spe	743	742	2953.32	2707.335	2830.3275
los	742	738	2707.335	2387.34	2547.3375
hgt	None	dead	0.0	0.0	0.0
hgt	821	GCF.000737335.2.Bacteria.Proteobacteria	1480.98	0.0	740.49
los	None	dead	0.0	0.0	0.0
spe	742	741	2707.335	2099.065	2403.2
los	741	GCA.001771285.1.Bacteria.Methylomirabilota	2099.065	0.0	1049.5325
dup	900	716	3178.205	2750.795	2964.5
hgt	None	dead	0.0	0.0	0.0
hgt	168	160	1286.485	1191.64	1239.0625
los	None	dead	0.0	0.0	0.0
spe	168	160	1286.485	1191.64	1239.0625
hgt	None	dead	0.0	0.0	0.0
dup	None	dead	0.0	0.0	0.0
hgt	668	GCA.001775755.1.Bacteria.Acidobacteriota	1575.265	0.0	787.6325
los	None	dead	0.0	0.0	0.0
hgt	686	GCA.002451015.1.Bacteria.Acidobacteriota	1699.78	0.0	849.89
los	None	dead	0.0	0.0	0.0
hgt	None	dead	0.0	0.0	0.0
hgt	None	dead	0.0	0.0	0.0
hgt	816	GCA.002707085.1.Bacteria.Myxococcota.A	1355.92	0.0	677.96
los	None	dead	0.0	0.0	0.0
hgt	None	dead	0.0	0.0	0.0
hgt	1438	GCA.002841995.1.Bacteria.Chloroflexota	1347.94	0.0	673.97
los	None	dead	0.0	0.0	0.0
hgt	None	dead	0.0	0.0	0.0
hgt	165	GCA.000188695.1.Eukaryota.Choanoflagellata	603.2	0.0	301.6
los	None	dead	0.0	0.0	0.0
dup	None	dead	0.0	0.0	0.0
hgt	680	GCA.002238705.1.Bacteria.Acidobacteriota	1748.645	0.0	874.3225
los	None	dead	0.0	0.0	0.0
hgt	1119	GCA.002779825.1.Bacteria.Armatimonadota	2017.9	0.0	1008.95
los	None	dead	0.0	0.0	0.0
hgt	None	dead	0.0	0.0	0.0
hgt	1235	GCA.002376005.1.Bacteria.Firmicutes.E	2102.15	0.0	1051.075
los	None	dead	0.0	0.0	0.0
hgt	None	dead	0.0	0.0	0.0
hgt	390	GCA.002780065.1.Bacteria.UBA8481	3128.085	0.0	1564.0425
los	None	dead	0.0	0.0	0.0
spe	160	159	1191.64	1092.41	1142.025
hgt	None	dead	0.0	0.0	0.0
los	159	GCA.002049455.2.Eukaryota.Rhodophyta	1092.41	0.0	546.205
hgt	873	GCA.002011835.1.Bacteria.Desulfobacterota	1792.01	0.0	896.005
los	None	dead	0.0	0.0	0.0
hgt	None	dead	0.0	0.0	0.0
hgt	None	dead	0.0	0.0	0.0
spe	900	716	3178.205	2750.795	2964.5
los	716	670	2750.795	2401.115	2575.955
spe	716	715	2750.795	2587.59	2669.1925
los	715	675	2587.59	2219.92	2403.755
spe	715	714	2587.59	2462.345	2524.9675
los	714	GCA.002731215.1.Bacteria.Acidobacteriota	2462.345	0.0	1231.1725
spe	714	713	2462.345	2300.685	2381.515
hgt	None	dead	0.0	0.0	0.0
hgt	1099	1098	2899.85	1723.505	2311.6775
los	None	dead	0.0	0.0	0.0
spe	1099	1098	2899.85	1723.505	2311.6775
spe	713	712	2300.685	2094.82	2197.7525
spe	712	706	2094.82	1817.88	1956.35
los	706	GCA.002327305.1.Bacteria.Acidobacteriota	1817.88	0.0	908.94
spe	706	704	1817.88	1616.3	1717.09
los	704	GCA.003133645.1.Bacteria.Acidobacteriota	1616.3	0.0	808.15
spe	704	702	1616.3	1354.27	1485.285
los	702	GCA.003223635.1.Bacteria.Acidobacteriota	1354.27	0.0	677.135
spe	712	711	2094.82	1902.735	1998.7775
spe	711	709	1902.735	1593.285	1748.01
los	709	GCA.003223145.1.Bacteria.Acidobacteriota	1593.285	0.0	796.6425
spe	713	699	2300.685	2165.445	2233.065
los	699	681	2165.445	1934.475	2049.96
dup	699	698	2165.445	1924.625	2045.035
spe	699	698	2165.445	1924.625	2045.035
los	698	686	1924.625	1699.78	1812.2025
spe	698	697	1924.625	1651.7	1788.1625
los	697	696	1651.7	1431.15	1541.425
spe	699	698	2165.445	1924.625	2045.035
spe	698	697	1924.625	1651.7	1788.1625
los	697	GCA.003222815.1.Bacteria.Acidobacteriota	1651.7	0.0	825.85
spe	697	696	1651.7	1431.15	1541.425
spe	696	695	1431.15	1321.86	1376.505
spe	695	694	1321.86	1248.195	1285.0275
hgt	None	dead	0.0	0.0	0.0
hgt	1109	GCA.002898895.1.Bacteria.Armatimonadota	2159.355	0.0	1079.6775
los	None	dead	0.0	0.0	0.0
dup	694	GCA.001767075.1.Bacteria.Acidobacteriota	1248.195	0.0	624.0975
spe	694	692	1248.195	1141.9465	1195.07075
hgt	None	dead	0.0	0.0	0.0
hgt	376	GCA.002418835.1.Bacteria.Spirochaetota	2164.345	0.0	1082.1725
los	None	dead	0.0	0.0	0.0
spe	698	686	1924.625	1699.78	1812.2025
los	686	GCA.002451015.1.Bacteria.Acidobacteriota	1699.78	0.0	849.89
spe	686	684	1699.78	1325.86	1512.82
hgt	277	267	3180.01	2781.505	2980.7575
los	None	dead	0.0	0.0	0.0
spe	277	267	3180.01	2781.505	2980.7575
hgt	None	dead	0.0	0.0	0.0
hgt	241	GCA.002841695.1.Bacteria.Elusimicrobiota	1559.885	0.0	779.9425
los	None	dead	0.0	0.0	0.0
hgt	None	dead	0.0	0.0	0.0
hgt	316	308	2994.185	2526.01	2760.0975
los	None	dead	0.0	0.0	0.0
spe	316	308	2994.185	2526.01	2760.0975
hgt	None	dead	0.0	0.0	0.0
dup	None	dead	0.0	0.0	0.0
hgt	955	GCF.001280305.1.Bacteria.Bacteroidota	1094.6025	0.0	547.30125
los	None	dead	0.0	0.0	0.0
hgt	979	GCA.002763895.1.Bacteria.Bacteroidota	1564.47	0.0	782.235
los	None	dead	0.0	0.0	0.0
spe	308	307	2526.01	2412.955	2469.4825
spe	307	297	2412.955	2134.445	2273.7
los	297	296	2134.445	1549.515	1841.98
spe	297	293	2134.445	1839.63	1987.0375
los	293	GCA.003246265.1.Bacteria.Verrucomicrobiota	1839.63	0.0	919.815
spe	307	306	2412.955	1867.71	2140.3325
hgt	None	dead	0.0	0.0	0.0
los	306	GCA.001804805.1.Bacteria.Verrucomicrobiota	1867.71	0.0	933.855
dup	None	dead	0.0	0.0	0.0
dup	None	dead	0.0	0.0	0.0
hgt	1717	GCF.001870225.1.Bacteria.Cyanobacteria	2145.98	0.0	1072.99
los	None	dead	0.0	0.0	0.0
hgt	1719	GCF.000013205.1.Bacteria.Cyanobacteria	2498.57	0.0	1249.285
los	None	dead	0.0	0.0	0.0
hgt	588	587	1783.48	1406.63	1595.055
los	None	dead	0.0	0.0	0.0
dup	588	587	1783.48	1406.63	1595.055
spe	588	587	1783.48	1406.63	1595.055
spe	587	586	1406.63	1290.345	1348.4875
los	586	GCA.003228965.1.Bacteria.Proteobacteria	1290.345	0.0	645.1725
spe	586	585	1290.345	1098.223	1194.284
los	585	GCA.002688175.1.Bacteria.Proteobacteria	1098.223	0.0	549.1115
spe	587	581	1406.63	1247.6	1327.115
los	581	GCA.002868855.1.Bacteria.Proteobacteria	1247.6	0.0	623.8
spe	581	579	1247.6	971.347	1109.4735
hgt	None	dead	0.0	0.0	0.0
hgt	536	GCF.002940605.1.Bacteria.Proteobacteria	1887.95	0.0	943.975
los	None	dead	0.0	0.0	0.0
hgt	None	dead	0.0	0.0	0.0
hgt	155	GCA.000315625.1.Eukaryota.Cryptophyceae	1152.7	0.0	576.35
los	None	dead	0.0	0.0	0.0
hgt	None	dead	0.0	0.0	0.0
spe	588	587	1783.48	1406.63	1595.055
spe	587	581	1406.63	1247.6	1327.115
los	581	579	1247.6	971.347	1109.4735
spe	587	586	1406.63	1290.345	1348.4875
los	586	GCA.003228965.1.Bacteria.Proteobacteria	1290.345	0.0	645.1725
spe	586	585	1290.345	1098.223	1194.284
los	585	GCA.002338605.1.Bacteria.Proteobacteria	1098.223	0.0	549.1115
dup	None	dead	0.0	0.0	0.0
hgt	320	GCA.002746535.1.Bacteria.Planctomycetota	2256.89	0.0	1128.445
los	None	dead	0.0	0.0	0.0
hgt	403	GCF.900177345.1.Bacteria.Proteobacteria	2523.57	0.0	1261.785
los	None	dead	0.0	0.0	0.0
hgt	None	dead	0.0	0.0	0.0
dup	None	dead	0.0	0.0	0.0
hgt	1667	GCA.002783405.1.Bacteria.Cyanobacteria	2879.985	0.0	1439.9925
los	None	dead	0.0	0.0	0.0
hgt	270	GCA.002746185.1.Bacteria.Hydrogenedentota	2795.225	0.0	1397.6125
los	None	dead	0.0	0.0	0.0
spe	306	305	1867.71	1638.845	1753.2775
los	305	GCA.001803235.1.Bacteria.Verrucomicrobiota	1638.845	0.0	819.4225
spe	305	303	1638.845	1573.395	1606.12
hgt	None	dead	0.0	0.0	0.0
los	303	302	1573.395	1395.265	1484.33
hgt	778	GCA.002715375.1.Bacteria.Bdellovibrionota	1621.195	0.0	810.5975
los	None	dead	0.0	0.0	0.0
spe	308	290	2526.01	2118.335	2322.1725
los	290	284	2118.335	1761.175	1939.755
hgt	None	dead	0.0	0.0	0.0
spe	290	289	2118.335	1953.23	2035.7825
los	289	GCA.002708005.1.Bacteria.Verrucomicrobiota	1953.23	0.0	976.615
spe	289	288	1953.23	1656.495	1804.8625
los	288	GCA.002382525.1.Bacteria.Verrucomicrobiota	1656.495	0.0	828.2475
hgt	380	GCF.000758165.1.Bacteria.Spirochaetota	1365.355	0.0	682.6775
los	None	dead	0.0	0.0	0.0
hgt	None	dead	0.0	0.0	0.0
dup	None	dead	0.0	0.0	0.0
hgt	220	GCA.003451585.1.Bacteria.Omnitrophota	1323.035	0.0	661.5175
los	None	dead	0.0	0.0	0.0
hgt	489	GCA.002701885.1.Bacteria.Proteobacteria	1225.83	0.0	612.915
los	None	dead	0.0	0.0	0.0
hgt	None	dead	0.0	0.0	0.0
hgt	1167	GCA.002413185.1.Bacteria.Actinobacteriota	2105.28	0.0	1052.64
los	None	dead	0.0	0.0	0.0
hgt	None	dead	0.0	0.0	0.0
spe	267	265	2781.505	1973.575	2377.54
hgt	None	dead	0.0	0.0	0.0
los	265	GCA.003501375.1.Bacteria.Sumerlaeota	1973.575	0.0	986.7875
hgt	1016	GCA.002414865.1.Bacteria.Fermentibacterota	2392.195	0.0	1196.0975
los	None	dead	0.0	0.0	0.0
hgt	1011	997	2792.03	2552.125	2672.0775
los	None	dead	0.0	0.0	0.0
spe	1011	997	2792.03	2552.125	2672.0775
hgt	None	dead	0.0	0.0	0.0
spe	997	996	2552.125	2456.91	2504.5175
spe	996	995	2456.91	2248.605	2352.7575
los	995	989	2248.605	1956.7	2102.6525
spe	995	994	2248.605	2080.615	2164.61
spe	994	992	2080.615	1729.195	1904.905
los	992	GCA.002049825.1.Bacteria.Calditrichota	1729.195	0.0	864.5975
hgt	None	dead	0.0	0.0	0.0
los	994	GCA.001304035.1.Bacteria.SM23.31	2080.615	0.0	1040.3075
hgt	1008	GCA.000447245.1.Bacteria.Zixibacteria	1946.09	0.0	973.045
los	None	dead	0.0	0.0	0.0
hgt	None	dead	0.0	0.0	0.0
dup	1008	GCA.000447245.1.Bacteria.Zixibacteria	1946.09	0.0	973.045
hgt	136	GCA.000375685.1.Archaea.Thermoproteota	2332.2	0.0	1166.1
los	None	dead	0.0	0.0	0.0
hgt	None	dead	0.0	0.0	0.0
hgt	769	768	1907.64	1764.5	1836.07
los	None	dead	0.0	0.0	0.0
hgt	None	dead	0.0	0.0	0.0
hgt	227	GCA.001804315.1.Bacteria.Omnitrophota	2350.21	0.0	1175.105
los	None	dead	0.0	0.0	0.0
hgt	None	dead	0.0	0.0	0.0
hgt	220	GCA.001805375.1.Bacteria.Omnitrophota	1323.035	0.0	661.5175
los	None	dead	0.0	0.0	0.0
dup	769	768	1907.64	1764.5	1836.07
spe	769	768	1907.64	1764.5	1836.07
los	768	GCA.001798715.1.Bacteria.UBA10199	1764.5	0.0	882.25
spe	768	767	1764.5	1602.15	1683.325
los	767	766	1602.15	1409.215	1505.6825
spe	769	768	1907.64	1764.5	1836.07
spe	768	767	1764.5	1602.15	1683.325
los	767	GCA.002796325.1.Bacteria.UBA10199	1602.15	0.0	801.075
spe	767	766	1602.15	1409.215	1505.6825
hgt	None	dead	0.0	0.0	0.0
hgt	1087	GCA.001778455.1.Bacteria.Bipolaricaulota	1326.12	0.0	663.06
los	None	dead	0.0	0.0	0.0
hgt	None	dead	0.0	0.0	0.0
hgt	1020	GCA.003235575.1.Bacteria.Eisenbacteria	1634.295	0.0	817.1475
los	None	dead	0.0	0.0	0.0
spe	996	984	2456.91	2373.56	2415.235
los	984	950	2373.56	1900.505	2137.0325
spe	984	983	2373.56	2181.175	2277.3675
hgt	None	dead	0.0	0.0	0.0
hgt	None	dead	0.0	0.0	0.0
hgt	1078	GCA.002898315.1.Bacteria.Calescibacterota	1978.035	0.0	989.0175
los	None	dead	0.0	0.0	0.0
spe	983	982	2181.175	1930.625	2055.9
hgt	None	dead	0.0	0.0	0.0
los	982	981	1930.625	1803.65	1867.1375
hgt	1082	GCA.002011615.1.Bacteria.WOR.3	2875.59	0.0	1437.795
los	None	dead	0.0	0.0	0.0
dup	None	dead	0.0	0.0	0.0
dup	None	dead	0.0	0.0	0.0
hgt	926	GCA.001780825.1.Bacteria.Gemmatimonadota	2372.335	0.0	1186.1675
los	None	dead	0.0	0.0	0.0
hgt	551	GCA.002699105.1.Bacteria.Bacteroidota	1101.556	0.0	550.778
los	None	dead	0.0	0.0	0.0
dup	None	dead	0.0	0.0	0.0
hgt	1663	GCA.001464165.1.Bacteria.Cyanobacteria	2468.245	0.0	1234.1225
los	None	dead	0.0	0.0	0.0
hgt	270	GCA.001567115.1.Bacteria.OLB16	2795.225	0.0	1397.6125
los	None	dead	0.0	0.0	0.0
spe	983	967	2181.175	1840.425	2010.8
hgt	None	dead	0.0	0.0	0.0
los	967	GCF.000013045.1.Bacteria.Bacteroidota	1840.425	0.0	920.2125
dup	None	dead	0.0	0.0	0.0
hgt	811	GCA.002728755.1.Bacteria.Myxococcota	1440.74	0.0	720.37
los	None	dead	0.0	0.0	0.0
hgt	769	GCA.001798135.1.Bacteria.UBA10199	1907.64	0.0	953.82
los	None	dead	0.0	0.0	0.0
spe	967	966	1840.425	1461.28	1650.8525
spe	966	965	1461.28	1235.75	1348.515
spe	965	955	1235.75	1094.6025	1165.17625
los	955	GCF.001280305.1.Bacteria.Bacteroidota	1094.6025	0.0	547.30125
spe	965	964	1235.75	1085.5365	1160.64325
los	964	GCA.002483345.1.Bacteria.Bacteroidota	1085.5365	0.0	542.76825
spe	964	963	1085.5365	962.706	1024.12125
los	963	GCF.900116225.1.Bacteria.Bacteroidota	962.706	0.0	481.353
spe	963	962	962.706	817.4985	890.10225
los	962	GCA.002455375.1.Bacteria.Bacteroidota	817.4985	0.0	408.74925
spe	962	961	817.4985	672.025	744.76175
los	961	GCF.900489485.1.Bacteria.Bacteroidota	672.025	0.0	336.0125
hgt	None	dead	0.0	0.0	0.0
dup	None	dead	0.0	0.0	0.0
hgt	374	GCF.000266885.1.Bacteria.Spirochaetota	1675.86	0.0	837.93
los	None	dead	0.0	0.0	0.0
hgt	386	GCA.002450905.1.Bacteria.Spirochaetota	2009.02	0.0	1004.51
los	None	dead	0.0	0.0	0.0
dup	None	dead	0.0	0.0	0.0
hgt	536	GCF.900111015.1.Bacteria.Proteobacteria	1887.95	0.0	943.975
los	None	dead	0.0	0.0	0.0
hgt	356	GCA.001303885.1.Bacteria.Planctomycetota	1822.11	0.0	911.055
los	None	dead	0.0	0.0	0.0
spe	997	941	2552.125	2334.605	2443.365
los	941	GCA.003477045.1.Bacteria.Delongbacteria	2334.605	0.0	1167.3025
hgt	None	dead	0.0	0.0	0.0
hgt	892	GCA.001873295.1.Bacteria.CG2.30.70.394	2160.3	0.0	1080.15
los	None	dead	0.0	0.0	0.0
spe	941	940	2334.605	1909.055	2121.83
los	940	GCA.002127415.1.Bacteria.AABM5.125.24	1909.055	0.0	954.5275
hgt	1474	1473	2497.34	1423.81	1960.575
los	None	dead	0.0	0.0	0.0
hgt	None	dead	0.0	0.0	0.0
spe	1474	1473	2497.34	1423.81	1960.575
hgt	1178	1177	1673.74	1440.505	1557.1225
los	None	dead	0.0	0.0	0.0
spe	1178	1177	1673.74	1440.505	1557.1225
dup	1177	GCA.003138355.1.Bacteria.Actinobacteriota	1440.505	0.0	720.2525
hgt	None	dead	0.0	0.0	0.0
hgt	210	GCA.002796105.1.Bacteria.Omnitrophota	1758.02	0.0	879.01
los	None	dead	0.0	0.0	0.0
hgt	None	dead	0.0	0.0	0.0
hgt	1233	GCA.002291985.1.Bacteria.Firmicutes.E	1501.49	0.0	750.745
los	None	dead	0.0	0.0	0.0
hgt	None	dead	0.0	0.0	0.0
dup	None	dead	0.0	0.0	0.0
hgt	220	GCA.001805375.1.Bacteria.Omnitrophota	1323.035	0.0	661.5175
los	None	dead	0.0	0.0	0.0
dup	None	dead	0.0	0.0	0.0
hgt	1112	GCA.002898555.1.Bacteria.Armatimonadota	2167.595	0.0	1083.7975
los	None	dead	0.0	0.0	0.0
hgt	804	GCA.002731275.1.Bacteria.Myxococcota	2020.19	0.0	1010.095
los	None	dead	0.0	0.0	0.0
hgt	None	dead	0.0	0.0	0.0
dup	None	dead	0.0	0.0	0.0
hgt	828	GCA.002699025.1.Bacteria.Myxococcota	1800.295	0.0	900.1475
los	None	dead	0.0	0.0	0.0
hgt	1145	GCA.001767695.1.Bacteria.Actinobacteriota	2028.235	0.0	1014.1175
los	None	dead	0.0	0.0	0.0
hgt	None	dead	0.0	0.0	0.0
dup	None	dead	0.0	0.0	0.0
hgt	791	GCA.002898795.1.Bacteria.Desulfobacterota.B	1320.57	0.0	660.285
los	None	dead	0.0	0.0	0.0
hgt	570	GCA.002255365.1.Bacteria.Proteobacteria	1624.36	0.0	812.18
los	None	dead	0.0	0.0	0.0
hgt	None	dead	0.0	0.0	0.0
hgt	361	353	2351.985	2183.07	2267.5275
los	None	dead	0.0	0.0	0.0
spe	361	353	2351.985	2183.07	2267.5275
spe	353	347	2183.07	2010.41	2096.74
los	347	345	2010.41	1703.735	1857.0725
spe	353	352	2183.07	1776.1	1979.585
los	352	GCA.002167285.1.Bacteria.Planctomycetota	1776.1	0.0	888.05
hgt	None	dead	0.0	0.0	0.0
spe	352	350	1776.1	1516.925	1646.5125
los	350	GCA.002402755.1.Bacteria.Planctomycetota	1516.925	0.0	758.4625
hgt	1289	GCA.002345475.1.Bacteria.Firmicutes.H	2319.605	0.0	1159.8025
los	None	dead	0.0	0.0	0.0
hgt	None	dead	0.0	0.0	0.0
dup	None	dead	0.0	0.0	0.0
hgt	797	GCA.002311335.1.Bacteria.Desulfobacterota.B	1933.19	0.0	966.595
los	None	dead	0.0	0.0	0.0
hgt	1178	GCA.002347645.1.Bacteria.Actinobacteriota	1673.74	0.0	836.87
los	None	dead	0.0	0.0	0.0
hgt	None	dead	0.0	0.0	0.0
hgt	347	345	2010.41	1703.735	1857.0725
los	None	dead	0.0	0.0	0.0
spe	347	345	2010.41	1703.735	1857.0725
hgt	None	dead	0.0	0.0	0.0
hgt	895	GCA.002897695.1.Bacteria.BMS3Abin14	2233.715	0.0	1116.8575
los	None	dead	0.0	0.0	0.0
spe	900	716	3178.205	2750.795	2964.5
spe	716	670	2750.795	2401.115	2575.955
los	670	669	2401.115	1836.34	2118.7275
spe	716	715	2750.795	2587.59	2669.1925
hgt	None	dead	0.0	0.0	0.0
hgt	1041	GCA.002686955.1.Bacteria.Gemmatimonadota.A	2693.13	0.0	1346.565
los	None	dead	0.0	0.0	0.0
spe	715	675	2587.59	2219.92	2403.755
los	675	GCA.002789615.1.Bacteria.Acidobacteriota	2219.92	0.0	1109.96
hgt	None	dead	0.0	0.0	0.0
hgt	1021	GCA.002686915.1.Bacteria.ARS69	2221.035	0.0	1110.5175
los	None	dead	0.0	0.0	0.0
spe	675	674	2219.92	1948.825	2084.3725
hgt	None	dead	0.0	0.0	0.0
los	674	GCA.002747255.1.Bacteria.Acidobacteriota	1948.825	0.0	974.4125
hgt	832	GCA.002696345.1.Bacteria.Myxococcota	1622.625	0.0	811.3125
los	None	dead	0.0	0.0	0.0
spe	715	714	2587.59	2462.345	2524.9675
spe	714	713	2462.345	2300.685	2381.515
los	713	699	2300.685	2165.445	2233.065
spe	713	712	2300.685	2094.82	2197.7525
los	712	706	2094.82	1817.88	1956.35
spe	712	711	2094.82	1902.735	1998.7775
los	711	GCA.001664505.1.Bacteria.Acidobacteriota	1902.735	0.0	951.3675
spe	711	709	1902.735	1593.285	1748.01
los	709	GCA.003223995.1.Bacteria.Acidobacteriota	1593.285	0.0	796.6425
spe	364	363	3190.2	2638.385	2914.2925
hgt	None	dead	0.0	0.0	0.0
hgt	834	GCA.001798605.1.Bacteria.Myxococcota	1863.715	0.0	931.8575
los	None	dead	0.0	0.0	0.0
spe	363	321	2638.385	2458.77	2548.5775
los	321	320	2458.77	2256.89	2357.83
hgt	None	dead	0.0	0.0	0.0
hgt	1106	GCA.003134215.1.Bacteria.Armatimonadota	1668.05	0.0	834.025
los	None	dead	0.0	0.0	0.0
hgt	None	dead	0.0	0.0	0.0
hgt	706	GCA.002327305.1.Bacteria.Acidobacteriota	1817.88	0.0	908.94
los	None	dead	0.0	0.0	0.0
spe	363	362	2638.385	2473.985	2556.185
hgt	None	dead	0.0	0.0	0.0
los	362	361	2473.985	2351.985	2412.985
hgt	275	GCA.001784175.1.Bacteria.Lindowbacteria	2878.805	0.0	1439.4025
los	None	dead	0.0	0.0	0.0
spe	362	342	2473.985	2271.435	2372.71
spe	342	328	2271.435	1842.83	2057.1325
los	328	327	1842.83	1542.255	1692.5425
spe	342	341	2271.435	2005.01	2138.2225
los	341	GCA.003170085.1.Bacteria.Planctomycetota	2005.01	0.0	1002.505
hgt	None	dead	0.0	0.0	0.0
hgt	940	GCA.002127415.1.Bacteria.AABM5.125.24	1909.055	0.0	954.5275
los	None	dead	0.0	0.0	0.0
spe	341	340	2005.01	1641.945	1823.4775
los	340	339	1641.945	1498.51	1570.2275
spe	340	334	1641.945	1433.42	1537.6825
los	334	332	1433.42	1016.322	1224.871
spe	663	662	3209.65	3137.46	3173.555
hgt	None	dead	0.0	0.0	0.0
los	662	400	3137.46	2394.165	2765.8125
hgt	1478	1477	3264.47	3024.12	3144.295
los	None	dead	0.0	0.0	0.0
dup	1478	1477	3264.47	3024.12	3144.295
spe	1478	1477	3264.47	3024.12	3144.295
spe	1477	1476	3024.12	2783.015	2903.5675
spe	1476	1454	2783.015	2214.935	2498.975
los	1454	1453	2214.935	2115.485	2165.21
spe	1454	1446	2214.935	1960.08	2087.5075
los	1446	1440	1960.08	1813.195	1886.6375
spe	1446	1445	1960.08	1742.485	1851.2825
los	1445	1444	1742.485	1539.09	1640.7875
spe	1476	1475	2783.015	2647.025	2715.02
spe	1475	1463	2647.025	2401.705	2524.365
los	1463	1457	2401.705	1966.385	2184.045
spe	1463	1462	2401.705	2298.115	2349.91
los	1462	1461	2298.115	1906.91	2102.5125
spe	1475	1474	2647.025	2497.34	2572.1825
los	1474	1473	2497.34	1423.81	1960.575
spe	1474	1470	2497.34	2147.93	2322.635
los	1470	GCF.000025005.1.Bacteria.Chloroflexota	2147.93	0.0	1073.965
spe	1470	1469	2147.93	1964.555	2056.2425
los	1469	GCA.001898225.1.Bacteria.Chloroflexota	1964.555	0.0	982.2775
spe	1469	1467	1964.555	1808.245	1886.4
los	1467	GCA.002292925.1.Bacteria.Chloroflexota	1808.245	0.0	904.1225
hgt	None	dead	0.0	0.0	0.0
hgt	1203	GCA.002399265.1.Bacteria.Firmicutes.G	1946.15	0.0	973.075
los	None	dead	0.0	0.0	0.0
hgt	None	dead	0.0	0.0	0.0
spe	1477	1431	3024.12	2678.945	2851.5325
los	1431	1430	2678.945	2204.905	2441.925
spe	1431	1427	2678.945	2442.77	2560.8575
los	1427	1426	2442.77	2247.125	2344.9475
hgt	None	dead	0.0	0.0	0.0
spe	1427	1413	2442.77	2151.5	2297.135
los	1413	1412	2151.5	1912.54	2032.02
spe	1413	1399	2151.5	1824.235	1987.8675
los	1399	GCA.002450835.1.Bacteria.Chloroflexota	1824.235	0.0	912.1175
hgt	396	GCF.000177635.2.Bacteria.Chrysiogenota	2626.695	0.0	1313.3475
los	None	dead	0.0	0.0	0.0
hgt	1388	1387	2841.585	2774.13	2807.8575
los	None	dead	0.0	0.0	0.0
spe	1388	1387	2841.585	2774.13	2807.8575
spe	1387	1386	2774.13	2592.35	2683.24
los	1386	1330	2592.35	2019.045	2305.6975
spe	1386	1385	2592.35	2489.295	2540.8225
los	1385	1333	2489.295	2115.765	2302.53
spe	1385	1384	2489.295	2053.965	2271.63
spe	1384	1338	2053.965	1618.77	1836.3675
los	1338	GCF.002335525.1.Bacteria.Firmicutes	1618.77	0.0	809.385
hgt	None	dead	0.0	0.0	0.0
hgt	1061	GCA.003538775.1.Bacteria.Thermotogota	1460.525	0.0	730.2625
los	None	dead	0.0	0.0	0.0
spe	1338	1337	1618.77	1358.655	1488.7125
los	1337	GCF.001399675.1.Bacteria.Firmicutes	1358.655	0.0	679.3275
spe	1384	1383	2053.965	1928.425	1991.195
los	1383	1382	1928.425	1812.955	1870.69
hgt	None	dead	0.0	0.0	0.0
hgt	1116	GCA.002898575.1.Bacteria.Armatimonadota	2382.81	0.0	1191.405
los	None	dead	0.0	0.0	0.0
spe	1383	1341	1928.425	1562.96	1745.6925
los	1341	GCF.001311905.1.Bacteria.Firmicutes	1562.96	0.0	781.48
spe	1387	1327	2774.13	2643.35	2708.74
spe	1327	1289	2643.35	2319.605	2481.4775
los	1289	GCA.002345475.1.Bacteria.Firmicutes.H	2319.605	0.0	1159.8025
spe	1289	1288	2319.605	1737.805	2028.705
los	1288	GCA.002411145.1.Bacteria.Firmicutes.C	1737.805	0.0	868.9025
spe	1288	1287	1737.805	1455.455	1596.63
los	1287	GCA.002329525.1.Bacteria.Firmicutes.C	1455.455	0.0	727.7275
spe	1287	1285	1455.455	1344.265	1399.86
los	1285	1284	1344.265	1051.609	1197.937
spe	1285	1281	1344.265	1116.4885	1230.37675
los	1281	1280	1116.4885	953.42	1034.95425
spe	1327	1326	2643.35	2448.67	2546.01
los	1326	1292	2448.67	1962.37	2205.52
spe	1326	1325	2448.67	2256.125	2352.3975
los	1325	1324	2256.125	2152.01	2204.0675
spe	1325	1297	2256.125	1985.275	2120.7
los	1297	1296	1985.275	1805.085	1895.18
dup	1478	1477	3264.47	3024.12	3144.295
spe	1478	1477	3264.47	3024.12	3144.295
spe	1477	1431	3024.12	2678.945	2851.5325
los	1431	1430	2678.945	2204.905	2441.925
hgt	None	dead	0.0	0.0	0.0
hgt	515	514	2002.575	1851.4	1926.9875
los	None	dead	0.0	0.0	0.0
dup	515	514	2002.575	1851.4	1926.9875
spe	515	514	2002.575	1851.4	1926.9875
spe	514	513	1851.4	1786.09	1818.745
los	513	483	1786.09	1736.705	1761.3975
spe	513	512	1786.09	1671.055	1728.5725
los	512	486	1671.055	1393.215	1532.135
spe	512	511	1671.055	1589.625	1630.34
los	511	510	1589.625	1517.685	1553.655
spe	511	489	1589.625	1225.83	1407.7275
los	489	GCA.002701885.1.Bacteria.Proteobacteria	1225.83	0.0	612.915
spe	514	436	1851.4	1731.205	1791.3025
spe	436	435	1731.205	1539.415	1635.31
spe	435	434	1539.415	1329.5	1434.4575
los	434	GCA.002898275.1.Bacteria.Proteobacteria	1329.5	0.0	664.75
hgt	None	dead	0.0	0.0	0.0
los	435	GCA.006969625.1.Bacteria.Proteobacteria	1539.415	0.0	769.7075
hgt	481	469	1564.755	1451.305	1508.03
los	None	dead	0.0	0.0	0.0
spe	481	469	1564.755	1451.305	1508.03
spe	469	463	1451.305	1313.945	1382.625
los	463	462	1313.945	1065.146	1189.5455
spe	469	468	1451.305	1270.185	1360.745
los	468	GCF.900167455.1.Bacteria.Proteobacteria	1270.185	0.0	635.0925
spe	468	467	1270.185	1108.71	1189.4475
los	467	GCA.002291925.1.Bacteria.Proteobacteria	1108.71	0.0	554.355
hgt	None	dead	0.0	0.0	0.0
hgt	1337	GCF.001399675.1.Bacteria.Firmicutes	1358.655	0.0	679.3275
los	None	dead	0.0	0.0	0.0
dup	515	514	2002.575	1851.4	1926.9875
hgt	None	dead	0.0	0.0	0.0
spe	515	514	2002.575	1851.4	1926.9875
spe	514	436	1851.4	1731.205	1791.3025
spe	436	435	1731.205	1539.415	1635.31
los	435	434	1539.415	1329.5	1434.4575
hgt	None	dead	0.0	0.0	0.0
los	436	GCA.002722885.1.Bacteria.Proteobacteria	1731.205	0.0	865.6025
dup	None	dead	0.0	0.0	0.0
hgt	468	GCF.900167455.1.Bacteria.Proteobacteria	1270.185	0.0	635.0925
los	None	dead	0.0	0.0	0.0
dup	None	dead	0.0	0.0	0.0
hgt	274	GCA.002687025.1.Bacteria.Poribacteria	2118.375	0.0	1059.1875
los	None	dead	0.0	0.0	0.0
hgt	746	GCF.900079095.1.Bacteria.Tectomicrobia	2036.715	0.0	1018.3575
los	None	dead	0.0	0.0	0.0
spe	514	513	1851.4	1786.09	1818.745
spe	513	512	1786.09	1671.055	1728.5725
los	512	511	1671.055	1589.625	1630.34
spe	512	486	1671.055	1393.215	1532.135
los	486	GCF.000264455.2.Bacteria.Proteobacteria	1393.215	0.0	696.6075
spe	513	483	1786.09	1736.705	1761.3975
spe	483	447	1736.705	1590.07	1663.3875
spe	447	439	1590.07	1430.985	1510.5275
los	439	GCF.001613805.1.Bacteria.Proteobacteria	1430.985	0.0	715.4925
spe	447	446	1590.07	1389.555	1489.8125
spe	446	445	1389.555	1267.47	1328.5125
los	445	GCA.002717225.1.Bacteria.Proteobacteria	1267.47	0.0	633.735
hgt	None	dead	0.0	0.0	0.0
hgt	1253	GCF.900142265.1.Bacteria.Firmicutes.A	1684.93	0.0	842.465
los	None	dead	0.0	0.0	0.0
spe	445	444	1267.47	1089.937	1178.7035
los	444	GCA.002348425.1.Bacteria.Proteobacteria	1089.937	0.0	544.9685
hgt	None	dead	0.0	0.0	0.0
dup	None	dead	0.0	0.0	0.0
hgt	454	GCA.002709155.1.Bacteria.Proteobacteria	839.502	0.0	419.751
los	None	dead	0.0	0.0	0.0
hgt	944	GCA.002712165.1.Bacteria.Proteobacteria	1432.315	0.0	716.1575
los	None	dead	0.0	0.0	0.0
spe	483	482	1736.705	1642.38	1689.5425
los	482	458	1642.38	1513.53	1577.955
spe	482	481	1642.38	1564.755	1603.5675
los	481	480	1564.755	1431.52	1498.1375
spe	481	469	1564.755	1451.305	1508.03
los	469	468	1451.305	1270.185	1360.745
spe	469	463	1451.305	1313.945	1382.625
los	463	GCF.002251795.1.Bacteria.Proteobacteria	1313.945	0.0	656.9725
spe	463	462	1313.945	1065.146	1189.5455
hgt	None	dead	0.0	0.0	0.0
hgt	439	GCF.001613805.1.Bacteria.Proteobacteria	1430.985	0.0	715.4925
los	None	dead	0.0	0.0	0.0
hgt	None	dead	0.0	0.0	0.0
hgt	1284	GCF.001553315.1.Bacteria.Firmicutes.C	1051.609	0.0	525.8045
los	None	dead	0.0	0.0	0.0
hgt	458	456	1513.53	1329.135	1421.3325
los	None	dead	0.0	0.0	0.0
spe	458	456	1513.53	1329.135	1421.3325
spe	456	455	1329.135	974.476	1151.8055
los	455	454	974.476	839.502	906.989
spe	515	514	2002.575	1851.4	1926.9875
spe	514	436	1851.4	1731.205	1791.3025
los	436	GCA.002722885.1.Bacteria.Proteobacteria	1731.205	0.0	865.6025
spe	436	435	1731.205	1539.415	1635.31
los	435	GCA.006969625.1.Bacteria.Proteobacteria	1539.415	0.0	769.7075
spe	435	434	1539.415	1329.5	1434.4575
los	434	GCA.002238885.1.Bacteria.Proteobacteria	1329.5	0.0	664.75
spe	514	513	1851.4	1786.09	1818.745
los	513	483	1786.09	1736.705	1761.3975
spe	513	512	1786.09	1671.055	1728.5725
spe	512	511	1671.055	1589.625	1630.34
los	511	489	1589.625	1225.83	1407.7275
spe	511	510	1589.625	1517.685	1553.655
los	510	509	1517.685	1417.44	1467.5625
spe	510	492	1517.685	1247.39	1382.5375
los	492	GCF.900172325.1.Bacteria.Proteobacteria	1247.39	0.0	623.695
spe	512	486	1671.055	1393.215	1532.135
hgt	None	dead	0.0	0.0	0.0
los	486	GCA.002721365.1.Bacteria.Proteobacteria	1393.215	0.0	696.6075
hgt	924	GCA.002348465.1.Bacteria.Gemmatimonadota	1862.1	0.0	931.05
los	None	dead	0.0	0.0	0.0
spe	1431	1427	2678.945	2442.77	2560.8575
los	1427	1426	2442.77	2247.125	2344.9475
hgt	None	dead	0.0	0.0	0.0
spe	1427	1413	2442.77	2151.5	2297.135
los	1413	1399	2151.5	1824.235	1987.8675
spe	1413	1412	2151.5	1912.54	2032.02
los	1412	1411	1912.54	1632.645	1772.5925
spe	1412	1408	1912.54	1849.35	1880.945
spe	1408	1402	1849.35	1732.845	1791.0975
los	1402	GCA.002721445.1.Bacteria.Chloroflexota	1732.845	0.0	866.4225
spe	1408	1407	1849.35	1756.215	1802.7825
los	1407	1406	1756.215	1650.16	1703.1875
hgt	510	509	1517.685	1417.44	1467.5625
los	None	dead	0.0	0.0	0.0
spe	510	509	1517.685	1417.44	1467.5625
hgt	None	dead	0.0	0.0	0.0
hgt	614	613	1464.595	1345.44	1405.0175
los	None	dead	0.0	0.0	0.0
hgt	None	dead	0.0	0.0	0.0
spe	614	613	1464.595	1345.44	1405.0175
spe	613	612	1345.44	1191.86	1268.65
spe	612	611	1191.86	907.6015	1049.73075
hgt	775	GCA.001797335.1.Bacteria.Bdellovibrionota.E	1870.575	0.0	935.2875
los	None	dead	0.0	0.0	0.0
hgt	None	dead	0.0	0.0	0.0
hgt	557	GCA.002007405.1.Bacteria.Proteobacteria	1194.24	0.0	597.12
los	None	dead	0.0	0.0	0.0
hgt	None	dead	0.0	0.0	0.0
hgt	553	GCF.001641825.1.Bacteria.Proteobacteria	1630.725	0.0	815.3625
los	None	dead	0.0	0.0	0.0
spe	509	495	1417.44	1152.21	1284.825
hgt	None	dead	0.0	0.0	0.0
hgt	977	GCA.001567195.1.Bacteria.Bacteroidota	1171.8395	0.0	585.91975
los	None	dead	0.0	0.0	0.0
spe	509	508	1417.44	1290.24	1353.84
los	508	507	1290.24	1064.673	1177.4565
hgt	None	dead	0.0	0.0	0.0
spe	508	498	1290.24	1143.1505	1216.69525
los	498	GCF.000192575.1.Bacteria.Proteobacteria	1143.1505	0.0	571.57525
hgt	454	453	839.502	720.6325	780.06725
los	None	dead	0.0	0.0	0.0
spe	454	453	839.502	720.6325	780.06725
hgt	None	dead	0.0	0.0	0.0
hgt	492	GCF.900172325.1.Bacteria.Proteobacteria	1247.39	0.0	623.695
los	None	dead	0.0	0.0	0.0
spe	1477	1476	3024.12	2783.015	2903.5675
spe	1476	1454	2783.015	2214.935	2498.975
los	1454	1446	2214.935	1960.08	2087.5075
spe	1454	1453	2214.935	2115.485	2165.21
los	1453	1449	2115.485	1891.395	2003.44
spe	1453	1452	2115.485	1623.74	1869.6125
los	1452	GCA.002348045.1.Bacteria.Chloroflexota	1623.74	0.0	811.87
spe	1476	1475	2783.015	2647.025	2715.02
los	1475	1474	2647.025	2497.34	2572.1825
spe	1475	1463	2647.025	2401.705	2524.365
los	1463	1457	2401.705	1966.385	2184.045
spe	1463	1462	2401.705	2298.115	2349.91
los	1462	GCA.002436065.1.Bacteria.Chloroflexota	2298.115	0.0	1149.0575
spe	1462	1461	2298.115	1906.91	2102.5125
dup	1478	1477	3264.47	3024.12	3144.295
spe	1478	1477	3264.47	3024.12	3144.295
spe	1477	1431	3024.12	2678.945	2851.5325
los	1431	1427	2678.945	2442.77	2560.8575
spe	1431	1430	2678.945	2204.905	2441.925
los	1430	GCA.001795235.1.Bacteria.Chloroflexota	2204.905	0.0	1102.4525
spe	1477	1476	3024.12	2783.015	2903.5675
spe	1476	1475	2783.015	2647.025	2715.02
los	1475	1463	2647.025	2401.705	2524.365
hgt	None	dead	0.0	0.0	0.0
hgt	1437	GCA.002702065.1.Bacteria.Chloroflexota	1218.17	0.0	609.085
los	None	dead	0.0	0.0	0.0
spe	1475	1474	2647.025	2497.34	2572.1825
los	1474	1473	2497.34	1423.81	1960.575
spe	1474	1470	2497.34	2147.93	2322.635
los	1470	1469	2147.93	1964.555	2056.2425
spe	1476	1454	2783.015	2214.935	2498.975
los	1454	1453	2214.935	2115.485	2165.21
spe	1454	1446	2214.935	1960.08	2087.5075
spe	1446	1445	1960.08	1742.485	1851.2825
los	1445	GCA.003130875.1.Bacteria.Chloroflexota	1742.485	0.0	871.2425
spe	1445	1444	1742.485	1539.09	1640.7875
los	1444	GCA.003451595.1.Bacteria.Chloroflexota	1539.09	0.0	769.545
spe	1446	1440	1960.08	1813.195	1886.6375
los	1440	GCF.001306175.1.Bacteria.Chloroflexota	1813.195	0.0	906.5975
spe	1440	1439	1813.195	1555.635	1684.415
los	1439	GCF.900187885.1.Bacteria.Chloroflexota	1555.635	0.0	777.8175
spe	1439	1438	1555.635	1347.94	1451.7875
los	1438	GCA.002841995.1.Bacteria.Chloroflexota	1347.94	0.0	673.97
spe	1438	1437	1347.94	1218.17	1283.055
los	1437	GCA.002702065.1.Bacteria.Chloroflexota	1218.17	0.0	609.085
spe	1478	1477	3264.47	3024.12	3144.295
spe	1477	1476	3024.12	2783.015	2903.5675
los	1476	1475	2783.015	2647.025	2715.02
dup	1476	1454	2783.015	2214.935	2498.975
spe	1476	1454	2783.015	2214.935	2498.975
spe	1454	1446	2214.935	1960.08	2087.5075
los	1446	1445	1960.08	1742.485	1851.2825
spe	1446	1440	1960.08	1813.195	1886.6375
los	1440	1439	1813.195	1555.635	1684.415
spe	1454	1453	2214.935	2115.485	2165.21
los	1453	1452	2115.485	1623.74	1869.6125
spe	1453	1449	2115.485	1891.395	2003.44
los	1449	GCA.002366595.1.Bacteria.Chloroflexota	1891.395	0.0	945.6975
spe	1476	1454	2783.015	2214.935	2498.975
los	1454	1446	2214.935	1960.08	2087.5075
spe	1454	1453	2214.935	2115.485	2165.21
spe	1453	1452	2115.485	1623.74	1869.6125
los	1452	GCA.002423325.1.Bacteria.Chloroflexota	1623.74	0.0	811.87
spe	1453	1449	2115.485	1891.395	2003.44
los	1449	GCA.002400365.1.Bacteria.Chloroflexota	1891.395	0.0	945.6975
spe	1477	1431	3024.12	2678.945	2851.5325
los	1431	1430	2678.945	2204.905	2441.925
spe	1431	1427	2678.945	2442.77	2560.8575
spe	1427	1413	2442.77	2151.5	2297.135
los	1413	1399	2151.5	1824.235	1987.8675
spe	1413	1412	2151.5	1912.54	2032.02
los	1412	1411	1912.54	1632.645	1772.5925
spe	1412	1408	1912.54	1849.35	1880.945
spe	1408	1407	1849.35	1756.215	1802.7825
los	1407	GCA.002717565.1.Bacteria.Chloroflexota	1756.215	0.0	878.1075
spe	1407	1406	1756.215	1650.16	1703.1875
los	1406	GCA.002717925.1.Bacteria.Chloroflexota	1650.16	0.0	825.08
spe	1408	1402	1849.35	1732.845	1791.0975
hgt	None	dead	0.0	0.0	0.0
los	1402	GCA.003228115.1.Bacteria.Chloroflexota	1732.845	0.0	866.4225
hgt	681	GCA.002712885.1.Bacteria.Acidobacteriota	1934.475	0.0	967.2375
los	None	dead	0.0	0.0	0.0
spe	1427	1426	2442.77	2247.125	2344.9475
los	1426	GCF.001953175.1.Bacteria.Chloroflexota	2247.125	0.0	1123.5625
spe	1426	1425	2247.125	2026.57	2136.8475
spe	1425	1424	2026.57	1882.275	1954.4225
spe	1424	1422	1882.275	1743.865	1813.07
los	1422	GCA.003484395.1.Bacteria.Chloroflexota	1743.865	0.0	871.9325
spe	1422	1421	1743.865	1703.17	1723.5175
los	1421	GCA.002347295.1.Bacteria.Chloroflexota	1703.17	0.0	851.585
spe	1421	1419	1703.17	1560.275	1631.7225
spe	662	661	3137.46	3082.4	3109.93
los	661	660	3082.4	2563.03	2822.715
hgt	None	dead	0.0	0.0	0.0
hgt	1082	1080	2875.59	2598.745	2737.1675
los	None	dead	0.0	0.0	0.0
spe	1082	1080	2875.59	2598.745	2737.1675
spe	1080	1079	2598.745	2250.72	2424.7325
los	1079	GCF.000421485.1.Bacteria.Aquificota	2250.72	0.0	1125.36
spe	1079	1078	2250.72	1978.035	2114.3775
los	1078	GCA.002898315.1.Bacteria.Calescibacterota	1978.035	0.0	989.0175
spe	1078	1076	1978.035	1449.05	1713.5425
spe	661	655	3082.4	3023.71	3053.055
los	655	403	3023.71	2523.57	2773.64
spe	655	654	3023.71	2882.745	2953.2275
los	654	520	2882.745	2793.675	2838.21
spe	654	653	2882.745	2568.17	2725.4575
hgt	None	dead	0.0	0.0	0.0
hgt	None	dead	0.0	0.0	0.0
hgt	1228	GCA.003023725.1.Bacteria.Firmicutes.E	2207.365	0.0	1103.6825
los	None	dead	0.0	0.0	0.0
hgt	None	dead	0.0	0.0	0.0
hgt	244	GCA.001800075.1.Bacteria.Elusimicrobiota	1496.7	0.0	748.35
los	None	dead	0.0	0.0	0.0
hgt	None	dead	0.0	0.0	0.0
hgt	352	GCA.002167285.1.Bacteria.Planctomycetota	1776.1	0.0	888.05
los	None	dead	0.0	0.0	0.0
hgt	None	dead	0.0	0.0	0.0
hgt	816	GCA.002724675.1.Bacteria.Myxococcota.A	1355.92	0.0	677.96
los	None	dead	0.0	0.0	0.0
dup	None	dead	0.0	0.0	0.0
hgt	639	GCA.002400775.1.Bacteria.Proteobacteria	1270.67	0.0	635.335
los	None	dead	0.0	0.0	0.0
hgt	924	GCA.003221825.1.Bacteria.Gemmatimonadota	1862.1	0.0	931.05
los	None	dead	0.0	0.0	0.0
spe	653	652	2568.17	2398.805	2483.4875
los	652	526	2398.805	2059.41	2229.1075
dup	652	651	2398.805	2255.845	2327.325
dup	652	651	2398.805	2255.845	2327.325
spe	652	651	2398.805	2255.845	2327.325
los	651	650	2255.845	2166.365	2211.105
spe	651	533	2255.845	2045.455	2150.65
los	533	532	2045.455	1641.495	1843.475
spe	533	529	2045.455	1818.925	1932.19
los	529	GCA.002420425.1.Bacteria.Proteobacteria	1818.925	0.0	909.4625
hgt	None	dead	0.0	0.0	0.0
spe	652	651	2398.805	2255.845	2327.325
spe	651	650	2255.845	2166.365	2211.105
los	650	536	2166.365	1887.95	2027.1575
spe	650	649	2166.365	2098.245	2132.305
spe	649	543	2098.245	1931.665	2014.955
los	543	539	1931.665	1720.395	1826.03
spe	543	542	1931.665	1750.015	1840.84
los	542	GCA.002352565.1.Bacteria.Proteobacteria	1750.015	0.0	875.0075
spe	649	648	2098.245	2024.465	2061.355
spe	648	562	2024.465	1860.4	1942.4325
los	562	561	1860.4	1784.925	1822.6625
spe	562	546	1860.4	1496.095	1678.2475
hgt	None	dead	0.0	0.0	0.0
hgt	634	GCF.002020875.1.Bacteria.Proteobacteria	1434.16	0.0	717.08
los	None	dead	0.0	0.0	0.0
hgt	None	dead	0.0	0.0	0.0
hgt	574	GCF.000374645.1.Bacteria.Proteobacteria	1374.275	0.0	687.1375
los	None	dead	0.0	0.0	0.0
spe	648	647	2024.465	1945.285	1984.875
los	647	571	1945.285	1781.46	1863.3725
spe	647	646	1945.285	1897.835	1921.56
spe	646	588	1897.835	1783.48	1840.6575
los	588	587	1783.48	1406.63	1595.055
spe	588	576	1783.48	1633.525	1708.5025
los	576	GCA.002432655.1.Bacteria.Proteobacteria	1633.525	0.0	816.7625
spe	576	574	1633.525	1374.275	1503.9
los	574	GCF.000374645.1.Bacteria.Proteobacteria	1374.275	0.0	687.1375
spe	646	645	1897.835	1829.485	1863.66
los	645	631	1829.485	1750.855	1790.17
spe	645	644	1829.485	1683.9	1756.6925
dup	644	643	1683.9	1502.7	1593.3
spe	644	643	1683.9	1502.7	1593.3
los	643	639	1502.7	1270.67	1386.685
spe	643	642	1502.7	1352.47	1427.585
los	642	GCA.001447805.1.Bacteria.Proteobacteria	1352.47	0.0	676.235
spe	644	643	1683.9	1502.7	1593.3
spe	643	642	1502.7	1352.47	1427.585
los	642	GCA.001464965.1.Bacteria.Proteobacteria	1352.47	0.0	676.235
spe	643	639	1502.7	1270.67	1386.685
los	639	GCA.002400775.1.Bacteria.Proteobacteria	1270.67	0.0	635.335
spe	644	636	1683.9	1603.01	1643.455
los	636	GCA.002840095.1.Bacteria.Proteobacteria	1603.01	0.0	801.505
hgt	None	dead	0.0	0.0	0.0
hgt	595	GCA.002454015.1.Bacteria.Proteobacteria	1214.005	0.0	607.0025
los	None	dead	0.0	0.0	0.0
spe	636	634	1603.01	1434.16	1518.585
los	634	GCF.002020875.1.Bacteria.Proteobacteria	1434.16	0.0	717.08
hgt	None	dead	0.0	0.0	0.0
hgt	647	571	1945.285	1781.46	1863.3725
los	None	dead	0.0	0.0	0.0
spe	647	571	1945.285	1781.46	1863.3725
spe	571	570	1781.46	1624.36	1702.91
los	570	GCA.002255365.1.Bacteria.Proteobacteria	1624.36	0.0	812.18
spe	570	568	1624.36	1463.05	1543.705
los	568	GCA.002862435.1.Bacteria.Proteobacteria	1463.05	0.0	731.525
spe	571	565	1781.46	1495.725	1638.5925
hgt	None	dead	0.0	0.0	0.0
los	565	GCF.000239355.1.Bacteria.Proteobacteria	1495.725	0.0	747.8625
hgt	592	GCF.000024725.1.Bacteria.Proteobacteria	1273.13	0.0	636.565
los	None	dead	0.0	0.0	0.0
spe	651	533	2255.845	2045.455	2150.65
spe	533	529	2045.455	1818.925	1932.19
los	529	GCA.002451085.1.Bacteria.Proteobacteria	1818.925	0.0	909.4625
spe	533	532	2045.455	1641.495	1843.475
hgt	None	dead	0.0	0.0	0.0
los	532	GCA.001750625.1.Bacteria.Proteobacteria	1641.495	0.0	820.7475
hgt	558	GCA.002386945.1.Bacteria.Proteobacteria	1422.015	0.0	711.0075
los	None	dead	0.0	0.0	0.0
hgt	646	645	1897.835	1829.485	1863.66
los	None	dead	0.0	0.0	0.0
spe	646	645	1897.835	1829.485	1863.66
spe	645	631	1829.485	1750.855	1790.17
los	631	630	1750.855	1615.545	1683.2
spe	631	603	1750.855	1669.485	1710.17
los	603	GCA.002085445.1.Bacteria.Proteobacteria	1669.485	0.0	834.7425
spe	603	602	1669.485	1587.075	1628.28
spe	602	592	1587.075	1273.13	1430.1025
los	592	GCF.000024725.1.Bacteria.Proteobacteria	1273.13	0.0	636.565
spe	602	601	1587.075	1425.555	1506.315
los	601	600	1425.555	1212.31	1318.9325
hgt	None	dead	0.0	0.0	0.0
hgt	560	GCA.001735895.1.Bacteria.Proteobacteria	1588.3	0.0	794.15
los	None	dead	0.0	0.0	0.0
spe	601	595	1425.555	1214.005	1319.78
los	595	GCA.002454015.1.Bacteria.Proteobacteria	1214.005	0.0	607.0025
hgt	None	dead	0.0	0.0	0.0
hgt	600	GCA.002007425.1.Bacteria.Proteobacteria	1212.31	0.0	606.155
los	None	dead	0.0	0.0	0.0
spe	645	644	1829.485	1683.9	1756.6925
los	644	643	1683.9	1502.7	1593.3
spe	644	636	1683.9	1603.01	1643.455
hgt	None	dead	0.0	0.0	0.0
los	636	634	1603.01	1434.16	1518.585
hgt	553	552	1630.725	1397.305	1514.015
los	None	dead	0.0	0.0	0.0
spe	553	552	1630.725	1397.305	1514.015
spe	552	551	1397.305	1101.556	1249.4305
los	551	GCA.002699105.1.Bacteria.Bacteroidota	1101.556	0.0	550.778
hgt	None	dead	0.0	0.0	0.0
hgt	598	GCA.002292285.1.Bacteria.Proteobacteria	904.2135	0.0	452.10675
los	None	dead	0.0	0.0	0.0
hgt	None	dead	0.0	0.0	0.0
hgt	576	GCA.002432655.1.Bacteria.Proteobacteria	1633.525	0.0	816.7625
los	None	dead	0.0	0.0	0.0
spe	652	651	2398.805	2255.845	2327.325
spe	651	533	2255.845	2045.455	2150.65
los	533	529	2045.455	1818.925	1932.19
spe	533	532	2045.455	1641.495	1843.475
los	532	GCA.002405475.1.Bacteria.Proteobacteria	1641.495	0.0	820.7475
spe	651	650	2255.845	2166.365	2211.105
los	650	536	2166.365	1887.95	2027.1575
spe	650	649	2166.365	2098.245	2132.305
spe	649	648	2098.245	2024.465	2061.355
los	648	562	2024.465	1860.4	1942.4325
spe	648	647	2024.465	1945.285	1984.875
los	647	646	1945.285	1897.835	1921.56
spe	647	571	1945.285	1781.46	1863.3725
los	571	565	1781.46	1495.725	1638.5925
spe	571	570	1781.46	1624.36	1702.91
los	570	GCA.002255365.1.Bacteria.Proteobacteria	1624.36	0.0	812.18
spe	570	568	1624.36	1463.05	1543.705
los	568	GCF.001051235.1.Bacteria.Proteobacteria	1463.05	0.0	731.525
spe	649	543	2098.245	1931.665	2014.955
los	543	539	1931.665	1720.395	1826.03
spe	543	542	1931.665	1750.015	1840.84
los	542	GCA.002631715.1.Bacteria.Proteobacteria	1750.015	0.0	875.0075
dup	None	dead	0.0	0.0	0.0
hgt	1426	GCF.001953175.1.Bacteria.Chloroflexota	2247.125	0.0	1123.5625
los	None	dead	0.0	0.0	0.0
hgt	None	dead	0.0	0.0	0.0
hgt	223	222	1939.68	1655.985	1797.8325
los	None	dead	0.0	0.0	0.0
spe	223	222	1939.68	1655.985	1797.8325
spe	222	216	1655.985	1473.715	1564.85
los	216	GCA.003154195.1.Bacteria.Omnitrophota	1473.715	0.0	736.8575
spe	222	221	1655.985	1557.945	1606.965
hgt	None	dead	0.0	0.0	0.0
los	221	220	1557.945	1323.035	1440.49
hgt	229	GCA.002791075.1.Bacteria.Ratteibacteria	2544.195	0.0	1272.0975
los	None	dead	0.0	0.0	0.0
hgt	840	839	2199.32	2107.47	2153.395
los	None	dead	0.0	0.0	0.0
spe	840	839	2199.32	2107.47	2153.395
spe	839	829	2107.47	2062.825	2085.1475
los	829	828	2062.825	1800.295	1931.56
spe	829	817	2062.825	1903.64	1983.2325
hgt	None	dead	0.0	0.0	0.0
hgt	681	GCA.002712885.1.Bacteria.Acidobacteriota	1934.475	0.0	967.2375
los	None	dead	0.0	0.0	0.0
spe	817	813	1903.64	1756.665	1830.1525
hgt	None	dead	0.0	0.0	0.0
los	813	812	1756.665	1631.73	1694.1975
dup	None	dead	0.0	0.0	0.0
hgt	1396	GCA.003244045.1.Bacteria.Dormibacterota	2089.7	0.0	1044.85
los	None	dead	0.0	0.0	0.0
hgt	1020	GCA.001780165.1.Bacteria.Eisenbacteria	1634.295	0.0	817.1475
los	None	dead	0.0	0.0	0.0
hgt	None	dead	0.0	0.0	0.0
hgt	1233	GCA.003449495.1.Bacteria.Firmicutes.E	1501.49	0.0	750.745
los	None	dead	0.0	0.0	0.0
spe	813	807	1756.665	1533.145	1644.905
hgt	None	dead	0.0	0.0	0.0
los	807	GCA.002841945.1.Bacteria.Myxococcota	1533.145	0.0	766.5725
hgt	1036	GCA.002059205.1.Bacteria.Latescibacterota	1833.115	0.0	916.5575
los	None	dead	0.0	0.0	0.0
hgt	None	dead	0.0	0.0	0.0
spe	817	816	1903.64	1355.92	1629.78
los	816	GCA.002707085.1.Bacteria.Myxococcota.A	1355.92	0.0	677.96
hgt	797	796	1933.19	1757.055	1845.1225
los	None	dead	0.0	0.0	0.0
spe	797	796	1933.19	1757.055	1845.1225
spe	796	795	1757.055	1569.94	1663.4975
los	795	794	1569.94	1455.87	1512.905
hgt	None	dead	0.0	0.0	0.0
hgt	736	GCA.001803795.1.Bacteria.Nitrospirota	1883.24	0.0	941.62
los	None	dead	0.0	0.0	0.0
spe	795	791	1569.94	1320.57	1445.255
los	791	GCA.002898795.1.Bacteria.Desulfobacterota.B	1320.57	0.0	660.285
spe	839	838	2107.47	1933.55	2020.51
los	838	834	1933.55	1863.715	1898.6325
hgt	None	dead	0.0	0.0	0.0
spe	838	837	1933.55	1633.315	1783.4325
los	837	GCA.002309015.1.Bacteria.Myxococcota	1633.315	0.0	816.6575
hgt	503	GCA.002280485.1.Bacteria.Proteobacteria	930.456	0.0	465.228
los	None	dead	0.0	0.0	0.0
dup	None	dead	0.0	0.0	0.0
hgt	507	506	1064.673	1020.1165	1042.39475
los	None	dead	0.0	0.0	0.0
spe	507	506	1064.673	1020.1165	1042.39475
hgt	897	889	2922.2	2701.575	2811.8875
los	None	dead	0.0	0.0	0.0
dup	897	889	2922.2	2701.575	2811.8875
spe	897	889	2922.2	2701.575	2811.8875
spe	889	843	2701.575	2593.715	2647.645
los	843	783	2593.715	2471.955	2532.835
spe	843	842	2593.715	2481.42	2537.5675
spe	842	841	2481.42	2397.295	2439.3575
los	841	801	2397.295	2073.125	2235.21
spe	841	840	2397.295	2199.32	2298.3075
los	840	839	2199.32	2107.47	2153.395
spe	840	804	2199.32	2020.19	2109.755
los	804	GCA.002731275.1.Bacteria.Myxococcota	2020.19	0.0	1010.095
spe	842	798	2481.42	2208.72	2345.07
los	798	786	2208.72	1782.305	1995.5125
spe	798	797	2208.72	1933.19	2070.955
los	797	GCA.002311335.1.Bacteria.Desulfobacterota.B	1933.19	0.0	966.595
hgt	None	dead	0.0	0.0	0.0
hgt	339	GCA.002311745.1.Bacteria.Planctomycetota	1498.51	0.0	749.255
los	None	dead	0.0	0.0	0.0
spe	797	796	1933.19	1757.055	1845.1225
los	796	GCA.002238415.1.Bacteria.Desulfobacterota.B	1757.055	0.0	878.5275
spe	796	795	1757.055	1569.94	1663.4975
los	795	791	1569.94	1320.57	1445.255
spe	795	794	1569.94	1455.87	1512.905
los	794	GCA.001798565.1.Bacteria.Desulfobacterota.B	1455.87	0.0	727.935
spe	889	888	2701.575	2515.76	2608.6675
los	888	854	2515.76	2344.965	2430.3625
spe	888	887	2515.76	2332.115	2423.9375
spe	887	886	2332.115	2067.29	2199.7025
los	886	874	2067.29	1965.97	2016.63
spe	886	885	2067.29	1945.59	2006.44
los	885	877	1945.59	1826.365	1885.9775
spe	885	884	1945.59	1824.105	1884.8475
los	884	883	1824.105	1441.77	1632.9375
spe	884	880	1824.105	1550.835	1687.47
los	880	GCA.001577715.1.Bacteria.Desulfobacterota	1550.835	0.0	775.4175
spe	887	863	2332.115	2111.78	2221.9475
los	863	857	2111.78	1980.505	2046.1425
hgt	None	dead	0.0	0.0	0.0
hgt	736	GCA.003454665.1.Bacteria.Nitrospirota	1883.24	0.0	941.62
los	None	dead	0.0	0.0	0.0
spe	863	862	2111.78	1779.145	1945.4625
los	862	GCA.002782605.1.Bacteria.Desulfobacterota	1779.145	0.0	889.5725
spe	862	861	1779.145	1645.455	1712.3
los	861	GCA.002327985.1.Bacteria.Desulfobacterota	1645.455	0.0	822.7275
spe	897	889	2922.2	2701.575	2811.8875
los	889	843	2701.575	2593.715	2647.645
spe	889	888	2701.575	2515.76	2608.6675
spe	888	854	2515.76	2344.965	2430.3625
los	854	853	2344.965	2065.005	2204.985
dup	854	850	2344.965	2301.83	2323.3975
spe	854	850	2344.965	2301.83	2323.3975
spe	850	846	2301.83	2027.01	2164.42
hgt	None	dead	0.0	0.0	0.0
los	846	GCA.002327765.1.Bacteria.Desulfobacterota.E	2027.01	0.0	1013.505
hgt	519	GCF.002109495.1.Bacteria.Proteobacteria	2628.48	0.0	1314.24
los	None	dead	0.0	0.0	0.0
hgt	None	dead	0.0	0.0	0.0
los	850	849	2301.83	1938.415	2120.1225
hgt	1463	1457	2401.705	1966.385	2184.045
los	None	dead	0.0	0.0	0.0
spe	1463	1457	2401.705	1966.385	2184.045
hgt	None	dead	0.0	0.0	0.0
hgt	328	327	1842.83	1542.255	1692.5425
los	None	dead	0.0	0.0	0.0
spe	328	327	1842.83	1542.255	1692.5425
spe	327	326	1542.255	1215.9915	1379.12325
spe	854	850	2344.965	2301.83	2323.3975
spe	850	849	2301.83	1938.415	2120.1225
los	849	GCA.001896555.1.Bacteria.Desulfobacterota	1938.415	0.0	969.2075
spe	850	846	2301.83	2027.01	2164.42
hgt	None	dead	0.0	0.0	0.0
los	846	GCF.001611275.1.Bacteria.Desulfobacterota	2027.01	0.0	1013.505
hgt	1015	GCA.002790835.1.Bacteria.Krumholzibacteriota	2074.465	0.0	1037.2325
los	None	dead	0.0	0.0	0.0
spe	888	887	2515.76	2332.115	2423.9375
los	887	863	2332.115	2111.78	2221.9475
spe	887	886	2332.115	2067.29	2199.7025
los	886	885	2067.29	1945.59	2006.44
spe	886	874	2067.29	1965.97	2016.63
los	874	868	1965.97	1758.21	1862.09
spe	874	873	1965.97	1792.01	1878.99
los	873	GCA.002011835.1.Bacteria.Desulfobacterota	1792.01	0.0	896.005
spe	873	871	1792.01	1532.675	1662.3425
hgt	None	dead	0.0	0.0	0.0
hgt	857	GCA.002010915.1.Bacteria.Desulfobacterota	1980.505	0.0	990.2525
los	None	dead	0.0	0.0	0.0
spe	902	901	3388.51	3298.045	3343.2775
los	901	663	3298.045	3209.65	3253.8475
spe	901	900	3298.045	3178.205	3238.125
los	900	716	3178.205	2750.795	2964.5
spe	900	899	3178.205	3077.265	3127.735
spe	899	743	3077.265	2953.32	3015.2925
los	743	721	2953.32	2669.375	2811.3475
spe	743	742	2953.32	2707.335	2830.3275
los	742	741	2707.335	2099.065	2403.2
spe	742	738	2707.335	2387.34	2547.3375
los	738	728	2387.34	2047.46	2217.4
spe	738	737	2387.34	2168.56	2277.95
los	737	736	2168.56	1883.24	2025.9
spe	737	733	2168.56	1662.33	1915.445
los	733	GCA.003235715.1.Bacteria.Nitrospirota	1662.33	0.0	831.165
spe	733	732	1662.33	1418.365	1540.3475
los	732	GCA.002011735.1.Bacteria.Nitrospirota	1418.365	0.0	709.1825
spe	899	898	3077.265	3008.34	3042.8025
spe	898	756	3008.34	2635.78	2822.06
los	756	GCA.001790645.1.Bacteria.Schekmanbacteria	2635.78	0.0	1317.89
spe	756	754	2635.78	2364.085	2499.9325
los	754	746	2364.085	2036.715	2200.4
spe	754	753	2364.085	2099.055	2231.57
los	753	GCA.001803565.1.Bacteria.Nitrospinota.B	2099.055	0.0	1049.5275
spe	753	751	2099.055	1941.285	2020.17
los	751	GCA.002500605.1.Bacteria.Nitrospinota	1941.285	0.0	970.6425
spe	751	749	1941.285	1781.81	1861.5475
los	749	GCA.002705185.1.Bacteria.Nitrospinota	1781.81	0.0	890.905
spe	898	897	3008.34	2922.2	2965.27
los	897	889	2922.2	2701.575	2811.8875
spe	897	896	2922.2	2689.39	2805.795
spe	896	892	2689.39	2160.3	2424.845
los	892	GCA.001873295.1.Bacteria.CG2.30.70.394	2160.3	0.0	1080.15
spe	896	895	2689.39	2233.715	2461.5525
hgt	None	dead	0.0	0.0	0.0
los	895	GCA.002897695.1.Bacteria.BMS3Abin14	2233.715	0.0	1116.8575
hgt	359	GCF.000949635.1.Bacteria.Planctomycetota	1876.535	0.0	938.2675
los	None	dead	0.0	0.0	0.0
hgt	886	885	2067.29	1945.59	2006.44
los	None	dead	0.0	0.0	0.0
spe	886	885	2067.29	1945.59	2006.44
spe	885	884	1945.59	1824.105	1884.8475
los	884	880	1824.105	1550.835	1687.47
spe	884	883	1824.105	1441.77	1632.9375
los	883	GCA.001751085.1.Bacteria.Desulfobacterota	1441.77	0.0	720.885
hgt	None	dead	0.0	0.0	0.0
dup	None	dead	0.0	0.0	0.0
hgt	1058	GCA.001443005.1.Bacteria.Synergistota	2648.915	0.0	1324.4575
los	None	dead	0.0	0.0	0.0
hgt	236	GCA.002412545.1.Bacteria.Elusimicrobiota	1769.81	0.0	884.905
los	None	dead	0.0	0.0	0.0
spe	885	877	1945.59	1826.365	1885.9775
hgt	None	dead	0.0	0.0	0.0
hgt	None	dead	0.0	0.0	0.0
hgt	198	GCA.001871015.1.Bacteria.Desantisbacteria	2444.64	0.0	1222.32
los	None	dead	0.0	0.0	0.0
dup	None	dead	0.0	0.0	0.0
hgt	356	GCA.001828445.1.Bacteria.Planctomycetota	1822.11	0.0	911.055
los	None	dead	0.0	0.0	0.0
hgt	1406	GCA.002717925.1.Bacteria.Chloroflexota	1650.16	0.0	825.08
los	None	dead	0.0	0.0	0.0
hgt	None	dead	0.0	0.0	0.0
dup	None	dead	0.0	0.0	0.0
hgt	166	GCA.000209225.1.Eukaryota.Cnidaria	870.936	0.0	435.468
los	None	dead	0.0	0.0	0.0
hgt	967	GCF.000013045.1.Bacteria.Bacteroidota	1840.425	0.0	920.2125
los	None	dead	0.0	0.0	0.0
hgt	None	dead	0.0	0.0	0.0
hgt	517	GCA.002937675.1.Bacteria.Proteobacteria	2211.17	0.0	1105.585
los	None	dead	0.0	0.0	0.0
hgt	None	dead	0.0	0.0	0.0
hgt	None	dead	0.0	0.0	0.0
hgt	400	GCA.002401295.1.Bacteria.SAR324	2394.165	0.0	1197.0825
los	None	dead	0.0	0.0	0.0
hgt	None	dead	0.0	0.0	0.0
hgt	832	GCA.002721815.1.Bacteria.Myxococcota	1622.625	0.0	811.3125
los	None	dead	0.0	0.0	0.0
hgt	None	dead	0.0	0.0	0.0
dup	None	dead	0.0	0.0	0.0
hgt	185	GCA.001791795.1.Bacteria.Wallbacteria	3376.945	0.0	1688.4725
los	None	dead	0.0	0.0	0.0
dup	None	dead	0.0	0.0	0.0
hgt	1645	GCF.000212395.1.Bacteria.Thermodesulfobiota	3111.405	0.0	1555.7025
los	None	dead	0.0	0.0	0.0
hgt	866	GCA.002877985.1.Bacteria.Desulfobacterota	1421.715	0.0	710.8575
los	None	dead	0.0	0.0	0.0
dup	None	dead	0.0	0.0	0.0
hgt	853	GCA.003232385.1.Bacteria.SZUA.79	2065.005	0.0	1032.5025
los	None	dead	0.0	0.0	0.0
dup	None	dead	0.0	0.0	0.0
hgt	188	GCA.001787855.1.Bacteria.Riflebacteria	3280.19	0.0	1640.095
los	None	dead	0.0	0.0	0.0
hgt	801	GCA.002328485.1.Bacteria.Desulfobacterota.G	2073.125	0.0	1036.5625
los	None	dead	0.0	0.0	0.0
spe	177	95	3486.475	3251.76	3369.1175
spe	95	94	3251.76	3195.115	3223.4375
spe	94	42	3195.115	2648.12	2921.6175
los	42	GCA.002502135.1.Archaea.Undinarchaeota	2648.12	0.0	1324.06
spe	94	93	3195.115	2978.785	3086.95
los	93	GCF.000025525.1.Archaea.Methanobacteriota.A	2978.785	0.0	1489.3925
spe	93	92	2978.785	2820.295	2899.54
los	92	70	2820.295	2306.48	2563.3875
spe	92	91	2820.295	2456.155	2638.225
hgt	None	dead	0.0	0.0	0.0
hgt	86	84	1547.845	1360.205	1454.025
los	None	dead	0.0	0.0	0.0
spe	86	84	1547.845	1360.205	1454.025
hgt	None	dead	0.0	0.0	0.0
hgt	80	GCF.002114285.1.Archaea.Halobacteriota	1577.665	0.0	788.8325
los	None	dead	0.0	0.0	0.0
spe	91	90	2456.155	2213.885	2335.02
spe	90	89	2213.885	2018.03	2115.9575
los	89	88	2018.03	1850.095	1934.0625
spe	89	77	2018.03	1646.475	1832.2525
los	77	GCA.003194435.1.Archaea.Halobacteriota	1646.475	0.0	823.2375
hgt	None	dead	0.0	0.0	0.0
hgt	38	GCA.001515205.2.Archaea.Hadarchaeota	2493.245	0.0	1246.6225
los	None	dead	0.0	0.0	0.0
spe	90	74	2213.885	1964.425	2089.155
spe	95	39	3251.76	2961.96	3106.86
spe	39	35	2961.96	2647.665	2804.8125
los	35	GCF.002201895.1.Archaea.Euryarchaeota	2647.665	0.0	1323.8325
spe	39	38	2961.96	2493.245	2727.6025
hgt	None	dead	0.0	0.0	0.0
los	38	GCA.001515205.2.Archaea.Hadarchaeota	2493.245	0.0	1246.6225
hgt	93	GCF.000025525.1.Archaea.Methanobacteriota.A	2978.785	0.0	1489.3925
los	None	dead	0.0	0.0	0.0
hgt	88	87	1850.095	1733.555	1791.825
los	None	dead	0.0	0.0	0.0
spe	88	87	1850.095	1733.555	1791.825
spe	87	86	1733.555	1547.845	1640.7
los	86	84	1547.845	1360.205	1454.025
spe	177	176	3486.475	3232.565	3359.52
los	176	175	3232.565	3094.86	3163.7125
spe	176	140	3232.565	3044.4	3138.4825
spe	140	139	3044.4	2917.505	2980.9525
los	139	109	2917.505	2602.795	2760.15
spe	139	138	2917.505	2764.09	2840.7975
los	138	137	2764.09	2491.115	2627.6025
spe	138	124	2764.09	2515.505	2639.7975
los	124	GCA.002495485.1.Archaea.Thermoproteota	2515.505	0.0	1257.7525
spe	124	123	2515.505	2385.055	2450.28
los	123	113	2385.055	2111.275	2248.165
spe	123	122	2385.055	2203.735	2294.395
los	122	121	2203.735	1743.665	1973.7
spe	122	118	2203.735	1963.41	2083.5725
los	118	GCA.001593855.1.Archaea.Thermoproteota	1963.41	0.0	981.705
spe	118	116	1963.41	1247.9685	1605.68925
