event	left_node	right_node	left_date	right_date	midpoint_date	left_date_lower	left_date_upper	right_date_lower	right_date_upper	midpoint_date_all
spe	1727	1726	3797.955	3785.015	3791.485	3920.8	3675.11	3906.33	3663.7	3792.25
spe	1726	1094	3785.015	3721.555	3753.285	3906.33	3663.7	3846.33	3596.78	3751.555
spe	1094	1048	3721.555	3560.57	3641.0625	3846.33	3596.78	3688.87	3432.27	3639.3
los	1048	1047	3560.57	3546.415	3553.4925	3688.87	3432.27	3674.52	3418.31	3553.59
spe	1048	278	3560.57	3428.485	3494.5275	3688.87	3432.27	3570.33	3286.64	3487.755
los	278	277	3428.485	3180.01	3304.2475	3570.33	3286.64	3363.1	2996.92	3283.625
spe	278	262	3428.485	3190.66	3309.5725	3570.33	3286.64	3356.76	3024.56	3297.445
los	262	261	3190.66	3090.155	3140.4075	3356.76	3024.56	3264.73	2915.58	3136.17
spe	262	194	3190.66	2695.625	2943.1425	3356.76	3024.56	2966.44	2424.81	2890.785
los	194	193	2695.625	2415.11	2555.3675	2966.44	2424.81	2728.71	2101.51	2533.975
hgt	None	dead	0.0	0.0	0.0	0.0	0.0	0.0	0.0	0.0
los	1094	1093	3721.555	3558.68	3640.1175	3846.33	3596.78	3708.55	3408.81	3627.57
hgt	668	GCA.002010665.1.Bacteria.Acidobacteriota	1575.265	0.0	787.6325	1852.06	1298.47	0.0	0.0	926.03
los	None	dead	0.0	0.0	0.0	0.0	0.0	0.0	0.0	0.0
dup	1726	1725	3785.015	3734.58	3759.7975	3906.33	3663.7	3857.32	3611.84	3759.085
spe	1726	1725	3785.015	3734.58	3759.7975	3906.33	3663.7	3857.32	3611.84	3759.085
spe	1725	1393	3734.58	3594.23	3664.405	3857.32	3611.84	3723.96	3464.5	3660.91
los	1393	1129	3594.23	3343.055	3468.6425	3723.96	3464.5	3496.43	3189.68	3456.82
spe	1393	1392	3594.23	3486.295	3540.2625	3723.96	3464.5	3621.84	3350.75	3537.355
los	1392	1391	3486.295	3193.865	3340.08	3621.84	3350.75	3340.39	3047.34	3334.59
spe	1392	1188	3486.295	3139.205	3312.75	3621.84	3350.75	3310.24	2968.17	3295.005
spe	1188	1187	3139.205	3067.16	3103.1825	3310.24	2968.17	3235.87	2898.45	3104.345
spe	1187	1186	3067.16	2936.225	3001.6925	3235.87	2898.45	3121.91	2750.54	2993.205
los	1186	1136	2936.225	2376.455	2656.34	3121.91	2750.54	2654.7	2098.21	2610.06
spe	1186	1185	2936.225	2773.915	2855.07	3121.91	2750.54	2967.18	2580.65	2851.28
los	1185	1169	2773.915	2396.405	2585.16	2967.18	2580.65	2605.17	2187.64	2577.41
spe	1185	1184	2773.915	2619.05	2696.4825	2967.18	2580.65	2826.1	2412.0	2689.59
los	1184	1183	2619.05	2026.845	2322.9475	2826.1	2412.0	2306.44	1747.25	2286.675
spe	1184	1180	2619.05	2187.185	2403.1175	2826.1	2412.0	2433.9	1940.47	2383.285
los	1180	GCF.001029505.1.Bacteria.Actinobacteriota	2187.185	0.0	1093.5925	2433.9	1940.47	0.0	0.0	1216.95
spe	1180	1179	2187.185	1862.535	2024.86	2433.9	1940.47	2110.2	1614.87	2024.385
los	1179	1173	1862.535	1615.325	1738.93	2110.2	1614.87	1879.87	1350.78	1730.49
spe	1179	1178	1862.535	1673.74	1768.1375	2110.2	1614.87	1926.76	1420.72	1765.46
los	1178	1177	1673.74	1440.505	1557.1225	1926.76	1420.72	1704.68	1176.33	1551.545
spe	1187	1133	3067.16	2467.96	2767.56	3235.87	2898.45	2738.86	2197.06	2716.465
los	1133	GCA.002366545.1.Bacteria.Actinobacteriota	2467.96	0.0	1233.98	2738.86	2197.06	0.0	0.0	1369.43
hgt	None	dead	0.0	0.0	0.0	0.0	0.0	0.0	0.0	0.0
spe	1725	1724	3734.58	3628.125	3681.3525	3857.32	3611.84	3750.92	3505.33	3681.325
spe	1724	1723	3628.125	3473.32	3550.7225	3750.92	3505.33	3598.84	3347.8	3549.36
los	1723	1657	3473.32	3302.405	3387.8625	3598.84	3347.8	3453.53	3151.28	3375.06
spe	1723	1722	3473.32	3258.43	3365.875	3598.84	3347.8	3379.98	3136.88	3367.86
los	1722	1664	3258.43	2797.97	3028.2	3379.98	3136.88	2989.79	2606.15	2993.065
spe	1722	1721	3258.43	3170.865	3214.6475	3379.98	3136.88	3292.74	3048.99	3214.485
los	1721	1720	3170.865	2606.555	2888.71	3292.74	3048.99	2696.39	2516.72	2904.73
spe	1721	1667	3170.865	2879.985	3025.425	3292.74	3048.99	3035.21	2724.76	3008.75
los	1667	GCA.002783405.1.Bacteria.Cyanobacteria	2879.985	0.0	1439.9925	3035.21	2724.76	0.0	0.0	1517.605
spe	1724	1642	3628.125	3541.065	3584.595	3750.92	3505.33	3668.81	3413.32	3582.12
hgt	None	dead	0.0	0.0	0.0	0.0	0.0	0.0	0.0	0.0
los	1642	1641	3541.065	3197.795	3369.43	3668.81	3413.32	3366.04	3029.55	3349.18
hgt	794	GCA.001798565.1.Bacteria.Desulfobacterota.B	1455.87	0.0	727.935	1673.56	1238.18	0.0	0.0	836.78
los	None	dead	0.0	0.0	0.0	0.0	0.0	0.0	0.0	0.0
spe	1642	1478	3541.065	3264.47	3402.7675	3668.81	3413.32	3427.31	3101.63	3385.22
los	1478	1396	3264.47	2089.7	2677.085	3427.31	3101.63	2454.33	1725.07	2576.19
spe	1478	1477	3264.47	3024.12	3144.295	3427.31	3101.63	3199.0	2849.24	3138.275
hgt	None	dead	0.0	0.0	0.0	0.0	0.0	0.0	0.0	0.0
hgt	753	GCA.001803565.1.Bacteria.Nitrospinota.B	2099.055	0.0	1049.5275	2342.98	1855.13	0.0	0.0	1171.49
los	None	dead	0.0	0.0	0.0	0.0	0.0	0.0	0.0	0.0
hgt	1390	1389	3074.65	2995.16	3034.905	3224.77	2924.53	3145.66	2844.66	3034.715
hgt	None	dead	0.0	0.0	0.0	0.0	0.0	0.0	0.0	0.0
dup	None	dead	0.0	0.0	0.0	0.0	0.0	0.0	0.0	0.0
hgt	674	GCA.002298155.1.Bacteria.Acidobacteriota	1948.825	0.0	974.4125	2211.19	1686.46	0.0	0.0	1105.595
los	None	dead	0.0	0.0	0.0	0.0	0.0	0.0	0.0	0.0
hgt	706	GCA.002327305.1.Bacteria.Acidobacteriota	1817.88	0.0	908.94	2043.39	1592.37	0.0	0.0	1021.695
los	None	dead	0.0	0.0	0.0	0.0	0.0	0.0	0.0	0.0
hgt	None	dead	0.0	0.0	0.0	0.0	0.0	0.0	0.0	0.0
dup	None	dead	0.0	0.0	0.0	0.0	0.0	0.0	0.0	0.0
hgt	837	GCA.001768075.1.Bacteria.Myxococcota	1633.315	0.0	816.6575	1837.63	1429.0	0.0	0.0	918.815
los	None	dead	0.0	0.0	0.0	0.0	0.0	0.0	0.0	0.0
hgt	888	887	2515.76	2332.115	2423.9375	2689.37	2342.15	2510.45	2153.78	2421.575
los	None	dead	0.0	0.0	0.0	0.0	0.0	0.0	0.0	0.0
spe	888	887	2515.76	2332.115	2423.9375	2689.37	2342.15	2510.45	2153.78	2421.575
spe	887	863	2332.115	2111.78	2221.9475	2510.45	2153.78	2305.71	1917.85	2214.15
los	863	857	2111.78	1980.505	2046.1425	2305.71	1917.85	2203.95	1757.06	2031.385
dup	863	862	2111.78	1779.145	1945.4625	2305.71	1917.85	1993.79	1564.5	1935.105
spe	863	862	2111.78	1779.145	1945.4625	2305.71	1917.85	1993.79	1564.5	1935.105
los	862	GCA.002782605.1.Bacteria.Desulfobacterota	1779.145	0.0	889.5725	1993.79	1564.5	0.0	0.0	996.895
spe	862	861	1779.145	1645.455	1712.3	1993.79	1564.5	1870.52	1420.39	1707.09
los	861	GCA.002327985.1.Bacteria.Desulfobacterota	1645.455	0.0	822.7275	1870.52	1420.39	0.0	0.0	935.26
spe	863	862	2111.78	1779.145	1945.4625	2305.71	1917.85	1993.79	1564.5	1935.105
spe	862	861	1779.145	1645.455	1712.3	1993.79	1564.5	1870.52	1420.39	1707.09
los	861	GCA.001304105.1.Bacteria.Desulfobacterota	1645.455	0.0	822.7275	1870.52	1420.39	0.0	0.0	935.26
spe	887	886	2332.115	2067.29	2199.7025	2510.45	2153.78	2248.32	1886.26	2198.355
los	886	874	2067.29	1965.97	2016.63	2248.32	1886.26	2151.74	1780.2	2014.26
spe	886	885	2067.29	1945.59	2006.44	2248.32	1886.26	2133.66	1757.52	2002.92
spe	885	877	1945.59	1826.365	1885.9775	2133.66	1757.52	2034.01	1618.72	1876.19
los	877	GCF.000620765.1.Bacteria.Desulfobacterota.I	1826.365	0.0	913.1825	2034.01	1618.72	0.0	0.0	1017.005
spe	885	884	1945.59	1824.105	1884.8475	2133.66	1757.52	2015.87	1632.34	1883.0
hgt	801	GCA.002328485.1.Bacteria.Desulfobacterota.G	2073.125	0.0	1036.5625	2289.45	1856.8	0.0	0.0	1144.725
los	884	880	1824.105	1550.835	1687.47	2015.87	1632.34	1763.87	1337.8	1676.835
spe	884	883	1824.105	1441.77	1632.9375	2015.87	1632.34	1657.06	1226.48	1621.175
los	883	GCA.001751085.1.Bacteria.Desulfobacterota	1441.77	0.0	720.885	1657.06	1226.48	0.0	0.0	828.53
spe	1477	1476	3024.12	2783.015	2903.5675	3199.0	2849.24	2979.26	2586.77	2892.885
spe	1476	1475	2783.015	2647.025	2715.02	2979.26	2586.77	2858.49	2435.56	2707.41
los	1475	1474	2647.025	2497.34	2572.1825	2858.49	2435.56	2721.69	2272.99	2565.74
spe	1475	1463	2647.025	2401.705	2524.365	2858.49	2435.56	2637.86	2165.55	2512.02
los	1463	1457	2401.705	1966.385	2184.045	2637.86	2165.55	2253.77	1679.0	2158.43
spe	1463	1462	2401.705	2298.115	2349.91	2637.86	2165.55	2545.29	2050.94	2344.4
los	1462	1461	2298.115	1906.91	2102.5125	2545.29	2050.94	2201.28	1612.54	2078.915
spe	1476	1454	2783.015	2214.935	2498.975	2979.26	2586.77	2430.94	1998.93	2489.095
los	1454	1453	2214.935	2115.485	2165.21	2430.94	1998.93	2342.31	1888.66	2159.8
spe	1454	1446	2214.935	1960.08	2087.5075	2430.94	1998.93	2176.15	1744.01	2087.475
los	1446	1440	1960.08	1813.195	1886.6375	2176.15	1744.01	2028.77	1597.62	1886.885
spe	1446	1445	1960.08	1742.485	1851.2825	2176.15	1744.01	1965.0	1519.97	1848.06
los	1445	1444	1742.485	1539.09	1640.7875	1965.0	1519.97	1770.71	1307.47	1636.235
spe	1390	1389	3074.65	2995.16	3034.905	3224.77	2924.53	3145.66	2844.66	3034.715
dup	1389	1388	2995.16	2841.585	2918.3725	3145.66	2844.66	2996.83	2686.34	2916.0
spe	1389	1388	2995.16	2841.585	2918.3725	3145.66	2844.66	2996.83	2686.34	2916.0
los	1388	1274	2841.585	2600.015	2720.8	2996.83	2686.34	2770.93	2429.1	2712.965
spe	1388	1387	2841.585	2774.13	2807.8575	2996.83	2686.34	2929.52	2618.74	2807.785
los	1387	1386	2774.13	2592.35	2683.24	2929.52	2618.74	2757.97	2426.73	2678.125
spe	1387	1327	2774.13	2643.35	2708.74	2929.52	2618.74	2807.8	2478.9	2704.21
spe	1327	1326	2643.35	2448.67	2546.01	2807.8	2478.9	2619.66	2277.68	2542.74
spe	1326	1325	2448.67	2256.125	2352.3975	2619.66	2277.68	2432.87	2079.38	2349.52
los	1325	1297	2256.125	1985.275	2120.7	2432.87	2079.38	2195.62	1774.93	2103.9
spe	1325	1324	2256.125	2152.01	2204.0675	2432.87	2079.38	2327.59	1976.43	2204.65
los	1324	1323	2152.01	2061.88	2106.945	2327.59	1976.43	2241.44	1882.32	2104.955
spe	1324	1308	2152.01	1925.235	2038.6225	2327.59	1976.43	2113.94	1736.53	2032.06
los	1308	1300	1925.235	1565.1	1745.1675	2113.94	1736.53	1781.13	1349.07	1731.505
spe	1308	1307	1925.235	1703.5	1814.3675	2113.94	1736.53	1894.89	1512.11	1813.025
los	1307	1305	1703.5	1518.03	1610.765	1894.89	1512.11	1722.41	1313.65	1604.27
hgt	1210	1209	2781.0	2390.265	2585.6325	2987.0	2575.0	2661.11	2119.42	2553.21
los	1326	1292	2448.67	1962.37	2205.52	2619.66	2277.68	2188.61	1736.13	2177.895
spe	1210	1209	2781.0	2390.265	2585.6325	2987.0	2575.0	2661.11	2119.42	2553.21
spe	1209	1208	2390.265	2182.765	2286.515	2661.11	2119.42	2489.07	1876.46	2268.785
los	1208	GCA.900016865.1.Bacteria.Firmicutes.G	2182.765	0.0	1091.3825	2489.07	1876.46	0.0	0.0	1244.535
spe	1327	1289	2643.35	2319.605	2481.4775	2807.8	2478.9	2515.76	2123.45	2465.625
hgt	1312	GCF.000019165.1.Bacteria.Firmicutes.B	1521.75	0.0	760.875	1739.03	1304.47	0.0	0.0	869.515
los	1289	GCA.002345475.1.Bacteria.Firmicutes.H	2319.605	0.0	1159.8025	2515.76	2123.45	0.0	0.0	1257.88
spe	1289	1288	2319.605	1737.805	2028.705	2515.76	2123.45	1959.07	1516.54	2016.15
spe	1288	1287	1737.805	1455.455	1596.63	1959.07	1516.54	1682.3	1228.61	1593.84
hgt	1697	Fischerella.muscicola.CCMEE5323	1294.515	0.0	647.2575	1416.54	1172.49	0.0	0.0	708.27
los	1287	GCA.002329525.1.Bacteria.Firmicutes.C	1455.455	0.0	727.7275	1682.3	1228.61	0.0	0.0	841.15
spe	1287	1285	1455.455	1344.265	1399.86	1682.3	1228.61	1565.83	1122.7	1402.5
los	1285	1284	1344.265	1051.609	1197.937	1565.83	1122.7	1266.32	836.898	1201.364
spe	1285	1281	1344.265	1116.4885	1230.37675	1565.83	1122.7	1331.85	901.127	1233.4785
spe	1281	1280	1116.4885	953.42	1034.95425	1331.85	901.127	1163.28	743.56	1037.705
los	1280	GCF.900104455.1.Bacteria.Firmicutes.C	953.42	0.0	476.71	1163.28	743.56	0.0	0.0	581.64
spe	1389	1388	2995.16	2841.585	2918.3725	3145.66	2844.66	2996.83	2686.34	2916.0
spe	1388	1274	2841.585	2600.015	2720.8	2996.83	2686.34	2770.93	2429.1	2712.965
los	1274	1273	2600.015	2372.06	2486.0375	2770.93	2429.1	2551.07	2193.05	2481.99
spe	1274	1240	2600.015	2224.995	2412.505	2770.93	2429.1	2447.68	2002.31	2386.62
hgt	1307	1305	1703.5	1518.03	1610.765	1894.89	1512.11	1722.41	1313.65	1604.27
spe	1307	1305	1703.5	1518.03	1610.765	1894.89	1512.11	1722.41	1313.65	1604.27
spe	1305	1304	1518.03	1212.67	1365.35	1722.41	1313.65	1425.13	1000.21	1361.31
los	1304	GCA.001508005.1.Bacteria.Firmicutes.B	1212.67	0.0	606.335	1425.13	1000.21	0.0	0.0	712.565
spe	1388	1387	2841.585	2774.13	2807.8575	2996.83	2686.34	2929.52	2618.74	2807.785
spe	1387	1386	2774.13	2592.35	2683.24	2929.52	2618.74	2757.97	2426.73	2678.125
los	1386	1330	2592.35	2019.045	2305.6975	2757.97	2426.73	2248.91	1789.18	2273.575
spe	1386	1385	2592.35	2489.295	2540.8225	2757.97	2426.73	2657.44	2321.15	2539.56
los	1385	1333	2489.295	2115.765	2302.53	2657.44	2321.15	2320.01	1911.52	2284.48
spe	1385	1384	2489.295	2053.965	2271.63	2657.44	2321.15	2227.59	1880.34	2268.89
spe	1384	1338	2053.965	1618.77	1836.3675	2227.59	1880.34	1818.56	1418.98	1823.285
los	1338	1337	1618.77	1358.655	1488.7125	1818.56	1418.98	1579.49	1137.82	1478.19
spe	1384	1383	2053.965	1928.425	1991.195	2227.59	1880.34	2100.2	1756.65	1992.12
los	1383	1341	1928.425	1562.96	1745.6925	2100.2	1756.65	1772.81	1353.11	1726.655
spe	1383	1382	1928.425	1812.955	1870.69	2100.2	1756.65	1984.88	1641.03	1870.615
spe	1382	1344	1812.955	1531.325	1672.14	1984.88	1641.03	1719.64	1343.01	1663.945
los	1344	GCA.002159075.1.Bacteria.Firmicutes	1531.325	0.0	765.6625	1719.64	1343.01	0.0	0.0	859.82
spe	1382	1381	1812.955	1697.085	1755.02	1984.88	1641.03	1866.73	1527.44	1756.16
los	1381	1351	1697.085	1602.01	1649.5475	1866.73	1527.44	1773.61	1430.41	1648.57
spe	1381	1380	1697.085	1588.96	1643.0225	1866.73	1527.44	1755.87	1422.05	1644.39
los	1380	1379	1588.96	1514.47	1551.715	1755.87	1422.05	1680.25	1348.69	1552.28
spe	1387	1327	2774.13	2643.35	2708.74	2929.52	2618.74	2807.8	2478.9	2704.21
hgt	None	dead	0.0	0.0	0.0	0.0	0.0	0.0	0.0	0.0
los	1327	1289	2643.35	2319.605	2481.4775	2807.8	2478.9	2515.76	2123.45	2465.625
hgt	1300	GCA.002418765.1.Bacteria.Firmicutes.B	1565.1	0.0	782.55	1781.13	1349.07	0.0	0.0	890.565
los	None	dead	0.0	0.0	0.0	0.0	0.0	0.0	0.0	0.0
spe	1327	1326	2643.35	2448.67	2546.01	2807.8	2478.9	2619.66	2277.68	2542.74
spe	1326	1292	2448.67	1962.37	2205.52	2619.66	2277.68	2188.61	1736.13	2177.895
los	1292	GCF.000024605.1.Bacteria.Firmicutes.B	1962.37	0.0	981.185	2188.61	1736.13	0.0	0.0	1094.305
spe	1326	1325	2448.67	2256.125	2352.3975	2619.66	2277.68	2432.87	2079.38	2349.52
los	1325	1297	2256.125	1985.275	2120.7	2432.87	2079.38	2195.62	1774.93	2103.9
spe	1325	1324	2256.125	2152.01	2204.0675	2432.87	2079.38	2327.59	1976.43	2204.65
spe	1324	1308	2152.01	1925.235	2038.6225	2327.59	1976.43	2113.94	1736.53	2032.06
los	1308	1307	1925.235	1703.5	1814.3675	2113.94	1736.53	1894.89	1512.11	1813.025
spe	1308	1300	1925.235	1565.1	1745.1675	2113.94	1736.53	1781.13	1349.07	1731.505
los	1300	GCA.002418765.1.Bacteria.Firmicutes.B	1565.1	0.0	782.55	1781.13	1349.07	0.0	0.0	890.565
spe	1324	1323	2152.01	2061.88	2106.945	2327.59	1976.43	2241.44	1882.32	2104.955
los	1323	1322	2061.88	1700.81	1881.345	2241.44	1882.32	1909.29	1492.33	1866.885
spe	1323	1319	2061.88	1933.46	1997.67	2241.44	1882.32	2119.98	1746.94	1994.19
los	1319	1318	1933.46	1818.985	1876.2225	2119.98	1746.94	2011.41	1626.56	1873.27
spe	1389	1237	2995.16	2548.64	2771.9	3145.66	2844.66	2742.96	2354.32	2749.99
los	1237	1221	2548.64	2065.095	2306.8675	2742.96	2354.32	2339.28	1790.91	2266.935
spe	1237	1236	2548.64	2380.34	2464.49	2742.96	2354.32	2593.02	2167.66	2455.31
spe	1236	1235	2380.34	2102.15	2241.245	2593.02	2167.66	2336.06	1868.24	2230.63
hgt	None	dead	0.0	0.0	0.0	0.0	0.0	0.0	0.0	0.0
los	1235	1234	2102.15	1826.555	1964.3525	2336.06	1868.24	2072.98	1580.13	1958.095
hgt	1312	GCF.002607855.1.Bacteria.Firmicutes.B	1521.75	0.0	760.875	1739.03	1304.47	0.0	0.0	869.515
los	None	dead	0.0	0.0	0.0	0.0	0.0	0.0	0.0	0.0
spe	1236	1228	2380.34	2207.365	2293.8525	2593.02	2167.66	2441.9	1972.83	2282.925
hgt	1296	GCF.900176005.1.Bacteria.Firmicutes.B	1805.085	0.0	902.5425	2032.76	1577.41	0.0	0.0	1016.38
los	1228	GCA.003023725.1.Bacteria.Firmicutes.E	2207.365	0.0	1103.6825	2441.9	1972.83	0.0	0.0	1220.95
spe	1228	1227	2207.365	1969.33	2088.3475	2441.9	1972.83	2217.32	1721.34	2081.62
hgt	1203	GCA.002399265.1.Bacteria.Firmicutes.G	1946.15	0.0	973.075	2262.26	1630.04	0.0	0.0	1131.13
los	1227	1226	1969.33	1819.185	1894.2575	2217.32	1721.34	2087.96	1550.41	1883.865
spe	1477	1431	3024.12	2678.945	2851.5325	3199.0	2849.24	2899.32	2458.57	2828.785
spe	1431	1430	2678.945	2204.905	2441.925	2899.32	2458.57	2528.66	1881.15	2390.235
hgt	1341	GCF.001653195.1.Bacteria.Firmicutes	1562.96	0.0	781.48	1772.81	1353.11	0.0	0.0	886.405
hgt	1163	GCF.000384115.1.Bacteria.Actinobacteriota	995.9815	0.0	497.99075	1205.77	786.193	0.0	0.0	602.885
los	1430	GCA.001795235.1.Bacteria.Chloroflexota	2204.905	0.0	1102.4525	2528.66	1881.15	0.0	0.0	1264.33
hgt	742	741	2707.335	2099.065	2403.2	2896.17	2518.5	2384.47	1813.66	2354.915
los	1431	1427	2678.945	2442.77	2560.8575	2899.32	2458.57	2663.44	2222.1	2560.71
spe	742	741	2707.335	2099.065	2403.2	2896.17	2518.5	2384.47	1813.66	2354.915
hgt	1234	1233	1826.555	1501.49	1664.0225	2072.98	1580.13	1760.32	1242.66	1657.82
los	None	dead	0.0	0.0	0.0	0.0	0.0	0.0	0.0	0.0
spe	1234	1233	1826.555	1501.49	1664.0225	2072.98	1580.13	1760.32	1242.66	1657.82
spe	1726	1725	3785.015	3734.58	3759.7975	3906.33	3663.7	3857.32	3611.84	3759.085
spe	1725	1724	3734.58	3628.125	3681.3525	3857.32	3611.84	3750.92	3505.33	3681.325
los	1724	1642	3628.125	3541.065	3584.595	3750.92	3505.33	3668.81	3413.32	3582.12
spe	1724	1723	3628.125	3473.32	3550.7225	3750.92	3505.33	3598.84	3347.8	3549.36
los	1723	1722	3473.32	3258.43	3365.875	3598.84	3347.8	3379.98	3136.88	3367.86
spe	1723	1657	3473.32	3302.405	3387.8625	3598.84	3347.8	3453.53	3151.28	3375.06
los	1657	1645	3302.405	3111.405	3206.905	3453.53	3151.28	3340.86	2881.95	3167.74
spe	1657	1656	3302.405	3049.13	3175.7675	3453.53	3151.28	3238.64	2859.62	3156.575
los	1656	1652	3049.13	2477.145	2763.1375	3238.64	2859.62	2760.46	2193.83	2716.235
spe	1656	1655	3049.13	2266.66	2657.895	3238.64	2859.62	2585.89	1947.43	2593.035
los	1655	GCA.001771365.1.Bacteria.Margulisbacteria	2266.66	0.0	1133.33	2585.89	1947.43	0.0	0.0	1292.945
spe	1725	1393	3734.58	3594.23	3664.405	3857.32	3611.84	3723.96	3464.5	3660.91
los	1393	1129	3594.23	3343.055	3468.6425	3723.96	3464.5	3496.43	3189.68	3456.82
dup	1393	1392	3594.23	3486.295	3540.2625	3723.96	3464.5	3621.84	3350.75	3537.355
spe	1393	1392	3594.23	3486.295	3540.2625	3723.96	3464.5	3621.84	3350.75	3537.355
spe	1392	1188	3486.295	3139.205	3312.75	3621.84	3350.75	3310.24	2968.17	3295.005
los	1188	GCA.002779205.1.Bacteria.Actinobacteriota	3139.205	0.0	1569.6025	3310.24	2968.17	0.0	0.0	1655.12
spe	1188	1187	3139.205	3067.16	3103.1825	3310.24	2968.17	3235.87	2898.45	3104.345
los	1187	1133	3067.16	2467.96	2767.56	3235.87	2898.45	2738.86	2197.06	2716.465
spe	1187	1186	3067.16	2936.225	3001.6925	3235.87	2898.45	3121.91	2750.54	2993.205
los	1186	1185	2936.225	2773.915	2855.07	3121.91	2750.54	2967.18	2580.65	2851.28
spe	1186	1136	2936.225	2376.455	2656.34	3121.91	2750.54	2654.7	2098.21	2610.06
los	1136	GCA.001768645.1.Bacteria.Actinobacteriota	2376.455	0.0	1188.2275	2654.7	2098.21	0.0	0.0	1327.35
hgt	178	177	3649.25	3486.475	3567.8625	3713.37	3585.13	3512.52	3460.43	3586.9
spe	1392	1391	3486.295	3193.865	3340.08	3621.84	3350.75	3340.39	3047.34	3334.59
hgt	901	900	3298.045	3178.205	3238.125	3429.86	3166.23	3315.23	3041.18	3235.52
hgt	None	dead	0.0	0.0	0.0	0.0	0.0	0.0	0.0	0.0
hgt	1272	1271	2201.415	1904.435	2052.925	2383.76	2019.07	2085.31	1723.56	2053.66
los	None	dead	0.0	0.0	0.0	0.0	0.0	0.0	0.0	0.0
spe	1272	1271	2201.415	1904.435	2052.925	2383.76	2019.07	2085.31	1723.56	2053.66
spe	1271	1270	1904.435	1709.88	1807.1575	2085.31	1723.56	1894.58	1525.18	1805.245
los	1270	1264	1709.88	1401.22	1555.55	1894.58	1525.18	1594.09	1208.35	1551.465
spe	1270	1269	1709.88	1538.365	1624.1225	1894.58	1525.18	1724.93	1351.8	1623.19
los	1269	1268	1538.365	1301.03	1419.6975	1724.93	1351.8	1501.89	1100.17	1412.55
spe	1271	1259	1904.435	1830.34	1867.3875	2085.31	1723.56	2010.68	1650.0	1867.655
los	1259	1258	1830.34	1568.675	1699.5075	2010.68	1650.0	1758.42	1378.93	1694.805
spe	1259	1253	1830.34	1684.93	1757.635	2010.68	1650.0	1873.49	1496.37	1753.525
los	1253	GCF.900142265.1.Bacteria.Firmicutes.A	1684.93	0.0	842.465	1873.49	1496.37	0.0	0.0	936.745
spe	1253	1252	1684.93	1492.085	1588.5075	1873.49	1496.37	1682.67	1301.5	1587.495
spe	1252	1251	1492.085	1313.25	1402.6675	1682.67	1301.5	1519.57	1106.93	1394.8
los	1251	GCA.002478485.1.Bacteria.Firmicutes.A	1313.25	0.0	656.625	1519.57	1106.93	0.0	0.0	759.785
hgt	1315	GCF.002224645.1.Bacteria.Firmicutes.B	1023.5775	0.0	511.78875	1225.27	821.885	0.0	0.0	612.635
hgt	1269	GCF.002252565.1.Bacteria.Firmicutes.A	1538.365	0.0	769.1825	1724.93	1351.8	0.0	0.0	862.465
spe	1391	1390	3193.865	3074.65	3134.2575	3340.39	3047.34	3224.77	2924.53	3132.46
spe	1390	1218	3074.65	2879.54	2977.095	3224.77	2924.53	3061.15	2697.93	2961.35
los	1218	GCA.001513125.1.Bacteria.DTU030	2879.54	0.0	1439.77	3061.15	2697.93	0.0	0.0	1530.575
spe	1218	1216	2879.54	2264.52	2572.03	3061.15	2697.93	2522.36	2006.68	2533.915
los	1216	1215	2264.52	1572.11	1918.315	2522.36	2006.68	1879.68	1264.54	1893.45
spe	1390	1389	3074.65	2995.16	3034.905	3224.77	2924.53	3145.66	2844.66	3034.715
spe	1389	1237	2995.16	2548.64	2771.9	3145.66	2844.66	2742.96	2354.32	2749.99
los	1237	1236	2548.64	2380.34	2464.49	2742.96	2354.32	2593.02	2167.66	2455.31
spe	1237	1221	2548.64	2065.095	2306.8675	2742.96	2354.32	2339.28	1790.91	2266.935
los	1221	GCA.002375895.1.Bacteria.Firmicutes.E	2065.095	0.0	1032.5475	2339.28	1790.91	0.0	0.0	1169.64
spe	1389	1388	2995.16	2841.585	2918.3725	3145.66	2844.66	2996.83	2686.34	2916.0
los	1388	1274	2841.585	2600.015	2720.8	2996.83	2686.34	2770.93	2429.1	2712.965
spe	1388	1387	2841.585	2774.13	2807.8575	2996.83	2686.34	2929.52	2618.74	2807.785
spe	1387	1327	2774.13	2643.35	2708.74	2929.52	2618.74	2807.8	2478.9	2704.21
los	1327	1289	2643.35	2319.605	2481.4775	2807.8	2478.9	2515.76	2123.45	2465.625
spe	1327	1326	2643.35	2448.67	2546.01	2807.8	2478.9	2619.66	2277.68	2542.74
los	1326	1292	2448.67	1962.37	2205.52	2619.66	2277.68	2188.61	1736.13	2177.895
spe	1326	1325	2448.67	2256.125	2352.3975	2619.66	2277.68	2432.87	2079.38	2349.52
los	1325	1297	2256.125	1985.275	2120.7	2432.87	2079.38	2195.62	1774.93	2103.9
spe	1325	1324	2256.125	2152.01	2204.0675	2432.87	2079.38	2327.59	1976.43	2204.65
los	1324	1308	2152.01	1925.235	2038.6225	2327.59	1976.43	2113.94	1736.53	2032.06
spe	1324	1323	2152.01	2061.88	2106.945	2327.59	1976.43	2241.44	1882.32	2104.955
spe	1323	1322	2061.88	1700.81	1881.345	2241.44	1882.32	1909.29	1492.33	1866.885
los	1322	GCA.001512665.1.Bacteria.Firmicutes.B	1700.81	0.0	850.405	1909.29	1492.33	0.0	0.0	954.645
spe	1323	1319	2061.88	1933.46	1997.67	2241.44	1882.32	2119.98	1746.94	1994.19
spe	1319	1318	1933.46	1818.985	1876.2225	2119.98	1746.94	2011.41	1626.56	1873.27
los	1318	1312	1818.985	1521.75	1670.3675	2011.41	1626.56	1739.03	1304.47	1657.94
spe	1318	1317	1818.985	1219.28	1519.1325	2011.41	1626.56	1424.03	1014.53	1512.97
los	1317	1315	1219.28	1023.5775	1121.42875	1424.03	1014.53	1225.27	821.885	1122.9575
hgt	1068	GCA.002428295.1.Bacteria.Caldisericota	1804.715	0.0	902.3575	2116.99	1492.44	0.0	0.0	1058.495
los	1319	GCF.900100785.1.Bacteria.Firmicutes.B	1933.46	0.0	966.73	2119.98	1746.94	0.0	0.0	1059.99
spe	1387	1386	2774.13	2592.35	2683.24	2929.52	2618.74	2757.97	2426.73	2678.125
los	1386	1330	2592.35	2019.045	2305.6975	2757.97	2426.73	2248.91	1789.18	2273.575
spe	1386	1385	2592.35	2489.295	2540.8225	2757.97	2426.73	2657.44	2321.15	2539.56
los	1385	1333	2489.295	2115.765	2302.53	2657.44	2321.15	2320.01	1911.52	2284.48
spe	1385	1384	2489.295	2053.965	2271.63	2657.44	2321.15	2227.59	1880.34	2268.89
los	1384	1338	2053.965	1618.77	1836.3675	2227.59	1880.34	1818.56	1418.98	1823.285
spe	1384	1383	2053.965	1928.425	1991.195	2227.59	1880.34	2100.2	1756.65	1992.12
los	1383	1341	1928.425	1562.96	1745.6925	2100.2	1756.65	1772.81	1353.11	1726.655
spe	1383	1382	1928.425	1812.955	1870.69	2100.2	1756.65	1984.88	1641.03	1870.615
los	1382	1344	1812.955	1531.325	1672.14	1984.88	1641.03	1719.64	1343.01	1663.945
dup	1382	1381	1812.955	1697.085	1755.02	1984.88	1641.03	1866.73	1527.44	1756.16
spe	1382	1381	1812.955	1697.085	1755.02	1984.88	1641.03	1866.73	1527.44	1756.16
spe	1381	1351	1697.085	1602.01	1649.5475	1866.73	1527.44	1773.61	1430.41	1648.57
los	1351	1350	1602.01	1409.0	1505.505	1773.61	1430.41	1596.52	1221.48	1497.545
spe	1351	1347	1602.01	1294.365	1448.1875	1773.61	1430.41	1476.68	1112.05	1442.83
los	1347	GCF.001561915.1.Bacteria.Firmicutes	1294.365	0.0	647.1825	1476.68	1112.05	0.0	0.0	738.34
spe	1381	1380	1697.085	1588.96	1643.0225	1866.73	1527.44	1755.87	1422.05	1644.39
los	1380	GCF.001049895.1.Bacteria.Firmicutes	1588.96	0.0	794.48	1755.87	1422.05	0.0	0.0	877.935
spe	1380	1379	1588.96	1514.47	1551.715	1755.87	1422.05	1680.25	1348.69	1552.28
los	1379	1378	1514.47	1207.485	1360.9775	1680.25	1348.69	1362.77	1052.2	1366.225
spe	1379	1355	1514.47	1273.085	1393.7775	1680.25	1348.69	1444.33	1101.84	1391.045
spe	1382	1381	1812.955	1697.085	1755.02	1984.88	1641.03	1866.73	1527.44	1756.16
los	1381	1380	1697.085	1588.96	1643.0225	1866.73	1527.44	1755.87	1422.05	1644.39
spe	1381	1351	1697.085	1602.01	1649.5475	1866.73	1527.44	1773.61	1430.41	1648.57
spe	1351	1347	1602.01	1294.365	1448.1875	1773.61	1430.41	1476.68	1112.05	1442.83
los	1347	GCF.900099895.1.Bacteria.Firmicutes	1294.365	0.0	647.1825	1476.68	1112.05	0.0	0.0	738.34
spe	1351	1350	1602.01	1409.0	1505.505	1773.61	1430.41	1596.52	1221.48	1497.545
los	1350	GCF.000942395.1.Bacteria.Firmicutes	1409.0	0.0	704.5	1596.52	1221.48	0.0	0.0	798.26
dup	901	900	3298.045	3178.205	3238.125	3429.86	3166.23	3315.23	3041.18	3235.52
spe	901	900	3298.045	3178.205	3238.125	3429.86	3166.23	3315.23	3041.18	3235.52
los	900	716	3178.205	2750.795	2964.5	3315.23	3041.18	2927.43	2574.16	2944.695
spe	900	899	3178.205	3077.265	3127.735	3315.23	3041.18	3217.17	2937.36	3126.295
spe	899	743	3077.265	2953.32	3015.2925	3217.17	2937.36	3111.6	2795.04	3006.105
hgt	None	dead	0.0	0.0	0.0	0.0	0.0	0.0	0.0	0.0
los	743	721	2953.32	2669.375	2811.3475	3111.6	2795.04	2891.15	2447.6	2779.6
hgt	866	GCA.002877985.1.Bacteria.Desulfobacterota	1421.715	0.0	710.8575	1644.35	1199.08	0.0	0.0	822.175
los	None	dead	0.0	0.0	0.0	0.0	0.0	0.0	0.0	0.0
spe	743	742	2953.32	2707.335	2830.3275	3111.6	2795.04	2896.17	2518.5	2815.05
los	742	741	2707.335	2099.065	2403.2	2896.17	2518.5	2384.47	1813.66	2354.915
spe	742	738	2707.335	2387.34	2547.3375	2896.17	2518.5	2598.05	2176.63	2536.4
los	738	728	2387.34	2047.46	2217.4	2598.05	2176.63	2283.88	1811.04	2204.545
dup	738	737	2387.34	2168.56	2277.95	2598.05	2176.63	2402.13	1934.99	2266.52
spe	738	737	2387.34	2168.56	2277.95	2598.05	2176.63	2402.13	1934.99	2266.52
los	737	733	2168.56	1662.33	1915.445	2402.13	1934.99	1919.68	1404.98	1903.555
spe	737	736	2168.56	1883.24	2025.9	2402.13	1934.99	2143.89	1622.59	2012.36
los	736	GCA.003454665.1.Bacteria.Nitrospirota	1883.24	0.0	941.62	2143.89	1622.59	0.0	0.0	1071.945
spe	738	737	2387.34	2168.56	2277.95	2598.05	2176.63	2402.13	1934.99	2266.52
spe	737	736	2168.56	1883.24	2025.9	2402.13	1934.99	2143.89	1622.59	2012.36
los	736	GCA.001803795.1.Bacteria.Nitrospirota	1883.24	0.0	941.62	2143.89	1622.59	0.0	0.0	1071.945
spe	737	733	2168.56	1662.33	1915.445	2402.13	1934.99	1919.68	1404.98	1903.555
spe	733	732	1662.33	1418.365	1540.3475	1919.68	1404.98	1679.42	1157.31	1538.495
los	732	GCA.002011735.1.Bacteria.Nitrospirota	1418.365	0.0	709.1825	1679.42	1157.31	0.0	0.0	839.71
spe	899	898	3077.265	3008.34	3042.8025	3217.17	2937.36	3157.32	2859.36	3038.265
hgt	None	dead	0.0	0.0	0.0	0.0	0.0	0.0	0.0	0.0
hgt	558	GCA.002386945.1.Bacteria.Proteobacteria	1422.015	0.0	711.0075	1589.43	1254.6	0.0	0.0	794.715
los	None	dead	0.0	0.0	0.0	0.0	0.0	0.0	0.0	0.0
hgt	None	dead	0.0	0.0	0.0	0.0	0.0	0.0	0.0	0.0
los	898	756	3008.34	2635.78	2822.06	3157.32	2859.36	2841.14	2430.42	2793.87
hgt	515	514	2002.575	1851.4	1926.9875	2145.74	1859.41	1991.92	1710.88	1928.31
los	None	dead	0.0	0.0	0.0	0.0	0.0	0.0	0.0	0.0
dup	515	514	2002.575	1851.4	1926.9875	2145.74	1859.41	1991.92	1710.88	1928.31
spe	515	514	2002.575	1851.4	1926.9875	2145.74	1859.41	1991.92	1710.88	1928.31
los	514	436	1851.4	1731.205	1791.3025	1991.92	1710.88	1880.65	1581.76	1786.84
spe	514	513	1851.4	1786.09	1818.745	1991.92	1710.88	1924.53	1647.65	1819.785
spe	513	483	1786.09	1736.705	1761.3975	1924.53	1647.65	1875.69	1597.72	1761.125
los	483	482	1736.705	1642.38	1689.5425	1875.69	1597.72	1782.01	1502.75	1689.22
spe	483	447	1736.705	1590.07	1663.3875	1875.69	1597.72	1734.74	1445.4	1660.545
los	447	446	1590.07	1389.555	1489.8125	1734.74	1445.4	1543.03	1236.08	1485.41
spe	447	439	1590.07	1430.985	1510.5275	1734.74	1445.4	1588.14	1273.83	1504.285
los	439	GCF.001613805.1.Bacteria.Proteobacteria	1430.985	0.0	715.4925	1588.14	1273.83	0.0	0.0	794.07
spe	513	512	1786.09	1671.055	1728.5725	1924.53	1647.65	1813.33	1528.78	1726.655
los	512	486	1671.055	1393.215	1532.135	1813.33	1528.78	1554.79	1231.64	1522.485
dup	512	511	1671.055	1589.625	1630.34	1813.33	1528.78	1731.04	1448.21	1630.77
spe	512	511	1671.055	1589.625	1630.34	1813.33	1528.78	1731.04	1448.21	1630.77
los	511	489	1589.625	1225.83	1407.7275	1731.04	1448.21	1388.27	1063.39	1397.215
spe	511	510	1589.625	1517.685	1553.655	1731.04	1448.21	1658.83	1376.54	1553.79
los	510	509	1517.685	1417.44	1467.5625	1658.83	1376.54	1560.37	1274.51	1466.67
spe	510	492	1517.685	1247.39	1382.5375	1658.83	1376.54	1403.42	1091.36	1375.095
los	492	GCF.002798435.1.Bacteria.Proteobacteria	1247.39	0.0	623.695	1403.42	1091.36	0.0	0.0	701.71
spe	512	511	1671.055	1589.625	1630.34	1813.33	1528.78	1731.04	1448.21	1630.77
spe	511	510	1589.625	1517.685	1553.655	1731.04	1448.21	1658.83	1376.54	1553.79
los	510	509	1517.685	1417.44	1467.5625	1658.83	1376.54	1560.37	1274.51	1466.67
spe	510	492	1517.685	1247.39	1382.5375	1658.83	1376.54	1403.42	1091.36	1375.095
los	492	GCF.900172325.1.Bacteria.Proteobacteria	1247.39	0.0	623.695	1403.42	1091.36	0.0	0.0	701.71
spe	511	489	1589.625	1225.83	1407.7275	1731.04	1448.21	1388.27	1063.39	1397.215
los	489	GCA.002701885.1.Bacteria.Proteobacteria	1225.83	0.0	612.915	1388.27	1063.39	0.0	0.0	694.135
hgt	None	dead	0.0	0.0	0.0	0.0	0.0	0.0	0.0	0.0
spe	515	514	2002.575	1851.4	1926.9875	2145.74	1859.41	1991.92	1710.88	1928.31
spe	514	513	1851.4	1786.09	1818.745	1991.92	1710.88	1924.53	1647.65	1819.785
spe	513	512	1786.09	1671.055	1728.5725	1924.53	1647.65	1813.33	1528.78	1726.655
los	512	486	1671.055	1393.215	1532.135	1813.33	1528.78	1554.79	1231.64	1522.485
spe	512	511	1671.055	1589.625	1630.34	1813.33	1528.78	1731.04	1448.21	1630.77
los	511	489	1589.625	1225.83	1407.7275	1731.04	1448.21	1388.27	1063.39	1397.215
spe	511	510	1589.625	1517.685	1553.655	1731.04	1448.21	1658.83	1376.54	1553.79
los	510	492	1517.685	1247.39	1382.5375	1658.83	1376.54	1403.42	1091.36	1375.095
spe	510	509	1517.685	1417.44	1467.5625	1658.83	1376.54	1560.37	1274.51	1466.67
spe	509	495	1417.44	1152.21	1284.825	1560.37	1274.51	1304.12	1000.3	1280.335
los	495	GCF.003173035.1.Bacteria.Proteobacteria	1152.21	0.0	576.105	1304.12	1000.3	0.0	0.0	652.06
spe	509	508	1417.44	1290.24	1353.84	1560.37	1274.51	1437.86	1142.62	1351.495
hgt	552	GCF.001614315.2.Bacteria.Proteobacteria	1397.305	0.0	698.6525	1566.02	1228.59	0.0	0.0	783.01
los	508	498	1290.24	1143.1505	1216.69525	1437.86	1142.62	1299.85	986.451	1212.1555
spe	508	507	1290.24	1064.673	1177.4565	1437.86	1142.62	1214.52	914.826	1176.343
los	507	503	1064.673	930.456	997.5645	1214.52	914.826	1085.53	775.382	994.951
spe	507	506	1064.673	1020.1165	1042.39475	1214.52	914.826	1171.97	868.263	1041.3915
los	506	GCA.002480495.1.Bacteria.Proteobacteria	1020.1165	0.0	510.05825	1171.97	868.263	0.0	0.0	585.985
spe	513	483	1786.09	1736.705	1761.3975	1924.53	1647.65	1875.69	1597.72	1761.125
spe	483	482	1736.705	1642.38	1689.5425	1875.69	1597.72	1782.01	1502.75	1689.22
los	482	481	1642.38	1564.755	1603.5675	1782.01	1502.75	1703.88	1425.63	1603.82
spe	482	458	1642.38	1513.53	1577.955	1782.01	1502.75	1663.43	1363.63	1572.82
los	458	GCA.002340345.1.Bacteria.Proteobacteria	1513.53	0.0	756.765	1663.43	1363.63	0.0	0.0	831.715
spe	458	456	1513.53	1329.135	1421.3325	1663.43	1363.63	1490.23	1168.04	1415.735
los	456	455	1329.135	974.476	1151.8055	1490.23	1168.04	1138.43	810.522	1150.376
spe	483	447	1736.705	1590.07	1663.3875	1875.69	1597.72	1734.74	1445.4	1660.545
los	447	439	1590.07	1430.985	1510.5275	1734.74	1445.4	1588.14	1273.83	1504.285
spe	447	446	1590.07	1389.555	1489.8125	1734.74	1445.4	1543.03	1236.08	1485.41
spe	446	445	1389.555	1267.47	1328.5125	1543.03	1236.08	1430.96	1103.98	1323.505
los	445	444	1267.47	1089.937	1178.7035	1430.96	1103.98	1263.85	916.024	1173.492
hgt	None	dead	0.0	0.0	0.0	0.0	0.0	0.0	0.0	0.0
dup	514	436	1851.4	1731.205	1791.3025	1991.92	1710.88	1880.65	1581.76	1786.84
spe	514	436	1851.4	1731.205	1791.3025	1991.92	1710.88	1880.65	1581.76	1786.84
spe	436	435	1731.205	1539.415	1635.31	1880.65	1581.76	1697.37	1381.46	1631.055
los	435	434	1539.415	1329.5	1434.4575	1697.37	1381.46	1502.98	1156.02	1426.695
hgt	444	GCA.002686135.1.Bacteria.Proteobacteria	1089.937	0.0	544.9685	1263.85	916.024	0.0	0.0	631.925
hgt	453	GCA.003280605.1.Bacteria.Proteobacteria	720.6325	0.0	360.31625	876.145	565.12	0.0	0.0	438.0725
los	436	GCA.002722885.1.Bacteria.Proteobacteria	1731.205	0.0	865.6025	1880.65	1581.76	0.0	0.0	940.325
spe	514	436	1851.4	1731.205	1791.3025	1991.92	1710.88	1880.65	1581.76	1786.84
hgt	542	GCA.002631715.1.Bacteria.Proteobacteria	1750.015	0.0	875.0075	1929.85	1570.18	0.0	0.0	964.925
spe	436	435	1731.205	1539.415	1635.31	1880.65	1581.76	1697.37	1381.46	1631.055
spe	435	434	1539.415	1329.5	1434.4575	1697.37	1381.46	1502.98	1156.02	1426.695
hgt	796	GCA.002238415.1.Bacteria.Desulfobacterota.B	1757.055	0.0	878.5275	1958.83	1555.28	0.0	0.0	979.415
hgt	581	GCA.002868855.1.Bacteria.Proteobacteria	1247.6	0.0	623.8	1410.64	1084.56	0.0	0.0	705.32
hgt	560	GCA.001735895.1.Bacteria.Proteobacteria	1588.3	0.0	794.15	1745.96	1430.64	0.0	0.0	872.98
hgt	453	GCA.002457765.1.Bacteria.Proteobacteria	720.6325	0.0	360.31625	876.145	565.12	0.0	0.0	438.0725
hgt	551	GCA.002746645.1.Bacteria.Proteobacteria	1101.556	0.0	550.778	1279.17	923.942	0.0	0.0	639.585
hgt	463	462	1313.945	1065.146	1189.5455	1461.65	1166.24	1220.68	909.612	1185.631
los	435	GCA.006969625.1.Bacteria.Proteobacteria	1539.415	0.0	769.7075	1697.37	1381.46	0.0	0.0	848.685
spe	463	462	1313.945	1065.146	1189.5455	1461.65	1166.24	1220.68	909.612	1185.631
dup	None	dead	0.0	0.0	0.0	0.0	0.0	0.0	0.0	0.0
hgt	498	GCA.002731375.1.Bacteria.Proteobacteria	1143.1505	0.0	571.57525	1299.85	986.451	0.0	0.0	649.925
los	None	dead	0.0	0.0	0.0	0.0	0.0	0.0	0.0	0.0
hgt	415	GCA.002717245.1.Bacteria.Proteobacteria	1271.57	0.0	635.785	1452.56	1090.58	0.0	0.0	726.28
los	None	dead	0.0	0.0	0.0	0.0	0.0	0.0	0.0	0.0
hgt	603	602	1669.485	1587.075	1628.28	1811.47	1527.5	1728.53	1445.62	1628.545
los	None	dead	0.0	0.0	0.0	0.0	0.0	0.0	0.0	0.0
spe	603	602	1669.485	1587.075	1628.28	1811.47	1527.5	1728.53	1445.62	1628.545
spe	602	592	1587.075	1273.13	1430.1025	1728.53	1445.62	1434.77	1111.49	1420.01
los	592	GCF.001720165.1.Bacteria.Proteobacteria	1273.13	0.0	636.565	1434.77	1111.49	0.0	0.0	717.385
spe	602	601	1587.075	1425.555	1506.315	1728.53	1445.62	1571.06	1280.05	1504.29
los	601	595	1425.555	1214.005	1319.78	1571.06	1280.05	1372.8	1055.21	1313.135
spe	601	600	1425.555	1212.31	1318.9325	1571.06	1280.05	1364.67	1059.95	1315.505
los	600	598	1212.31	904.2135	1058.26175	1364.67	1059.95	1071.01	737.417	1051.0435
spe	898	897	3008.34	2922.2	2965.27	3157.32	2859.36	3075.7	2768.7	2963.01
hgt	None	dead	0.0	0.0	0.0	0.0	0.0	0.0	0.0	0.0
los	897	889	2922.2	2701.575	2811.8875	3075.7	2768.7	2862.5	2540.65	2808.175
hgt	198	GCA.002478245.1.Bacteria.UBP18	2444.64	0.0	1222.32	2741.2	2148.08	0.0	0.0	1370.6
los	None	dead	0.0	0.0	0.0	0.0	0.0	0.0	0.0	0.0
spe	897	896	2922.2	2689.39	2805.795	3075.7	2768.7	2894.07	2484.71	2780.205
los	896	895	2689.39	2233.715	2461.5525	2894.07	2484.71	2507.56	1959.87	2426.97
spe	896	892	2689.39	2160.3	2424.845	2894.07	2484.71	2442.6	1878.0	2386.035
los	892	GCA.001873295.1.Bacteria.CG2.30.70.394	2160.3	0.0	1080.15	2442.6	1878.0	0.0	0.0	1221.3
hgt	None	dead	0.0	0.0	0.0	0.0	0.0	0.0	0.0	0.0
hgt	1470	GCF.000025005.1.Bacteria.Chloroflexota	2147.93	0.0	1073.965	2388.86	1907.0	0.0	0.0	1194.43
los	None	dead	0.0	0.0	0.0	0.0	0.0	0.0	0.0	0.0
spe	901	900	3298.045	3178.205	3238.125	3429.86	3166.23	3315.23	3041.18	3235.52
spe	900	716	3178.205	2750.795	2964.5	3315.23	3041.18	2927.43	2574.16	2944.695
hgt	None	dead	0.0	0.0	0.0	0.0	0.0	0.0	0.0	0.0
los	716	715	2750.795	2587.59	2669.1925	2927.43	2574.16	2772.49	2402.69	2665.06
hgt	1029	GCA.001777915.1.Bacteria.Edwardsbacteria	2083.06	0.0	1041.53	2346.25	1819.87	0.0	0.0	1173.125
los	None	dead	0.0	0.0	0.0	0.0	0.0	0.0	0.0	0.0
spe	716	670	2750.795	2401.115	2575.955	2927.43	2574.16	2634.12	2168.11	2547.77
hgt	198	GCA.001871015.1.Bacteria.Desantisbacteria	2444.64	0.0	1222.32	2741.2	2148.08	0.0	0.0	1370.6
los	670	GCA.002898535.1.Bacteria.Acidobacteriota	2401.115	0.0	1200.5575	2634.12	2168.11	0.0	0.0	1317.06
spe	670	669	2401.115	1836.34	2118.7275	2634.12	2168.11	2118.45	1554.23	2094.175
hgt	None	dead	0.0	0.0	0.0	0.0	0.0	0.0	0.0	0.0
los	669	668	1836.34	1575.265	1705.8025	2118.45	1554.23	1852.06	1298.47	1708.46
hgt	241	GCA.002841695.1.Bacteria.Elusimicrobiota	1559.885	0.0	779.9425	1765.89	1353.88	0.0	0.0	882.945
los	None	dead	0.0	0.0	0.0	0.0	0.0	0.0	0.0	0.0
spe	900	899	3178.205	3077.265	3127.735	3315.23	3041.18	3217.17	2937.36	3126.295
hgt	None	dead	0.0	0.0	0.0	0.0	0.0	0.0	0.0	0.0
los	899	743	3077.265	2953.32	3015.2925	3217.17	2937.36	3111.6	2795.04	3006.105
hgt	1258	GCA.003527145.1.Bacteria.Firmicutes.A	1568.675	0.0	784.3375	1758.42	1378.93	0.0	0.0	879.21
los	None	dead	0.0	0.0	0.0	0.0	0.0	0.0	0.0	0.0
hgt	None	dead	0.0	0.0	0.0	0.0	0.0	0.0	0.0	0.0
spe	899	898	3077.265	3008.34	3042.8025	3217.17	2937.36	3157.32	2859.36	3038.265
spe	898	756	3008.34	2635.78	2822.06	3157.32	2859.36	2841.14	2430.42	2793.87
spe	756	754	2635.78	2364.085	2499.9325	2841.14	2430.42	2588.61	2139.56	2490.35
hgt	895	GCA.002897695.1.Bacteria.BMS3Abin14	2233.715	0.0	1116.8575	2507.56	1959.87	0.0	0.0	1253.78
los	754	753	2364.085	2099.055	2231.57	2588.61	2139.56	2342.98	1855.13	2221.87
spe	754	746	2364.085	2036.715	2200.4	2588.61	2139.56	2336.38	1737.05	2162.83
los	746	GCA.002238965.1.Bacteria.UBA8248	2036.715	0.0	1018.3575	2336.38	1737.05	0.0	0.0	1168.19
spe	898	897	3008.34	2922.2	2965.27	3157.32	2859.36	3075.7	2768.7	2963.01
spe	897	896	2922.2	2689.39	2805.795	3075.7	2768.7	2894.07	2484.71	2780.205
spe	896	895	2689.39	2233.715	2461.5525	2894.07	2484.71	2507.56	1959.87	2426.97
los	895	GCA.002897695.1.Bacteria.BMS3Abin14	2233.715	0.0	1116.8575	2507.56	1959.87	0.0	0.0	1253.78
hgt	229	GCA.002791075.1.Bacteria.Ratteibacteria	2544.195	0.0	1272.0975	2758.56	2329.83	0.0	0.0	1379.28
hgt	1191	GCA.002408345.1.Bacteria.Firmicutes.G	2225.115	0.0	1112.5575	2540.46	1909.77	0.0	0.0	1270.23
hgt	None	dead	0.0	0.0	0.0	0.0	0.0	0.0	0.0	0.0
los	896	892	2689.39	2160.3	2424.845	2894.07	2484.71	2442.6	1878.0	2386.035
hgt	873	871	1792.01	1532.675	1662.3425	1991.39	1592.63	1744.25	1321.1	1656.245
los	None	dead	0.0	0.0	0.0	0.0	0.0	0.0	0.0	0.0
spe	873	871	1792.01	1532.675	1662.3425	1991.39	1592.63	1744.25	1321.1	1656.245
hgt	383	GCA.001829315.1.Bacteria.Spirochaetota	1910.295	0.0	955.1475	2169.33	1651.26	0.0	0.0	1084.665
hgt	834	GCA.001798605.1.Bacteria.Myxococcota	1863.715	0.0	931.8575	2045.73	1681.7	0.0	0.0	1022.865
hgt	941	GCA.003477045.1.Bacteria.Delongbacteria	2334.605	0.0	1167.3025	2549.68	2119.53	0.0	0.0	1274.84
hgt	849	GCA.001896555.1.Bacteria.Desulfobacterota	1938.415	0.0	969.2075	2174.57	1702.26	0.0	0.0	1087.285
hgt	376	GCA.002418835.1.Bacteria.Spirochaetota	2164.345	0.0	1082.1725	2427.34	1901.35	0.0	0.0	1213.67
hgt	1058	GCF.000233775.1.Bacteria.Synergistota	2648.915	0.0	1324.4575	2961.31	2336.52	0.0	0.0	1480.655
hgt	877	GCF.000620765.1.Bacteria.Desulfobacterota.I	1826.365	0.0	913.1825	2034.01	1618.72	0.0	0.0	1017.005
hgt	395	GCA.002402635.1.Bacteria.Deferribacterota	1520.715	0.0	760.3575	1836.24	1205.19	0.0	0.0	918.12
hgt	686	GCA.002451015.1.Bacteria.Acidobacteriota	1699.78	0.0	849.89	1911.59	1487.97	0.0	0.0	955.795
hgt	1215	GCA.003070825.1.Bacteria.Firmicutes.F	1572.11	0.0	786.055	1879.68	1264.54	0.0	0.0	939.84
hgt	188	GCA.001787855.1.Bacteria.Riflebacteria	3280.19	0.0	1640.095	3542.63	3017.75	0.0	0.0	1771.315
hgt	400	GCA.002401295.1.Bacteria.SAR324	2394.165	0.0	1197.0825	2660.57	2127.76	0.0	0.0	1330.285
hgt	None	dead	0.0	0.0	0.0	0.0	0.0	0.0	0.0	0.0
hgt	924	GCA.003221825.1.Bacteria.Gemmatimonadota	1862.1	0.0	931.05	2200.32	1523.88	0.0	0.0	1100.16
los	None	dead	0.0	0.0	0.0	0.0	0.0	0.0	0.0	0.0
spe	897	889	2922.2	2701.575	2811.8875	3075.7	2768.7	2862.5	2540.65	2808.175
spe	889	888	2701.575	2515.76	2608.6675	2862.5	2540.65	2689.37	2342.15	2602.325
spe	888	854	2515.76	2344.965	2430.3625	2689.37	2342.15	2529.94	2159.99	2424.68
los	854	853	2344.965	2065.005	2204.985	2529.94	2159.99	2302.51	1827.5	2178.72
spe	854	850	2344.965	2301.83	2323.3975	2529.94	2159.99	2492.34	2111.32	2320.63
los	850	846	2301.83	2027.01	2164.42	2492.34	2111.32	2255.26	1798.76	2145.55
spe	850	849	2301.83	1938.415	2120.1225	2492.34	2111.32	2174.57	1702.26	2097.3
los	849	GCA.001896555.1.Bacteria.Desulfobacterota	1938.415	0.0	969.2075	2174.57	1702.26	0.0	0.0	1087.285
hgt	None	dead	0.0	0.0	0.0	0.0	0.0	0.0	0.0	0.0
los	888	887	2515.76	2332.115	2423.9375	2689.37	2342.15	2510.45	2153.78	2421.575
hgt	603	602	1669.485	1587.075	1628.28	1811.47	1527.5	1728.53	1445.62	1628.545
los	None	dead	0.0	0.0	0.0	0.0	0.0	0.0	0.0	0.0
spe	603	602	1669.485	1587.075	1628.28	1811.47	1527.5	1728.53	1445.62	1628.545
spe	602	592	1587.075	1273.13	1430.1025	1728.53	1445.62	1434.77	1111.49	1420.01
los	592	GCF.000024725.1.Bacteria.Proteobacteria	1273.13	0.0	636.565	1434.77	1111.49	0.0	0.0	717.385
spe	602	601	1587.075	1425.555	1506.315	1728.53	1445.62	1571.06	1280.05	1504.29
los	601	600	1425.555	1212.31	1318.9325	1571.06	1280.05	1364.67	1059.95	1315.505
spe	601	595	1425.555	1214.005	1319.78	1571.06	1280.05	1372.8	1055.21	1313.135
hgt	397	GCF.000526155.1.Bacteria.Desulfobacterota	3012.355	0.0	1506.1775	3169.34	2855.37	0.0	0.0	1584.67
spe	889	843	2701.575	2593.715	2647.645	2862.5	2540.65	2758.02	2429.41	2645.955
los	843	783	2593.715	2471.955	2532.835	2758.02	2429.41	2644.13	2299.78	2528.9
spe	843	842	2593.715	2481.42	2537.5675	2758.02	2429.41	2646.92	2315.92	2536.97
spe	842	798	2481.42	2208.72	2345.07	2646.92	2315.92	2388.7	2028.74	2337.83
hgt	1116	GCA.002435745.1.Bacteria.UBP15	2382.81	0.0	1191.405	2709.7	2055.92	0.0	0.0	1354.85
los	798	786	2208.72	1782.305	1995.5125	2388.7	2028.74	2023.44	1541.17	1964.935
spe	798	797	2208.72	1933.19	2070.955	2388.7	2028.74	2131.05	1735.33	2062.015
los	797	GCA.002311335.1.Bacteria.Desulfobacterota.B	1933.19	0.0	966.595	2131.05	1735.33	0.0	0.0	1065.525
spe	797	796	1933.19	1757.055	1845.1225	2131.05	1735.33	1958.83	1555.28	1843.165
los	796	GCA.002238415.1.Bacteria.Desulfobacterota.B	1757.055	0.0	878.5275	1958.83	1555.28	0.0	0.0	979.415
spe	796	795	1757.055	1569.94	1663.4975	1958.83	1555.28	1775.68	1364.2	1661.515
los	795	794	1569.94	1455.87	1512.905	1775.68	1364.2	1673.56	1238.18	1506.93
spe	795	791	1569.94	1320.57	1445.255	1775.68	1364.2	1532.25	1108.89	1442.285
los	791	GCA.002050235.1.Bacteria.Desulfobacterota.B	1320.57	0.0	660.285	1532.25	1108.89	0.0	0.0	766.125
spe	842	841	2481.42	2397.295	2439.3575	2646.92	2315.92	2565.35	2229.24	2438.08
hgt	None	dead	0.0	0.0	0.0	0.0	0.0	0.0	0.0	0.0
los	841	840	2397.295	2199.32	2298.3075	2565.35	2229.24	2370.35	2028.29	2296.82
hgt	746	GCA.002238965.1.Bacteria.UBA8248	2036.715	0.0	1018.3575	2336.38	1737.05	0.0	0.0	1168.19
los	None	dead	0.0	0.0	0.0	0.0	0.0	0.0	0.0	0.0
spe	841	801	2397.295	2073.125	2235.21	2565.35	2229.24	2289.45	1856.8	2211.075
hgt	857	GCA.002010915.1.Bacteria.Desulfobacterota	1980.505	0.0	990.2525	2203.95	1757.06	0.0	0.0	1101.975
los	801	GCA.002328485.1.Bacteria.Desulfobacterota.G	2073.125	0.0	1036.5625	2289.45	1856.8	0.0	0.0	1144.725
hgt	668	GCA.001775755.1.Bacteria.Acidobacteriota	1575.265	0.0	787.6325	1852.06	1298.47	0.0	0.0	926.03
dup	None	dead	0.0	0.0	0.0	0.0	0.0	0.0	0.0	0.0
dup	None	dead	0.0	0.0	0.0	0.0	0.0	0.0	0.0	0.0
hgt	359	GCA.001302825.1.Bacteria.Planctomycetota	1876.535	0.0	938.2675	2114.78	1638.29	0.0	0.0	1057.39
los	None	dead	0.0	0.0	0.0	0.0	0.0	0.0	0.0	0.0
hgt	651	533	2255.845	2045.455	2150.65	2397.01	2114.68	2212.39	1878.52	2137.765
los	None	dead	0.0	0.0	0.0	0.0	0.0	0.0	0.0	0.0
spe	651	533	2255.845	2045.455	2150.65	2397.01	2114.68	2212.39	1878.52	2137.765
spe	533	532	2045.455	1641.495	1843.475	2212.39	1878.52	1864.28	1418.71	1815.55
los	532	GCA.002405475.1.Bacteria.Proteobacteria	1641.495	0.0	820.7475	1864.28	1418.71	0.0	0.0	932.14
spe	533	529	2045.455	1818.925	1932.19	2212.39	1878.52	2012.28	1625.57	1918.98
hgt	400	GCA.002707655.1.Bacteria.SAR324	2394.165	0.0	1197.0825	2660.57	2127.76	0.0	0.0	1330.285
los	529	GCA.002451085.1.Bacteria.Proteobacteria	1818.925	0.0	909.4625	2012.28	1625.57	0.0	0.0	1006.14
hgt	598	GCA.002292285.1.Bacteria.Proteobacteria	904.2135	0.0	452.10675	1071.01	737.417	0.0	0.0	535.505
hgt	124	123	2515.505	2385.055	2450.28	2722.55	2308.46	2599.87	2170.24	2446.395
los	None	dead	0.0	0.0	0.0	0.0	0.0	0.0	0.0	0.0
spe	124	123	2515.505	2385.055	2450.28	2722.55	2308.46	2599.87	2170.24	2446.395
spe	123	122	2385.055	2203.735	2294.395	2599.87	2170.24	2434.44	1973.03	2286.45
spe	122	121	2203.735	1743.665	1973.7	2434.44	1973.03	2016.22	1471.11	1952.775
los	121	GCA.001775995.1.Archaea.Thermoproteota	1743.665	0.0	871.8325	2016.22	1471.11	0.0	0.0	1008.11
spe	122	118	2203.735	1963.41	2083.5725	2434.44	1973.03	2228.25	1698.57	2066.505
spe	118	116	1963.41	1247.9685	1605.68925	2228.25	1698.57	1523.73	972.207	1600.2285
los	116	GCA.001593875.1.Archaea.Thermoproteota	1247.9685	0.0	623.98425	1523.73	972.207	0.0	0.0	761.865
hgt	38	GCA.001515205.2.Archaea.Hadarchaeota	2493.245	0.0	1246.6225	2769.67	2216.82	0.0	0.0	1384.835
spe	123	113	2385.055	2111.275	2248.165	2599.87	2170.24	2361.91	1860.64	2230.255
hgt	47	GCA.002494765.1.Archaea.Thermoplasmatota	1758.69	0.0	879.345	2012.02	1505.36	0.0	0.0	1006.01
los	113	GCA.002255025.1.Archaea.Thermoproteota	2111.275	0.0	1055.6375	2361.91	1860.64	0.0	0.0	1180.955
hgt	130	128	1916.685	930.467	1423.576	2187.49	1645.88	1201.25	659.684	1423.587
spe	130	128	1916.685	930.467	1423.576	2187.49	1645.88	1201.25	659.684	1423.587
hgt	None	dead	0.0	0.0	0.0	0.0	0.0	0.0	0.0	0.0
los	1391	1211	3193.865	2951.505	3072.685	3340.39	3047.34	3130.45	2772.56	3056.475
hgt	173	151	2879.565	2655.89	2767.7275	3003.72	2755.41	2813.75	2498.03	2750.875
los	None	dead	0.0	0.0	0.0	0.0	0.0	0.0	0.0	0.0
spe	173	151	2879.565	2655.89	2767.7275	3003.72	2755.41	2813.75	2498.03	2750.875
spe	151	150	2655.89	1958.415	2307.1525	2813.75	2498.03	2236.46	1680.37	2247.06
los	150	GCA.003144275.1.Archaea.Asgardarchaeota	1958.415	0.0	979.2075	2236.46	1680.37	0.0	0.0	1118.23
spe	151	147	2655.89	2129.97	2392.93	2813.75	2498.03	2400.45	1859.49	2336.62
hgt	1273	GCF.000166335.1.Bacteria.Firmicutes.A	2372.06	0.0	1186.03	2551.07	2193.05	0.0	0.0	1275.535
los	147	GCA.001940755.1.Archaea.Asgardarchaeota	2129.97	0.0	1064.985	2400.45	1859.49	0.0	0.0	1200.225
spe	178	177	3649.25	3486.475	3567.8625	3713.37	3585.13	3512.52	3460.43	3586.9
hgt	None	dead	0.0	0.0	0.0	0.0	0.0	0.0	0.0	0.0
spe	177	176	3486.475	3232.565	3359.52	3512.52	3460.43	3311.48	3153.65	3333.085
spe	176	140	3232.565	3044.4	3138.4825	3311.48	3153.65	3166.67	2922.13	3116.805
los	140	GCF.000019605.1.Archaea.Thermoproteota	3044.4	0.0	1522.2	3166.67	2922.13	0.0	0.0	1583.335
spe	140	139	3044.4	2917.505	2980.9525	3166.67	2922.13	3054.61	2780.4	2973.535
spe	139	138	2917.505	2764.09	2840.7975	3054.61	2780.4	2929.91	2598.27	2826.44
los	138	137	2764.09	2491.115	2627.6025	2929.91	2598.27	2707.1	2275.13	2602.52
spe	138	124	2764.09	2515.505	2639.7975	2929.91	2598.27	2722.55	2308.46	2619.185
los	124	GCA.002495485.1.Archaea.Thermoproteota	2515.505	0.0	1257.7525	2722.55	2308.46	0.0	0.0	1361.275
spe	124	123	2515.505	2385.055	2450.28	2722.55	2308.46	2599.87	2170.24	2446.395
los	123	113	2385.055	2111.275	2248.165	2599.87	2170.24	2361.91	1860.64	2230.255
spe	123	122	2385.055	2203.735	2294.395	2599.87	2170.24	2434.44	1973.03	2286.45
los	122	118	2203.735	1963.41	2083.5725	2434.44	1973.03	2228.25	1698.57	2066.505
spe	122	121	2203.735	1743.665	1973.7	2434.44	1973.03	2016.22	1471.11	1952.775
los	121	GCA.001273335.1.Archaea.Thermoproteota	1743.665	0.0	871.8325	2016.22	1471.11	0.0	0.0	1008.11
spe	139	109	2917.505	2602.795	2760.15	3054.61	2780.4	2795.16	2410.43	2732.52
los	109	103	2602.795	2146.08	2374.4375	2795.16	2410.43	2387.58	1904.58	2349.87
spe	109	108	2602.795	2228.635	2415.715	2795.16	2410.43	2492.25	1965.02	2380.09
los	108	GCF.000148385.1.Archaea.Thermoproteota	2228.635	0.0	1114.3175	2492.25	1965.02	0.0	0.0	1246.125
spe	108	107	2228.635	1874.74	2051.6875	2492.25	1965.02	2176.29	1573.19	2032.72
los	107	GCA.003019535.1.Archaea.Thermoproteota	1874.74	0.0	937.37	2176.29	1573.19	0.0	0.0	1088.145
spe	176	175	3232.565	3094.86	3163.7125	3311.48	3153.65	3202.25	2987.47	3149.475
spe	175	143	3094.86	2506.355	2800.6075	3202.25	2987.47	2769.4	2243.31	2722.78
los	143	GCA.001563325.1.Archaea.Asgardarchaeota	2506.355	0.0	1253.1775	2769.4	2243.31	0.0	0.0	1384.7
spe	175	174	3094.86	2978.795	3036.8275	3202.25	2987.47	3092.22	2865.37	3033.81
los	174	173	2978.795	2879.565	2929.18	3092.22	2865.37	3003.72	2755.41	2923.815
dup	None	dead	0.0	0.0	0.0	0.0	0.0	0.0	0.0	0.0
hgt	65	GCA.001800745.1.Archaea.Thermoplasmatota	1417.775	0.0	708.8875	1651.47	1184.08	0.0	0.0	825.735
los	None	dead	0.0	0.0	0.0	0.0	0.0	0.0	0.0	0.0
dup	None	dead	0.0	0.0	0.0	0.0	0.0	0.0	0.0	0.0
hgt	88	87	1850.095	1733.555	1791.825	2065.66	1634.53	1951.94	1515.17	1790.415
los	None	dead	0.0	0.0	0.0	0.0	0.0	0.0	0.0	0.0
spe	88	87	1850.095	1733.555	1791.825	2065.66	1634.53	1951.94	1515.17	1790.415
spe	87	86	1733.555	1547.845	1640.7	1951.94	1515.17	1766.34	1329.35	1640.645
los	86	GCA.001412335.1.Archaea.Halobacteriota	1547.845	0.0	773.9225	1766.34	1329.35	0.0	0.0	883.17
spe	86	84	1547.845	1360.205	1454.025	1766.34	1329.35	1583.15	1137.26	1451.8
los	84	GCF.000011005.1.Archaea.Euryarchaeota	1360.205	0.0	680.1025	1583.15	1137.26	0.0	0.0	791.575
dup	None	dead	0.0	0.0	0.0	0.0	0.0	0.0	0.0	0.0
hgt	1016	GCA.002414865.1.Bacteria.Fermentibacterota	2392.195	0.0	1196.0975	2657.9	2126.49	0.0	0.0	1328.95
los	None	dead	0.0	0.0	0.0	0.0	0.0	0.0	0.0	0.0
hgt	1431	1427	2678.945	2442.77	2560.8575	2899.32	2458.57	2663.44	2222.1	2560.71
los	None	dead	0.0	0.0	0.0	0.0	0.0	0.0	0.0	0.0
spe	1431	1427	2678.945	2442.77	2560.8575	2899.32	2458.57	2663.44	2222.1	2560.71
spe	1427	1426	2442.77	2247.125	2344.9475	2663.44	2222.1	2482.54	2011.71	2337.575
los	1426	1425	2247.125	2026.57	2136.8475	2482.54	2011.71	2261.53	1791.61	2137.075
spe	1427	1413	2442.77	2151.5	2297.135	2663.44	2222.1	2387.23	1915.77	2289.605
los	1413	1399	2151.5	1824.235	1987.8675	2387.23	1915.77	2117.89	1530.58	1958.905
spe	1413	1412	2151.5	1912.54	2032.02	2387.23	1915.77	2139.54	1685.54	2036.385
los	1412	1408	1912.54	1849.35	1880.945	2139.54	1685.54	2074.55	1624.15	1881.845
spe	1412	1411	1912.54	1632.645	1772.5925	2139.54	1685.54	1874.09	1391.2	1765.37
los	1411	GCA.002450515.1.Bacteria.Chloroflexota	1632.645	0.0	816.3225	1874.09	1391.2	0.0	0.0	937.045
spe	177	95	3486.475	3251.76	3369.1175	3512.52	3460.43	3341.54	3161.98	3337.25
los	95	39	3251.76	2961.96	3106.86	3341.54	3161.98	3130.74	2793.18	3067.36
spe	95	94	3251.76	3195.115	3223.4375	3341.54	3161.98	3301.05	3089.18	3215.36
spe	94	42	3195.115	2648.12	2921.6175	3301.05	3089.18	2950.53	2345.71	2823.38
los	42	GCA.002502135.1.Archaea.Undinarchaeota	2648.12	0.0	1324.06	2950.53	2345.71	0.0	0.0	1475.265
spe	94	93	3195.115	2978.785	3086.95	3301.05	3089.18	3114.91	2842.66	3071.855
los	93	GCF.000025525.1.Archaea.Methanobacteriota.A	2978.785	0.0	1489.3925	3114.91	2842.66	0.0	0.0	1557.455
spe	93	92	2978.785	2820.295	2899.54	3114.91	2842.66	2975.98	2664.61	2889.76
los	92	70	2820.295	2306.48	2563.3875	2975.98	2664.61	2494.66	2118.3	2547.14
spe	92	91	2820.295	2456.155	2638.225	2975.98	2664.61	2657.46	2254.85	2615.415
los	91	GCA.003034855.1.Archaea.Halobacteriota	2456.155	0.0	1228.0775	2657.46	2254.85	0.0	0.0	1328.73
spe	91	90	2456.155	2213.885	2335.02	2657.46	2254.85	2419.47	2008.3	2332.88
los	90	74	2213.885	1964.425	2089.155	2419.47	2008.3	2200.42	1728.43	2073.95
spe	90	89	2213.885	2018.03	2115.9575	2419.47	2008.3	2233.95	1802.11	2110.79
los	89	77	2018.03	1646.475	1832.2525	2233.95	1802.11	1886.1	1406.85	1820.4
spe	89	88	2018.03	1850.095	1934.0625	2233.95	1802.11	2065.66	1634.53	1934.24
hgt	1090	1088	2959.12	1684.665	2321.8925	3202.49	2715.75	1970.35	1398.98	2300.735
spe	88	80	1850.095	1577.665	1713.88	2065.66	1634.53	1816.4	1338.93	1702.295
los	80	GCA.003158275.1.Archaea.Halobacteriota	1577.665	0.0	788.8325	1816.4	1338.93	0.0	0.0	908.2
spe	1090	1088	2959.12	1684.665	2321.8925	3202.49	2715.75	1970.35	1398.98	2300.735
spe	1088	1087	1684.665	1326.12	1505.3925	1970.35	1398.98	1606.52	1045.72	1508.035
los	1087	GCA.001778455.1.Bacteria.Bipolaricaulota	1326.12	0.0	663.06	1606.52	1045.72	0.0	0.0	803.26
spe	88	87	1850.095	1733.555	1791.825	2065.66	1634.53	1951.94	1515.17	1790.415
spe	87	86	1733.555	1547.845	1640.7	1951.94	1515.17	1766.34	1329.35	1640.645
los	86	GCA.001412335.1.Archaea.Halobacteriota	1547.845	0.0	773.9225	1766.34	1329.35	0.0	0.0	883.17
spe	86	84	1547.845	1360.205	1454.025	1766.34	1329.35	1583.15	1137.26	1451.8
los	84	GCF.000970205.1.Archaea.Halobacteriota	1360.205	0.0	680.1025	1583.15	1137.26	0.0	0.0	791.575
hgt	31	GCA.001723855.1.Archaea.Altiarchaeota	2674.29	0.0	1337.145	2966.44	2382.14	0.0	0.0	1483.22
los	87	GCA.002256595.1.Archaea.Halobacteriota	1733.555	0.0	866.7775	1951.94	1515.17	0.0	0.0	975.97
dup	31	GCA.001723855.1.Archaea.Altiarchaeota	2674.29	0.0	1337.145	2966.44	2382.14	0.0	0.0	1483.22
spe	1393	1392	3594.23	3486.295	3540.2625	3723.96	3464.5	3621.84	3350.75	3537.355
spe	1392	1391	3486.295	3193.865	3340.08	3621.84	3350.75	3340.39	3047.34	3334.59
spe	1391	1390	3193.865	3074.65	3134.2575	3340.39	3047.34	3224.77	2924.53	3132.46
spe	1390	1389	3074.65	2995.16	3034.905	3224.77	2924.53	3145.66	2844.66	3034.715
los	1389	1237	2995.16	2548.64	2771.9	3145.66	2844.66	2742.96	2354.32	2749.99
spe	1389	1388	2995.16	2841.585	2918.3725	3145.66	2844.66	2996.83	2686.34	2916.0
los	1388	1274	2841.585	2600.015	2720.8	2996.83	2686.34	2770.93	2429.1	2712.965
spe	1388	1387	2841.585	2774.13	2807.8575	2996.83	2686.34	2929.52	2618.74	2807.785
los	1387	1386	2774.13	2592.35	2683.24	2929.52	2618.74	2757.97	2426.73	2678.125
spe	1387	1327	2774.13	2643.35	2708.74	2929.52	2618.74	2807.8	2478.9	2704.21
los	1327	1326	2643.35	2448.67	2546.01	2807.8	2478.9	2619.66	2277.68	2542.74
spe	1327	1289	2643.35	2319.605	2481.4775	2807.8	2478.9	2515.76	2123.45	2465.625
los	1289	1288	2319.605	1737.805	2028.705	2515.76	2123.45	1959.07	1516.54	2016.15
spe	1390	1218	3074.65	2879.54	2977.095	3224.77	2924.53	3061.15	2697.93	2961.35
spe	1218	1216	2879.54	2264.52	2572.03	3061.15	2697.93	2522.36	2006.68	2533.915
los	1216	1215	2264.52	1572.11	1918.315	2522.36	2006.68	1879.68	1264.54	1893.45
hgt	None	dead	0.0	0.0	0.0	0.0	0.0	0.0	0.0	0.0
los	1391	1211	3193.865	2951.505	3072.685	3340.39	3047.34	3130.45	2772.56	3056.475
hgt	1476	1454	2783.015	2214.935	2498.975	2979.26	2586.77	2430.94	1998.93	2489.095
los	None	dead	0.0	0.0	0.0	0.0	0.0	0.0	0.0	0.0
spe	1476	1454	2783.015	2214.935	2498.975	2979.26	2586.77	2430.94	1998.93	2489.095
spe	1454	1446	2214.935	1960.08	2087.5075	2430.94	1998.93	2176.15	1744.01	2087.475
los	1446	1440	1960.08	1813.195	1886.6375	2176.15	1744.01	2028.77	1597.62	1886.885
spe	1446	1445	1960.08	1742.485	1851.2825	2176.15	1744.01	1965.0	1519.97	1848.06
los	1445	GCA.003130875.1.Bacteria.Chloroflexota	1742.485	0.0	871.2425	1965.0	1519.97	0.0	0.0	982.5
spe	1445	1444	1742.485	1539.09	1640.7875	1965.0	1519.97	1770.71	1307.47	1636.235
los	1444	GCA.002366755.1.Bacteria.Chloroflexota	1539.09	0.0	769.545	1770.71	1307.47	0.0	0.0	885.355
spe	1454	1453	2214.935	2115.485	2165.21	2430.94	1998.93	2342.31	1888.66	2159.8
spe	1453	1449	2115.485	1891.395	2003.44	2342.31	1888.66	2134.97	1647.82	1995.065
hgt	1437	GCF.900066015.1.Bacteria.Chloroflexota	1218.17	0.0	609.085	1425.69	1010.65	0.0	0.0	712.845
los	1449	GCA.002366595.1.Bacteria.Chloroflexota	1891.395	0.0	945.6975	2134.97	1647.82	0.0	0.0	1067.485
spe	1453	1452	2115.485	1623.74	1869.6125	2342.31	1888.66	1926.13	1321.35	1831.83
spe	1392	1188	3486.295	3139.205	3312.75	3621.84	3350.75	3310.24	2968.17	3295.005
los	1188	GCA.002779205.1.Bacteria.Actinobacteriota	3139.205	0.0	1569.6025	3310.24	2968.17	0.0	0.0	1655.12
spe	1188	1187	3139.205	3067.16	3103.1825	3310.24	2968.17	3235.87	2898.45	3104.345
los	1187	1133	3067.16	2467.96	2767.56	3235.87	2898.45	2738.86	2197.06	2716.465
spe	1187	1186	3067.16	2936.225	3001.6925	3235.87	2898.45	3121.91	2750.54	2993.205
spe	1186	1136	2936.225	2376.455	2656.34	3121.91	2750.54	2654.7	2098.21	2610.06
los	1136	GCA.003157385.1.Bacteria.Actinobacteriota	2376.455	0.0	1188.2275	2654.7	2098.21	0.0	0.0	1327.35
spe	1186	1185	2936.225	2773.915	2855.07	3121.91	2750.54	2967.18	2580.65	2851.28
los	1185	1169	2773.915	2396.405	2585.16	2967.18	2580.65	2605.17	2187.64	2577.41
spe	1185	1184	2773.915	2619.05	2696.4825	2967.18	2580.65	2826.1	2412.0	2689.59
spe	1184	1183	2619.05	2026.845	2322.9475	2826.1	2412.0	2306.44	1747.25	2286.675
los	1183	GCA.000434775.1.Bacteria.Actinobacteriota	2026.845	0.0	1013.4225	2306.44	1747.25	0.0	0.0	1153.22
spe	1184	1180	2619.05	2187.185	2403.1175	2826.1	2412.0	2433.9	1940.47	2383.285
los	1180	GCF.001029505.1.Bacteria.Actinobacteriota	2187.185	0.0	1093.5925	2433.9	1940.47	0.0	0.0	1216.95
spe	1180	1179	2187.185	1862.535	2024.86	2433.9	1940.47	2110.2	1614.87	2024.385
los	1179	1178	1862.535	1673.74	1768.1375	2110.2	1614.87	1926.76	1420.72	1765.46
spe	1179	1173	1862.535	1615.325	1738.93	2110.2	1614.87	1879.87	1350.78	1730.49
