event	left_node	right_node	left_date	right_date	midpoint_date
spe	1727	1726	3797.955	3785.015	3791.485
spe	1726	1094	3785.015	3721.555	3753.285
spe	1094	1048	3721.555	3560.57	3641.0625
los	1048	1047	3560.57	3546.415	3553.4925
spe	1048	278	3560.57	3428.485	3494.5275
los	278	277	3428.485	3180.01	3304.2475
spe	278	262	3428.485	3190.66	3309.5725
los	262	261	3190.66	3090.155	3140.4075
spe	262	194	3190.66	2695.625	2943.1425
los	194	193	2695.625	2415.11	2555.3675
hgt	None	dead	0.0	0.0	0.0
los	1094	1093	3721.555	3558.68	3640.1175
hgt	668	GCA.002010665.1.Bacteria.Acidobacteriota	1575.265	0.0	787.6325
los	None	dead	0.0	0.0	0.0
dup	1726	1725	3785.015	3734.58	3759.7975
spe	1726	1725	3785.015	3734.58	3759.7975
spe	1725	1393	3734.58	3594.23	3664.405
los	1393	1129	3594.23	3343.055	3468.6425
spe	1393	1392	3594.23	3486.295	3540.2625
los	1392	1391	3486.295	3193.865	3340.08
spe	1392	1188	3486.295	3139.205	3312.75
spe	1188	1187	3139.205	3067.16	3103.1825
spe	1187	1186	3067.16	2936.225	3001.6925
los	1186	1136	2936.225	2376.455	2656.34
spe	1186	1185	2936.225	2773.915	2855.07
los	1185	1169	2773.915	2396.405	2585.16
spe	1185	1184	2773.915	2619.05	2696.4825
los	1184	1183	2619.05	2026.845	2322.9475
spe	1184	1180	2619.05	2187.185	2403.1175
los	1180	GCF.001029505.1.Bacteria.Actinobacteriota	2187.185	0.0	1093.5925
spe	1180	1179	2187.185	1862.535	2024.86
los	1179	1173	1862.535	1615.325	1738.93
spe	1179	1178	1862.535	1673.74	1768.1375
los	1178	1177	1673.74	1440.505	1557.1225
spe	1187	1133	3067.16	2467.96	2767.56
los	1133	GCA.002366545.1.Bacteria.Actinobacteriota	2467.96	0.0	1233.98
hgt	None	dead	0.0	0.0	0.0
spe	1725	1724	3734.58	3628.125	3681.3525
spe	1724	1723	3628.125	3473.32	3550.7225
los	1723	1657	3473.32	3302.405	3387.8625
spe	1723	1722	3473.32	3258.43	3365.875
los	1722	1664	3258.43	2797.97	3028.2
spe	1722	1721	3258.43	3170.865	3214.6475
los	1721	1720	3170.865	2606.555	2888.71
spe	1721	1667	3170.865	2879.985	3025.425
los	1667	GCA.002783405.1.Bacteria.Cyanobacteria	2879.985	0.0	1439.9925
spe	1724	1642	3628.125	3541.065	3584.595
hgt	None	dead	0.0	0.0	0.0
los	1642	1641	3541.065	3197.795	3369.43
hgt	794	GCA.001798565.1.Bacteria.Desulfobacterota.B	1455.87	0.0	727.935
los	None	dead	0.0	0.0	0.0
spe	1642	1478	3541.065	3264.47	3402.7675
los	1478	1396	3264.47	2089.7	2677.085
spe	1478	1477	3264.47	3024.12	3144.295
hgt	None	dead	0.0	0.0	0.0
hgt	753	GCA.001803565.1.Bacteria.Nitrospinota.B	2099.055	0.0	1049.5275
los	None	dead	0.0	0.0	0.0
hgt	1390	1389	3074.65	2995.16	3034.905
hgt	None	dead	0.0	0.0	0.0
dup	None	dead	0.0	0.0	0.0
hgt	674	GCA.002298155.1.Bacteria.Acidobacteriota	1948.825	0.0	974.4125
los	None	dead	0.0	0.0	0.0
hgt	706	GCA.002327305.1.Bacteria.Acidobacteriota	1817.88	0.0	908.94
los	None	dead	0.0	0.0	0.0
hgt	None	dead	0.0	0.0	0.0
dup	None	dead	0.0	0.0	0.0
hgt	837	GCA.001768075.1.Bacteria.Myxococcota	1633.315	0.0	816.6575
los	None	dead	0.0	0.0	0.0
hgt	888	887	2515.76	2332.115	2423.9375
los	None	dead	0.0	0.0	0.0
spe	888	887	2515.76	2332.115	2423.9375
spe	887	863	2332.115	2111.78	2221.9475
los	863	857	2111.78	1980.505	2046.1425
dup	863	862	2111.78	1779.145	1945.4625
spe	863	862	2111.78	1779.145	1945.4625
los	862	GCA.002782605.1.Bacteria.Desulfobacterota	1779.145	0.0	889.5725
spe	862	861	1779.145	1645.455	1712.3
los	861	GCA.002327985.1.Bacteria.Desulfobacterota	1645.455	0.0	822.7275
spe	863	862	2111.78	1779.145	1945.4625
spe	862	861	1779.145	1645.455	1712.3
los	861	GCA.001304105.1.Bacteria.Desulfobacterota	1645.455	0.0	822.7275
spe	887	886	2332.115	2067.29	2199.7025
los	886	874	2067.29	1965.97	2016.63
spe	886	885	2067.29	1945.59	2006.44
spe	885	877	1945.59	1826.365	1885.9775
los	877	GCF.000620765.1.Bacteria.Desulfobacterota.I	1826.365	0.0	913.1825
spe	885	884	1945.59	1824.105	1884.8475
hgt	801	GCA.002328485.1.Bacteria.Desulfobacterota.G	2073.125	0.0	1036.5625
los	884	880	1824.105	1550.835	1687.47
spe	884	883	1824.105	1441.77	1632.9375
los	883	GCA.001751085.1.Bacteria.Desulfobacterota	1441.77	0.0	720.885
spe	1477	1476	3024.12	2783.015	2903.5675
spe	1476	1475	2783.015	2647.025	2715.02
los	1475	1474	2647.025	2497.34	2572.1825
spe	1475	1463	2647.025	2401.705	2524.365
los	1463	1457	2401.705	1966.385	2184.045
spe	1463	1462	2401.705	2298.115	2349.91
los	1462	1461	2298.115	1906.91	2102.5125
spe	1476	1454	2783.015	2214.935	2498.975
los	1454	1453	2214.935	2115.485	2165.21
spe	1454	1446	2214.935	1960.08	2087.5075
los	1446	1440	1960.08	1813.195	1886.6375
spe	1446	1445	1960.08	1742.485	1851.2825
los	1445	1444	1742.485	1539.09	1640.7875
spe	1390	1389	3074.65	2995.16	3034.905
dup	1389	1388	2995.16	2841.585	2918.3725
spe	1389	1388	2995.16	2841.585	2918.3725
los	1388	1274	2841.585	2600.015	2720.8
spe	1388	1387	2841.585	2774.13	2807.8575
los	1387	1386	2774.13	2592.35	2683.24
spe	1387	1327	2774.13	2643.35	2708.74
spe	1327	1326	2643.35	2448.67	2546.01
spe	1326	1325	2448.67	2256.125	2352.3975
los	1325	1297	2256.125	1985.275	2120.7
spe	1325	1324	2256.125	2152.01	2204.0675
los	1324	1323	2152.01	2061.88	2106.945
spe	1324	1308	2152.01	1925.235	2038.6225
los	1308	1300	1925.235	1565.1	1745.1675
spe	1308	1307	1925.235	1703.5	1814.3675
los	1307	1305	1703.5	1518.03	1610.765
hgt	1210	1209	2781.0	2390.265	2585.6325
los	1326	1292	2448.67	1962.37	2205.52
spe	1210	1209	2781.0	2390.265	2585.6325
spe	1209	1208	2390.265	2182.765	2286.515
los	1208	GCA.900016865.1.Bacteria.Firmicutes.G	2182.765	0.0	1091.3825
spe	1327	1289	2643.35	2319.605	2481.4775
hgt	1312	GCF.000019165.1.Bacteria.Firmicutes.B	1521.75	0.0	760.875
los	1289	GCA.002345475.1.Bacteria.Firmicutes.H	2319.605	0.0	1159.8025
spe	1289	1288	2319.605	1737.805	2028.705
spe	1288	1287	1737.805	1455.455	1596.63
hgt	1697	Fischerella.muscicola.CCMEE5323	1294.515	0.0	647.2575
los	1287	GCA.002329525.1.Bacteria.Firmicutes.C	1455.455	0.0	727.7275
spe	1287	1285	1455.455	1344.265	1399.86
los	1285	1284	1344.265	1051.609	1197.937
spe	1285	1281	1344.265	1116.4885	1230.37675
spe	1281	1280	1116.4885	953.42	1034.95425
los	1280	GCF.900104455.1.Bacteria.Firmicutes.C	953.42	0.0	476.71
spe	1389	1388	2995.16	2841.585	2918.3725
spe	1388	1274	2841.585	2600.015	2720.8
los	1274	1273	2600.015	2372.06	2486.0375
spe	1274	1240	2600.015	2224.995	2412.505
hgt	1307	1305	1703.5	1518.03	1610.765
spe	1307	1305	1703.5	1518.03	1610.765
spe	1305	1304	1518.03	1212.67	1365.35
los	1304	GCA.001508005.1.Bacteria.Firmicutes.B	1212.67	0.0	606.335
spe	1388	1387	2841.585	2774.13	2807.8575
spe	1387	1386	2774.13	2592.35	2683.24
los	1386	1330	2592.35	2019.045	2305.6975
spe	1386	1385	2592.35	2489.295	2540.8225
los	1385	1333	2489.295	2115.765	2302.53
spe	1385	1384	2489.295	2053.965	2271.63
spe	1384	1338	2053.965	1618.77	1836.3675
los	1338	1337	1618.77	1358.655	1488.7125
spe	1384	1383	2053.965	1928.425	1991.195
los	1383	1341	1928.425	1562.96	1745.6925
spe	1383	1382	1928.425	1812.955	1870.69
spe	1382	1344	1812.955	1531.325	1672.14
los	1344	GCA.002159075.1.Bacteria.Firmicutes	1531.325	0.0	765.6625
spe	1382	1381	1812.955	1697.085	1755.02
los	1381	1351	1697.085	1602.01	1649.5475
spe	1381	1380	1697.085	1588.96	1643.0225
los	1380	1379	1588.96	1514.47	1551.715
spe	1387	1327	2774.13	2643.35	2708.74
hgt	None	dead	0.0	0.0	0.0
los	1327	1289	2643.35	2319.605	2481.4775
hgt	1300	GCA.002418765.1.Bacteria.Firmicutes.B	1565.1	0.0	782.55
los	None	dead	0.0	0.0	0.0
spe	1327	1326	2643.35	2448.67	2546.01
spe	1326	1292	2448.67	1962.37	2205.52
los	1292	GCF.000024605.1.Bacteria.Firmicutes.B	1962.37	0.0	981.185
spe	1326	1325	2448.67	2256.125	2352.3975
los	1325	1297	2256.125	1985.275	2120.7
spe	1325	1324	2256.125	2152.01	2204.0675
spe	1324	1308	2152.01	1925.235	2038.6225
los	1308	1307	1925.235	1703.5	1814.3675
spe	1308	1300	1925.235	1565.1	1745.1675
los	1300	GCA.002418765.1.Bacteria.Firmicutes.B	1565.1	0.0	782.55
spe	1324	1323	2152.01	2061.88	2106.945
los	1323	1322	2061.88	1700.81	1881.345
spe	1323	1319	2061.88	1933.46	1997.67
los	1319	1318	1933.46	1818.985	1876.2225
spe	1389	1237	2995.16	2548.64	2771.9
los	1237	1221	2548.64	2065.095	2306.8675
spe	1237	1236	2548.64	2380.34	2464.49
spe	1236	1235	2380.34	2102.15	2241.245
hgt	None	dead	0.0	0.0	0.0
los	1235	1234	2102.15	1826.555	1964.3525
hgt	1312	GCF.002607855.1.Bacteria.Firmicutes.B	1521.75	0.0	760.875
los	None	dead	0.0	0.0	0.0
spe	1236	1228	2380.34	2207.365	2293.8525
hgt	1296	GCF.900176005.1.Bacteria.Firmicutes.B	1805.085	0.0	902.5425
los	1228	GCA.003023725.1.Bacteria.Firmicutes.E	2207.365	0.0	1103.6825
spe	1228	1227	2207.365	1969.33	2088.3475
hgt	1203	GCA.002399265.1.Bacteria.Firmicutes.G	1946.15	0.0	973.075
los	1227	1226	1969.33	1819.185	1894.2575
spe	1477	1431	3024.12	2678.945	2851.5325
spe	1431	1430	2678.945	2204.905	2441.925
hgt	1341	GCF.001653195.1.Bacteria.Firmicutes	1562.96	0.0	781.48
hgt	1163	GCF.000384115.1.Bacteria.Actinobacteriota	995.9815	0.0	497.99075
los	1430	GCA.001795235.1.Bacteria.Chloroflexota	2204.905	0.0	1102.4525
hgt	742	741	2707.335	2099.065	2403.2
los	1431	1427	2678.945	2442.77	2560.8575
spe	742	741	2707.335	2099.065	2403.2
hgt	1234	1233	1826.555	1501.49	1664.0225
los	None	dead	0.0	0.0	0.0
spe	1234	1233	1826.555	1501.49	1664.0225
spe	1726	1725	3785.015	3734.58	3759.7975
spe	1725	1724	3734.58	3628.125	3681.3525
los	1724	1642	3628.125	3541.065	3584.595
spe	1724	1723	3628.125	3473.32	3550.7225
los	1723	1722	3473.32	3258.43	3365.875
spe	1723	1657	3473.32	3302.405	3387.8625
los	1657	1645	3302.405	3111.405	3206.905
spe	1657	1656	3302.405	3049.13	3175.7675
los	1656	1652	3049.13	2477.145	2763.1375
spe	1656	1655	3049.13	2266.66	2657.895
los	1655	GCA.001771365.1.Bacteria.Margulisbacteria	2266.66	0.0	1133.33
spe	1725	1393	3734.58	3594.23	3664.405
los	1393	1129	3594.23	3343.055	3468.6425
dup	1393	1392	3594.23	3486.295	3540.2625
spe	1393	1392	3594.23	3486.295	3540.2625
spe	1392	1188	3486.295	3139.205	3312.75
los	1188	GCA.002779205.1.Bacteria.Actinobacteriota	3139.205	0.0	1569.6025
spe	1188	1187	3139.205	3067.16	3103.1825
los	1187	1133	3067.16	2467.96	2767.56
spe	1187	1186	3067.16	2936.225	3001.6925
los	1186	1185	2936.225	2773.915	2855.07
spe	1186	1136	2936.225	2376.455	2656.34
los	1136	GCA.001768645.1.Bacteria.Actinobacteriota	2376.455	0.0	1188.2275
hgt	178	177	3649.25	3486.475	3567.8625
spe	1392	1391	3486.295	3193.865	3340.08
hgt	901	900	3298.045	3178.205	3238.125
hgt	None	dead	0.0	0.0	0.0
hgt	1272	1271	2201.415	1904.435	2052.925
los	None	dead	0.0	0.0	0.0
spe	1272	1271	2201.415	1904.435	2052.925
spe	1271	1270	1904.435	1709.88	1807.1575
los	1270	1264	1709.88	1401.22	1555.55
spe	1270	1269	1709.88	1538.365	1624.1225
los	1269	1268	1538.365	1301.03	1419.6975
spe	1271	1259	1904.435	1830.34	1867.3875
los	1259	1258	1830.34	1568.675	1699.5075
spe	1259	1253	1830.34	1684.93	1757.635
los	1253	GCF.900142265.1.Bacteria.Firmicutes.A	1684.93	0.0	842.465
spe	1253	1252	1684.93	1492.085	1588.5075
spe	1252	1251	1492.085	1313.25	1402.6675
los	1251	GCA.002478485.1.Bacteria.Firmicutes.A	1313.25	0.0	656.625
hgt	1315	GCF.002224645.1.Bacteria.Firmicutes.B	1023.5775	0.0	511.78875
hgt	1269	GCF.002252565.1.Bacteria.Firmicutes.A	1538.365	0.0	769.1825
spe	1391	1390	3193.865	3074.65	3134.2575
spe	1390	1218	3074.65	2879.54	2977.095
los	1218	GCA.001513125.1.Bacteria.DTU030	2879.54	0.0	1439.77
spe	1218	1216	2879.54	2264.52	2572.03
los	1216	1215	2264.52	1572.11	1918.315
spe	1390	1389	3074.65	2995.16	3034.905
spe	1389	1237	2995.16	2548.64	2771.9
los	1237	1236	2548.64	2380.34	2464.49
spe	1237	1221	2548.64	2065.095	2306.8675
los	1221	GCA.002375895.1.Bacteria.Firmicutes.E	2065.095	0.0	1032.5475
spe	1389	1388	2995.16	2841.585	2918.3725
los	1388	1274	2841.585	2600.015	2720.8
spe	1388	1387	2841.585	2774.13	2807.8575
spe	1387	1327	2774.13	2643.35	2708.74
los	1327	1289	2643.35	2319.605	2481.4775
spe	1327	1326	2643.35	2448.67	2546.01
los	1326	1292	2448.67	1962.37	2205.52
spe	1326	1325	2448.67	2256.125	2352.3975
los	1325	1297	2256.125	1985.275	2120.7
spe	1325	1324	2256.125	2152.01	2204.0675
los	1324	1308	2152.01	1925.235	2038.6225
spe	1324	1323	2152.01	2061.88	2106.945
spe	1323	1322	2061.88	1700.81	1881.345
los	1322	GCA.001512665.1.Bacteria.Firmicutes.B	1700.81	0.0	850.405
spe	1323	1319	2061.88	1933.46	1997.67
spe	1319	1318	1933.46	1818.985	1876.2225
los	1318	1312	1818.985	1521.75	1670.3675
spe	1318	1317	1818.985	1219.28	1519.1325
los	1317	1315	1219.28	1023.5775	1121.42875
hgt	1068	GCA.002428295.1.Bacteria.Caldisericota	1804.715	0.0	902.3575
los	1319	GCF.900100785.1.Bacteria.Firmicutes.B	1933.46	0.0	966.73
spe	1387	1386	2774.13	2592.35	2683.24
los	1386	1330	2592.35	2019.045	2305.6975
spe	1386	1385	2592.35	2489.295	2540.8225
los	1385	1333	2489.295	2115.765	2302.53
spe	1385	1384	2489.295	2053.965	2271.63
los	1384	1338	2053.965	1618.77	1836.3675
spe	1384	1383	2053.965	1928.425	1991.195
los	1383	1341	1928.425	1562.96	1745.6925
spe	1383	1382	1928.425	1812.955	1870.69
los	1382	1344	1812.955	1531.325	1672.14
dup	1382	1381	1812.955	1697.085	1755.02
spe	1382	1381	1812.955	1697.085	1755.02
spe	1381	1351	1697.085	1602.01	1649.5475
los	1351	1350	1602.01	1409.0	1505.505
spe	1351	1347	1602.01	1294.365	1448.1875
los	1347	GCF.001561915.1.Bacteria.Firmicutes	1294.365	0.0	647.1825
spe	1381	1380	1697.085	1588.96	1643.0225
los	1380	GCF.001049895.1.Bacteria.Firmicutes	1588.96	0.0	794.48
spe	1380	1379	1588.96	1514.47	1551.715
los	1379	1378	1514.47	1207.485	1360.9775
spe	1379	1355	1514.47	1273.085	1393.7775
spe	1382	1381	1812.955	1697.085	1755.02
los	1381	1380	1697.085	1588.96	1643.0225
spe	1381	1351	1697.085	1602.01	1649.5475
spe	1351	1347	1602.01	1294.365	1448.1875
los	1347	GCF.900099895.1.Bacteria.Firmicutes	1294.365	0.0	647.1825
spe	1351	1350	1602.01	1409.0	1505.505
los	1350	GCF.000942395.1.Bacteria.Firmicutes	1409.0	0.0	704.5
dup	901	900	3298.045	3178.205	3238.125
spe	901	900	3298.045	3178.205	3238.125
los	900	716	3178.205	2750.795	2964.5
spe	900	899	3178.205	3077.265	3127.735
spe	899	743	3077.265	2953.32	3015.2925
hgt	None	dead	0.0	0.0	0.0
los	743	721	2953.32	2669.375	2811.3475
hgt	866	GCA.002877985.1.Bacteria.Desulfobacterota	1421.715	0.0	710.8575
los	None	dead	0.0	0.0	0.0
spe	743	742	2953.32	2707.335	2830.3275
los	742	741	2707.335	2099.065	2403.2
spe	742	738	2707.335	2387.34	2547.3375
los	738	728	2387.34	2047.46	2217.4
dup	738	737	2387.34	2168.56	2277.95
spe	738	737	2387.34	2168.56	2277.95
los	737	733	2168.56	1662.33	1915.445
spe	737	736	2168.56	1883.24	2025.9
los	736	GCA.003454665.1.Bacteria.Nitrospirota	1883.24	0.0	941.62
spe	738	737	2387.34	2168.56	2277.95
spe	737	736	2168.56	1883.24	2025.9
los	736	GCA.001803795.1.Bacteria.Nitrospirota	1883.24	0.0	941.62
spe	737	733	2168.56	1662.33	1915.445
spe	733	732	1662.33	1418.365	1540.3475
los	732	GCA.002011735.1.Bacteria.Nitrospirota	1418.365	0.0	709.1825
spe	899	898	3077.265	3008.34	3042.8025
hgt	None	dead	0.0	0.0	0.0
hgt	558	GCA.002386945.1.Bacteria.Proteobacteria	1422.015	0.0	711.0075
los	None	dead	0.0	0.0	0.0
hgt	None	dead	0.0	0.0	0.0
los	898	756	3008.34	2635.78	2822.06
hgt	515	514	2002.575	1851.4	1926.9875
los	None	dead	0.0	0.0	0.0
dup	515	514	2002.575	1851.4	1926.9875
spe	515	514	2002.575	1851.4	1926.9875
los	514	436	1851.4	1731.205	1791.3025
spe	514	513	1851.4	1786.09	1818.745
spe	513	483	1786.09	1736.705	1761.3975
los	483	482	1736.705	1642.38	1689.5425
spe	483	447	1736.705	1590.07	1663.3875
los	447	446	1590.07	1389.555	1489.8125
spe	447	439	1590.07	1430.985	1510.5275
los	439	GCF.001613805.1.Bacteria.Proteobacteria	1430.985	0.0	715.4925
spe	513	512	1786.09	1671.055	1728.5725
los	512	486	1671.055	1393.215	1532.135
dup	512	511	1671.055	1589.625	1630.34
spe	512	511	1671.055	1589.625	1630.34
los	511	489	1589.625	1225.83	1407.7275
spe	511	510	1589.625	1517.685	1553.655
los	510	509	1517.685	1417.44	1467.5625
spe	510	492	1517.685	1247.39	1382.5375
los	492	GCF.002798435.1.Bacteria.Proteobacteria	1247.39	0.0	623.695
spe	512	511	1671.055	1589.625	1630.34
spe	511	510	1589.625	1517.685	1553.655
los	510	509	1517.685	1417.44	1467.5625
spe	510	492	1517.685	1247.39	1382.5375
los	492	GCF.900172325.1.Bacteria.Proteobacteria	1247.39	0.0	623.695
spe	511	489	1589.625	1225.83	1407.7275
los	489	GCA.002701885.1.Bacteria.Proteobacteria	1225.83	0.0	612.915
hgt	None	dead	0.0	0.0	0.0
spe	515	514	2002.575	1851.4	1926.9875
spe	514	513	1851.4	1786.09	1818.745
spe	513	512	1786.09	1671.055	1728.5725
los	512	486	1671.055	1393.215	1532.135
spe	512	511	1671.055	1589.625	1630.34
los	511	489	1589.625	1225.83	1407.7275
spe	511	510	1589.625	1517.685	1553.655
los	510	492	1517.685	1247.39	1382.5375
spe	510	509	1517.685	1417.44	1467.5625
spe	509	495	1417.44	1152.21	1284.825
los	495	GCF.003173035.1.Bacteria.Proteobacteria	1152.21	0.0	576.105
spe	509	508	1417.44	1290.24	1353.84
hgt	552	GCF.001614315.2.Bacteria.Proteobacteria	1397.305	0.0	698.6525
los	508	498	1290.24	1143.1505	1216.69525
spe	508	507	1290.24	1064.673	1177.4565
los	507	503	1064.673	930.456	997.5645
spe	507	506	1064.673	1020.1165	1042.39475
los	506	GCA.002480495.1.Bacteria.Proteobacteria	1020.1165	0.0	510.05825
spe	513	483	1786.09	1736.705	1761.3975
spe	483	482	1736.705	1642.38	1689.5425
los	482	481	1642.38	1564.755	1603.5675
spe	482	458	1642.38	1513.53	1577.955
los	458	GCA.002340345.1.Bacteria.Proteobacteria	1513.53	0.0	756.765
spe	458	456	1513.53	1329.135	1421.3325
los	456	455	1329.135	974.476	1151.8055
spe	483	447	1736.705	1590.07	1663.3875
los	447	439	1590.07	1430.985	1510.5275
spe	447	446	1590.07	1389.555	1489.8125
spe	446	445	1389.555	1267.47	1328.5125
los	445	444	1267.47	1089.937	1178.7035
hgt	None	dead	0.0	0.0	0.0
dup	514	436	1851.4	1731.205	1791.3025
spe	514	436	1851.4	1731.205	1791.3025
spe	436	435	1731.205	1539.415	1635.31
los	435	434	1539.415	1329.5	1434.4575
hgt	444	GCA.002686135.1.Bacteria.Proteobacteria	1089.937	0.0	544.9685
hgt	453	GCA.003280605.1.Bacteria.Proteobacteria	720.6325	0.0	360.31625
los	436	GCA.002722885.1.Bacteria.Proteobacteria	1731.205	0.0	865.6025
spe	514	436	1851.4	1731.205	1791.3025
hgt	542	GCA.002631715.1.Bacteria.Proteobacteria	1750.015	0.0	875.0075
spe	436	435	1731.205	1539.415	1635.31
spe	435	434	1539.415	1329.5	1434.4575
hgt	796	GCA.002238415.1.Bacteria.Desulfobacterota.B	1757.055	0.0	878.5275
hgt	581	GCA.002868855.1.Bacteria.Proteobacteria	1247.6	0.0	623.8
hgt	560	GCA.001735895.1.Bacteria.Proteobacteria	1588.3	0.0	794.15
hgt	453	GCA.002457765.1.Bacteria.Proteobacteria	720.6325	0.0	360.31625
hgt	551	GCA.002746645.1.Bacteria.Proteobacteria	1101.556	0.0	550.778
hgt	463	462	1313.945	1065.146	1189.5455
los	435	GCA.006969625.1.Bacteria.Proteobacteria	1539.415	0.0	769.7075
spe	463	462	1313.945	1065.146	1189.5455
dup	None	dead	0.0	0.0	0.0
hgt	498	GCA.002731375.1.Bacteria.Proteobacteria	1143.1505	0.0	571.57525
los	None	dead	0.0	0.0	0.0
hgt	415	GCA.002717245.1.Bacteria.Proteobacteria	1271.57	0.0	635.785
los	None	dead	0.0	0.0	0.0
hgt	603	602	1669.485	1587.075	1628.28
los	None	dead	0.0	0.0	0.0
spe	603	602	1669.485	1587.075	1628.28
spe	602	592	1587.075	1273.13	1430.1025
los	592	GCF.001720165.1.Bacteria.Proteobacteria	1273.13	0.0	636.565
spe	602	601	1587.075	1425.555	1506.315
los	601	595	1425.555	1214.005	1319.78
spe	601	600	1425.555	1212.31	1318.9325
los	600	598	1212.31	904.2135	1058.26175
spe	898	897	3008.34	2922.2	2965.27
hgt	None	dead	0.0	0.0	0.0
los	897	889	2922.2	2701.575	2811.8875
hgt	198	GCA.002478245.1.Bacteria.UBP18	2444.64	0.0	1222.32
los	None	dead	0.0	0.0	0.0
spe	897	896	2922.2	2689.39	2805.795
los	896	895	2689.39	2233.715	2461.5525
spe	896	892	2689.39	2160.3	2424.845
los	892	GCA.001873295.1.Bacteria.CG2.30.70.394	2160.3	0.0	1080.15
hgt	None	dead	0.0	0.0	0.0
hgt	1470	GCF.000025005.1.Bacteria.Chloroflexota	2147.93	0.0	1073.965
los	None	dead	0.0	0.0	0.0
spe	901	900	3298.045	3178.205	3238.125
spe	900	716	3178.205	2750.795	2964.5
hgt	None	dead	0.0	0.0	0.0
los	716	715	2750.795	2587.59	2669.1925
hgt	1029	GCA.001777915.1.Bacteria.Edwardsbacteria	2083.06	0.0	1041.53
los	None	dead	0.0	0.0	0.0
spe	716	670	2750.795	2401.115	2575.955
hgt	198	GCA.001871015.1.Bacteria.Desantisbacteria	2444.64	0.0	1222.32
los	670	GCA.002898535.1.Bacteria.Acidobacteriota	2401.115	0.0	1200.5575
spe	670	669	2401.115	1836.34	2118.7275
hgt	None	dead	0.0	0.0	0.0
los	669	668	1836.34	1575.265	1705.8025
hgt	241	GCA.002841695.1.Bacteria.Elusimicrobiota	1559.885	0.0	779.9425
los	None	dead	0.0	0.0	0.0
spe	900	899	3178.205	3077.265	3127.735
hgt	None	dead	0.0	0.0	0.0
los	899	743	3077.265	2953.32	3015.2925
hgt	1258	GCA.003527145.1.Bacteria.Firmicutes.A	1568.675	0.0	784.3375
los	None	dead	0.0	0.0	0.0
hgt	None	dead	0.0	0.0	0.0
spe	899	898	3077.265	3008.34	3042.8025
spe	898	756	3008.34	2635.78	2822.06
spe	756	754	2635.78	2364.085	2499.9325
hgt	895	GCA.002897695.1.Bacteria.BMS3Abin14	2233.715	0.0	1116.8575
los	754	753	2364.085	2099.055	2231.57
spe	754	746	2364.085	2036.715	2200.4
los	746	GCA.002238965.1.Bacteria.UBA8248	2036.715	0.0	1018.3575
spe	898	897	3008.34	2922.2	2965.27
spe	897	896	2922.2	2689.39	2805.795
spe	896	895	2689.39	2233.715	2461.5525
los	895	GCA.002897695.1.Bacteria.BMS3Abin14	2233.715	0.0	1116.8575
hgt	229	GCA.002791075.1.Bacteria.Ratteibacteria	2544.195	0.0	1272.0975
hgt	1191	GCA.002408345.1.Bacteria.Firmicutes.G	2225.115	0.0	1112.5575
hgt	None	dead	0.0	0.0	0.0
los	896	892	2689.39	2160.3	2424.845
hgt	873	871	1792.01	1532.675	1662.3425
los	None	dead	0.0	0.0	0.0
spe	873	871	1792.01	1532.675	1662.3425
hgt	383	GCA.001829315.1.Bacteria.Spirochaetota	1910.295	0.0	955.1475
hgt	834	GCA.001798605.1.Bacteria.Myxococcota	1863.715	0.0	931.8575
hgt	941	GCA.003477045.1.Bacteria.Delongbacteria	2334.605	0.0	1167.3025
hgt	849	GCA.001896555.1.Bacteria.Desulfobacterota	1938.415	0.0	969.2075
hgt	376	GCA.002418835.1.Bacteria.Spirochaetota	2164.345	0.0	1082.1725
hgt	1058	GCF.000233775.1.Bacteria.Synergistota	2648.915	0.0	1324.4575
hgt	877	GCF.000620765.1.Bacteria.Desulfobacterota.I	1826.365	0.0	913.1825
hgt	395	GCA.002402635.1.Bacteria.Deferribacterota	1520.715	0.0	760.3575
hgt	686	GCA.002451015.1.Bacteria.Acidobacteriota	1699.78	0.0	849.89
hgt	1215	GCA.003070825.1.Bacteria.Firmicutes.F	1572.11	0.0	786.055
hgt	188	GCA.001787855.1.Bacteria.Riflebacteria	3280.19	0.0	1640.095
hgt	400	GCA.002401295.1.Bacteria.SAR324	2394.165	0.0	1197.0825
hgt	None	dead	0.0	0.0	0.0
hgt	924	GCA.003221825.1.Bacteria.Gemmatimonadota	1862.1	0.0	931.05
los	None	dead	0.0	0.0	0.0
spe	897	889	2922.2	2701.575	2811.8875
spe	889	888	2701.575	2515.76	2608.6675
spe	888	854	2515.76	2344.965	2430.3625
los	854	853	2344.965	2065.005	2204.985
spe	854	850	2344.965	2301.83	2323.3975
los	850	846	2301.83	2027.01	2164.42
spe	850	849	2301.83	1938.415	2120.1225
los	849	GCA.001896555.1.Bacteria.Desulfobacterota	1938.415	0.0	969.2075
hgt	None	dead	0.0	0.0	0.0
los	888	887	2515.76	2332.115	2423.9375
hgt	603	602	1669.485	1587.075	1628.28
los	None	dead	0.0	0.0	0.0
spe	603	602	1669.485	1587.075	1628.28
spe	602	592	1587.075	1273.13	1430.1025
los	592	GCF.000024725.1.Bacteria.Proteobacteria	1273.13	0.0	636.565
spe	602	601	1587.075	1425.555	1506.315
los	601	600	1425.555	1212.31	1318.9325
spe	601	595	1425.555	1214.005	1319.78
hgt	397	GCF.000526155.1.Bacteria.Desulfobacterota	3012.355	0.0	1506.1775
spe	889	843	2701.575	2593.715	2647.645
los	843	783	2593.715	2471.955	2532.835
spe	843	842	2593.715	2481.42	2537.5675
spe	842	798	2481.42	2208.72	2345.07
hgt	1116	GCA.002435745.1.Bacteria.UBP15	2382.81	0.0	1191.405
los	798	786	2208.72	1782.305	1995.5125
spe	798	797	2208.72	1933.19	2070.955
los	797	GCA.002311335.1.Bacteria.Desulfobacterota.B	1933.19	0.0	966.595
spe	797	796	1933.19	1757.055	1845.1225
los	796	GCA.002238415.1.Bacteria.Desulfobacterota.B	1757.055	0.0	878.5275
spe	796	795	1757.055	1569.94	1663.4975
los	795	794	1569.94	1455.87	1512.905
spe	795	791	1569.94	1320.57	1445.255
los	791	GCA.002050235.1.Bacteria.Desulfobacterota.B	1320.57	0.0	660.285
spe	842	841	2481.42	2397.295	2439.3575
hgt	None	dead	0.0	0.0	0.0
los	841	840	2397.295	2199.32	2298.3075
hgt	746	GCA.002238965.1.Bacteria.UBA8248	2036.715	0.0	1018.3575
los	None	dead	0.0	0.0	0.0
spe	841	801	2397.295	2073.125	2235.21
hgt	857	GCA.002010915.1.Bacteria.Desulfobacterota	1980.505	0.0	990.2525
los	801	GCA.002328485.1.Bacteria.Desulfobacterota.G	2073.125	0.0	1036.5625
hgt	668	GCA.001775755.1.Bacteria.Acidobacteriota	1575.265	0.0	787.6325
dup	None	dead	0.0	0.0	0.0
dup	None	dead	0.0	0.0	0.0
hgt	359	GCA.001302825.1.Bacteria.Planctomycetota	1876.535	0.0	938.2675
los	None	dead	0.0	0.0	0.0
hgt	651	533	2255.845	2045.455	2150.65
los	None	dead	0.0	0.0	0.0
spe	651	533	2255.845	2045.455	2150.65
spe	533	532	2045.455	1641.495	1843.475
los	532	GCA.002405475.1.Bacteria.Proteobacteria	1641.495	0.0	820.7475
spe	533	529	2045.455	1818.925	1932.19
hgt	400	GCA.002707655.1.Bacteria.SAR324	2394.165	0.0	1197.0825
los	529	GCA.002451085.1.Bacteria.Proteobacteria	1818.925	0.0	909.4625
hgt	598	GCA.002292285.1.Bacteria.Proteobacteria	904.2135	0.0	452.10675
hgt	124	123	2515.505	2385.055	2450.28
los	None	dead	0.0	0.0	0.0
spe	124	123	2515.505	2385.055	2450.28
spe	123	122	2385.055	2203.735	2294.395
spe	122	121	2203.735	1743.665	1973.7
los	121	GCA.001775995.1.Archaea.Thermoproteota	1743.665	0.0	871.8325
spe	122	118	2203.735	1963.41	2083.5725
spe	118	116	1963.41	1247.9685	1605.68925
los	116	GCA.001593875.1.Archaea.Thermoproteota	1247.9685	0.0	623.98425
hgt	38	GCA.001515205.2.Archaea.Hadarchaeota	2493.245	0.0	1246.6225
spe	123	113	2385.055	2111.275	2248.165
hgt	47	GCA.002494765.1.Archaea.Thermoplasmatota	1758.69	0.0	879.345
los	113	GCA.002255025.1.Archaea.Thermoproteota	2111.275	0.0	1055.6375
hgt	130	128	1916.685	930.467	1423.576
spe	130	128	1916.685	930.467	1423.576
hgt	None	dead	0.0	0.0	0.0
los	1391	1211	3193.865	2951.505	3072.685
hgt	173	151	2879.565	2655.89	2767.7275
los	None	dead	0.0	0.0	0.0
spe	173	151	2879.565	2655.89	2767.7275
spe	151	150	2655.89	1958.415	2307.1525
los	150	GCA.003144275.1.Archaea.Asgardarchaeota	1958.415	0.0	979.2075
spe	151	147	2655.89	2129.97	2392.93
hgt	1273	GCF.000166335.1.Bacteria.Firmicutes.A	2372.06	0.0	1186.03
los	147	GCA.001940755.1.Archaea.Asgardarchaeota	2129.97	0.0	1064.985
spe	178	177	3649.25	3486.475	3567.8625
hgt	None	dead	0.0	0.0	0.0
spe	177	176	3486.475	3232.565	3359.52
spe	176	140	3232.565	3044.4	3138.4825
los	140	GCF.000019605.1.Archaea.Thermoproteota	3044.4	0.0	1522.2
spe	140	139	3044.4	2917.505	2980.9525
spe	139	138	2917.505	2764.09	2840.7975
los	138	137	2764.09	2491.115	2627.6025
spe	138	124	2764.09	2515.505	2639.7975
los	124	GCA.002495485.1.Archaea.Thermoproteota	2515.505	0.0	1257.7525
spe	124	123	2515.505	2385.055	2450.28
los	123	113	2385.055	2111.275	2248.165
spe	123	122	2385.055	2203.735	2294.395
los	122	118	2203.735	1963.41	2083.5725
spe	122	121	2203.735	1743.665	1973.7
los	121	GCA.001273335.1.Archaea.Thermoproteota	1743.665	0.0	871.8325
spe	139	109	2917.505	2602.795	2760.15
los	109	103	2602.795	2146.08	2374.4375
spe	109	108	2602.795	2228.635	2415.715
los	108	GCF.000148385.1.Archaea.Thermoproteota	2228.635	0.0	1114.3175
spe	108	107	2228.635	1874.74	2051.6875
los	107	GCA.003019535.1.Archaea.Thermoproteota	1874.74	0.0	937.37
spe	176	175	3232.565	3094.86	3163.7125
spe	175	143	3094.86	2506.355	2800.6075
los	143	GCA.001563325.1.Archaea.Asgardarchaeota	2506.355	0.0	1253.1775
spe	175	174	3094.86	2978.795	3036.8275
los	174	173	2978.795	2879.565	2929.18
dup	None	dead	0.0	0.0	0.0
hgt	65	GCA.001800745.1.Archaea.Thermoplasmatota	1417.775	0.0	708.8875
los	None	dead	0.0	0.0	0.0
dup	None	dead	0.0	0.0	0.0
hgt	88	87	1850.095	1733.555	1791.825
los	None	dead	0.0	0.0	0.0
spe	88	87	1850.095	1733.555	1791.825
spe	87	86	1733.555	1547.845	1640.7
los	86	GCA.001412335.1.Archaea.Halobacteriota	1547.845	0.0	773.9225
spe	86	84	1547.845	1360.205	1454.025
los	84	GCF.000011005.1.Archaea.Euryarchaeota	1360.205	0.0	680.1025
dup	None	dead	0.0	0.0	0.0
hgt	1016	GCA.002414865.1.Bacteria.Fermentibacterota	2392.195	0.0	1196.0975
los	None	dead	0.0	0.0	0.0
hgt	1431	1427	2678.945	2442.77	2560.8575
los	None	dead	0.0	0.0	0.0
spe	1431	1427	2678.945	2442.77	2560.8575
spe	1427	1426	2442.77	2247.125	2344.9475
los	1426	1425	2247.125	2026.57	2136.8475
spe	1427	1413	2442.77	2151.5	2297.135
los	1413	1399	2151.5	1824.235	1987.8675
spe	1413	1412	2151.5	1912.54	2032.02
los	1412	1408	1912.54	1849.35	1880.945
spe	1412	1411	1912.54	1632.645	1772.5925
los	1411	GCA.002450515.1.Bacteria.Chloroflexota	1632.645	0.0	816.3225
spe	177	95	3486.475	3251.76	3369.1175
los	95	39	3251.76	2961.96	3106.86
spe	95	94	3251.76	3195.115	3223.4375
spe	94	42	3195.115	2648.12	2921.6175
los	42	GCA.002502135.1.Archaea.Undinarchaeota	2648.12	0.0	1324.06
spe	94	93	3195.115	2978.785	3086.95
los	93	GCF.000025525.1.Archaea.Methanobacteriota.A	2978.785	0.0	1489.3925
spe	93	92	2978.785	2820.295	2899.54
los	92	70	2820.295	2306.48	2563.3875
spe	92	91	2820.295	2456.155	2638.225
los	91	GCA.003034855.1.Archaea.Halobacteriota	2456.155	0.0	1228.0775
spe	91	90	2456.155	2213.885	2335.02
los	90	74	2213.885	1964.425	2089.155
spe	90	89	2213.885	2018.03	2115.9575
los	89	77	2018.03	1646.475	1832.2525
spe	89	88	2018.03	1850.095	1934.0625
hgt	1090	1088	2959.12	1684.665	2321.8925
spe	88	80	1850.095	1577.665	1713.88
los	80	GCA.003158275.1.Archaea.Halobacteriota	1577.665	0.0	788.8325
spe	1090	1088	2959.12	1684.665	2321.8925
spe	1088	1087	1684.665	1326.12	1505.3925
los	1087	GCA.001778455.1.Bacteria.Bipolaricaulota	1326.12	0.0	663.06
spe	88	87	1850.095	1733.555	1791.825
spe	87	86	1733.555	1547.845	1640.7
los	86	GCA.001412335.1.Archaea.Halobacteriota	1547.845	0.0	773.9225
spe	86	84	1547.845	1360.205	1454.025
los	84	GCF.000970205.1.Archaea.Halobacteriota	1360.205	0.0	680.1025
hgt	31	GCA.001723855.1.Archaea.Altiarchaeota	2674.29	0.0	1337.145
los	87	GCA.002256595.1.Archaea.Halobacteriota	1733.555	0.0	866.7775
dup	31	GCA.001723855.1.Archaea.Altiarchaeota	2674.29	0.0	1337.145
spe	1393	1392	3594.23	3486.295	3540.2625
spe	1392	1391	3486.295	3193.865	3340.08
spe	1391	1390	3193.865	3074.65	3134.2575
spe	1390	1389	3074.65	2995.16	3034.905
los	1389	1237	2995.16	2548.64	2771.9
spe	1389	1388	2995.16	2841.585	2918.3725
los	1388	1274	2841.585	2600.015	2720.8
spe	1388	1387	2841.585	2774.13	2807.8575
los	1387	1386	2774.13	2592.35	2683.24
spe	1387	1327	2774.13	2643.35	2708.74
los	1327	1326	2643.35	2448.67	2546.01
spe	1327	1289	2643.35	2319.605	2481.4775
los	1289	1288	2319.605	1737.805	2028.705
spe	1390	1218	3074.65	2879.54	2977.095
spe	1218	1216	2879.54	2264.52	2572.03
los	1216	1215	2264.52	1572.11	1918.315
hgt	None	dead	0.0	0.0	0.0
los	1391	1211	3193.865	2951.505	3072.685
hgt	1476	1454	2783.015	2214.935	2498.975
los	None	dead	0.0	0.0	0.0
spe	1476	1454	2783.015	2214.935	2498.975
spe	1454	1446	2214.935	1960.08	2087.5075
los	1446	1440	1960.08	1813.195	1886.6375
spe	1446	1445	1960.08	1742.485	1851.2825
los	1445	GCA.003130875.1.Bacteria.Chloroflexota	1742.485	0.0	871.2425
spe	1445	1444	1742.485	1539.09	1640.7875
los	1444	GCA.002366755.1.Bacteria.Chloroflexota	1539.09	0.0	769.545
spe	1454	1453	2214.935	2115.485	2165.21
spe	1453	1449	2115.485	1891.395	2003.44
hgt	1437	GCF.900066015.1.Bacteria.Chloroflexota	1218.17	0.0	609.085
los	1449	GCA.002366595.1.Bacteria.Chloroflexota	1891.395	0.0	945.6975
spe	1453	1452	2115.485	1623.74	1869.6125
spe	1392	1188	3486.295	3139.205	3312.75
los	1188	GCA.002779205.1.Bacteria.Actinobacteriota	3139.205	0.0	1569.6025
spe	1188	1187	3139.205	3067.16	3103.1825
los	1187	1133	3067.16	2467.96	2767.56
spe	1187	1186	3067.16	2936.225	3001.6925
spe	1186	1136	2936.225	2376.455	2656.34
los	1136	GCA.003157385.1.Bacteria.Actinobacteriota	2376.455	0.0	1188.2275
spe	1186	1185	2936.225	2773.915	2855.07
los	1185	1169	2773.915	2396.405	2585.16
spe	1185	1184	2773.915	2619.05	2696.4825
spe	1184	1183	2619.05	2026.845	2322.9475
los	1183	GCA.000434775.1.Bacteria.Actinobacteriota	2026.845	0.0	1013.4225
spe	1184	1180	2619.05	2187.185	2403.1175
los	1180	GCF.001029505.1.Bacteria.Actinobacteriota	2187.185	0.0	1093.5925
spe	1180	1179	2187.185	1862.535	2024.86
los	1179	1178	1862.535	1673.74	1768.1375
spe	1179	1173	1862.535	1615.325	1738.93
