event	left_node	right_node	left_date	right_date	midpoint_date	left_date_lower	left_date_upper	right_date_lower	right_date_upper	midpoint_date_all
spe	1727	1726	3797.955	3785.015	3791.485	3920.8	3675.11	3906.33	3663.7	3792.25
hgt	None	dead	0.0	0.0	0.0	0.0	0.0	0.0	0.0	0.0
hgt	1258	GCA.003527145.1.Bacteria.Firmicutes.A	1568.675	0.0	784.3375	1758.42	1378.93	0.0	0.0	879.21
los	None	dead	0.0	0.0	0.0	0.0	0.0	0.0	0.0	0.0
hgt	None	dead	0.0	0.0	0.0	0.0	0.0	0.0	0.0	0.0
hgt	871	GCA.002899795.1.Bacteria.Desulfobacterota	1532.675	0.0	766.3375	1744.25	1321.1	0.0	0.0	872.125
los	None	dead	0.0	0.0	0.0	0.0	0.0	0.0	0.0	0.0
spe	1726	1094	3785.015	3721.555	3753.285	3906.33	3663.7	3846.33	3596.78	3751.555
los	1094	1093	3721.555	3558.68	3640.1175	3846.33	3596.78	3708.55	3408.81	3627.57
spe	1094	1048	3721.555	3560.57	3641.0625	3846.33	3596.78	3688.87	3432.27	3639.3
spe	1048	1047	3560.57	3546.415	3553.4925	3688.87	3432.27	3674.52	3418.31	3553.59
los	1047	365	3546.415	3289.67	3418.0425	3674.52	3418.31	3445.84	3133.5	3404.01
spe	1047	1046	3546.415	3486.69	3516.5525	3674.52	3418.31	3616.07	3357.31	3515.915
los	1046	1045	3486.69	3272.33	3379.51	3616.07	3357.31	3416.5	3128.16	3372.115
spe	1046	902	3486.69	3388.51	3437.6	3616.07	3357.31	3521.39	3255.63	3435.85
spe	902	390	3388.51	3128.085	3258.2975	3521.39	3255.63	3305.45	2950.72	3236.055
los	390	GCA.002780065.1.Bacteria.UBA8481	3128.085	0.0	1564.0425	3305.45	2950.72	0.0	0.0	1652.725
spe	390	389	3128.085	2749.555	2938.82	3305.45	2950.72	2964.67	2534.44	2919.945
los	389	371	2749.555	2510.29	2629.9225	2964.67	2534.44	2773.8	2246.78	2605.725
hgt	None	dead	0.0	0.0	0.0	0.0	0.0	0.0	0.0	0.0
spe	389	388	2749.555	2535.365	2642.46	2964.67	2534.44	2764.69	2306.04	2635.355
los	388	376	2535.365	2164.345	2349.855	2764.69	2306.04	2427.34	1901.35	2333.02
spe	388	387	2535.365	2327.165	2431.265	2764.69	2306.04	2573.04	2081.29	2422.99
los	387	386	2327.165	2009.02	2168.0925	2573.04	2081.29	2288.32	1729.72	2151.38
spe	387	383	2327.165	1910.295	2118.73	2573.04	2081.29	2169.33	1651.26	2112.15
los	383	381	1910.295	1517.805	1714.05	2169.33	1651.26	1777.32	1258.29	1713.81
hgt	1136	GCA.001768645.1.Bacteria.Actinobacteriota	2376.455	0.0	1188.2275	2654.7	2098.21	0.0	0.0	1327.35
los	None	dead	0.0	0.0	0.0	0.0	0.0	0.0	0.0	0.0
spe	902	901	3388.51	3298.045	3343.2775	3521.39	3255.63	3429.86	3166.23	3343.81
spe	901	900	3298.045	3178.205	3238.125	3429.86	3166.23	3315.23	3041.18	3235.52
los	900	716	3178.205	2750.795	2964.5	3315.23	3041.18	2927.43	2574.16	2944.695
spe	900	899	3178.205	3077.265	3127.735	3315.23	3041.18	3217.17	2937.36	3126.295
los	899	743	3077.265	2953.32	3015.2925	3217.17	2937.36	3111.6	2795.04	3006.105
spe	899	898	3077.265	3008.34	3042.8025	3217.17	2937.36	3157.32	2859.36	3038.265
spe	898	897	3008.34	2922.2	2965.27	3157.32	2859.36	3075.7	2768.7	2963.01
los	897	896	2922.2	2689.39	2805.795	3075.7	2768.7	2894.07	2484.71	2780.205
spe	897	889	2922.2	2701.575	2811.8875	3075.7	2768.7	2862.5	2540.65	2808.175
hgt	None	dead	0.0	0.0	0.0	0.0	0.0	0.0	0.0	0.0
hgt	924	GCA.003221825.1.Bacteria.Gemmatimonadota	1862.1	0.0	931.05	2200.32	1523.88	0.0	0.0	1100.16
los	None	dead	0.0	0.0	0.0	0.0	0.0	0.0	0.0	0.0
spe	889	888	2701.575	2515.76	2608.6675	2862.5	2540.65	2689.37	2342.15	2602.325
los	888	854	2515.76	2344.965	2430.3625	2689.37	2342.15	2529.94	2159.99	2424.68
spe	888	887	2515.76	2332.115	2423.9375	2689.37	2342.15	2510.45	2153.78	2421.575
spe	887	886	2332.115	2067.29	2199.7025	2510.45	2153.78	2248.32	1886.26	2198.355
los	886	885	2067.29	1945.59	2006.44	2248.32	1886.26	2133.66	1757.52	2002.92
spe	886	874	2067.29	1965.97	2016.63	2248.32	1886.26	2151.74	1780.2	2014.26
los	874	868	1965.97	1758.21	1862.09	2151.74	1780.2	1962.57	1553.85	1852.795
spe	874	873	1965.97	1792.01	1878.99	2151.74	1780.2	1991.39	1592.63	1872.185
los	873	871	1792.01	1532.675	1662.3425	1991.39	1592.63	1744.25	1321.1	1656.245
spe	887	863	2332.115	2111.78	2221.9475	2510.45	2153.78	2305.71	1917.85	2214.15
los	863	862	2111.78	1779.145	1945.4625	2305.71	1917.85	1993.79	1564.5	1935.105
spe	863	857	2111.78	1980.505	2046.1425	2305.71	1917.85	2203.95	1757.06	2031.385
los	857	GCA.001830835.1.Bacteria.Desulfobacterota	1980.505	0.0	990.2525	2203.95	1757.06	0.0	0.0	1101.975
spe	889	843	2701.575	2593.715	2647.645	2862.5	2540.65	2758.02	2429.41	2645.955
los	843	783	2593.715	2471.955	2532.835	2758.02	2429.41	2644.13	2299.78	2528.9
spe	843	842	2593.715	2481.42	2537.5675	2758.02	2429.41	2646.92	2315.92	2536.97
los	842	798	2481.42	2208.72	2345.07	2646.92	2315.92	2388.7	2028.74	2337.83
spe	842	841	2481.42	2397.295	2439.3575	2646.92	2315.92	2565.35	2229.24	2438.08
spe	841	801	2397.295	2073.125	2235.21	2565.35	2229.24	2289.45	1856.8	2211.075
los	801	GCA.002328485.1.Bacteria.Desulfobacterota.G	2073.125	0.0	1036.5625	2289.45	1856.8	0.0	0.0	1144.725
spe	841	840	2397.295	2199.32	2298.3075	2565.35	2229.24	2370.35	2028.29	2296.82
los	840	804	2199.32	2020.19	2109.755	2370.35	2028.29	2257.86	1782.52	2076.435
spe	840	839	2199.32	2107.47	2153.395	2370.35	2028.29	2276.96	1937.98	2154.165
los	839	829	2107.47	2062.825	2085.1475	2276.96	1937.98	2232.91	1892.74	2084.85
hgt	None	dead	0.0	0.0	0.0	0.0	0.0	0.0	0.0	0.0
hgt	686	GCA.002451015.1.Bacteria.Acidobacteriota	1699.78	0.0	849.89	1911.59	1487.97	0.0	0.0	955.795
los	None	dead	0.0	0.0	0.0	0.0	0.0	0.0	0.0	0.0
spe	839	838	2107.47	1933.55	2020.51	2276.96	1937.98	2107.41	1759.69	2018.325
los	838	837	1933.55	1633.315	1783.4325	2107.41	1759.69	1837.63	1429.0	1768.205
spe	838	834	1933.55	1863.715	1898.6325	2107.41	1759.69	2045.73	1681.7	1894.555
los	834	832	1863.715	1622.625	1743.17	2045.73	1681.7	1826.38	1418.87	1732.3
spe	898	756	3008.34	2635.78	2822.06	3157.32	2859.36	2841.14	2430.42	2793.87
los	756	GCA.001790645.1.Bacteria.Schekmanbacteria	2635.78	0.0	1317.89	2841.14	2430.42	0.0	0.0	1420.57
spe	756	754	2635.78	2364.085	2499.9325	2841.14	2430.42	2588.61	2139.56	2490.35
los	754	753	2364.085	2099.055	2231.57	2588.61	2139.56	2342.98	1855.13	2221.87
spe	754	746	2364.085	2036.715	2200.4	2588.61	2139.56	2336.38	1737.05	2162.83
hgt	None	dead	0.0	0.0	0.0	0.0	0.0	0.0	0.0	0.0
hgt	895	GCA.002897695.1.Bacteria.BMS3Abin14	2233.715	0.0	1116.8575	2507.56	1959.87	0.0	0.0	1253.78
los	None	dead	0.0	0.0	0.0	0.0	0.0	0.0	0.0	0.0
hgt	None	dead	0.0	0.0	0.0	0.0	0.0	0.0	0.0	0.0
hgt	603	602	1669.485	1587.075	1628.28	1811.47	1527.5	1728.53	1445.62	1628.545
los	None	dead	0.0	0.0	0.0	0.0	0.0	0.0	0.0	0.0
dup	603	602	1669.485	1587.075	1628.28	1811.47	1527.5	1728.53	1445.62	1628.545
spe	603	602	1669.485	1587.075	1628.28	1811.47	1527.5	1728.53	1445.62	1628.545
spe	602	592	1587.075	1273.13	1430.1025	1728.53	1445.62	1434.77	1111.49	1420.01
los	592	GCF.000024725.1.Bacteria.Proteobacteria	1273.13	0.0	636.565	1434.77	1111.49	0.0	0.0	717.385
spe	602	601	1587.075	1425.555	1506.315	1728.53	1445.62	1571.06	1280.05	1504.29
los	601	600	1425.555	1212.31	1318.9325	1571.06	1280.05	1364.67	1059.95	1315.505
spe	601	595	1425.555	1214.005	1319.78	1571.06	1280.05	1372.8	1055.21	1313.135
spe	603	602	1669.485	1587.075	1628.28	1811.47	1527.5	1728.53	1445.62	1628.545
los	602	592	1587.075	1273.13	1430.1025	1728.53	1445.62	1434.77	1111.49	1420.01
spe	602	601	1587.075	1425.555	1506.315	1728.53	1445.62	1571.06	1280.05	1504.29
los	601	595	1425.555	1214.005	1319.78	1571.06	1280.05	1372.8	1055.21	1313.135
hgt	None	dead	0.0	0.0	0.0	0.0	0.0	0.0	0.0	0.0
hgt	529	GCA.002420425.1.Bacteria.Proteobacteria	1818.925	0.0	909.4625	2012.28	1625.57	0.0	0.0	1006.14
los	None	dead	0.0	0.0	0.0	0.0	0.0	0.0	0.0	0.0
spe	601	600	1425.555	1212.31	1318.9325	1571.06	1280.05	1364.67	1059.95	1315.505
los	600	GCA.002007425.1.Bacteria.Proteobacteria	1212.31	0.0	606.155	1364.67	1059.95	0.0	0.0	682.335
hgt	None	dead	0.0	0.0	0.0	0.0	0.0	0.0	0.0	0.0
spe	600	598	1212.31	904.2135	1058.26175	1364.67	1059.95	1071.01	737.417	1051.0435
los	598	GCA.002170535.1.Bacteria.Proteobacteria	904.2135	0.0	452.10675	1071.01	737.417	0.0	0.0	535.505
hgt	400	GCA.002707655.1.Bacteria.SAR324	2394.165	0.0	1197.0825	2660.57	2127.76	0.0	0.0	1330.285
los	None	dead	0.0	0.0	0.0	0.0	0.0	0.0	0.0	0.0
spe	901	663	3298.045	3209.65	3253.8475	3429.86	3166.23	3346.24	3073.06	3251.46
los	663	662	3209.65	3137.46	3173.555	3346.24	3073.06	3279.1	2995.82	3171.03
hgt	None	dead	0.0	0.0	0.0	0.0	0.0	0.0	0.0	0.0
hgt	849	GCF.000266945.1.Bacteria.Desulfobacterota	1938.415	0.0	969.2075	2174.57	1702.26	0.0	0.0	1087.285
los	None	dead	0.0	0.0	0.0	0.0	0.0	0.0	0.0	0.0
spe	663	397	3209.65	3012.355	3111.0025	3346.24	3073.06	3169.34	2855.37	3100.805
los	397	396	3012.355	2626.695	2819.525	3169.34	2855.37	2851.47	2401.92	2785.63
spe	1048	278	3560.57	3428.485	3494.5275	3688.87	3432.27	3570.33	3286.64	3487.755
los	278	277	3428.485	3180.01	3304.2475	3570.33	3286.64	3363.1	2996.92	3283.625
spe	278	262	3428.485	3190.66	3309.5725	3570.33	3286.64	3356.76	3024.56	3297.445
spe	262	261	3190.66	3090.155	3140.4075	3356.76	3024.56	3264.73	2915.58	3136.17
los	261	260	3090.155	2656.38	2873.2675	3264.73	2915.58	2922.66	2390.1	2827.415
spe	261	255	3090.155	3041.58	3065.8675	3264.73	2915.58	3219.25	2863.91	3064.32
spe	255	254	3041.58	2921.86	2981.72	3219.25	2863.91	3109.27	2734.45	2976.85
los	254	253	2921.86	2531.86	2726.86	3109.27	2734.45	2749.2	2314.52	2711.895
spe	254	230	2921.86	2726.805	2824.3325	3109.27	2734.45	2936.54	2517.07	2813.17
los	230	GCA.002440765.1.Bacteria.UBA6266	2726.805	0.0	1363.4025	2936.54	2517.07	0.0	0.0	1468.27
spe	230	229	2726.805	2544.195	2635.5	2936.54	2517.07	2758.56	2329.83	2633.185
los	229	228	2544.195	2386.9	2465.5475	2758.56	2329.83	2602.05	2171.75	2465.155
hgt	None	dead	0.0	0.0	0.0	0.0	0.0	0.0	0.0	0.0
hgt	895	GCA.000739515.1.Bacteria.Moduliflexota	2233.715	0.0	1116.8575	2507.56	1959.87	0.0	0.0	1253.78
los	None	dead	0.0	0.0	0.0	0.0	0.0	0.0	0.0	0.0
spe	255	199	3041.58	2720.74	2881.16	3219.25	2863.91	2969.79	2471.69	2845.47
los	199	GCA.003527405.1.Bacteria.Atribacterota	2720.74	0.0	1360.37	2969.79	2471.69	0.0	0.0	1484.895
hgt	None	dead	0.0	0.0	0.0	0.0	0.0	0.0	0.0	0.0
hgt	1215	GCA.003070825.1.Bacteria.Firmicutes.F	1572.11	0.0	786.055	1879.68	1264.54	0.0	0.0	939.84
los	None	dead	0.0	0.0	0.0	0.0	0.0	0.0	0.0	0.0
hgt	None	dead	0.0	0.0	0.0	0.0	0.0	0.0	0.0	0.0
hgt	1116	GCA.002435745.1.Bacteria.UBP15	2382.81	0.0	1191.405	2709.7	2055.92	0.0	0.0	1354.85
los	None	dead	0.0	0.0	0.0	0.0	0.0	0.0	0.0	0.0
spe	199	198	2720.74	2444.64	2582.69	2969.79	2471.69	2741.2	2148.08	2558.935
hgt	None	dead	0.0	0.0	0.0	0.0	0.0	0.0	0.0	0.0
los	198	GCA.001871015.1.Bacteria.Desantisbacteria	2444.64	0.0	1222.32	2741.2	2148.08	0.0	0.0	1370.6
hgt	359	GCA.001302825.1.Bacteria.Planctomycetota	1876.535	0.0	938.2675	2114.78	1638.29	0.0	0.0	1057.39
los	None	dead	0.0	0.0	0.0	0.0	0.0	0.0	0.0	0.0
hgt	None	dead	0.0	0.0	0.0	0.0	0.0	0.0	0.0	0.0
hgt	31	GCA.001723855.1.Archaea.Altiarchaeota	2674.29	0.0	1337.145	2966.44	2382.14	0.0	0.0	1483.22
los	None	dead	0.0	0.0	0.0	0.0	0.0	0.0	0.0	0.0
hgt	None	dead	0.0	0.0	0.0	0.0	0.0	0.0	0.0	0.0
hgt	1191	GCA.002408345.1.Bacteria.Firmicutes.G	2225.115	0.0	1112.5575	2540.46	1909.77	0.0	0.0	1270.23
los	None	dead	0.0	0.0	0.0	0.0	0.0	0.0	0.0	0.0
hgt	None	dead	0.0	0.0	0.0	0.0	0.0	0.0	0.0	0.0
dup	None	dead	0.0	0.0	0.0	0.0	0.0	0.0	0.0	0.0
dup	None	dead	0.0	0.0	0.0	0.0	0.0	0.0	0.0	0.0
hgt	849	GCF.000266945.1.Bacteria.Desulfobacterota	1938.415	0.0	969.2075	2174.57	1702.26	0.0	0.0	1087.285
los	None	dead	0.0	0.0	0.0	0.0	0.0	0.0	0.0	0.0
hgt	861	GCA.001304105.1.Bacteria.Desulfobacterota	1645.455	0.0	822.7275	1870.52	1420.39	0.0	0.0	935.26
los	None	dead	0.0	0.0	0.0	0.0	0.0	0.0	0.0	0.0
hgt	47	GCA.002494765.1.Archaea.Thermoplasmatota	1758.69	0.0	879.345	2012.02	1505.36	0.0	0.0	1006.01
los	None	dead	0.0	0.0	0.0	0.0	0.0	0.0	0.0	0.0
hgt	None	dead	0.0	0.0	0.0	0.0	0.0	0.0	0.0	0.0
hgt	1421	1419	1703.17	1560.275	1631.7225	1936.17	1470.17	1794.98	1325.57	1630.87
los	None	dead	0.0	0.0	0.0	0.0	0.0	0.0	0.0	0.0
spe	1421	1419	1703.17	1560.275	1631.7225	1936.17	1470.17	1794.98	1325.57	1630.87
hgt	None	dead	0.0	0.0	0.0	0.0	0.0	0.0	0.0	0.0
dup	None	dead	0.0	0.0	0.0	0.0	0.0	0.0	0.0	0.0
hgt	1087	GCA.003535305.1.Bacteria.Bipolaricaulota	1326.12	0.0	663.06	1606.52	1045.72	0.0	0.0	803.26
los	None	dead	0.0	0.0	0.0	0.0	0.0	0.0	0.0	0.0
hgt	80	GCF.002114285.1.Archaea.Halobacteriota	1577.665	0.0	788.8325	1816.4	1338.93	0.0	0.0	908.2
los	None	dead	0.0	0.0	0.0	0.0	0.0	0.0	0.0	0.0
dup	80	GCF.002114285.1.Archaea.Halobacteriota	1577.665	0.0	788.8325	1816.4	1338.93	0.0	0.0	908.2
spe	262	194	3190.66	2695.625	2943.1425	3356.76	3024.56	2966.44	2424.81	2890.785
hgt	None	dead	0.0	0.0	0.0	0.0	0.0	0.0	0.0	0.0
los	194	193	2695.625	2415.11	2555.3675	2966.44	2424.81	2728.71	2101.51	2533.975
hgt	173	151	2879.565	2655.89	2767.7275	3003.72	2755.41	2813.75	2498.03	2750.875
los	None	dead	0.0	0.0	0.0	0.0	0.0	0.0	0.0	0.0
spe	173	151	2879.565	2655.89	2767.7275	3003.72	2755.41	2813.75	2498.03	2750.875
spe	151	147	2655.89	2129.97	2392.93	2813.75	2498.03	2400.45	1859.49	2336.62
los	147	GCA.001940755.1.Archaea.Asgardarchaeota	2129.97	0.0	1064.985	2400.45	1859.49	0.0	0.0	1200.225
spe	151	150	2655.89	1958.415	2307.1525	2813.75	2498.03	2236.46	1680.37	2247.06
hgt	None	dead	0.0	0.0	0.0	0.0	0.0	0.0	0.0	0.0
los	150	GCA.003144275.1.Archaea.Asgardarchaeota	1958.415	0.0	979.2075	2236.46	1680.37	0.0	0.0	1118.23
hgt	174	GCA.001940665.1.Archaea.Asgardarchaeota	2978.795	0.0	1489.3975	3092.22	2865.37	0.0	0.0	1546.11
los	None	dead	0.0	0.0	0.0	0.0	0.0	0.0	0.0	0.0
hgt	None	dead	0.0	0.0	0.0	0.0	0.0	0.0	0.0	0.0
hgt	1191	GCA.002408345.1.Bacteria.Firmicutes.G	2225.115	0.0	1112.5575	2540.46	1909.77	0.0	0.0	1270.23
los	None	dead	0.0	0.0	0.0	0.0	0.0	0.0	0.0	0.0
dup	1191	GCA.002408345.1.Bacteria.Firmicutes.G	2225.115	0.0	1112.5575	2540.46	1909.77	0.0	0.0	1270.23
spe	1726	1725	3785.015	3734.58	3759.7975	3906.33	3663.7	3857.32	3611.84	3759.085
spe	1725	1393	3734.58	3594.23	3664.405	3857.32	3611.84	3723.96	3464.5	3660.91
los	1393	1129	3594.23	3343.055	3468.6425	3723.96	3464.5	3496.43	3189.68	3456.82
spe	1393	1392	3594.23	3486.295	3540.2625	3723.96	3464.5	3621.84	3350.75	3537.355
hgt	None	dead	0.0	0.0	0.0	0.0	0.0	0.0	0.0	0.0
hgt	42	GCA.003230355.1.Archaea.Hydrothermarchaeota	2648.12	0.0	1324.06	2950.53	2345.71	0.0	0.0	1475.265
los	None	dead	0.0	0.0	0.0	0.0	0.0	0.0	0.0	0.0
hgt	None	dead	0.0	0.0	0.0	0.0	0.0	0.0	0.0	0.0
hgt	1324	1323	2152.01	2061.88	2106.945	2327.59	1976.43	2241.44	1882.32	2104.955
los	None	dead	0.0	0.0	0.0	0.0	0.0	0.0	0.0	0.0
hgt	None	dead	0.0	0.0	0.0	0.0	0.0	0.0	0.0	0.0
hgt	1382	1381	1812.955	1697.085	1755.02	1984.88	1641.03	1866.73	1527.44	1756.16
los	None	dead	0.0	0.0	0.0	0.0	0.0	0.0	0.0	0.0
spe	1382	1381	1812.955	1697.085	1755.02	1984.88	1641.03	1866.73	1527.44	1756.16
spe	1381	1351	1697.085	1602.01	1649.5475	1866.73	1527.44	1773.61	1430.41	1648.57
los	1351	1350	1602.01	1409.0	1505.505	1773.61	1430.41	1596.52	1221.48	1497.545
spe	1351	1347	1602.01	1294.365	1448.1875	1773.61	1430.41	1476.68	1112.05	1442.83
los	1347	GCF.001561915.1.Bacteria.Firmicutes	1294.365	0.0	647.1825	1476.68	1112.05	0.0	0.0	738.34
spe	1381	1380	1697.085	1588.96	1643.0225	1866.73	1527.44	1755.87	1422.05	1644.39
los	1380	GCF.001049895.1.Bacteria.Firmicutes	1588.96	0.0	794.48	1755.87	1422.05	0.0	0.0	877.935
spe	1380	1379	1588.96	1514.47	1551.715	1755.87	1422.05	1680.25	1348.69	1552.28
los	1379	1378	1514.47	1207.485	1360.9775	1680.25	1348.69	1362.77	1052.2	1366.225
spe	1379	1355	1514.47	1273.085	1393.7775	1680.25	1348.69	1444.33	1101.84	1391.045
spe	1324	1323	2152.01	2061.88	2106.945	2327.59	1976.43	2241.44	1882.32	2104.955
spe	1323	1322	2061.88	1700.81	1881.345	2241.44	1882.32	1909.29	1492.33	1866.885
los	1322	GCA.001512665.1.Bacteria.Firmicutes.B	1700.81	0.0	850.405	1909.29	1492.33	0.0	0.0	954.645
spe	1323	1319	2061.88	1933.46	1997.67	2241.44	1882.32	2119.98	1746.94	1994.19
los	1319	GCF.900100785.1.Bacteria.Firmicutes.B	1933.46	0.0	966.73	2119.98	1746.94	0.0	0.0	1059.99
spe	1319	1318	1933.46	1818.985	1876.2225	2119.98	1746.94	2011.41	1626.56	1873.27
los	1318	1312	1818.985	1521.75	1670.3675	2011.41	1626.56	1739.03	1304.47	1657.94
spe	1318	1317	1818.985	1219.28	1519.1325	2011.41	1626.56	1424.03	1014.53	1512.97
los	1317	1315	1219.28	1023.5775	1121.42875	1424.03	1014.53	1225.27	821.885	1122.9575
dup	1392	1188	3486.295	3139.205	3312.75	3621.84	3350.75	3310.24	2968.17	3295.005
spe	1392	1188	3486.295	3139.205	3312.75	3621.84	3350.75	3310.24	2968.17	3295.005
spe	1188	1187	3139.205	3067.16	3103.1825	3310.24	2968.17	3235.87	2898.45	3104.345
hgt	None	dead	0.0	0.0	0.0	0.0	0.0	0.0	0.0	0.0
hgt	1655	GCA.001771505.1.Bacteria.Margulisbacteria	2266.66	0.0	1133.33	2585.89	1947.43	0.0	0.0	1292.945
los	None	dead	0.0	0.0	0.0	0.0	0.0	0.0	0.0	0.0
spe	1187	1186	3067.16	2936.225	3001.6925	3235.87	2898.45	3121.91	2750.54	2993.205
dup	1186	1136	2936.225	2376.455	2656.34	3121.91	2750.54	2654.7	2098.21	2610.06
spe	1186	1136	2936.225	2376.455	2656.34	3121.91	2750.54	2654.7	2098.21	2610.06
los	1136	GCA.003157385.1.Bacteria.Actinobacteriota	2376.455	0.0	1188.2275	2654.7	2098.21	0.0	0.0	1327.35
spe	1186	1136	2936.225	2376.455	2656.34	3121.91	2750.54	2654.7	2098.21	2610.06
hgt	None	dead	0.0	0.0	0.0	0.0	0.0	0.0	0.0	0.0
los	1186	1185	2936.225	2773.915	2855.07	3121.91	2750.54	2967.18	2580.65	2851.28
hgt	1477	1476	3024.12	2783.015	2903.5675	3199.0	2849.24	2979.26	2586.77	2892.885
los	None	dead	0.0	0.0	0.0	0.0	0.0	0.0	0.0	0.0
spe	1477	1476	3024.12	2783.015	2903.5675	3199.0	2849.24	2979.26	2586.77	2892.885
spe	1476	1454	2783.015	2214.935	2498.975	2979.26	2586.77	2430.94	1998.93	2489.095
spe	1454	1446	2214.935	1960.08	2087.5075	2430.94	1998.93	2176.15	1744.01	2087.475
hgt	None	dead	0.0	0.0	0.0	0.0	0.0	0.0	0.0	0.0
spe	1446	1440	1960.08	1813.195	1886.6375	2176.15	1744.01	2028.77	1597.62	1886.885
los	1440	1439	1813.195	1555.635	1684.415	2028.77	1597.62	1768.59	1342.68	1685.725
hgt	699	698	2165.445	1924.625	2045.035	2355.9	1974.99	2118.09	1731.16	2043.53
los	None	dead	0.0	0.0	0.0	0.0	0.0	0.0	0.0	0.0
spe	699	698	2165.445	1924.625	2045.035	2355.9	1974.99	2118.09	1731.16	2043.53
spe	698	686	1924.625	1699.78	1812.2025	2118.09	1731.16	1911.59	1487.97	1803.03
los	686	684	1699.78	1325.86	1512.82	1911.59	1487.97	1548.2	1103.52	1507.555
spe	698	697	1924.625	1651.7	1788.1625	2118.09	1731.16	1852.38	1451.02	1784.555
hgt	None	dead	0.0	0.0	0.0	0.0	0.0	0.0	0.0	0.0
los	697	696	1651.7	1431.15	1541.425	1852.38	1451.02	1624.46	1237.84	1545.11
hgt	341	GCA.003170085.1.Bacteria.Planctomycetota	2005.01	0.0	1002.505	2220.55	1789.47	0.0	0.0	1110.275
los	None	dead	0.0	0.0	0.0	0.0	0.0	0.0	0.0	0.0
hgt	None	dead	0.0	0.0	0.0	0.0	0.0	0.0	0.0	0.0
hgt	1163	GCF.000384115.1.Bacteria.Actinobacteriota	995.9815	0.0	497.99075	1205.77	786.193	0.0	0.0	602.885
los	None	dead	0.0	0.0	0.0	0.0	0.0	0.0	0.0	0.0
hgt	None	dead	0.0	0.0	0.0	0.0	0.0	0.0	0.0	0.0
hgt	1667	GCA.003503675.1.Bacteria.Cyanobacteria	2879.985	0.0	1439.9925	3035.21	2724.76	0.0	0.0	1517.605
los	None	dead	0.0	0.0	0.0	0.0	0.0	0.0	0.0	0.0
spe	1446	1445	1960.08	1742.485	1851.2825	2176.15	1744.01	1965.0	1519.97	1848.06
hgt	None	dead	0.0	0.0	0.0	0.0	0.0	0.0	0.0	0.0
los	1445	1444	1742.485	1539.09	1640.7875	1965.0	1519.97	1770.71	1307.47	1636.235
hgt	1235	GCA.002376005.1.Bacteria.Firmicutes.E	2102.15	0.0	1051.075	2336.06	1868.24	0.0	0.0	1168.03
los	None	dead	0.0	0.0	0.0	0.0	0.0	0.0	0.0	0.0
hgt	None	dead	0.0	0.0	0.0	0.0	0.0	0.0	0.0	0.0
los	1454	1453	2214.935	2115.485	2165.21	2430.94	1998.93	2342.31	1888.66	2159.8
hgt	742	741	2707.335	2099.065	2403.2	2896.17	2518.5	2384.47	1813.66	2354.915
los	None	dead	0.0	0.0	0.0	0.0	0.0	0.0	0.0	0.0
hgt	None	dead	0.0	0.0	0.0	0.0	0.0	0.0	0.0	0.0
hgt	924	GCA.003221825.1.Bacteria.Gemmatimonadota	1862.1	0.0	931.05	2200.32	1523.88	0.0	0.0	1100.16
los	None	dead	0.0	0.0	0.0	0.0	0.0	0.0	0.0	0.0
spe	742	741	2707.335	2099.065	2403.2	2896.17	2518.5	2384.47	1813.66	2354.915
hgt	None	dead	0.0	0.0	0.0	0.0	0.0	0.0	0.0	0.0
hgt	None	dead	0.0	0.0	0.0	0.0	0.0	0.0	0.0	0.0
hgt	1387	1327	2774.13	2643.35	2708.74	2929.52	2618.74	2807.8	2478.9	2704.21
los	None	dead	0.0	0.0	0.0	0.0	0.0	0.0	0.0	0.0
spe	1387	1327	2774.13	2643.35	2708.74	2929.52	2618.74	2807.8	2478.9	2704.21
spe	1327	1289	2643.35	2319.605	2481.4775	2807.8	2478.9	2515.76	2123.45	2465.625
los	1289	GCA.002345475.1.Bacteria.Firmicutes.H	2319.605	0.0	1159.8025	2515.76	2123.45	0.0	0.0	1257.88
spe	1289	1288	2319.605	1737.805	2028.705	2515.76	2123.45	1959.07	1516.54	2016.15
spe	1288	1287	1737.805	1455.455	1596.63	1959.07	1516.54	1682.3	1228.61	1593.84
los	1287	GCA.002329525.1.Bacteria.Firmicutes.C	1455.455	0.0	727.7275	1682.3	1228.61	0.0	0.0	841.15
spe	1287	1285	1455.455	1344.265	1399.86	1682.3	1228.61	1565.83	1122.7	1402.5
los	1285	1284	1344.265	1051.609	1197.937	1565.83	1122.7	1266.32	836.898	1201.364
spe	1285	1281	1344.265	1116.4885	1230.37675	1565.83	1122.7	1331.85	901.127	1233.4785
spe	1281	1280	1116.4885	953.42	1034.95425	1331.85	901.127	1163.28	743.56	1037.705
hgt	None	dead	0.0	0.0	0.0	0.0	0.0	0.0	0.0	0.0
los	1280	GCF.900104455.1.Bacteria.Firmicutes.C	953.42	0.0	476.71	1163.28	743.56	0.0	0.0	581.64
hgt	1697	Fischerella.muscicola.CCMEE5323	1294.515	0.0	647.2575	1416.54	1172.49	0.0	0.0	708.27
los	None	dead	0.0	0.0	0.0	0.0	0.0	0.0	0.0	0.0
hgt	None	dead	0.0	0.0	0.0	0.0	0.0	0.0	0.0	0.0
hgt	1312	GCF.000019165.1.Bacteria.Firmicutes.B	1521.75	0.0	760.875	1739.03	1304.47	0.0	0.0	869.515
los	None	dead	0.0	0.0	0.0	0.0	0.0	0.0	0.0	0.0
hgt	None	dead	0.0	0.0	0.0	0.0	0.0	0.0	0.0	0.0
hgt	1203	GCA.002399265.1.Bacteria.Firmicutes.G	1946.15	0.0	973.075	2262.26	1630.04	0.0	0.0	1131.13
los	None	dead	0.0	0.0	0.0	0.0	0.0	0.0	0.0	0.0
dup	1327	1326	2643.35	2448.67	2546.01	2807.8	2478.9	2619.66	2277.68	2542.74
spe	1327	1326	2643.35	2448.67	2546.01	2807.8	2478.9	2619.66	2277.68	2542.74
hgt	None	dead	0.0	0.0	0.0	0.0	0.0	0.0	0.0	0.0
hgt	1227	GCA.003242675.1.Bacteria.Firmicutes.E	1969.33	0.0	984.665	2217.32	1721.34	0.0	0.0	1108.66
los	None	dead	0.0	0.0	0.0	0.0	0.0	0.0	0.0	0.0
spe	1326	1292	2448.67	1962.37	2205.52	2619.66	2277.68	2188.61	1736.13	2177.895
hgt	None	dead	0.0	0.0	0.0	0.0	0.0	0.0	0.0	0.0
los	1292	GCF.000024605.1.Bacteria.Firmicutes.B	1962.37	0.0	981.185	2188.61	1736.13	0.0	0.0	1094.305
hgt	1341	GCF.001653195.1.Bacteria.Firmicutes	1562.96	0.0	781.48	1772.81	1353.11	0.0	0.0	886.405
los	None	dead	0.0	0.0	0.0	0.0	0.0	0.0	0.0	0.0
spe	1326	1325	2448.67	2256.125	2352.3975	2619.66	2277.68	2432.87	2079.38	2349.52
hgt	None	dead	0.0	0.0	0.0	0.0	0.0	0.0	0.0	0.0
spe	1325	1324	2256.125	2152.01	2204.0675	2432.87	2079.38	2327.59	1976.43	2204.65
los	1324	1323	2152.01	2061.88	2106.945	2327.59	1976.43	2241.44	1882.32	2104.955
spe	1324	1308	2152.01	1925.235	2038.6225	2327.59	1976.43	2113.94	1736.53	2032.06
hgt	None	dead	0.0	0.0	0.0	0.0	0.0	0.0	0.0	0.0
spe	1308	1300	1925.235	1565.1	1745.1675	2113.94	1736.53	1781.13	1349.07	1731.505
los	1300	GCA.002418765.1.Bacteria.Firmicutes.B	1565.1	0.0	782.55	1781.13	1349.07	0.0	0.0	890.565
hgt	1383	1382	1928.425	1812.955	1870.69	2100.2	1756.65	1984.88	1641.03	1870.615
los	None	dead	0.0	0.0	0.0	0.0	0.0	0.0	0.0	0.0
spe	1383	1382	1928.425	1812.955	1870.69	2100.2	1756.65	1984.88	1641.03	1870.615
spe	1382	1344	1812.955	1531.325	1672.14	1984.88	1641.03	1719.64	1343.01	1663.945
los	1344	GCA.002159075.1.Bacteria.Firmicutes	1531.325	0.0	765.6625	1719.64	1343.01	0.0	0.0	859.82
spe	1382	1381	1812.955	1697.085	1755.02	1984.88	1641.03	1866.73	1527.44	1756.16
los	1381	1351	1697.085	1602.01	1649.5475	1866.73	1527.44	1773.61	1430.41	1648.57
spe	1381	1380	1697.085	1588.96	1643.0225	1866.73	1527.44	1755.87	1422.05	1644.39
los	1380	1379	1588.96	1514.47	1551.715	1755.87	1422.05	1680.25	1348.69	1552.28
spe	1308	1307	1925.235	1703.5	1814.3675	2113.94	1736.53	1894.89	1512.11	1813.025
hgt	None	dead	0.0	0.0	0.0	0.0	0.0	0.0	0.0	0.0
hgt	1209	GCA.002452295.1.Bacteria.Firmicutes.G	2390.265	0.0	1195.1325	2661.11	2119.42	0.0	0.0	1330.555
los	None	dead	0.0	0.0	0.0	0.0	0.0	0.0	0.0	0.0
spe	1307	1305	1703.5	1518.03	1610.765	1894.89	1512.11	1722.41	1313.65	1604.27
los	1305	GCF.002207765.1.Bacteria.Firmicutes.B	1518.03	0.0	759.015	1722.41	1313.65	0.0	0.0	861.205
spe	1305	1304	1518.03	1212.67	1365.35	1722.41	1313.65	1425.13	1000.21	1361.31
hgt	None	dead	0.0	0.0	0.0	0.0	0.0	0.0	0.0	0.0
los	1304	GCA.001508005.1.Bacteria.Firmicutes.B	1212.67	0.0	606.335	1425.13	1000.21	0.0	0.0	712.565
hgt	1208	GCA.001513145.1.Bacteria.Firmicutes.G	2182.765	0.0	1091.3825	2489.07	1876.46	0.0	0.0	1244.535
los	None	dead	0.0	0.0	0.0	0.0	0.0	0.0	0.0	0.0
dup	None	dead	0.0	0.0	0.0	0.0	0.0	0.0	0.0	0.0
hgt	1305	GCF.002207765.1.Bacteria.Firmicutes.B	1518.03	0.0	759.015	1722.41	1313.65	0.0	0.0	861.205
los	None	dead	0.0	0.0	0.0	0.0	0.0	0.0	0.0	0.0
hgt	1274	1240	2600.015	2224.995	2412.505	2770.93	2429.1	2447.68	2002.31	2386.62
los	None	dead	0.0	0.0	0.0	0.0	0.0	0.0	0.0	0.0
spe	1274	1240	2600.015	2224.995	2412.505	2770.93	2429.1	2447.68	2002.31	2386.62
spe	1325	1297	2256.125	1985.275	2120.7	2432.87	2079.38	2195.62	1774.93	2103.9
los	1297	GCA.002329495.1.Bacteria.Firmicutes.B	1985.275	0.0	992.6375	2195.62	1774.93	0.0	0.0	1097.81
spe	1297	1296	1985.275	1805.085	1895.18	2195.62	1774.93	2032.76	1577.41	1886.515
hgt	None	dead	0.0	0.0	0.0	0.0	0.0	0.0	0.0	0.0
hgt	1430	GCA.002239025.1.Bacteria.Chloroflexota	2204.905	0.0	1102.4525	2528.66	1881.15	0.0	0.0	1264.33
los	None	dead	0.0	0.0	0.0	0.0	0.0	0.0	0.0	0.0
spe	1327	1326	2643.35	2448.67	2546.01	2807.8	2478.9	2619.66	2277.68	2542.74
los	1326	1292	2448.67	1962.37	2205.52	2619.66	2277.68	2188.61	1736.13	2177.895
spe	1326	1325	2448.67	2256.125	2352.3975	2619.66	2277.68	2432.87	2079.38	2349.52
spe	1325	1297	2256.125	1985.275	2120.7	2432.87	2079.38	2195.62	1774.93	2103.9
los	1297	1296	1985.275	1805.085	1895.18	2195.62	1774.93	2032.76	1577.41	1886.515
spe	1325	1324	2256.125	2152.01	2204.0675	2432.87	2079.38	2327.59	1976.43	2204.65
spe	1324	1308	2152.01	1925.235	2038.6225	2327.59	1976.43	2113.94	1736.53	2032.06
los	1308	1307	1925.235	1703.5	1814.3675	2113.94	1736.53	1894.89	1512.11	1813.025
hgt	None	dead	0.0	0.0	0.0	0.0	0.0	0.0	0.0	0.0
spe	1308	1300	1925.235	1565.1	1745.1675	2113.94	1736.53	1781.13	1349.07	1731.505
los	1300	GCF.000620305.1.Bacteria.Firmicutes.B	1565.1	0.0	782.55	1781.13	1349.07	0.0	0.0	890.565
hgt	1312	GCF.002607855.1.Bacteria.Firmicutes.B	1521.75	0.0	760.875	1739.03	1304.47	0.0	0.0	869.515
los	None	dead	0.0	0.0	0.0	0.0	0.0	0.0	0.0	0.0
spe	1324	1323	2152.01	2061.88	2106.945	2327.59	1976.43	2241.44	1882.32	2104.955
los	1323	1322	2061.88	1700.81	1881.345	2241.44	1882.32	1909.29	1492.33	1866.885
hgt	None	dead	0.0	0.0	0.0	0.0	0.0	0.0	0.0	0.0
hgt	1338	GCF.002335525.1.Bacteria.Firmicutes	1618.77	0.0	809.385	1818.56	1418.98	0.0	0.0	909.28
los	None	dead	0.0	0.0	0.0	0.0	0.0	0.0	0.0	0.0
spe	1323	1319	2061.88	1933.46	1997.67	2241.44	1882.32	2119.98	1746.94	1994.19
los	1319	1318	1933.46	1818.985	1876.2225	2119.98	1746.94	2011.41	1626.56	1873.27
spe	1476	1475	2783.015	2647.025	2715.02	2979.26	2586.77	2858.49	2435.56	2707.41
spe	1475	1474	2647.025	2497.34	2572.1825	2858.49	2435.56	2721.69	2272.99	2565.74
los	1474	1473	2497.34	1423.81	1960.575	2721.69	2272.99	1699.81	1147.81	1934.75
spe	1474	1470	2497.34	2147.93	2322.635	2721.69	2272.99	2388.86	1907.0	2314.345
los	1470	1469	2147.93	1964.555	2056.2425	2388.86	1907.0	2217.5	1711.61	2050.235
spe	1475	1463	2647.025	2401.705	2524.365	2858.49	2435.56	2637.86	2165.55	2512.02
los	1463	1457	2401.705	1966.385	2184.045	2637.86	2165.55	2253.77	1679.0	2158.43
spe	1463	1462	2401.705	2298.115	2349.91	2637.86	2165.55	2545.29	2050.94	2344.4
los	1462	1461	2298.115	1906.91	2102.5125	2545.29	2050.94	2201.28	1612.54	2078.915
hgt	900	716	3178.205	2750.795	2964.5	3315.23	3041.18	2927.43	2574.16	2944.695
los	None	dead	0.0	0.0	0.0	0.0	0.0	0.0	0.0	0.0
spe	900	716	3178.205	2750.795	2964.5	3315.23	3041.18	2927.43	2574.16	2944.695
spe	716	715	2750.795	2587.59	2669.1925	2927.43	2574.16	2772.49	2402.69	2665.06
spe	715	675	2587.59	2219.92	2403.755	2772.49	2402.69	2448.95	1990.89	2381.69
los	675	GCA.002789615.1.Bacteria.Acidobacteriota	2219.92	0.0	1109.96	2448.95	1990.89	0.0	0.0	1224.475
spe	675	674	2219.92	1948.825	2084.3725	2448.95	1990.89	2211.19	1686.46	2067.705
los	674	GCA.002747255.1.Bacteria.Acidobacteriota	1948.825	0.0	974.4125	2211.19	1686.46	0.0	0.0	1105.595
spe	715	714	2587.59	2462.345	2524.9675	2772.49	2402.69	2655.37	2269.32	2520.905
spe	714	713	2462.345	2300.685	2381.515	2655.37	2269.32	2489.46	2111.91	2383.64
los	713	699	2300.685	2165.445	2233.065	2489.46	2111.91	2355.9	1974.99	2232.225
spe	713	712	2300.685	2094.82	2197.7525	2489.46	2111.91	2296.42	1893.22	2191.34
los	712	711	2094.82	1902.735	1998.7775	2296.42	1893.22	2119.38	1686.09	1991.255
spe	712	706	2094.82	1817.88	1956.35	2296.42	1893.22	2043.39	1592.37	1944.395
los	706	704	1817.88	1616.3	1717.09	2043.39	1592.37	1839.91	1392.69	1718.04
hgt	None	dead	0.0	0.0	0.0	0.0	0.0	0.0	0.0	0.0
los	714	GCA.002731215.1.Bacteria.Acidobacteriota	2462.345	0.0	1231.1725	2655.37	2269.32	0.0	0.0	1327.685
dup	None	dead	0.0	0.0	0.0	0.0	0.0	0.0	0.0	0.0
hgt	753	GCA.001803565.1.Bacteria.Nitrospinota.B	2099.055	0.0	1049.5275	2342.98	1855.13	0.0	0.0	1171.49
los	None	dead	0.0	0.0	0.0	0.0	0.0	0.0	0.0	0.0
hgt	888	887	2515.76	2332.115	2423.9375	2689.37	2342.15	2510.45	2153.78	2421.575
los	None	dead	0.0	0.0	0.0	0.0	0.0	0.0	0.0	0.0
spe	888	887	2515.76	2332.115	2423.9375	2689.37	2342.15	2510.45	2153.78	2421.575
spe	887	886	2332.115	2067.29	2199.7025	2510.45	2153.78	2248.32	1886.26	2198.355
los	886	874	2067.29	1965.97	2016.63	2248.32	1886.26	2151.74	1780.2	2014.26
spe	886	885	2067.29	1945.59	2006.44	2248.32	1886.26	2133.66	1757.52	2002.92
los	885	884	1945.59	1824.105	1884.8475	2133.66	1757.52	2015.87	1632.34	1883.0
spe	885	877	1945.59	1826.365	1885.9775	2133.66	1757.52	2034.01	1618.72	1876.19
los	877	GCF.000620765.1.Bacteria.Desulfobacterota.I	1826.365	0.0	913.1825	2034.01	1618.72	0.0	0.0	1017.005
hgt	None	dead	0.0	0.0	0.0	0.0	0.0	0.0	0.0	0.0
hgt	837	GCA.001768075.1.Bacteria.Myxococcota	1633.315	0.0	816.6575	1837.63	1429.0	0.0	0.0	918.815
los	None	dead	0.0	0.0	0.0	0.0	0.0	0.0	0.0	0.0
spe	887	863	2332.115	2111.78	2221.9475	2510.45	2153.78	2305.71	1917.85	2214.15
dup	863	862	2111.78	1779.145	1945.4625	2305.71	1917.85	1993.79	1564.5	1935.105
spe	863	862	2111.78	1779.145	1945.4625	2305.71	1917.85	1993.79	1564.5	1935.105
los	862	GCA.002782605.1.Bacteria.Desulfobacterota	1779.145	0.0	889.5725	1993.79	1564.5	0.0	0.0	996.895
spe	862	861	1779.145	1645.455	1712.3	1993.79	1564.5	1870.52	1420.39	1707.09
los	861	GCA.002327985.1.Bacteria.Desulfobacterota	1645.455	0.0	822.7275	1870.52	1420.39	0.0	0.0	935.26
spe	863	862	2111.78	1779.145	1945.4625	2305.71	1917.85	1993.79	1564.5	1935.105
spe	862	861	1779.145	1645.455	1712.3	1993.79	1564.5	1870.52	1420.39	1707.09
los	861	GCA.001304105.1.Bacteria.Desulfobacterota	1645.455	0.0	822.7275	1870.52	1420.39	0.0	0.0	935.26
hgt	None	dead	0.0	0.0	0.0	0.0	0.0	0.0	0.0	0.0
hgt	883	GCA.000961655.1.Bacteria.Desulfobacterota	1441.77	0.0	720.885	1657.06	1226.48	0.0	0.0	828.53
los	None	dead	0.0	0.0	0.0	0.0	0.0	0.0	0.0	0.0
spe	863	857	2111.78	1980.505	2046.1425	2305.71	1917.85	2203.95	1757.06	2031.385
los	857	GCA.002010915.1.Bacteria.Desulfobacterota	1980.505	0.0	990.2525	2203.95	1757.06	0.0	0.0	1101.975
hgt	None	dead	0.0	0.0	0.0	0.0	0.0	0.0	0.0	0.0
hgt	801	GCA.002328485.1.Bacteria.Desulfobacterota.G	2073.125	0.0	1036.5625	2289.45	1856.8	0.0	0.0	1144.725
los	None	dead	0.0	0.0	0.0	0.0	0.0	0.0	0.0	0.0
spe	716	670	2750.795	2401.115	2575.955	2927.43	2574.16	2634.12	2168.11	2547.77
los	670	GCA.002898535.1.Bacteria.Acidobacteriota	2401.115	0.0	1200.5575	2634.12	2168.11	0.0	0.0	1317.06
spe	670	669	2401.115	1836.34	2118.7275	2634.12	2168.11	2118.45	1554.23	2094.175
spe	669	668	1836.34	1575.265	1705.8025	2118.45	1554.23	1852.06	1298.47	1708.46
los	668	GCA.001775755.1.Bacteria.Acidobacteriota	1575.265	0.0	787.6325	1852.06	1298.47	0.0	0.0	926.03
hgt	None	dead	0.0	0.0	0.0	0.0	0.0	0.0	0.0	0.0
los	669	GCA.002335385.1.Bacteria.Acidobacteriota	1836.34	0.0	918.17	2118.45	1554.23	0.0	0.0	1059.225
dup	None	dead	0.0	0.0	0.0	0.0	0.0	0.0	0.0	0.0
hgt	84	GCF.000011005.1.Archaea.Euryarchaeota	1360.205	0.0	680.1025	1583.15	1137.26	0.0	0.0	791.575
los	None	dead	0.0	0.0	0.0	0.0	0.0	0.0	0.0	0.0
hgt	194	GCA.003498085.1.Bacteria.UBA9089	2695.625	0.0	1347.8125	2966.44	2424.81	0.0	0.0	1483.22
los	None	dead	0.0	0.0	0.0	0.0	0.0	0.0	0.0	0.0
spe	1187	1133	3067.16	2467.96	2767.56	3235.87	2898.45	2738.86	2197.06	2716.465
hgt	None	dead	0.0	0.0	0.0	0.0	0.0	0.0	0.0	0.0
los	1133	GCA.002366545.1.Bacteria.Actinobacteriota	2467.96	0.0	1233.98	2738.86	2197.06	0.0	0.0	1369.43
hgt	1233	GCA.002291985.1.Bacteria.Firmicutes.E	1501.49	0.0	750.745	1760.32	1242.66	0.0	0.0	880.16
los	None	dead	0.0	0.0	0.0	0.0	0.0	0.0	0.0	0.0
spe	1392	1188	3486.295	3139.205	3312.75	3621.84	3350.75	3310.24	2968.17	3295.005
los	1188	GCA.002779205.1.Bacteria.Actinobacteriota	3139.205	0.0	1569.6025	3310.24	2968.17	0.0	0.0	1655.12
spe	1188	1187	3139.205	3067.16	3103.1825	3310.24	2968.17	3235.87	2898.45	3104.345
los	1187	1133	3067.16	2467.96	2767.56	3235.87	2898.45	2738.86	2197.06	2716.465
spe	1187	1186	3067.16	2936.225	3001.6925	3235.87	2898.45	3121.91	2750.54	2993.205
spe	1186	1185	2936.225	2773.915	2855.07	3121.91	2750.54	2967.18	2580.65	2851.28
los	1185	1169	2773.915	2396.405	2585.16	2967.18	2580.65	2605.17	2187.64	2577.41
spe	1185	1184	2773.915	2619.05	2696.4825	2967.18	2580.65	2826.1	2412.0	2689.59
los	1184	1180	2619.05	2187.185	2403.1175	2826.1	2412.0	2433.9	1940.47	2383.285
spe	1184	1183	2619.05	2026.845	2322.9475	2826.1	2412.0	2306.44	1747.25	2286.675
los	1183	GCA.000434775.1.Bacteria.Actinobacteriota	2026.845	0.0	1013.4225	2306.44	1747.25	0.0	0.0	1153.22
hgt	None	dead	0.0	0.0	0.0	0.0	0.0	0.0	0.0	0.0
hgt	416	GCA.002938255.1.Bacteria.Proteobacteria	1500.62	0.0	750.31	1669.81	1331.43	0.0	0.0	834.905
los	None	dead	0.0	0.0	0.0	0.0	0.0	0.0	0.0	0.0
hgt	None	dead	0.0	0.0	0.0	0.0	0.0	0.0	0.0	0.0
hgt	1269	GCF.002252565.1.Bacteria.Firmicutes.A	1538.365	0.0	769.1825	1724.93	1351.8	0.0	0.0	862.465
los	None	dead	0.0	0.0	0.0	0.0	0.0	0.0	0.0	0.0
dup	1269	GCF.002252565.1.Bacteria.Firmicutes.A	1538.365	0.0	769.1825	1724.93	1351.8	0.0	0.0	862.465
hgt	None	dead	0.0	0.0	0.0	0.0	0.0	0.0	0.0	0.0
hgt	1253	1252	1684.93	1492.085	1588.5075	1873.49	1496.37	1682.67	1301.5	1587.495
los	None	dead	0.0	0.0	0.0	0.0	0.0	0.0	0.0	0.0
spe	1253	1252	1684.93	1492.085	1588.5075	1873.49	1496.37	1682.67	1301.5	1587.495
spe	1252	1251	1492.085	1313.25	1402.6675	1682.67	1301.5	1519.57	1106.93	1394.8
hgt	None	dead	0.0	0.0	0.0	0.0	0.0	0.0	0.0	0.0
los	1251	GCA.002478485.1.Bacteria.Firmicutes.A	1313.25	0.0	656.625	1519.57	1106.93	0.0	0.0	759.785
hgt	1315	GCF.002224645.1.Bacteria.Firmicutes.B	1023.5775	0.0	511.78875	1225.27	821.885	0.0	0.0	612.635
los	None	dead	0.0	0.0	0.0	0.0	0.0	0.0	0.0	0.0
spe	1186	1136	2936.225	2376.455	2656.34	3121.91	2750.54	2654.7	2098.21	2610.06
hgt	None	dead	0.0	0.0	0.0	0.0	0.0	0.0	0.0	0.0
hgt	1173	GCA.001768675.1.Bacteria.Actinobacteriota	1615.325	0.0	807.6625	1879.87	1350.78	0.0	0.0	939.935
los	None	dead	0.0	0.0	0.0	0.0	0.0	0.0	0.0	0.0
spe	1392	1391	3486.295	3193.865	3340.08	3621.84	3350.75	3340.39	3047.34	3334.59
los	1391	1211	3193.865	2951.505	3072.685	3340.39	3047.34	3130.45	2772.56	3056.475
hgt	None	dead	0.0	0.0	0.0	0.0	0.0	0.0	0.0	0.0
hgt	1381	1351	1697.085	1602.01	1649.5475	1866.73	1527.44	1773.61	1430.41	1648.57
los	None	dead	0.0	0.0	0.0	0.0	0.0	0.0	0.0	0.0
spe	1381	1351	1697.085	1602.01	1649.5475	1866.73	1527.44	1773.61	1430.41	1648.57
spe	1351	1347	1602.01	1294.365	1448.1875	1773.61	1430.41	1476.68	1112.05	1442.83
los	1347	GCF.900099895.1.Bacteria.Firmicutes	1294.365	0.0	647.1825	1476.68	1112.05	0.0	0.0	738.34
spe	1351	1350	1602.01	1409.0	1505.505	1773.61	1430.41	1596.52	1221.48	1497.545
los	1350	GCF.000942395.1.Bacteria.Firmicutes	1409.0	0.0	704.5	1596.52	1221.48	0.0	0.0	798.26
spe	1391	1390	3193.865	3074.65	3134.2575	3340.39	3047.34	3224.77	2924.53	3132.46
los	1390	1389	3074.65	2995.16	3034.905	3224.77	2924.53	3145.66	2844.66	3034.715
spe	1390	1218	3074.65	2879.54	2977.095	3224.77	2924.53	3061.15	2697.93	2961.35
spe	1218	1216	2879.54	2264.52	2572.03	3061.15	2697.93	2522.36	2006.68	2533.915
los	1216	1215	2264.52	1572.11	1918.315	2522.36	2006.68	1879.68	1264.54	1893.45
hgt	None	dead	0.0	0.0	0.0	0.0	0.0	0.0	0.0	0.0
hgt	1289	GCA.002345475.1.Bacteria.Firmicutes.H	2319.605	0.0	1159.8025	2515.76	2123.45	0.0	0.0	1257.88
los	None	dead	0.0	0.0	0.0	0.0	0.0	0.0	0.0	0.0
spe	1725	1724	3734.58	3628.125	3681.3525	3857.32	3611.84	3750.92	3505.33	3681.325
los	1724	1723	3628.125	3473.32	3550.7225	3750.92	3505.33	3598.84	3347.8	3549.36
spe	1724	1642	3628.125	3541.065	3584.595	3750.92	3505.33	3668.81	3413.32	3582.12
los	1642	1641	3541.065	3197.795	3369.43	3668.81	3413.32	3366.04	3029.55	3349.18
spe	1642	1478	3541.065	3264.47	3402.7675	3668.81	3413.32	3427.31	3101.63	3385.22
los	1478	1396	3264.47	2089.7	2677.085	3427.31	3101.63	2454.33	1725.07	2576.19
spe	1478	1477	3264.47	3024.12	3144.295	3427.31	3101.63	3199.0	2849.24	3138.275
spe	1477	1476	3024.12	2783.015	2903.5675	3199.0	2849.24	2979.26	2586.77	2892.885
los	1476	1475	2783.015	2647.025	2715.02	2979.26	2586.77	2858.49	2435.56	2707.41
spe	1476	1454	2783.015	2214.935	2498.975	2979.26	2586.77	2430.94	1998.93	2489.095
los	1454	1446	2214.935	1960.08	2087.5075	2430.94	1998.93	2176.15	1744.01	2087.475
spe	1454	1453	2214.935	2115.485	2165.21	2430.94	1998.93	2342.31	1888.66	2159.8
spe	1453	1452	2115.485	1623.74	1869.6125	2342.31	1888.66	1926.13	1321.35	1831.83
hgt	None	dead	0.0	0.0	0.0	0.0	0.0	0.0	0.0	0.0
hgt	1444	GCA.003451595.1.Bacteria.Chloroflexota	1539.09	0.0	769.545	1770.71	1307.47	0.0	0.0	885.355
los	None	dead	0.0	0.0	0.0	0.0	0.0	0.0	0.0	0.0
spe	1453	1449	2115.485	1891.395	2003.44	2342.31	1888.66	2134.97	1647.82	1995.065
hgt	None	dead	0.0	0.0	0.0	0.0	0.0	0.0	0.0	0.0
los	1449	GCA.002366595.1.Bacteria.Chloroflexota	1891.395	0.0	945.6975	2134.97	1647.82	0.0	0.0	1067.485
hgt	1437	GCF.900066015.1.Bacteria.Chloroflexota	1218.17	0.0	609.085	1425.69	1010.65	0.0	0.0	712.845
los	None	dead	0.0	0.0	0.0	0.0	0.0	0.0	0.0	0.0
hgt	None	dead	0.0	0.0	0.0	0.0	0.0	0.0	0.0	0.0
hgt	None	dead	0.0	0.0	0.0	0.0	0.0	0.0	0.0	0.0
dup	None	dead	0.0	0.0	0.0	0.0	0.0	0.0	0.0	0.0
hgt	1069	GCF.000378005.1.Bacteria.Coprothermobacterota	2077.72	0.0	1038.86	2370.86	1784.58	0.0	0.0	1185.43
los	None	dead	0.0	0.0	0.0	0.0	0.0	0.0	0.0	0.0
hgt	65	GCA.001800745.1.Archaea.Thermoplasmatota	1417.775	0.0	708.8875	1651.47	1184.08	0.0	0.0	825.735
los	None	dead	0.0	0.0	0.0	0.0	0.0	0.0	0.0	0.0
spe	1477	1431	3024.12	2678.945	2851.5325	3199.0	2849.24	2899.32	2458.57	2828.785
spe	1431	1427	2678.945	2442.77	2560.8575	2899.32	2458.57	2663.44	2222.1	2560.71
spe	1427	1426	2442.77	2247.125	2344.9475	2663.44	2222.1	2482.54	2011.71	2337.575
los	1426	1425	2247.125	2026.57	2136.8475	2482.54	2011.71	2261.53	1791.61	2137.075
spe	1427	1413	2442.77	2151.5	2297.135	2663.44	2222.1	2387.23	1915.77	2289.605
los	1413	1399	2151.5	1824.235	1987.8675	2387.23	1915.77	2117.89	1530.58	1958.905
hgt	None	dead	0.0	0.0	0.0	0.0	0.0	0.0	0.0	0.0
spe	1413	1412	2151.5	1912.54	2032.02	2387.23	1915.77	2139.54	1685.54	2036.385
los	1412	1408	1912.54	1849.35	1880.945	2139.54	1685.54	2074.55	1624.15	1881.845
spe	1412	1411	1912.54	1632.645	1772.5925	2139.54	1685.54	1874.09	1391.2	1765.37
los	1411	GCA.002450515.1.Bacteria.Chloroflexota	1632.645	0.0	816.3225	1874.09	1391.2	0.0	0.0	937.045
hgt	1016	GCA.002414865.1.Bacteria.Fermentibacterota	2392.195	0.0	1196.0975	2657.9	2126.49	0.0	0.0	1328.95
los	None	dead	0.0	0.0	0.0	0.0	0.0	0.0	0.0	0.0
hgt	None	dead	0.0	0.0	0.0	0.0	0.0	0.0	0.0	0.0
los	1431	1430	2678.945	2204.905	2441.925	2899.32	2458.57	2528.66	1881.15	2390.235
hgt	124	123	2515.505	2385.055	2450.28	2722.55	2308.46	2599.87	2170.24	2446.395
los	None	dead	0.0	0.0	0.0	0.0	0.0	0.0	0.0	0.0
hgt	None	dead	0.0	0.0	0.0	0.0	0.0	0.0	0.0	0.0
hgt	88	87	1850.095	1733.555	1791.825	2065.66	1634.53	1951.94	1515.17	1790.415
los	None	dead	0.0	0.0	0.0	0.0	0.0	0.0	0.0	0.0
spe	88	87	1850.095	1733.555	1791.825	2065.66	1634.53	1951.94	1515.17	1790.415
spe	87	86	1733.555	1547.845	1640.7	1951.94	1515.17	1766.34	1329.35	1640.645
los	86	GCA.001412335.1.Archaea.Halobacteriota	1547.845	0.0	773.9225	1766.34	1329.35	0.0	0.0	883.17
spe	86	84	1547.845	1360.205	1454.025	1766.34	1329.35	1583.15	1137.26	1451.8
los	84	GCF.000011005.1.Archaea.Euryarchaeota	1360.205	0.0	680.1025	1583.15	1137.26	0.0	0.0	791.575
spe	124	123	2515.505	2385.055	2450.28	2722.55	2308.46	2599.87	2170.24	2446.395
spe	123	122	2385.055	2203.735	2294.395	2599.87	2170.24	2434.44	1973.03	2286.45
spe	122	121	2203.735	1743.665	1973.7	2434.44	1973.03	2016.22	1471.11	1952.775
los	121	GCA.001775995.1.Archaea.Thermoproteota	1743.665	0.0	871.8325	2016.22	1471.11	0.0	0.0	1008.11
hgt	None	dead	0.0	0.0	0.0	0.0	0.0	0.0	0.0	0.0
dup	None	dead	0.0	0.0	0.0	0.0	0.0	0.0	0.0	0.0
hgt	38	GCA.001515205.2.Archaea.Hadarchaeota	2493.245	0.0	1246.6225	2769.67	2216.82	0.0	0.0	1384.835
los	None	dead	0.0	0.0	0.0	0.0	0.0	0.0	0.0	0.0
hgt	47	GCA.002494765.1.Archaea.Thermoplasmatota	1758.69	0.0	879.345	2012.02	1505.36	0.0	0.0	1006.01
los	None	dead	0.0	0.0	0.0	0.0	0.0	0.0	0.0	0.0
spe	122	118	2203.735	1963.41	2083.5725	2434.44	1973.03	2228.25	1698.57	2066.505
spe	118	116	1963.41	1247.9685	1605.68925	2228.25	1698.57	1523.73	972.207	1600.2285
los	116	GCA.001593875.1.Archaea.Thermoproteota	1247.9685	0.0	623.98425	1523.73	972.207	0.0	0.0	761.865
spe	123	113	2385.055	2111.275	2248.165	2599.87	2170.24	2361.91	1860.64	2230.255
hgt	None	dead	0.0	0.0	0.0	0.0	0.0	0.0	0.0	0.0
los	113	GCA.002255025.1.Archaea.Thermoproteota	2111.275	0.0	1055.6375	2361.91	1860.64	0.0	0.0	1180.955
hgt	130	128	1916.685	930.467	1423.576	2187.49	1645.88	1201.25	659.684	1423.587
los	None	dead	0.0	0.0	0.0	0.0	0.0	0.0	0.0	0.0
spe	130	128	1916.685	930.467	1423.576	2187.49	1645.88	1201.25	659.684	1423.587
dup	None	dead	0.0	0.0	0.0	0.0	0.0	0.0	0.0	0.0
hgt	898	897	3008.34	2922.2	2965.27	3157.32	2859.36	3075.7	2768.7	2963.01
los	None	dead	0.0	0.0	0.0	0.0	0.0	0.0	0.0	0.0
hgt	None	dead	0.0	0.0	0.0	0.0	0.0	0.0	0.0	0.0
hgt	702	GCA.003223635.1.Bacteria.Acidobacteriota	1354.27	0.0	677.135	1586.23	1122.31	0.0	0.0	793.115
los	None	dead	0.0	0.0	0.0	0.0	0.0	0.0	0.0	0.0
spe	898	897	3008.34	2922.2	2965.27	3157.32	2859.36	3075.7	2768.7	2963.01
hgt	None	dead	0.0	0.0	0.0	0.0	0.0	0.0	0.0	0.0
hgt	1221	GCA.002375925.1.Bacteria.Firmicutes.E	2065.095	0.0	1032.5475	2339.28	1790.91	0.0	0.0	1169.64
los	None	dead	0.0	0.0	0.0	0.0	0.0	0.0	0.0	0.0
hgt	None	dead	0.0	0.0	0.0	0.0	0.0	0.0	0.0	0.0
hgt	1216	GCF.000020005.1.Bacteria.Firmicutes.D	2264.52	0.0	1132.26	2522.36	2006.68	0.0	0.0	1261.18
los	None	dead	0.0	0.0	0.0	0.0	0.0	0.0	0.0	0.0
spe	897	896	2922.2	2689.39	2805.795	3075.7	2768.7	2894.07	2484.71	2780.205
los	896	895	2689.39	2233.715	2461.5525	2894.07	2484.71	2507.56	1959.87	2426.97
hgt	None	dead	0.0	0.0	0.0	0.0	0.0	0.0	0.0	0.0
spe	896	892	2689.39	2160.3	2424.845	2894.07	2484.71	2442.6	1878.0	2386.035
hgt	None	dead	0.0	0.0	0.0	0.0	0.0	0.0	0.0	0.0
los	892	GCA.001873295.1.Bacteria.CG2.30.70.394	2160.3	0.0	1080.15	2442.6	1878.0	0.0	0.0	1221.3
hgt	866	GCA.002877985.1.Bacteria.Desulfobacterota	1421.715	0.0	710.8575	1644.35	1199.08	0.0	0.0	822.175
los	None	dead	0.0	0.0	0.0	0.0	0.0	0.0	0.0	0.0
hgt	738	737	2387.34	2168.56	2277.95	2598.05	2176.63	2402.13	1934.99	2266.52
los	None	dead	0.0	0.0	0.0	0.0	0.0	0.0	0.0	0.0
dup	738	737	2387.34	2168.56	2277.95	2598.05	2176.63	2402.13	1934.99	2266.52
spe	738	737	2387.34	2168.56	2277.95	2598.05	2176.63	2402.13	1934.99	2266.52
los	737	733	2168.56	1662.33	1915.445	2402.13	1934.99	1919.68	1404.98	1903.555
spe	737	736	2168.56	1883.24	2025.9	2402.13	1934.99	2143.89	1622.59	2012.36
los	736	GCA.003454665.1.Bacteria.Nitrospirota	1883.24	0.0	941.62	2143.89	1622.59	0.0	0.0	1071.945
spe	738	737	2387.34	2168.56	2277.95	2598.05	2176.63	2402.13	1934.99	2266.52
spe	737	736	2168.56	1883.24	2025.9	2402.13	1934.99	2143.89	1622.59	2012.36
los	736	GCA.001803795.1.Bacteria.Nitrospirota	1883.24	0.0	941.62	2143.89	1622.59	0.0	0.0	1071.945
spe	737	733	2168.56	1662.33	1915.445	2402.13	1934.99	1919.68	1404.98	1903.555
spe	733	732	1662.33	1418.365	1540.3475	1919.68	1404.98	1679.42	1157.31	1538.495
los	732	GCA.002011735.1.Bacteria.Nitrospirota	1418.365	0.0	709.1825	1679.42	1157.31	0.0	0.0	839.71
spe	897	889	2922.2	2701.575	2811.8875	3075.7	2768.7	2862.5	2540.65	2808.175
hgt	None	dead	0.0	0.0	0.0	0.0	0.0	0.0	0.0	0.0
hgt	668	GCA.001775755.1.Bacteria.Acidobacteriota	1575.265	0.0	787.6325	1852.06	1298.47	0.0	0.0	926.03
los	None	dead	0.0	0.0	0.0	0.0	0.0	0.0	0.0	0.0
hgt	None	dead	0.0	0.0	0.0	0.0	0.0	0.0	0.0	0.0
hgt	None	dead	0.0	0.0	0.0	0.0	0.0	0.0	0.0	0.0
hgt	376	GCA.002418835.1.Bacteria.Spirochaetota	2164.345	0.0	1082.1725	2427.34	1901.35	0.0	0.0	1213.67
los	None	dead	0.0	0.0	0.0	0.0	0.0	0.0	0.0	0.0
hgt	None	dead	0.0	0.0	0.0	0.0	0.0	0.0	0.0	0.0
hgt	1058	GCF.000233775.1.Bacteria.Synergistota	2648.915	0.0	1324.4575	2961.31	2336.52	0.0	0.0	1480.655
los	None	dead	0.0	0.0	0.0	0.0	0.0	0.0	0.0	0.0
spe	889	888	2701.575	2515.76	2608.6675	2862.5	2540.65	2689.37	2342.15	2602.325
spe	888	854	2515.76	2344.965	2430.3625	2689.37	2342.15	2529.94	2159.99	2424.68
los	854	853	2344.965	2065.005	2204.985	2529.94	2159.99	2302.51	1827.5	2178.72
spe	854	850	2344.965	2301.83	2323.3975	2529.94	2159.99	2492.34	2111.32	2320.63
los	850	846	2301.83	2027.01	2164.42	2492.34	2111.32	2255.26	1798.76	2145.55
spe	850	849	2301.83	1938.415	2120.1225	2492.34	2111.32	2174.57	1702.26	2097.3
los	849	GCF.000266945.1.Bacteria.Desulfobacterota	1938.415	0.0	969.2075	2174.57	1702.26	0.0	0.0	1087.285
spe	888	887	2515.76	2332.115	2423.9375	2689.37	2342.15	2510.45	2153.78	2421.575
los	887	863	2332.115	2111.78	2221.9475	2510.45	2153.78	2305.71	1917.85	2214.15
spe	887	886	2332.115	2067.29	2199.7025	2510.45	2153.78	2248.32	1886.26	2198.355
spe	886	885	2067.29	1945.59	2006.44	2248.32	1886.26	2133.66	1757.52	2002.92
los	885	884	1945.59	1824.105	1884.8475	2133.66	1757.52	2015.87	1632.34	1883.0
spe	885	877	1945.59	1826.365	1885.9775	2133.66	1757.52	2034.01	1618.72	1876.19
los	877	GCA.001797675.1.Bacteria.Desulfobacterota	1826.365	0.0	913.1825	2034.01	1618.72	0.0	0.0	1017.005
spe	886	874	2067.29	1965.97	2016.63	2248.32	1886.26	2151.74	1780.2	2014.26
los	874	868	1965.97	1758.21	1862.09	2151.74	1780.2	1962.57	1553.85	1852.795
hgt	None	dead	0.0	0.0	0.0	0.0	0.0	0.0	0.0	0.0
hgt	395	GCA.002402635.1.Bacteria.Deferribacterota	1520.715	0.0	760.3575	1836.24	1205.19	0.0	0.0	918.12
los	None	dead	0.0	0.0	0.0	0.0	0.0	0.0	0.0	0.0
spe	874	873	1965.97	1792.01	1878.99	2151.74	1780.2	1991.39	1592.63	1872.185
los	873	GCA.002011835.1.Bacteria.Desulfobacterota	1792.01	0.0	896.005	1991.39	1592.63	0.0	0.0	995.695
spe	873	871	1792.01	1532.675	1662.3425	1991.39	1592.63	1744.25	1321.1	1656.245
los	871	GCA.002899795.1.Bacteria.Desulfobacterota	1532.675	0.0	766.3375	1744.25	1321.1	0.0	0.0	872.125
dup	None	dead	0.0	0.0	0.0	0.0	0.0	0.0	0.0	0.0
hgt	1178	GCA.002347645.1.Bacteria.Actinobacteriota	1673.74	0.0	836.87	1926.76	1420.72	0.0	0.0	963.38
los	None	dead	0.0	0.0	0.0	0.0	0.0	0.0	0.0	0.0
hgt	143	GCA.001940655.1.Archaea.Asgardarchaeota	2506.355	0.0	1253.1775	2769.4	2243.31	0.0	0.0	1384.7
los	None	dead	0.0	0.0	0.0	0.0	0.0	0.0	0.0	0.0
spe	889	843	2701.575	2593.715	2647.645	2862.5	2540.65	2758.02	2429.41	2645.955
los	843	783	2593.715	2471.955	2532.835	2758.02	2429.41	2644.13	2299.78	2528.9
spe	843	842	2593.715	2481.42	2537.5675	2758.02	2429.41	2646.92	2315.92	2536.97
spe	842	798	2481.42	2208.72	2345.07	2646.92	2315.92	2388.7	2028.74	2337.83
los	798	786	2208.72	1782.305	1995.5125	2388.7	2028.74	2023.44	1541.17	1964.935
spe	798	797	2208.72	1933.19	2070.955	2388.7	2028.74	2131.05	1735.33	2062.015
los	797	GCA.002311335.1.Bacteria.Desulfobacterota.B	1933.19	0.0	966.595	2131.05	1735.33	0.0	0.0	1065.525
spe	797	796	1933.19	1757.055	1845.1225	2131.05	1735.33	1958.83	1555.28	1843.165
los	796	GCA.002238415.1.Bacteria.Desulfobacterota.B	1757.055	0.0	878.5275	1958.83	1555.28	0.0	0.0	979.415
spe	796	795	1757.055	1569.94	1663.4975	1958.83	1555.28	1775.68	1364.2	1661.515
los	795	794	1569.94	1455.87	1512.905	1775.68	1364.2	1673.56	1238.18	1506.93
spe	795	791	1569.94	1320.57	1445.255	1775.68	1364.2	1532.25	1108.89	1442.285
los	791	GCA.002050235.1.Bacteria.Desulfobacterota.B	1320.57	0.0	660.285	1532.25	1108.89	0.0	0.0	766.125
hgt	None	dead	0.0	0.0	0.0	0.0	0.0	0.0	0.0	0.0
hgt	1300	GCF.000620305.1.Bacteria.Firmicutes.B	1565.1	0.0	782.55	1781.13	1349.07	0.0	0.0	890.565
los	None	dead	0.0	0.0	0.0	0.0	0.0	0.0	0.0	0.0
hgt	None	dead	0.0	0.0	0.0	0.0	0.0	0.0	0.0	0.0
dup	None	dead	0.0	0.0	0.0	0.0	0.0	0.0	0.0	0.0
hgt	498	GCA.002731375.1.Bacteria.Proteobacteria	1143.1505	0.0	571.57525	1299.85	986.451	0.0	0.0	649.925
los	None	dead	0.0	0.0	0.0	0.0	0.0	0.0	0.0	0.0
hgt	515	514	2002.575	1851.4	1926.9875	2145.74	1859.41	1991.92	1710.88	1928.31
los	None	dead	0.0	0.0	0.0	0.0	0.0	0.0	0.0	0.0
hgt	None	dead	0.0	0.0	0.0	0.0	0.0	0.0	0.0	0.0
dup	None	dead	0.0	0.0	0.0	0.0	0.0	0.0	0.0	0.0
hgt	462	GCF.000315795.1.Bacteria.Proteobacteria	1065.146	0.0	532.573	1220.68	909.612	0.0	0.0	610.34
los	None	dead	0.0	0.0	0.0	0.0	0.0	0.0	0.0	0.0
hgt	552	GCF.001614315.2.Bacteria.Proteobacteria	1397.305	0.0	698.6525	1566.02	1228.59	0.0	0.0	783.01
los	None	dead	0.0	0.0	0.0	0.0	0.0	0.0	0.0	0.0
dup	515	514	2002.575	1851.4	1926.9875	2145.74	1859.41	1991.92	1710.88	1928.31
spe	515	514	2002.575	1851.4	1926.9875	2145.74	1859.41	1991.92	1710.88	1928.31
spe	514	513	1851.4	1786.09	1818.745	1991.92	1710.88	1924.53	1647.65	1819.785
spe	513	483	1786.09	1736.705	1761.3975	1924.53	1647.65	1875.69	1597.72	1761.125
los	483	482	1736.705	1642.38	1689.5425	1875.69	1597.72	1782.01	1502.75	1689.22
spe	483	447	1736.705	1590.07	1663.3875	1875.69	1597.72	1734.74	1445.4	1660.545
spe	447	439	1590.07	1430.985	1510.5275	1734.74	1445.4	1588.14	1273.83	1504.285
los	439	GCF.001613805.1.Bacteria.Proteobacteria	1430.985	0.0	715.4925	1588.14	1273.83	0.0	0.0	794.07
spe	447	446	1590.07	1389.555	1489.8125	1734.74	1445.4	1543.03	1236.08	1485.41
los	446	GCA.002717185.1.Bacteria.Proteobacteria	1389.555	0.0	694.7775	1543.03	1236.08	0.0	0.0	771.515
hgt	None	dead	0.0	0.0	0.0	0.0	0.0	0.0	0.0	0.0
spe	446	445	1389.555	1267.47	1328.5125	1543.03	1236.08	1430.96	1103.98	1323.505
los	445	444	1267.47	1089.937	1178.7035	1430.96	1103.98	1263.85	916.024	1173.492
hgt	542	GCA.002631715.1.Bacteria.Proteobacteria	1750.015	0.0	875.0075	1929.85	1570.18	0.0	0.0	964.925
los	None	dead	0.0	0.0	0.0	0.0	0.0	0.0	0.0	0.0
spe	513	512	1786.09	1671.055	1728.5725	1924.53	1647.65	1813.33	1528.78	1726.655
los	512	486	1671.055	1393.215	1532.135	1813.33	1528.78	1554.79	1231.64	1522.485
dup	512	511	1671.055	1589.625	1630.34	1813.33	1528.78	1731.04	1448.21	1630.77
spe	512	511	1671.055	1589.625	1630.34	1813.33	1528.78	1731.04	1448.21	1630.77
los	511	489	1589.625	1225.83	1407.7275	1731.04	1448.21	1388.27	1063.39	1397.215
spe	511	510	1589.625	1517.685	1553.655	1731.04	1448.21	1658.83	1376.54	1553.79
los	510	509	1517.685	1417.44	1467.5625	1658.83	1376.54	1560.37	1274.51	1466.67
spe	510	492	1517.685	1247.39	1382.5375	1658.83	1376.54	1403.42	1091.36	1375.095
los	492	GCF.002798435.1.Bacteria.Proteobacteria	1247.39	0.0	623.695	1403.42	1091.36	0.0	0.0	701.71
spe	512	511	1671.055	1589.625	1630.34	1813.33	1528.78	1731.04	1448.21	1630.77
spe	511	489	1589.625	1225.83	1407.7275	1731.04	1448.21	1388.27	1063.39	1397.215
los	489	GCA.002701885.1.Bacteria.Proteobacteria	1225.83	0.0	612.915	1388.27	1063.39	0.0	0.0	694.135
spe	511	510	1589.625	1517.685	1553.655	1731.04	1448.21	1658.83	1376.54	1553.79
los	510	509	1517.685	1417.44	1467.5625	1658.83	1376.54	1560.37	1274.51	1466.67
spe	510	492	1517.685	1247.39	1382.5375	1658.83	1376.54	1403.42	1091.36	1375.095
los	492	GCF.900172325.1.Bacteria.Proteobacteria	1247.39	0.0	623.695	1403.42	1091.36	0.0	0.0	701.71
hgt	None	dead	0.0	0.0	0.0	0.0	0.0	0.0	0.0	0.0
hgt	558	GCA.002386945.1.Bacteria.Proteobacteria	1422.015	0.0	711.0075	1589.43	1254.6	0.0	0.0	794.715
los	None	dead	0.0	0.0	0.0	0.0	0.0	0.0	0.0	0.0
spe	514	436	1851.4	1731.205	1791.3025	1991.92	1710.88	1880.65	1581.76	1786.84
hgt	None	dead	0.0	0.0	0.0	0.0	0.0	0.0	0.0	0.0
hgt	None	dead	0.0	0.0	0.0	0.0	0.0	0.0	0.0	0.0
hgt	454	453	839.502	720.6325	780.06725	1000.07	678.934	876.145	565.12	782.595
los	None	dead	0.0	0.0	0.0	0.0	0.0	0.0	0.0	0.0
spe	454	453	839.502	720.6325	780.06725	1000.07	678.934	876.145	565.12	782.595
hgt	None	dead	0.0	0.0	0.0	0.0	0.0	0.0	0.0	0.0
hgt	598	GCA.002292285.1.Bacteria.Proteobacteria	904.2135	0.0	452.10675	1071.01	737.417	0.0	0.0	535.505
los	None	dead	0.0	0.0	0.0	0.0	0.0	0.0	0.0	0.0
dup	None	dead	0.0	0.0	0.0	0.0	0.0	0.0	0.0	0.0
hgt	581	GCA.002868855.1.Bacteria.Proteobacteria	1247.6	0.0	623.8	1410.64	1084.56	0.0	0.0	705.32
los	None	dead	0.0	0.0	0.0	0.0	0.0	0.0	0.0	0.0
dup	None	dead	0.0	0.0	0.0	0.0	0.0	0.0	0.0	0.0
hgt	551	GCA.002746645.1.Bacteria.Proteobacteria	1101.556	0.0	550.778	1279.17	923.942	0.0	0.0	639.585
los	None	dead	0.0	0.0	0.0	0.0	0.0	0.0	0.0	0.0
hgt	560	GCA.001735895.1.Bacteria.Proteobacteria	1588.3	0.0	794.15	1745.96	1430.64	0.0	0.0	872.98
los	None	dead	0.0	0.0	0.0	0.0	0.0	0.0	0.0	0.0
spe	436	435	1731.205	1539.415	1635.31	1880.65	1581.76	1697.37	1381.46	1631.055
hgt	None	dead	0.0	0.0	0.0	0.0	0.0	0.0	0.0	0.0
los	435	434	1539.415	1329.5	1434.4575	1697.37	1381.46	1502.98	1156.02	1426.695
hgt	796	GCA.002238415.1.Bacteria.Desulfobacterota.B	1757.055	0.0	878.5275	1958.83	1555.28	0.0	0.0	979.415
los	None	dead	0.0	0.0	0.0	0.0	0.0	0.0	0.0	0.0
spe	515	514	2002.575	1851.4	1926.9875	2145.74	1859.41	1991.92	1710.88	1928.31
los	514	436	1851.4	1731.205	1791.3025	1991.92	1710.88	1880.65	1581.76	1786.84
spe	514	513	1851.4	1786.09	1818.745	1991.92	1710.88	1924.53	1647.65	1819.785
spe	513	483	1786.09	1736.705	1761.3975	1924.53	1647.65	1875.69	1597.72	1761.125
spe	483	482	1736.705	1642.38	1689.5425	1875.69	1597.72	1782.01	1502.75	1689.22
los	482	458	1642.38	1513.53	1577.955	1782.01	1502.75	1663.43	1363.63	1572.82
spe	482	481	1642.38	1564.755	1603.5675	1782.01	1502.75	1703.88	1425.63	1603.82
los	481	480	1564.755	1431.52	1498.1375	1703.88	1425.63	1580.99	1282.05	1492.965
spe	481	469	1564.755	1451.305	1508.03	1703.88	1425.63	1594.82	1307.79	1505.835
los	469	468	1451.305	1270.185	1360.745	1594.82	1307.79	1420.59	1119.78	1357.3
spe	469	463	1451.305	1313.945	1382.625	1594.82	1307.79	1461.65	1166.24	1380.53
los	463	GCF.002251795.1.Bacteria.Proteobacteria	1313.945	0.0	656.9725	1461.65	1166.24	0.0	0.0	730.825
spe	463	462	1313.945	1065.146	1189.5455	1461.65	1166.24	1220.68	909.612	1185.631
los	462	GCF.000315795.1.Bacteria.Proteobacteria	1065.146	0.0	532.573	1220.68	909.612	0.0	0.0	610.34
hgt	None	dead	0.0	0.0	0.0	0.0	0.0	0.0	0.0	0.0
hgt	600	GCA.002007425.1.Bacteria.Proteobacteria	1212.31	0.0	606.155	1364.67	1059.95	0.0	0.0	682.335
los	None	dead	0.0	0.0	0.0	0.0	0.0	0.0	0.0	0.0
spe	483	447	1736.705	1590.07	1663.3875	1875.69	1597.72	1734.74	1445.4	1660.545
los	447	439	1590.07	1430.985	1510.5275	1734.74	1445.4	1588.14	1273.83	1504.285
spe	447	446	1590.07	1389.555	1489.8125	1734.74	1445.4	1543.03	1236.08	1485.41
spe	446	445	1389.555	1267.47	1328.5125	1543.03	1236.08	1430.96	1103.98	1323.505
los	445	GCA.002717225.1.Bacteria.Proteobacteria	1267.47	0.0	633.735	1430.96	1103.98	0.0	0.0	715.48
spe	445	444	1267.47	1089.937	1178.7035	1430.96	1103.98	1263.85	916.024	1173.492
los	444	GCA.002348425.1.Bacteria.Proteobacteria	1089.937	0.0	544.9685	1263.85	916.024	0.0	0.0	631.925
hgt	None	dead	0.0	0.0	0.0	0.0	0.0	0.0	0.0	0.0
hgt	434	GCA.002898275.1.Bacteria.Proteobacteria	1329.5	0.0	664.75	1502.98	1156.02	0.0	0.0	751.49
los	None	dead	0.0	0.0	0.0	0.0	0.0	0.0	0.0	0.0
spe	513	512	1786.09	1671.055	1728.5725	1924.53	1647.65	1813.33	1528.78	1726.655
los	512	486	1671.055	1393.215	1532.135	1813.33	1528.78	1554.79	1231.64	1522.485
spe	512	511	1671.055	1589.625	1630.34	1813.33	1528.78	1731.04	1448.21	1630.77
los	511	489	1589.625	1225.83	1407.7275	1731.04	1448.21	1388.27	1063.39	1397.215
spe	511	510	1589.625	1517.685	1553.655	1731.04	1448.21	1658.83	1376.54	1553.79
los	510	492	1517.685	1247.39	1382.5375	1658.83	1376.54	1403.42	1091.36	1375.095
spe	510	509	1517.685	1417.44	1467.5625	1658.83	1376.54	1560.37	1274.51	1466.67
spe	509	495	1417.44	1152.21	1284.825	1560.37	1274.51	1304.12	1000.3	1280.335
los	495	GCF.003173035.1.Bacteria.Proteobacteria	1152.21	0.0	576.105	1304.12	1000.3	0.0	0.0	652.06
spe	509	508	1417.44	1290.24	1353.84	1560.37	1274.51	1437.86	1142.62	1351.495
hgt	None	dead	0.0	0.0	0.0	0.0	0.0	0.0	0.0	0.0
los	508	498	1290.24	1143.1505	1216.69525	1437.86	1142.62	1299.85	986.451	1212.1555
hgt	456	GCF.002148795.1.Bacteria.Proteobacteria	1329.135	0.0	664.5675	1490.23	1168.04	0.0	0.0	745.115
los	None	dead	0.0	0.0	0.0	0.0	0.0	0.0	0.0	0.0
spe	508	507	1290.24	1064.673	1177.4565	1437.86	1142.62	1214.52	914.826	1176.343
los	507	503	1064.673	930.456	997.5645	1214.52	914.826	1085.53	775.382	994.951
hgt	None	dead	0.0	0.0	0.0	0.0	0.0	0.0	0.0	0.0
hgt	592	GCF.000024725.1.Bacteria.Proteobacteria	1273.13	0.0	636.565	1434.77	1111.49	0.0	0.0	717.385
los	None	dead	0.0	0.0	0.0	0.0	0.0	0.0	0.0	0.0
spe	507	506	1064.673	1020.1165	1042.39475	1214.52	914.826	1171.97	868.263	1041.3915
los	506	GCA.002480495.1.Bacteria.Proteobacteria	1020.1165	0.0	510.05825	1171.97	868.263	0.0	0.0	585.985
hgt	None	dead	0.0	0.0	0.0	0.0	0.0	0.0	0.0	0.0
hgt	1288	GCA.002411145.1.Bacteria.Firmicutes.C	1737.805	0.0	868.9025	1959.07	1516.54	0.0	0.0	979.535
los	None	dead	0.0	0.0	0.0	0.0	0.0	0.0	0.0	0.0
spe	842	841	2481.42	2397.295	2439.3575	2646.92	2315.92	2565.35	2229.24	2438.08
spe	841	840	2397.295	2199.32	2298.3075	2565.35	2229.24	2370.35	2028.29	2296.82
los	840	804	2199.32	2020.19	2109.755	2370.35	2028.29	2257.86	1782.52	2076.435
spe	840	839	2199.32	2107.47	2153.395	2370.35	2028.29	2276.96	1937.98	2154.165
los	839	829	2107.47	2062.825	2085.1475	2276.96	1937.98	2232.91	1892.74	2084.85
spe	839	838	2107.47	1933.55	2020.51	2276.96	1937.98	2107.41	1759.69	2018.325
los	838	834	1933.55	1863.715	1898.6325	2107.41	1759.69	2045.73	1681.7	1894.555
spe	838	837	1933.55	1633.315	1783.4325	2107.41	1759.69	1837.63	1429.0	1768.205
los	837	GCA.002309015.1.Bacteria.Myxococcota	1633.315	0.0	816.6575	1837.63	1429.0	0.0	0.0	918.815
hgt	None	dead	0.0	0.0	0.0	0.0	0.0	0.0	0.0	0.0
hgt	861	GCA.002327985.1.Bacteria.Desulfobacterota	1645.455	0.0	822.7275	1870.52	1420.39	0.0	0.0	935.26
los	None	dead	0.0	0.0	0.0	0.0	0.0	0.0	0.0	0.0
spe	841	801	2397.295	2073.125	2235.21	2565.35	2229.24	2289.45	1856.8	2211.075
los	801	GCA.001797815.1.Bacteria.RBG.13.61.14	2073.125	0.0	1036.5625	2289.45	1856.8	0.0	0.0	1144.725
hgt	None	dead	0.0	0.0	0.0	0.0	0.0	0.0	0.0	0.0
hgt	1227	GCA.003242675.1.Bacteria.Firmicutes.E	1969.33	0.0	984.665	2217.32	1721.34	0.0	0.0	1108.66
los	None	dead	0.0	0.0	0.0	0.0	0.0	0.0	0.0	0.0
dup	None	dead	0.0	0.0	0.0	0.0	0.0	0.0	0.0	0.0
hgt	1068	GCA.002428295.1.Bacteria.Caldisericota	1804.715	0.0	902.3575	2116.99	1492.44	0.0	0.0	1058.495
los	None	dead	0.0	0.0	0.0	0.0	0.0	0.0	0.0	0.0
hgt	1029	GCA.001777915.1.Bacteria.Edwardsbacteria	2083.06	0.0	1041.53	2346.25	1819.87	0.0	0.0	1173.125
los	None	dead	0.0	0.0	0.0	0.0	0.0	0.0	0.0	0.0
dup	1029	GCA.001777915.1.Bacteria.Edwardsbacteria	2083.06	0.0	1041.53	2346.25	1819.87	0.0	0.0	1173.125
hgt	None	dead	0.0	0.0	0.0	0.0	0.0	0.0	0.0	0.0
hgt	251	250	2078.43	1934.74	2006.585	2296.06	1860.8	2145.44	1724.04	2010.05
los	None	dead	0.0	0.0	0.0	0.0	0.0	0.0	0.0	0.0
spe	251	250	2078.43	1934.74	2006.585	2296.06	1860.8	2145.44	1724.04	2010.05
spe	250	249	1934.74	1808.655	1871.6975	2145.44	1724.04	2017.91	1599.4	1872.42
los	249	248	1808.655	1213.735	1511.195	2017.91	1599.4	1423.28	1004.19	1511.05
spe	249	245	1808.655	1720.98	1764.8175	2017.91	1599.4	1926.99	1514.97	1766.44
los	245	244	1720.98	1496.7	1608.84	1926.99	1514.97	1712.17	1281.23	1604.11
spe	245	241	1720.98	1559.885	1640.4325	1926.99	1514.97	1765.89	1353.88	1640.435
los	241	239	1559.885	1457.025	1508.455	1765.89	1353.88	1667.53	1246.52	1506.205
spe	250	236	1934.74	1769.81	1852.275	2145.44	1724.04	1996.52	1543.1	1844.27
hgt	None	dead	0.0	0.0	0.0	0.0	0.0	0.0	0.0	0.0
los	236	GCA.001800495.1.Bacteria.Elusimicrobiota	1769.81	0.0	884.905	1996.52	1543.1	0.0	0.0	998.26
hgt	669	GCA.002335385.1.Bacteria.Acidobacteriota	1836.34	0.0	918.17	2118.45	1554.23	0.0	0.0	1059.225
los	None	dead	0.0	0.0	0.0	0.0	0.0	0.0	0.0	0.0
hgt	None	dead	0.0	0.0	0.0	0.0	0.0	0.0	0.0	0.0
hgt	198	GCA.001871015.1.Bacteria.Desantisbacteria	2444.64	0.0	1222.32	2741.2	2148.08	0.0	0.0	1370.6
los	None	dead	0.0	0.0	0.0	0.0	0.0	0.0	0.0	0.0
hgt	None	dead	0.0	0.0	0.0	0.0	0.0	0.0	0.0	0.0
dup	None	dead	0.0	0.0	0.0	0.0	0.0	0.0	0.0	0.0
hgt	941	GCA.003477045.1.Bacteria.Delongbacteria	2334.605	0.0	1167.3025	2549.68	2119.53	0.0	0.0	1274.84
los	None	dead	0.0	0.0	0.0	0.0	0.0	0.0	0.0	0.0
hgt	107	GCA.001717025.1.Archaea.Thermoproteota	1874.74	0.0	937.37	2176.29	1573.19	0.0	0.0	1088.145
los	None	dead	0.0	0.0	0.0	0.0	0.0	0.0	0.0	0.0
