event	left_node	right_node	left_date	right_date	midpoint_date	left_date_lower	left_date_upper	right_date_lower	right_date_upper	midpoint_date_all
dup	515	514	2002.575	1851.4	1926.9875	2145.74	1859.41	1991.92	1710.88	1928.31
spe	515	514	2002.575	1851.4	1926.9875	2145.74	1859.41	1991.92	1710.88	1928.31
spe	514	436	1851.4	1731.205	1791.3025	1991.92	1710.88	1880.65	1581.76	1786.84
los	436	GCA.002722885.1.Bacteria.Proteobacteria	1731.205	0.0	865.6025	1880.65	1581.76	0.0	0.0	940.325
spe	436	435	1731.205	1539.415	1635.31	1880.65	1581.76	1697.37	1381.46	1631.055
spe	435	434	1539.415	1329.5	1434.4575	1697.37	1381.46	1502.98	1156.02	1426.695
hgt	832	GCA.002696345.1.Bacteria.Myxococcota	1622.625	0.0	811.3125	1826.38	1418.87	0.0	0.0	913.19
los	434	GCA.002898275.1.Bacteria.Proteobacteria	1329.5	0.0	664.75	1502.98	1156.02	0.0	0.0	751.49
hgt	612	GCF.003612015.1.Bacteria.Proteobacteria	1191.86	0.0	595.93	1341.59	1042.13	0.0	0.0	670.795
spe	514	513	1851.4	1786.09	1818.745	1991.92	1710.88	1924.53	1647.65	1819.785
spe	513	512	1786.09	1671.055	1728.5725	1924.53	1647.65	1813.33	1528.78	1726.655
los	512	511	1671.055	1589.625	1630.34	1813.33	1528.78	1731.04	1448.21	1630.77
spe	512	486	1671.055	1393.215	1532.135	1813.33	1528.78	1554.79	1231.64	1522.485
los	486	GCA.002721365.1.Bacteria.Proteobacteria	1393.215	0.0	696.6075	1554.79	1231.64	0.0	0.0	777.395
spe	513	483	1786.09	1736.705	1761.3975	1924.53	1647.65	1875.69	1597.72	1761.125
spe	483	482	1736.705	1642.38	1689.5425	1875.69	1597.72	1782.01	1502.75	1689.22
los	482	481	1642.38	1564.755	1603.5675	1782.01	1502.75	1703.88	1425.63	1603.82
spe	482	458	1642.38	1513.53	1577.955	1782.01	1502.75	1663.43	1363.63	1572.82
los	458	GCA.002340345.1.Bacteria.Proteobacteria	1513.53	0.0	756.765	1663.43	1363.63	0.0	0.0	831.715
spe	458	456	1513.53	1329.135	1421.3325	1663.43	1363.63	1490.23	1168.04	1415.735
los	456	455	1329.135	974.476	1151.8055	1490.23	1168.04	1138.43	810.522	1150.376
hgt	746	GCA.002238965.1.Bacteria.UBA8248	2036.715	0.0	1018.3575	2336.38	1737.05	0.0	0.0	1168.19
spe	483	447	1736.705	1590.07	1663.3875	1875.69	1597.72	1734.74	1445.4	1660.545
los	447	439	1590.07	1430.985	1510.5275	1734.74	1445.4	1588.14	1273.83	1504.285
hgt	None	dead	0.0	0.0	0.0	0.0	0.0	0.0	0.0	0.0
hgt	794	GCA.003161515.1.Bacteria.Desulfobacterota.B	1455.87	0.0	727.935	1673.56	1238.18	0.0	0.0	836.78
los	None	dead	0.0	0.0	0.0	0.0	0.0	0.0	0.0	0.0
hgt	None	dead	0.0	0.0	0.0	0.0	0.0	0.0	0.0	0.0
hgt	489	GCA.002348365.1.Bacteria.Proteobacteria	1225.83	0.0	612.915	1388.27	1063.39	0.0	0.0	694.135
los	None	dead	0.0	0.0	0.0	0.0	0.0	0.0	0.0	0.0
spe	447	446	1590.07	1389.555	1489.8125	1734.74	1445.4	1543.03	1236.08	1485.41
spe	446	445	1389.555	1267.47	1328.5125	1543.03	1236.08	1430.96	1103.98	1323.505
los	445	GCA.002717225.1.Bacteria.Proteobacteria	1267.47	0.0	633.735	1430.96	1103.98	0.0	0.0	715.48
spe	445	444	1267.47	1089.937	1178.7035	1430.96	1103.98	1263.85	916.024	1173.492
los	444	GCA.002686135.1.Bacteria.Proteobacteria	1089.937	0.0	544.9685	1263.85	916.024	0.0	0.0	631.925
spe	515	514	2002.575	1851.4	1926.9875	2145.74	1859.41	1991.92	1710.88	1928.31
spe	514	436	1851.4	1731.205	1791.3025	1991.92	1710.88	1880.65	1581.76	1786.84
hgt	None	dead	0.0	0.0	0.0	0.0	0.0	0.0	0.0	0.0
los	436	435	1731.205	1539.415	1635.31	1880.65	1581.76	1697.37	1381.46	1631.055
hgt	796	GCA.002238415.1.Bacteria.Desulfobacterota.B	1757.055	0.0	878.5275	1958.83	1555.28	0.0	0.0	979.415
hgt	498	GCA.002731375.1.Bacteria.Proteobacteria	1143.1505	0.0	571.57525	1299.85	986.451	0.0	0.0	649.925
los	None	dead	0.0	0.0	0.0	0.0	0.0	0.0	0.0	0.0
hgt	861	GCA.001304105.1.Bacteria.Desulfobacterota	1645.455	0.0	822.7275	1870.52	1420.39	0.0	0.0	935.26
hgt	1166	1165	1472.335	1325.685	1399.01	1697.69	1246.98	1549.4	1101.97	1399.83
spe	1166	1165	1472.335	1325.685	1399.01	1697.69	1246.98	1549.4	1101.97	1399.83
spe	1165	1155	1325.685	1195.766	1260.7255	1549.4	1101.97	1415.51	976.022	1262.711
los	1155	1154	1195.766	907.0585	1051.41225	1415.51	976.022	1120.3	693.817	1054.6635
spe	1165	1164	1325.685	1172.8835	1249.28425	1549.4	1101.97	1391.91	953.857	1251.6285
los	1164	1163	1172.8835	995.9815	1084.4325	1391.91	953.857	1205.77	786.193	1089.0515
spe	1164	1160	1172.8835	1016.58	1094.73175	1391.91	953.857	1228.58	804.58	1098.245
los	1160	GCF.000015025.1.Bacteria.Actinobacteriota	1016.58	0.0	508.29	1228.58	804.58	0.0	0.0	614.29
spe	1160	1158	1016.58	905.248	960.914	1228.58	804.58	1113.91	696.586	962.583
los	1158	GCF.900106035.1.Bacteria.Actinobacteriota	905.248	0.0	452.624	1113.91	696.586	0.0	0.0	556.955
hgt	None	dead	0.0	0.0	0.0	0.0	0.0	0.0	0.0	0.0
hgt	598	GCA.002292285.1.Bacteria.Proteobacteria	904.2135	0.0	452.10675	1071.01	737.417	0.0	0.0	535.505
los	None	dead	0.0	0.0	0.0	0.0	0.0	0.0	0.0	0.0
dup	436	GCA.002722885.1.Bacteria.Proteobacteria	1731.205	0.0	865.6025	1880.65	1581.76	0.0	0.0	940.325
hgt	796	GCA.002238415.1.Bacteria.Desulfobacterota.B	1757.055	0.0	878.5275	1958.83	1555.28	0.0	0.0	979.415
spe	514	513	1851.4	1786.09	1818.745	1991.92	1710.88	1924.53	1647.65	1819.785
spe	513	512	1786.09	1671.055	1728.5725	1924.53	1647.65	1813.33	1528.78	1726.655
los	512	486	1671.055	1393.215	1532.135	1813.33	1528.78	1554.79	1231.64	1522.485
spe	512	511	1671.055	1589.625	1630.34	1813.33	1528.78	1731.04	1448.21	1630.77
los	511	510	1589.625	1517.685	1553.655	1731.04	1448.21	1658.83	1376.54	1553.79
spe	511	489	1589.625	1225.83	1407.7275	1731.04	1448.21	1388.27	1063.39	1397.215
los	489	GCA.002701885.1.Bacteria.Proteobacteria	1225.83	0.0	612.915	1388.27	1063.39	0.0	0.0	694.135
spe	513	483	1786.09	1736.705	1761.3975	1924.53	1647.65	1875.69	1597.72	1761.125
los	483	447	1736.705	1590.07	1663.3875	1875.69	1597.72	1734.74	1445.4	1660.545
spe	483	482	1736.705	1642.38	1689.5425	1875.69	1597.72	1782.01	1502.75	1689.22
spe	482	458	1642.38	1513.53	1577.955	1782.01	1502.75	1663.43	1363.63	1572.82
los	458	GCA.002340345.1.Bacteria.Proteobacteria	1513.53	0.0	756.765	1663.43	1363.63	0.0	0.0	831.715
spe	458	456	1513.53	1329.135	1421.3325	1663.43	1363.63	1490.23	1168.04	1415.735
los	456	GCF.002148795.1.Bacteria.Proteobacteria	1329.135	0.0	664.5675	1490.23	1168.04	0.0	0.0	745.115
spe	456	455	1329.135	974.476	1151.8055	1490.23	1168.04	1138.43	810.522	1150.376
los	455	454	974.476	839.502	906.989	1138.43	810.522	1000.07	678.934	908.682
spe	482	481	1642.38	1564.755	1603.5675	1782.01	1502.75	1703.88	1425.63	1603.82
los	481	480	1564.755	1431.52	1498.1375	1703.88	1425.63	1580.99	1282.05	1492.965
spe	481	469	1564.755	1451.305	1508.03	1703.88	1425.63	1594.82	1307.79	1505.835
los	469	463	1451.305	1313.945	1382.625	1594.82	1307.79	1461.65	1166.24	1380.53
spe	469	468	1451.305	1270.185	1360.745	1594.82	1307.79	1420.59	1119.78	1357.3
spe	468	467	1270.185	1108.71	1189.4475	1420.59	1119.78	1267.07	950.35	1185.47
hgt	486	GCA.002721365.1.Bacteria.Proteobacteria	1393.215	0.0	696.6075	1554.79	1231.64	0.0	0.0	777.395
los	467	GCA.002291925.1.Bacteria.Proteobacteria	1108.71	0.0	554.355	1267.07	950.35	0.0	0.0	633.535
hgt	574	GCF.000374645.1.Bacteria.Proteobacteria	1374.275	0.0	687.1375	1546.58	1201.97	0.0	0.0	773.29
