event	left_node	right_node	left_date	right_date	midpoint_date
spe	1726	1725	3785.015	3734.58	3759.7975
hgt	None	dead	0.0	0.0	0.0
hgt	930	GCA.002449765.1.Bacteria.Fibrobacterota	1430.65	0.0	715.325
los	None	dead	0.0	0.0	0.0
spe	1725	1393	3734.58	3594.23	3664.405
spe	1393	1392	3594.23	3486.295	3540.2625
los	1392	1391	3486.295	3193.865	3340.08
spe	1392	1188	3486.295	3139.205	3312.75
los	1188	GCA.002779205.1.Bacteria.Actinobacteriota	3139.205	0.0	1569.6025
spe	1188	1187	3139.205	3067.16	3103.1825
los	1187	1133	3067.16	2467.96	2767.56
spe	1187	1186	3067.16	2936.225	3001.6925
los	1186	1136	2936.225	2376.455	2656.34
spe	1186	1185	2936.225	2773.915	2855.07
los	1185	1184	2773.915	2619.05	2696.4825
spe	1185	1169	2773.915	2396.405	2585.16
los	1169	1145	2396.405	2028.235	2212.32
spe	1169	1168	2396.405	2301.295	2348.85
spe	1168	1148	2301.295	1851.865	2076.58
los	1148	GCA.003021615.1.Bacteria.Actinobacteriota	1851.865	0.0	925.9325
spe	1168	1167	2301.295	2105.28	2203.2875
los	1167	GCA.002413185.1.Bacteria.Actinobacteriota	2105.28	0.0	1052.64
dup	1167	1166	2105.28	1472.335	1788.8075
spe	1167	1166	2105.28	1472.335	1788.8075
los	1166	GCF.004348535.1.Bacteria.Actinobacteriota	1472.335	0.0	736.1675
spe	1166	1165	1472.335	1325.685	1399.01
spe	1165	1164	1325.685	1172.8835	1249.28425
los	1164	1163	1172.8835	995.9815	1084.4325
spe	1164	1160	1172.8835	1016.58	1094.73175
los	1160	1158	1016.58	905.248	960.914
spe	1165	1155	1325.685	1195.766	1260.7255
los	1155	1154	1195.766	907.0585	1051.41225
spe	1167	1166	2105.28	1472.335	1788.8075
spe	1166	1165	1472.335	1325.685	1399.01
spe	1165	1155	1325.685	1195.766	1260.7255
los	1155	GCF.003443735.1.Bacteria.Actinobacteriota	1195.766	0.0	597.883
spe	1155	1154	1195.766	907.0585	1051.41225
los	1154	GCF.001591405.1.Bacteria.Actinobacteria	907.0585	0.0	453.52925
spe	1165	1164	1325.685	1172.8835	1249.28425
spe	1164	1163	1172.8835	995.9815	1084.4325
los	1163	GCA.001437855.1.Bacteria.Actinobacteriota	995.9815	0.0	497.99075
spe	1164	1160	1172.8835	1016.58	1094.73175
los	1160	GCF.000015025.1.Bacteria.Actinobacteriota	1016.58	0.0	508.29
spe	1160	1158	1016.58	905.248	960.914
spe	1393	1129	3594.23	3343.055	3468.6425
spe	1129	1128	3343.055	3162.27	3252.6625
spe	1128	1127	3162.27	3047.3	3104.785
hgt	None	dead	0.0	0.0	0.0
los	1127	1126	3047.3	2827.62	2937.46
hgt	692	GCA.003140235.1.Bacteria.Acidobacteriota	1141.9465	0.0	570.97325
los	None	dead	0.0	0.0	0.0
spe	1127	1113	3047.3	2606.93	2827.115
los	1113	1112	2606.93	2167.595	2387.2625
spe	1113	1109	2606.93	2159.355	2383.1425
spe	1109	1108	2159.355	1806.035	1982.695
los	1108	GCA.002431715.1.Bacteria.Armatimonadota	1806.035	0.0	903.0175
spe	1108	1106	1806.035	1668.05	1737.0425
los	1106	GCA.003134215.1.Bacteria.Armatimonadota	1668.05	0.0	834.025
hgt	1045	1044	3272.33	3049.955	3161.1425
los	1128	GCA.002898935.1.Bacteria.CSP1.3	3162.27	0.0	1581.135
spe	1045	1044	3272.33	3049.955	3161.1425
spe	1044	936	3049.955	2851.625	2950.79
los	936	935	2851.625	2109.88	2480.7525
spe	936	926	2851.625	2372.335	2611.98
los	926	GCA.001780825.1.Bacteria.Gemmatimonadota	2372.335	0.0	1186.1675
spe	926	924	2372.335	1862.1	2117.2175
dup	924	GCA.003221825.1.Bacteria.Gemmatimonadota	1862.1	0.0	931.05
spe	1044	1043	3049.955	2969.625	3009.79
spe	1043	1011	2969.625	2792.03	2880.8275
hgt	None	dead	0.0	0.0	0.0
los	1011	1010	2792.03	2582.8	2687.415
hgt	702	GCA.003223635.1.Bacteria.Acidobacteriota	1354.27	0.0	677.135
los	None	dead	0.0	0.0	0.0
spe	1011	997	2792.03	2552.125	2672.0775
spe	997	996	2552.125	2456.91	2504.5175
los	996	995	2456.91	2248.605	2352.7575
spe	996	984	2456.91	2373.56	2415.235
los	984	950	2373.56	1900.505	2137.0325
spe	984	983	2373.56	2181.175	2277.3675
los	983	982	2181.175	1930.625	2055.9
spe	983	967	2181.175	1840.425	2010.8
los	967	966	1840.425	1461.28	1650.8525
hgt	None	dead	0.0	0.0	0.0
los	997	941	2552.125	2334.605	2443.365
hgt	48	GCA.003009755.1.Archaea.Thermoplasmatota	1954.89	0.0	977.445
los	None	dead	0.0	0.0	0.0
hgt	None	dead	0.0	0.0	0.0
dup	None	dead	0.0	0.0	0.0
hgt	840	839	2199.32	2107.47	2153.395
los	None	dead	0.0	0.0	0.0
spe	840	839	2199.32	2107.47	2153.395
spe	839	838	2107.47	1933.55	2020.51
los	838	837	1933.55	1633.315	1783.4325
spe	838	834	1933.55	1863.715	1898.6325
los	834	GCA.001798605.1.Bacteria.Myxococcota	1863.715	0.0	931.8575
spe	834	832	1863.715	1622.625	1743.17
los	832	GCA.002696345.1.Bacteria.Myxococcota	1622.625	0.0	811.3125
spe	839	829	2107.47	2062.825	2085.1475
los	829	828	2062.825	1800.295	1931.56
spe	829	817	2062.825	1903.64	1983.2325
spe	817	816	1903.64	1355.92	1629.78
los	816	GCA.002724675.1.Bacteria.Myxococcota.A	1355.92	0.0	677.96
spe	817	813	1903.64	1756.665	1830.1525
los	813	807	1756.665	1533.145	1644.905
spe	813	812	1756.665	1631.73	1694.1975
los	812	GCA.002863065.1.Bacteria.Myxococcota	1631.73	0.0	815.865
spe	812	811	1631.73	1440.74	1536.235
los	811	GCA.002726535.1.Bacteria.Myxococcota	1440.74	0.0	720.37
hgt	1720	1719	2606.555	2498.57	2552.5625
los	None	dead	0.0	0.0	0.0
spe	1720	1719	2606.555	2498.57	2552.5625
spe	1719	1718	2498.57	2360.855	2429.7125
spe	1718	1717	2360.855	2145.98	2253.4175
los	1717	1716	2145.98	1755.0	1950.49
spe	1718	1704	2360.855	2247.23	2304.0425
los	1704	1672	2247.23	2002.185	2124.7075
spe	1704	1703	2247.23	2155.655	2201.4425
spe	1703	1679	2155.655	1829.33	1992.4925
spe	1679	1678	1829.33	892.4805	1360.90525
los	1678	1676	892.4805	250.8965	571.6885
spe	1703	1702	2155.655	2083.6	2119.6275
dup	1702	1701	2083.6	2042.11	2062.855
spe	1702	1701	2083.6	2042.11	2062.855
los	1701	1700	2042.11	1961.585	2001.8475
spe	1701	1685	2042.11	1873.315	1957.7125
los	1685	1684	1873.315	1661.66	1767.4875
dup	1702	1701	2083.6	2042.11	2062.855
spe	1702	1701	2083.6	2042.11	2062.855
spe	1701	1685	2042.11	1873.315	1957.7125
los	1685	GCF.000018105.1.Bacteria.Cyanobacteria	1873.315	0.0	936.6575
spe	1685	1684	1873.315	1661.66	1767.4875
los	1684	GCA.001698445.1.Bacteria.Cyanobacteria	1661.66	0.0	830.83
spe	1701	1700	2042.11	1961.585	2001.8475
spe	1700	1699	1961.585	1903.88	1932.7325
los	1699	GCF.000317045.1.Bacteria.Cyanobacteria	1903.88	0.0	951.94
spe	1699	1698	1903.88	1614.145	1759.0125
los	1698	1692	1614.145	178.9818	896.5634
spe	1698	1697	1614.145	1294.515	1454.33
spe	1697	1695	1294.515	878.0175	1086.26625
los	1695	Nostoc.sp.PCC7120	878.0175	0.0	439.00875
spe	1700	1688	1961.585	1636.375	1798.98
hgt	1672	GCF.002251945.1.Bacteria.Cyanobacteria	2002.185	0.0	1001.0925
spe	1702	1701	2083.6	2042.11	2062.855
spe	1701	1700	2042.11	1961.585	2001.8475
los	1700	1688	1961.585	1636.375	1798.98
spe	1700	1699	1961.585	1903.88	1932.7325
los	1699	1698	1903.88	1614.145	1759.0125
spe	1701	1685	2042.11	1873.315	1957.7125
los	1685	GCF.000018105.1.Bacteria.Cyanobacteria	1873.315	0.0	936.6575
spe	1685	1684	1873.315	1661.66	1767.4875
los	1684	GCF.000316115.1.Bacteria.Cyanobacteria	1661.66	0.0	830.83
spe	1043	1042	2969.625	2835.45	2902.5375
spe	1042	1022	2835.45	2605.7	2720.575
los	1022	1016	2605.7	2392.195	2498.9475
spe	1022	1021	2605.7	2221.035	2413.3675
los	1021	GCA.002686915.1.Bacteria.ARS69	2221.035	0.0	1110.5175
spe	1021	1020	2221.035	1634.295	1927.665
los	1020	GCA.003235575.1.Bacteria.Eisenbacteria	1634.295	0.0	817.1475
spe	1042	1041	2835.45	2693.13	2764.29
los	1041	1040	2693.13	2564.675	2628.9025
spe	1129	1101	3343.055	3191.295	3267.175
spe	1101	1099	3191.295	2899.85	3045.5725
los	1099	GCA.900313515.1.Bacteria.Eremiobacterota	2899.85	0.0	1449.925
spe	1099	1098	2899.85	1723.505	2311.6775
los	1098	GCA.003244105.1.Bacteria.Eremiobacterota	1723.505	0.0	861.7525
hgt	711	GCA.001664505.1.Bacteria.Acidobacteriota	1902.735	0.0	951.3675
hgt	1021	GCA.002686915.1.Bacteria.ARS69	2221.035	0.0	1110.5175
los	1101	GCA.002410925.1.Bacteria.UBP13	3191.295	0.0	1595.6475
hgt	None	dead	0.0	0.0	0.0
spe	1725	1724	3734.58	3628.125	3681.3525
spe	1724	1642	3628.125	3541.065	3584.595
hgt	None	dead	0.0	0.0	0.0
los	1642	1641	3541.065	3197.795	3369.43
hgt	265	GCA.003290465.1.Bacteria.Sumerlaeota	1973.575	0.0	986.7875
los	None	dead	0.0	0.0	0.0
hgt	None	dead	0.0	0.0	0.0
hgt	804	GCA.003247575.1.Bacteria.Myxococcota.A	2020.19	0.0	1010.095
los	None	dead	0.0	0.0	0.0
hgt	None	dead	0.0	0.0	0.0
hgt	None	dead	0.0	0.0	0.0
hgt	807	GCA.002789955.1.Bacteria.Myxococcota	1533.145	0.0	766.5725
los	None	dead	0.0	0.0	0.0
hgt	None	dead	0.0	0.0	0.0
dup	None	dead	0.0	0.0	0.0
hgt	350	GCA.003509045.1.Bacteria.Planctomycetota	1516.925	0.0	758.4625
los	None	dead	0.0	0.0	0.0
hgt	651	650	2255.845	2166.365	2211.105
los	None	dead	0.0	0.0	0.0
spe	651	650	2255.845	2166.365	2211.105
spe	650	649	2166.365	2098.245	2132.305
los	649	543	2098.245	1931.665	2014.955
spe	649	648	2098.245	2024.465	2061.355
los	648	562	2024.465	1860.4	1942.4325
spe	648	647	2024.465	1945.285	1984.875
los	647	571	1945.285	1781.46	1863.3725
spe	647	646	1945.285	1897.835	1921.56
spe	646	645	1897.835	1829.485	1863.66
los	645	644	1829.485	1683.9	1756.6925
spe	645	631	1829.485	1750.855	1790.17
los	631	630	1750.855	1615.545	1683.2
spe	631	603	1750.855	1669.485	1710.17
los	603	GCA.002085445.1.Bacteria.Proteobacteria	1669.485	0.0	834.7425
spe	603	602	1669.485	1587.075	1628.28
spe	602	592	1587.075	1273.13	1430.1025
los	592	GCF.001720165.1.Bacteria.Proteobacteria	1273.13	0.0	636.565
spe	602	601	1587.075	1425.555	1506.315
los	601	595	1425.555	1214.005	1319.78
spe	601	600	1425.555	1212.31	1318.9325
los	600	598	1212.31	904.2135	1058.26175
spe	646	588	1897.835	1783.48	1840.6575
hgt	711	GCA.001664505.1.Bacteria.Acidobacteriota	1902.735	0.0	951.3675
los	588	576	1783.48	1633.525	1708.5025
spe	588	587	1783.48	1406.63	1595.055
hgt	552	GCF.001614315.2.Bacteria.Proteobacteria	1397.305	0.0	698.6525
los	587	586	1406.63	1290.345	1348.4875
spe	587	581	1406.63	1247.6	1327.115
los	581	579	1247.6	971.347	1109.4735
spe	650	536	2166.365	1887.95	2027.1575
hgt	768	GCA.001798715.1.Bacteria.UBA10199	1764.5	0.0	882.25
los	536	GCF.900111015.1.Bacteria.Proteobacteria	1887.95	0.0	943.975
spe	1642	1478	3541.065	3264.47	3402.7675
spe	1478	1396	3264.47	2089.7	2677.085
los	1396	GCA.003151665.1.Bacteria.Dormibacterota	2089.7	0.0	1044.85
spe	1478	1477	3264.47	3024.12	3144.295
spe	1477	1476	3024.12	2783.015	2903.5675
hgt	None	dead	0.0	0.0	0.0
los	1476	1454	2783.015	2214.935	2498.975
hgt	697	GCA.003222815.1.Bacteria.Acidobacteriota	1651.7	0.0	825.85
los	None	dead	0.0	0.0	0.0
spe	1476	1475	2783.015	2647.025	2715.02
los	1475	1463	2647.025	2401.705	2524.365
spe	1475	1474	2647.025	2497.34	2572.1825
spe	1474	1470	2497.34	2147.93	2322.635
los	1470	GCF.000025005.1.Bacteria.Chloroflexota	2147.93	0.0	1073.965
spe	1470	1469	2147.93	1964.555	2056.2425
los	1469	1467	1964.555	1808.245	1886.4
spe	1474	1473	2497.34	1423.81	1960.575
hgt	None	dead	0.0	0.0	0.0
los	1477	1431	3024.12	2678.945	2851.5325
hgt	829	828	2062.825	1800.295	1931.56
los	None	dead	0.0	0.0	0.0
dup	829	828	2062.825	1800.295	1931.56
spe	829	828	2062.825	1800.295	1931.56
hgt	1178	1177	1673.74	1440.505	1557.1225
los	828	GCA.002699025.1.Bacteria.Myxococcota	1800.295	0.0	900.1475
spe	1178	1177	1673.74	1440.505	1557.1225
spe	828	827	1800.295	1682.675	1741.485
spe	827	821	1682.675	1480.98	1581.8275
los	821	GCA.002841825.1.Bacteria.Myxococcota	1480.98	0.0	740.49
spe	827	826	1682.675	1516.045	1599.36
los	826	GCA.002747355.1.Bacteria.Myxococcota	1516.045	0.0	758.0225
spe	826	825	1516.045	1214.79	1365.4175
hgt	1169	1145	2396.405	2028.235	2212.32
spe	829	828	2062.825	1800.295	1931.56
los	828	827	1800.295	1682.675	1741.485
spe	1169	1145	2396.405	2028.235	2212.32
spe	1145	1143	2028.235	1828.16	1928.1975
dup	1143	1141	1828.16	1437.0	1632.58
spe	1143	1141	1828.16	1437.0	1632.58
los	1141	GCA.003140175.1.Bacteria.Actinobacteriota	1437.0	0.0	718.5
spe	1141	1140	1437.0	1211.153	1324.0765
los	1140	GCA.003162395.1.Bacteria.Actinobacteriota	1211.153	0.0	605.5765
spe	1143	1141	1828.16	1437.0	1632.58
spe	1141	1140	1437.0	1211.153	1324.0765
los	1140	GCA.002722565.1.Bacteria.Actinobacteriota	1211.153	0.0	605.5765
hgt	1469	1467	1964.555	1808.245	1886.4
los	None	dead	0.0	0.0	0.0
spe	1469	1467	1964.555	1808.245	1886.4
spe	1724	1723	3628.125	3473.32	3550.7225
los	1723	1657	3473.32	3302.405	3387.8625
spe	1723	1722	3473.32	3258.43	3365.875
los	1722	1721	3258.43	3170.865	3214.6475
spe	1722	1664	3258.43	2797.97	3028.2
spe	1664	1663	2797.97	2468.245	2633.1075
los	1663	GCA.001784555.1.Bacteria.Cyanobacteria	2468.245	0.0	1234.1225
spe	1664	1660	2797.97	2420.975	2609.4725
hgt	1226	GCA.003242195.1.Bacteria.Firmicutes.E	1819.185	0.0	909.5925
los	1660	GCA.900313115.1.Bacteria.Cyanobacteria	2420.975	0.0	1210.4875
hgt	477	GCA.001897475.1.Bacteria.Proteobacteria	981.752	0.0	490.876
hgt	1154	GCF.001591405.1.Bacteria.Actinobacteria	907.0585	0.0	453.52925
dup	None	dead	0.0	0.0	0.0
hgt	767	GCA.002796325.1.Bacteria.UBA10199	1602.15	0.0	801.075
los	None	dead	0.0	0.0	0.0
hgt	316	308	2994.185	2526.01	2760.0975
los	None	dead	0.0	0.0	0.0
spe	316	308	2994.185	2526.01	2760.0975
spe	308	307	2526.01	2412.955	2469.4825
los	307	306	2412.955	1867.71	2140.3325
spe	307	297	2412.955	2134.445	2273.7
los	297	296	2134.445	1549.515	1841.98
spe	297	293	2134.445	1839.63	1987.0375
los	293	GCA.003246265.1.Bacteria.Verrucomicrobiota	1839.63	0.0	919.815
dup	293	GCA.002429065.1.Bacteria.Verrucomicrobiota	1839.63	0.0	919.815
spe	308	290	2526.01	2118.335	2322.1725
spe	290	289	2118.335	1953.23	2035.7825
los	289	GCA.002708005.1.Bacteria.Verrucomicrobiota	1953.23	0.0	976.615
spe	289	288	1953.23	1656.495	1804.8625
los	288	GCA.002323895.1.Bacteria.Verrucomicrobiota	1656.495	0.0	828.2475
hgt	967	966	1840.425	1461.28	1650.8525
los	290	284	2118.335	1761.175	1939.755
spe	967	966	1840.425	1461.28	1650.8525
hgt	775	GCA.001797335.1.Bacteria.Bdellovibrionota.E	1870.575	0.0	935.2875
spe	966	965	1461.28	1235.75	1348.515
spe	965	964	1235.75	1085.5365	1160.64325
los	964	GCA.002483345.1.Bacteria.Bacteroidota	1085.5365	0.0	542.76825
spe	964	963	1085.5365	962.706	1024.12125
los	963	GCF.900116225.1.Bacteria.Bacteroidota	962.706	0.0	481.353
spe	963	962	962.706	817.4985	890.10225
los	962	GCA.002455375.1.Bacteria.Bacteroidota	817.4985	0.0	408.74925
spe	962	961	817.4985	672.025	744.76175
los	961	GCF.900489485.1.Bacteria.Bacteroidota	672.025	0.0	336.0125
spe	965	955	1235.75	1094.6025	1165.17625
los	955	GCA.001769655.1.Bacteria.Bacteroidota	1094.6025	0.0	547.30125
