event	left_node	right_node	left_date	right_date	midpoint_date
hgt	None	dead	0.0	0.0	0.0
dup	None	dead	0.0	0.0	0.0
hgt	390	GCA.002780065.1.Bacteria.UBA8481	3128.085	0.0	1564.0425
los	None	dead	0.0	0.0	0.0
hgt	334	GCA.002338715.1.Bacteria.Planctomycetota	1433.42	0.0	716.71
los	None	dead	0.0	0.0	0.0
hgt	None	dead	0.0	0.0	0.0
hgt	853	GCA.003232385.1.Bacteria.SZUA.79	2065.005	0.0	1032.5025
los	None	dead	0.0	0.0	0.0
spe	1642	1478	3541.065	3264.47	3402.7675
spe	1478	1396	3264.47	2089.7	2677.085
los	1396	GCA.003244045.1.Bacteria.Dormibacterota	2089.7	0.0	1044.85
spe	1478	1477	3264.47	3024.12	3144.295
dup	1477	1476	3024.12	2783.015	2903.5675
hgt	None	dead	0.0	0.0	0.0
dup	None	dead	0.0	0.0	0.0
hgt	816	GCA.002724675.1.Bacteria.Myxococcota.A	1355.92	0.0	677.96
los	None	dead	0.0	0.0	0.0
hgt	741	GCA.003220615.1.Bacteria.Methylomirabilota	2099.065	0.0	1049.5325
los	None	dead	0.0	0.0	0.0
hgt	None	dead	0.0	0.0	0.0
hgt	699	698	2165.445	1924.625	2045.035
los	None	dead	0.0	0.0	0.0
spe	699	698	2165.445	1924.625	2045.035
spe	698	686	1924.625	1699.78	1812.2025
los	686	GCA.002451015.1.Bacteria.Acidobacteriota	1699.78	0.0	849.89
spe	686	684	1699.78	1325.86	1512.82
los	684	GCA.003223975.1.Bacteria.Acidobacteriota	1325.86	0.0	662.93
spe	698	697	1924.625	1651.7	1788.1625
spe	697	696	1651.7	1431.15	1541.425
hgt	None	dead	0.0	0.0	0.0
hgt	692	GCA.003140235.1.Bacteria.Acidobacteriota	1141.9465	0.0	570.97325
los	None	dead	0.0	0.0	0.0
spe	696	695	1431.15	1321.86	1376.505
los	695	GCA.003131705.1.Bacteria.Acidobacteriota	1321.86	0.0	660.93
spe	695	694	1321.86	1248.195	1285.0275
spe	694	692	1248.195	1141.9465	1195.07075
los	692	GCA.003140235.1.Bacteria.Acidobacteriota	1141.9465	0.0	570.97325
dup	1477	1476	3024.12	2783.015	2903.5675
hgt	None	dead	0.0	0.0	0.0
hgt	276	275	3119.885	2878.805	2999.345
los	None	dead	0.0	0.0	0.0
spe	276	275	3119.885	2878.805	2999.345
spe	275	274	2878.805	2118.375	2498.59
los	274	GCA.000406005.1.Bacteria.Poribacteria	2118.375	0.0	1059.1875
spe	1477	1476	3024.12	2783.015	2903.5675
los	1476	1475	2783.015	2647.025	2715.02
spe	1476	1454	2783.015	2214.935	2498.975
los	1454	1446	2214.935	1960.08	2087.5075
hgt	None	dead	0.0	0.0	0.0
hgt	1116	GCA.002898575.1.Bacteria.Armatimonadota	2382.81	0.0	1191.405
los	None	dead	0.0	0.0	0.0
spe	1454	1453	2214.935	2115.485	2165.21
los	1453	1452	2115.485	1623.74	1869.6125
spe	1453	1449	2115.485	1891.395	2003.44
los	1449	GCA.002366595.1.Bacteria.Chloroflexota	1891.395	0.0	945.6975
spe	1477	1476	3024.12	2783.015	2903.5675
spe	1476	1475	2783.015	2647.025	2715.02
los	1475	1463	2647.025	2401.705	2524.365
spe	1475	1474	2647.025	2497.34	2572.1825
los	1474	1470	2497.34	2147.93	2322.635
spe	1474	1473	2497.34	1423.81	1960.575
spe	1476	1454	2783.015	2214.935	2498.975
spe	1454	1453	2214.935	2115.485	2165.21
los	1453	1452	2115.485	1623.74	1869.6125
spe	1453	1449	2115.485	1891.395	2003.44
los	1449	GCA.002400365.1.Bacteria.Chloroflexota	1891.395	0.0	945.6975
spe	1454	1446	2214.935	1960.08	2087.5075
spe	1446	1440	1960.08	1813.195	1886.6375
hgt	None	dead	0.0	0.0	0.0
los	1440	1439	1813.195	1555.635	1684.415
hgt	1128	GCA.002898935.1.Bacteria.CSP1.3	3162.27	0.0	1581.135
los	None	dead	0.0	0.0	0.0
hgt	None	dead	0.0	0.0	0.0
los	1446	1445	1960.08	1742.485	1851.2825
hgt	797	796	1933.19	1757.055	1845.1225
los	None	dead	0.0	0.0	0.0
spe	797	796	1933.19	1757.055	1845.1225
spe	796	795	1757.055	1569.94	1663.4975
los	795	791	1569.94	1320.57	1445.255
spe	795	794	1569.94	1455.87	1512.905
los	794	GCA.001798565.1.Bacteria.Desulfobacterota.B	1455.87	0.0	727.935
hgt	None	dead	0.0	0.0	0.0
hgt	None	dead	0.0	0.0	0.0
hgt	1177	GCA.003138355.1.Bacteria.Actinobacteriota	1440.505	0.0	720.2525
los	None	dead	0.0	0.0	0.0
dup	1177	GCA.003138355.1.Bacteria.Actinobacteriota	1440.505	0.0	720.2525
spe	1477	1476	3024.12	2783.015	2903.5675
spe	1476	1475	2783.015	2647.025	2715.02
los	1475	1463	2647.025	2401.705	2524.365
hgt	None	dead	0.0	0.0	0.0
spe	1475	1474	2647.025	2497.34	2572.1825
los	1474	1473	2497.34	1423.81	1960.575
spe	1474	1470	2497.34	2147.93	2322.635
los	1470	GCF.000025005.1.Bacteria.Chloroflexota	2147.93	0.0	1073.965
spe	1470	1469	2147.93	1964.555	2056.2425
los	1469	GCA.001898225.1.Bacteria.Chloroflexota	1964.555	0.0	982.2775
spe	1469	1467	1964.555	1808.245	1886.4
hgt	841	840	2397.295	2199.32	2298.3075
los	None	dead	0.0	0.0	0.0
spe	841	840	2397.295	2199.32	2298.3075
spe	840	804	2199.32	2020.19	2109.755
los	804	GCA.003247575.1.Bacteria.Myxococcota.A	2020.19	0.0	1010.095
dup	840	839	2199.32	2107.47	2153.395
spe	840	839	2199.32	2107.47	2153.395
spe	839	838	2107.47	1933.55	2020.51
los	838	834	1933.55	1863.715	1898.6325
spe	838	837	1933.55	1633.315	1783.4325
los	837	GCA.002309015.1.Bacteria.Myxococcota	1633.315	0.0	816.6575
dup	837	GCA.001768075.1.Bacteria.Myxococcota	1633.315	0.0	816.6575
hgt	None	dead	0.0	0.0	0.0
hgt	1168	1148	2301.295	1851.865	2076.58
los	None	dead	0.0	0.0	0.0
spe	1168	1148	2301.295	1851.865	2076.58
spe	839	829	2107.47	2062.825	2085.1475
spe	829	817	2062.825	1903.64	1983.2325
los	817	816	1903.64	1355.92	1629.78
hgt	None	dead	0.0	0.0	0.0
spe	817	813	1903.64	1756.665	1830.1525
los	813	812	1756.665	1631.73	1694.1975
spe	813	807	1756.665	1533.145	1644.905
los	807	GCA.002789955.1.Bacteria.Myxococcota	1533.145	0.0	766.5725
dup	None	dead	0.0	0.0	0.0
hgt	825	GCA.002344285.1.Bacteria.Myxococcota	1214.79	0.0	607.395
los	None	dead	0.0	0.0	0.0
hgt	832	GCA.002721815.1.Bacteria.Myxococcota	1622.625	0.0	811.3125
los	None	dead	0.0	0.0	0.0
spe	829	828	2062.825	1800.295	1931.56
spe	828	827	1800.295	1682.675	1741.485
spe	827	826	1682.675	1516.045	1599.36
los	826	GCA.002747355.1.Bacteria.Myxococcota	1516.045	0.0	758.0225
spe	826	825	1516.045	1214.79	1365.4175
los	825	GCA.002344285.1.Bacteria.Myxococcota	1214.79	0.0	607.395
spe	827	821	1682.675	1480.98	1581.8275
los	821	GCA.002841825.1.Bacteria.Myxococcota	1480.98	0.0	740.49
spe	840	839	2199.32	2107.47	2153.395
los	839	838	2107.47	1933.55	2020.51
spe	839	829	2107.47	2062.825	2085.1475
los	829	828	2062.825	1800.295	1931.56
spe	829	817	2062.825	1903.64	1983.2325
los	817	816	1903.64	1355.92	1629.78
spe	817	813	1903.64	1756.665	1830.1525
spe	813	807	1756.665	1533.145	1644.905
los	807	GCA.002841945.1.Bacteria.Myxococcota	1533.145	0.0	766.5725
spe	813	812	1756.665	1631.73	1694.1975
spe	812	811	1631.73	1440.74	1536.235
spe	1476	1454	2783.015	2214.935	2498.975
spe	1454	1446	2214.935	1960.08	2087.5075
spe	1446	1440	1960.08	1813.195	1886.6375
los	1440	GCF.001306175.1.Bacteria.Chloroflexota	1813.195	0.0	906.5975
spe	1440	1439	1813.195	1555.635	1684.415
spe	1439	1438	1555.635	1347.94	1451.7875
spe	1438	1437	1347.94	1218.17	1283.055
spe	1446	1445	1960.08	1742.485	1851.2825
spe	1445	1444	1742.485	1539.09	1640.7875
hgt	None	dead	0.0	0.0	0.0
los	1444	GCA.002366755.1.Bacteria.Chloroflexota	1539.09	0.0	769.545
hgt	1041	GCA.002686955.1.Bacteria.Gemmatimonadota.A	2693.13	0.0	1346.565
los	None	dead	0.0	0.0	0.0
hgt	None	dead	0.0	0.0	0.0
los	1454	1453	2214.935	2115.485	2165.21
dup	None	dead	0.0	0.0	0.0
hgt	486	GCF.000264455.2.Bacteria.Proteobacteria	1393.215	0.0	696.6075
los	None	dead	0.0	0.0	0.0
hgt	109	103	2602.795	2146.08	2374.4375
los	None	dead	0.0	0.0	0.0
hgt	None	dead	0.0	0.0	0.0
hgt	727	GCA.001805205.1.Bacteria.Nitrospirota	1801.01	0.0	900.505
los	None	dead	0.0	0.0	0.0
spe	109	103	2602.795	2146.08	2374.4375
spe	103	101	2146.08	1883.85	2014.965
los	101	99	1883.85	1639.4	1761.625
hgt	1237	1236	2548.64	2380.34	2464.49
los	None	dead	0.0	0.0	0.0
spe	1237	1236	2548.64	2380.34	2464.49
spe	1236	1235	2380.34	2102.15	2241.245
los	1235	GCA.002376005.1.Bacteria.Firmicutes.E	2102.15	0.0	1051.075
spe	1235	1234	2102.15	1826.555	1964.3525
los	1234	GCA.003599345.1.Bacteria.Firmicutes.E	1826.555	0.0	913.2775
spe	1234	1233	1826.555	1501.49	1664.0225
los	1233	GCA.002291985.1.Bacteria.Firmicutes.E	1501.49	0.0	750.745
spe	1236	1228	2380.34	2207.365	2293.8525
hgt	None	dead	0.0	0.0	0.0
los	1228	GCA.003023725.1.Bacteria.Firmicutes.E	2207.365	0.0	1103.6825
hgt	1198	GCA.002159155.1.Bacteria.Firmicutes.G	2386.815	0.0	1193.4075
los	None	dead	0.0	0.0	0.0
spe	1228	1227	2207.365	1969.33	2088.3475
spe	1227	1226	1969.33	1819.185	1894.2575
los	1226	GCA.002385465.1.Bacteria.Firmicutes.E	1819.185	0.0	909.5925
hgt	None	dead	0.0	0.0	0.0
hgt	1382	1381	1812.955	1697.085	1755.02
los	None	dead	0.0	0.0	0.0
spe	1382	1381	1812.955	1697.085	1755.02
hgt	None	dead	0.0	0.0	0.0
hgt	1337	GCF.001399675.1.Bacteria.Firmicutes	1358.655	0.0	679.3275
los	None	dead	0.0	0.0	0.0
spe	1381	1380	1697.085	1588.96	1643.0225
spe	1380	1379	1588.96	1514.47	1551.715
los	1379	1378	1514.47	1207.485	1360.9775
spe	1379	1355	1514.47	1273.085	1393.7775
los	1355	GCF.004522215.1.Bacteria.Firmicutes	1273.085	0.0	636.5425
spe	1381	1351	1697.085	1602.01	1649.5475
los	1351	1350	1602.01	1409.0	1505.505
spe	1351	1347	1602.01	1294.365	1448.1875
hgt	None	dead	0.0	0.0	0.0
hgt	1338	GCF.002335525.1.Bacteria.Firmicutes	1618.77	0.0	809.385
los	None	dead	0.0	0.0	0.0
spe	1477	1431	3024.12	2678.945	2851.5325
los	1431	1427	2678.945	2442.77	2560.8575
hgt	None	dead	0.0	0.0	0.0
hgt	1119	GCF.002973605.1.Bacteria.Armatimonadota	2017.9	0.0	1008.95
los	None	dead	0.0	0.0	0.0
spe	1431	1430	2678.945	2204.905	2441.925
los	1430	GCA.001795235.1.Bacteria.Chloroflexota	2204.905	0.0	1102.4525
