event	left_node	right_node	left_date	right_date	midpoint_date	left_date_lower	left_date_upper	right_date_lower	right_date_upper	midpoint_date_all
hgt	None	dead	0.0	0.0	0.0	0.0	0.0	0.0	0.0	0.0
hgt	None	dead	0.0	0.0	0.0	0.0	0.0	0.0	0.0	0.0
dup	None	dead	0.0	0.0	0.0	0.0	0.0	0.0	0.0	0.0
dup	None	dead	0.0	0.0	0.0	0.0	0.0	0.0	0.0	0.0
hgt	1350	GCF.001742305.1.Bacteria.Firmicutes	1409.0	0.0	704.5	1596.52	1221.48	0.0	0.0	798.26
los	None	dead	0.0	0.0	0.0	0.0	0.0	0.0	0.0	0.0
hgt	1322	GCA.000961765.1.Bacteria.Firmicutes.B	1700.81	0.0	850.405	1909.29	1492.33	0.0	0.0	954.645
los	None	dead	0.0	0.0	0.0	0.0	0.0	0.0	0.0	0.0
dup	None	dead	0.0	0.0	0.0	0.0	0.0	0.0	0.0	0.0
hgt	1281	GCF.002257705.1.Bacteria.Firmicutes.C	1116.4885	0.0	558.24425	1331.85	901.127	0.0	0.0	665.925
los	None	dead	0.0	0.0	0.0	0.0	0.0	0.0	0.0	0.0
hgt	1307	GCA.000987045.1.Bacteria.Firmicutes.B	1703.5	0.0	851.75	1894.89	1512.11	0.0	0.0	947.445
los	None	dead	0.0	0.0	0.0	0.0	0.0	0.0	0.0	0.0
hgt	None	dead	0.0	0.0	0.0	0.0	0.0	0.0	0.0	0.0
dup	None	dead	0.0	0.0	0.0	0.0	0.0	0.0	0.0	0.0
hgt	868	GCA.002347095.1.Bacteria.Desulfobacterota	1758.21	0.0	879.105	1962.57	1553.85	0.0	0.0	981.285
los	None	dead	0.0	0.0	0.0	0.0	0.0	0.0	0.0	0.0
dup	None	dead	0.0	0.0	0.0	0.0	0.0	0.0	0.0	0.0
hgt	837	GCA.001768075.1.Bacteria.Myxococcota	1633.315	0.0	816.6575	1837.63	1429.0	0.0	0.0	918.815
los	None	dead	0.0	0.0	0.0	0.0	0.0	0.0	0.0	0.0
dup	None	dead	0.0	0.0	0.0	0.0	0.0	0.0	0.0	0.0
hgt	345	GCA.002748355.1.Bacteria.Planctomycetota	1703.735	0.0	851.8675	1950.33	1457.14	0.0	0.0	975.165
los	None	dead	0.0	0.0	0.0	0.0	0.0	0.0	0.0	0.0
hgt	955	GCA.001769655.1.Bacteria.Bacteroidota	1094.6025	0.0	547.30125	1285.5	903.705	0.0	0.0	642.75
los	None	dead	0.0	0.0	0.0	0.0	0.0	0.0	0.0	0.0
hgt	None	dead	0.0	0.0	0.0	0.0	0.0	0.0	0.0	0.0
hgt	1026	GCA.002084765.1.Bacteria.4572.55	2285.975	0.0	1142.9875	2553.74	2018.21	0.0	0.0	1276.87
los	None	dead	0.0	0.0	0.0	0.0	0.0	0.0	0.0	0.0
hgt	None	dead	0.0	0.0	0.0	0.0	0.0	0.0	0.0	0.0
hgt	995	989	2248.605	1956.7	2102.6525	2435.38	2061.83	2168.09	1745.31	2090.345
los	None	dead	0.0	0.0	0.0	0.0	0.0	0.0	0.0	0.0
spe	995	989	2248.605	1956.7	2102.6525	2435.38	2061.83	2168.09	1745.31	2090.345
spe	989	987	1956.7	1590.355	1773.5275	2168.09	1745.31	1826.96	1353.75	1760.92
los	987	GCA.002327255.1.Bacteria.KSB1	1590.355	0.0	795.1775	1826.96	1353.75	0.0	0.0	913.48
hgt	None	dead	0.0	0.0	0.0	0.0	0.0	0.0	0.0	0.0
hgt	994	992	2080.615	1729.195	1904.905	2290.09	1871.14	1962.87	1495.52	1892.805
los	None	dead	0.0	0.0	0.0	0.0	0.0	0.0	0.0	0.0
spe	994	992	2080.615	1729.195	1904.905	2290.09	1871.14	1962.87	1495.52	1892.805
hgt	None	dead	0.0	0.0	0.0	0.0	0.0	0.0	0.0	0.0
hgt	1080	GCF.001547735.1.Bacteria.Thermosulfidibacterota	2598.745	0.0	1299.3725	2857.82	2339.67	0.0	0.0	1428.91
los	None	dead	0.0	0.0	0.0	0.0	0.0	0.0	0.0	0.0
hgt	None	dead	0.0	0.0	0.0	0.0	0.0	0.0	0.0	0.0
hgt	849	GCF.000266945.1.Bacteria.Desulfobacterota	1938.415	0.0	969.2075	2174.57	1702.26	0.0	0.0	1087.285
los	None	dead	0.0	0.0	0.0	0.0	0.0	0.0	0.0	0.0
spe	397	396	3012.355	2626.695	2819.525	3169.34	2855.37	2851.47	2401.92	2785.63
spe	396	395	2626.695	1520.715	2073.705	2851.47	2401.92	1836.24	1205.19	2028.33
los	395	GCA.002402635.1.Bacteria.Deferribacterota	1520.715	0.0	760.3575	1836.24	1205.19	0.0	0.0	918.12
hgt	738	737	2387.34	2168.56	2277.95	2598.05	2176.63	2402.13	1934.99	2266.52
los	None	dead	0.0	0.0	0.0	0.0	0.0	0.0	0.0	0.0
spe	738	737	2387.34	2168.56	2277.95	2598.05	2176.63	2402.13	1934.99	2266.52
spe	737	733	2168.56	1662.33	1915.445	2402.13	1934.99	1919.68	1404.98	1903.555
los	733	GCA.003235715.1.Bacteria.Nitrospirota	1662.33	0.0	831.165	1919.68	1404.98	0.0	0.0	959.84
spe	733	732	1662.33	1418.365	1540.3475	1919.68	1404.98	1679.42	1157.31	1538.495
los	732	GCA.003153275.1.Bacteria.Nitrospirota	1418.365	0.0	709.1825	1679.42	1157.31	0.0	0.0	839.71
hgt	None	dead	0.0	0.0	0.0	0.0	0.0	0.0	0.0	0.0
hgt	None	dead	0.0	0.0	0.0	0.0	0.0	0.0	0.0	0.0
dup	None	dead	0.0	0.0	0.0	0.0	0.0	0.0	0.0	0.0
hgt	1338	GCF.002335525.1.Bacteria.Firmicutes	1618.77	0.0	809.385	1818.56	1418.98	0.0	0.0	909.28
los	None	dead	0.0	0.0	0.0	0.0	0.0	0.0	0.0	0.0
hgt	183	GCA.002402105.1.Bacteria.UBP17	2959.72	0.0	1479.86	3396.2	2523.24	0.0	0.0	1698.1
los	None	dead	0.0	0.0	0.0	0.0	0.0	0.0	0.0	0.0
hgt	None	dead	0.0	0.0	0.0	0.0	0.0	0.0	0.0	0.0
hgt	711	GCA.001664505.1.Bacteria.Acidobacteriota	1902.735	0.0	951.3675	2119.38	1686.09	0.0	0.0	1059.69
los	None	dead	0.0	0.0	0.0	0.0	0.0	0.0	0.0	0.0
hgt	None	dead	0.0	0.0	0.0	0.0	0.0	0.0	0.0	0.0
dup	None	dead	0.0	0.0	0.0	0.0	0.0	0.0	0.0	0.0
hgt	332	GCA.002704825.1.Bacteria.Planctomycetota	1016.322	0.0	508.161	1225.76	806.884	0.0	0.0	612.88
los	None	dead	0.0	0.0	0.0	0.0	0.0	0.0	0.0	0.0
hgt	None	dead	0.0	0.0	0.0	0.0	0.0	0.0	0.0	0.0
dup	None	dead	0.0	0.0	0.0	0.0	0.0	0.0	0.0	0.0
hgt	804	GCA.003247575.1.Bacteria.Myxococcota.A	2020.19	0.0	1010.095	2257.86	1782.52	0.0	0.0	1128.93
los	None	dead	0.0	0.0	0.0	0.0	0.0	0.0	0.0	0.0
hgt	825	GCA.002344285.1.Bacteria.Myxococcota	1214.79	0.0	607.395	1405.39	1024.19	0.0	0.0	702.695
los	None	dead	0.0	0.0	0.0	0.0	0.0	0.0	0.0	0.0
dup	None	dead	0.0	0.0	0.0	0.0	0.0	0.0	0.0	0.0
hgt	275	GCA.001784175.1.Bacteria.Lindowbacteria	2878.805	0.0	1439.4025	3143.08	2614.53	0.0	0.0	1571.54
los	None	dead	0.0	0.0	0.0	0.0	0.0	0.0	0.0	0.0
hgt	1440	GCF.001306175.1.Bacteria.Chloroflexota	1813.195	0.0	906.5975	2028.77	1597.62	0.0	0.0	1014.385
los	None	dead	0.0	0.0	0.0	0.0	0.0	0.0	0.0	0.0
spe	737	736	2168.56	1883.24	2025.9	2402.13	1934.99	2143.89	1622.59	2012.36
hgt	None	dead	0.0	0.0	0.0	0.0	0.0	0.0	0.0	0.0
hgt	892	GCA.001873295.1.Bacteria.CG2.30.70.394	2160.3	0.0	1080.15	2442.6	1878.0	0.0	0.0	1221.3
los	None	dead	0.0	0.0	0.0	0.0	0.0	0.0	0.0	0.0
hgt	None	dead	0.0	0.0	0.0	0.0	0.0	0.0	0.0	0.0
hgt	None	dead	0.0	0.0	0.0	0.0	0.0	0.0	0.0	0.0
dup	None	dead	0.0	0.0	0.0	0.0	0.0	0.0	0.0	0.0
hgt	560	GCA.001735895.1.Bacteria.Proteobacteria	1588.3	0.0	794.15	1745.96	1430.64	0.0	0.0	872.98
los	None	dead	0.0	0.0	0.0	0.0	0.0	0.0	0.0	0.0
dup	None	dead	0.0	0.0	0.0	0.0	0.0	0.0	0.0	0.0
hgt	807	GCA.002789955.1.Bacteria.Myxococcota	1533.145	0.0	766.5725	1724.66	1341.63	0.0	0.0	862.33
los	None	dead	0.0	0.0	0.0	0.0	0.0	0.0	0.0	0.0
hgt	674	GCA.002747255.1.Bacteria.Acidobacteriota	1948.825	0.0	974.4125	2211.19	1686.46	0.0	0.0	1105.595
los	None	dead	0.0	0.0	0.0	0.0	0.0	0.0	0.0	0.0
hgt	None	dead	0.0	0.0	0.0	0.0	0.0	0.0	0.0	0.0
hgt	400	GCA.002401295.1.Bacteria.SAR324	2394.165	0.0	1197.0825	2660.57	2127.76	0.0	0.0	1330.285
los	None	dead	0.0	0.0	0.0	0.0	0.0	0.0	0.0	0.0
hgt	None	dead	0.0	0.0	0.0	0.0	0.0	0.0	0.0	0.0
dup	None	dead	0.0	0.0	0.0	0.0	0.0	0.0	0.0	0.0
hgt	940	GCA.002898195.1.Bacteria.AABM5.125.24	1909.055	0.0	954.5275	2165.97	1652.14	0.0	0.0	1082.985
los	None	dead	0.0	0.0	0.0	0.0	0.0	0.0	0.0	0.0
hgt	386	GCA.002450905.1.Bacteria.Spirochaetota	2009.02	0.0	1004.51	2288.32	1729.72	0.0	0.0	1144.16
los	None	dead	0.0	0.0	0.0	0.0	0.0	0.0	0.0	0.0
hgt	None	dead	0.0	0.0	0.0	0.0	0.0	0.0	0.0	0.0
dup	None	dead	0.0	0.0	0.0	0.0	0.0	0.0	0.0	0.0
hgt	1076	GCF.000021565.1.Bacteria.Aquificota	1449.05	0.0	724.525	1728.8	1169.3	0.0	0.0	864.4
los	None	dead	0.0	0.0	0.0	0.0	0.0	0.0	0.0	0.0
hgt	659	GCF.000021725.1.Bacteria.Campylobacterota	1482.555	0.0	741.2775	1819.93	1145.18	0.0	0.0	909.965
los	None	dead	0.0	0.0	0.0	0.0	0.0	0.0	0.0	0.0
dup	None	dead	0.0	0.0	0.0	0.0	0.0	0.0	0.0	0.0
hgt	511	510	1589.625	1517.685	1553.655	1731.04	1448.21	1658.83	1376.54	1553.79
los	None	dead	0.0	0.0	0.0	0.0	0.0	0.0	0.0	0.0
hgt	None	dead	0.0	0.0	0.0	0.0	0.0	0.0	0.0	0.0
spe	511	510	1589.625	1517.685	1553.655	1731.04	1448.21	1658.83	1376.54	1553.79
spe	510	509	1517.685	1417.44	1467.5625	1658.83	1376.54	1560.37	1274.51	1466.67
los	509	508	1417.44	1290.24	1353.84	1560.37	1274.51	1437.86	1142.62	1351.495
spe	509	495	1417.44	1152.21	1284.825	1560.37	1274.51	1304.12	1000.3	1280.335
los	495	GCF.003173035.1.Bacteria.Proteobacteria	1152.21	0.0	576.105	1304.12	1000.3	0.0	0.0	652.06
hgt	None	dead	0.0	0.0	0.0	0.0	0.0	0.0	0.0	0.0
hgt	439	GCF.001613805.1.Bacteria.Proteobacteria	1430.985	0.0	715.4925	1588.14	1273.83	0.0	0.0	794.07
los	None	dead	0.0	0.0	0.0	0.0	0.0	0.0	0.0	0.0
spe	510	492	1517.685	1247.39	1382.5375	1658.83	1376.54	1403.42	1091.36	1375.095
hgt	None	dead	0.0	0.0	0.0	0.0	0.0	0.0	0.0	0.0
hgt	455	GCF.900102465.1.Bacteria.Proteobacteria	974.476	0.0	487.238	1138.43	810.522	0.0	0.0	569.215
los	None	dead	0.0	0.0	0.0	0.0	0.0	0.0	0.0	0.0
hgt	481	469	1564.755	1451.305	1508.03	1703.88	1425.63	1594.82	1307.79	1505.835
los	None	dead	0.0	0.0	0.0	0.0	0.0	0.0	0.0	0.0
hgt	None	dead	0.0	0.0	0.0	0.0	0.0	0.0	0.0	0.0
hgt	611	GCF.003052605.1.Bacteria.Proteobacteria	907.6015	0.0	453.80075	1068.3	746.903	0.0	0.0	534.15
los	None	dead	0.0	0.0	0.0	0.0	0.0	0.0	0.0	0.0
spe	481	469	1564.755	1451.305	1508.03	1703.88	1425.63	1594.82	1307.79	1505.835
spe	469	468	1451.305	1270.185	1360.745	1594.82	1307.79	1420.59	1119.78	1357.3
los	468	GCF.900167455.1.Bacteria.Proteobacteria	1270.185	0.0	635.0925	1420.59	1119.78	0.0	0.0	710.295
spe	468	467	1270.185	1108.71	1189.4475	1420.59	1119.78	1267.07	950.35	1185.47
los	467	GCA.002291925.1.Bacteria.Proteobacteria	1108.71	0.0	554.355	1267.07	950.35	0.0	0.0	633.535
spe	469	463	1451.305	1313.945	1382.625	1594.82	1307.79	1461.65	1166.24	1380.53
spe	463	462	1313.945	1065.146	1189.5455	1461.65	1166.24	1220.68	909.612	1185.631
los	462	GCF.006980715.1.Bacteria.Proteobacteria	1065.146	0.0	532.573	1220.68	909.612	0.0	0.0	610.34
dup	None	dead	0.0	0.0	0.0	0.0	0.0	0.0	0.0	0.0
dup	None	dead	0.0	0.0	0.0	0.0	0.0	0.0	0.0	0.0
dup	None	dead	0.0	0.0	0.0	0.0	0.0	0.0	0.0	0.0
hgt	636	GCA.002840095.1.Bacteria.Proteobacteria	1603.01	0.0	801.505	1754.71	1451.31	0.0	0.0	877.355
los	None	dead	0.0	0.0	0.0	0.0	0.0	0.0	0.0	0.0
hgt	519	GCF.002109495.1.Bacteria.Proteobacteria	2628.48	0.0	1314.24	2774.64	2482.32	0.0	0.0	1387.32
los	None	dead	0.0	0.0	0.0	0.0	0.0	0.0	0.0	0.0
dup	None	dead	0.0	0.0	0.0	0.0	0.0	0.0	0.0	0.0
hgt	585	GCA.002688175.1.Bacteria.Proteobacteria	1098.223	0.0	549.1115	1267.88	928.566	0.0	0.0	633.94
los	None	dead	0.0	0.0	0.0	0.0	0.0	0.0	0.0	0.0
dup	None	dead	0.0	0.0	0.0	0.0	0.0	0.0	0.0	0.0
hgt	595	GCA.002389045.1.Bacteria.Proteobacteria	1214.005	0.0	607.0025	1372.8	1055.21	0.0	0.0	686.4
los	None	dead	0.0	0.0	0.0	0.0	0.0	0.0	0.0	0.0
hgt	603	GCA.002085445.1.Bacteria.Proteobacteria	1669.485	0.0	834.7425	1811.47	1527.5	0.0	0.0	905.735
los	None	dead	0.0	0.0	0.0	0.0	0.0	0.0	0.0	0.0
hgt	733	GCA.003235715.1.Bacteria.Nitrospirota	1662.33	0.0	831.165	1919.68	1404.98	0.0	0.0	959.84
los	None	dead	0.0	0.0	0.0	0.0	0.0	0.0	0.0	0.0
hgt	None	dead	0.0	0.0	0.0	0.0	0.0	0.0	0.0	0.0
dup	None	dead	0.0	0.0	0.0	0.0	0.0	0.0	0.0	0.0
hgt	613	GCF.003097315.1.Bacteria.Proteobacteria	1345.44	0.0	672.72	1490.64	1200.24	0.0	0.0	745.32
los	None	dead	0.0	0.0	0.0	0.0	0.0	0.0	0.0	0.0
hgt	462	GCF.000315795.1.Bacteria.Proteobacteria	1065.146	0.0	532.573	1220.68	909.612	0.0	0.0	610.34
los	None	dead	0.0	0.0	0.0	0.0	0.0	0.0	0.0	0.0
dup	None	dead	0.0	0.0	0.0	0.0	0.0	0.0	0.0	0.0
hgt	1305	GCF.002207765.1.Bacteria.Firmicutes.B	1518.03	0.0	759.015	1722.41	1313.65	0.0	0.0	861.205
los	None	dead	0.0	0.0	0.0	0.0	0.0	0.0	0.0	0.0
hgt	741	GCA.001771285.1.Bacteria.Methylomirabilota	2099.065	0.0	1049.5325	2384.47	1813.66	0.0	0.0	1192.235
los	None	dead	0.0	0.0	0.0	0.0	0.0	0.0	0.0	0.0
