event	left_node	right_node	left_date	right_date	midpoint_date
spe	179	178	3191.81	3099.385	3145.5975
spe	178	32	3099.385	2666.455	2882.92
los	32	26	2666.455	482.601	1574.528
spe	32	31	2666.455	2249.94	2458.1975
dup	31	GCA.001723855.1.Archaea.Altiarchaeota	2249.94	0.0	1124.97
spe	31	29	2249.94	1749.91	1999.925
hgt	None	dead	0.0	0.0	0.0
hgt	93	GCF.000025525.1.Archaea.Methanobacteriota.A	2518.68	0.0	1259.34
hgt	88	87	1623.18	1522.785	1572.9825
los	None	dead	0.0	0.0	0.0
spe	88	87	1623.18	1522.785	1572.9825
spe	87	86	1522.785	1362.965	1442.875
los	86	GCA.001412335.1.Archaea.Halobacteriota	1362.965	0.0	681.4825
spe	86	84	1362.965	1194.24	1278.6025
los	84	GCF.000011005.1.Archaea.Euryarchaeota	1194.24	0.0	597.12
dup	178	177	3099.385	2898.43	2998.9075
spe	178	177	3099.385	2898.43	2998.9075
spe	177	176	2898.43	2700.395	2799.4125
spe	176	140	2700.395	2557.41	2628.9025
los	140	GCF.000019605.1.Archaea.Thermoproteota	2557.41	0.0	1278.705
hgt	None	dead	0.0	0.0	0.0
hgt	863	862	2054.51	1719.125	1886.8175
los	None	dead	0.0	0.0	0.0
dup	863	862	2054.51	1719.125	1886.8175
hgt	91	90	2116.885	1918.545	2017.715
spe	863	862	2054.51	1719.125	1886.8175
hgt	753	GCA.001803565.1.Bacteria.Nitrospinota.B	2050.24	0.0	1025.12
los	862	861	1719.125	1594.73	1656.9275
hgt	None	dead	0.0	0.0	0.0
hgt	1419	GCA.002352365.1.Bacteria.Chloroflexota	1500.065	0.0	750.0325
los	None	dead	0.0	0.0	0.0
spe	91	90	2116.885	1918.545	2017.715
spe	90	74	1918.545	1703.245	1810.895
los	74	GCA.002011165.1.Archaea.Halobacteriota	1703.245	0.0	851.6225
spe	90	89	1918.545	1761.97	1840.2575
spe	89	77	1761.97	1438.885	1600.4275
los	77	GCA.003194435.1.Archaea.Halobacteriota	1438.885	0.0	719.4425
spe	89	88	1761.97	1623.18	1692.575
los	88	80	1623.18	1389.95	1506.565
spe	88	87	1623.18	1522.785	1572.9825
spe	87	86	1522.785	1362.965	1442.875
los	86	GCA.001412335.1.Archaea.Halobacteriota	1362.965	0.0	681.4825
spe	86	84	1362.965	1194.24	1278.6025
los	84	GCF.000011005.1.Archaea.Euryarchaeota	1194.24	0.0	597.12
spe	863	862	2054.51	1719.125	1886.8175
los	862	861	1719.125	1594.73	1656.9275
hgt	None	dead	0.0	0.0	0.0
hgt	880	GCF.000195295.1.Bacteria.Desulfobacterota	1499.355	0.0	749.6775
los	None	dead	0.0	0.0	0.0
spe	140	139	2557.41	2461.325	2509.3675
los	139	109	2461.325	2207.27	2334.2975
spe	139	138	2461.325	2340.985	2401.155
spe	138	137	2340.985	2115.72	2228.3525
los	137	GCA.002255045.1.Archaea.Thermoproteota	2115.72	0.0	1057.86
spe	137	136	2115.72	1983.8	2049.76
los	136	GCA.000375685.1.Archaea.Thermoproteota	1983.8	0.0	991.9
spe	136	134	1983.8	1773.37	1878.585
los	134	133	1773.37	1545.885	1659.6275
spe	134	130	1773.37	1634.235	1703.8025
los	130	GCA.001510295.1.Archaea.Thermoproteota	1634.235	0.0	817.1175
spe	130	128	1634.235	786.4855	1210.36025
los	128	GCA.002011085.1.Archaea.Thermoproteota	786.4855	0.0	393.24275
spe	138	124	2340.985	2144.515	2242.75
los	124	GCA.002495485.1.Archaea.Thermoproteota	2144.515	0.0	1072.2575
spe	124	123	2144.515	2043.585	2094.05
spe	123	122	2043.585	1894.935	1969.26
los	122	121	1894.935	1500.96	1697.9475
hgt	None	dead	0.0	0.0	0.0
hgt	603	602	1631.14	1545.47	1588.305
los	None	dead	0.0	0.0	0.0
dup	603	602	1631.14	1545.47	1588.305
hgt	None	dead	0.0	0.0	0.0
hgt	434	GCA.002898275.1.Bacteria.Proteobacteria	1283.94	0.0	641.97
los	None	dead	0.0	0.0	0.0
hgt	None	dead	0.0	0.0	0.0
hgt	415	GCA.002717245.1.Bacteria.Proteobacteria	1236.27	0.0	618.135
los	None	dead	0.0	0.0	0.0
hgt	560	558	1548.725	1383.43	1466.0775
spe	603	602	1631.14	1545.47	1588.305
spe	602	592	1545.47	1238.975	1392.2225
dup	602	601	1545.47	1388.16	1466.815
spe	602	601	1545.47	1388.16	1466.815
los	601	600	1388.16	1178.33	1283.245
spe	601	595	1388.16	1179.98	1284.07
los	595	GCA.002389045.1.Bacteria.Proteobacteria	1179.98	0.0	589.99
spe	602	601	1545.47	1388.16	1466.815
spe	601	600	1388.16	1178.33	1283.245
spe	600	598	1178.33	872.755	1025.5425
los	598	GCA.002170535.1.Bacteria.Proteobacteria	872.755	0.0	436.3775
spe	601	595	1388.16	1179.98	1284.07
hgt	None	dead	0.0	0.0	0.0
los	595	GCA.002454015.1.Bacteria.Proteobacteria	1179.98	0.0	589.99
hgt	444	GCA.002686135.1.Bacteria.Proteobacteria	1051.014	0.0	525.507
los	None	dead	0.0	0.0	0.0
spe	560	558	1548.725	1383.43	1466.0775
spe	558	557	1383.43	1159.506	1271.468
los	557	GCA.002007405.1.Bacteria.Proteobacteria	1159.506	0.0	579.753
hgt	751	GCA.002500605.1.Bacteria.Nitrospinota	1894.43	0.0	947.215
spe	603	602	1631.14	1545.47	1588.305
los	602	592	1545.47	1238.975	1392.2225
hgt	47	GCA.002494765.1.Archaea.Thermoplasmatota	1547.68	0.0	773.84
hgt	None	dead	0.0	0.0	0.0
hgt	1221	GCA.002375925.1.Bacteria.Firmicutes.E	2008.115	0.0	1004.0575
hgt	1307	GCA.000987045.1.Bacteria.Firmicutes.B	1657.525	0.0	828.7625
los	None	dead	0.0	0.0	0.0
hgt	1218	GCA.001513125.1.Bacteria.DTU030	2844.535	0.0	1422.2675
hgt	328	327	1796.445	1506.63	1651.5375
hgt	None	dead	0.0	0.0	0.0
hgt	542	GCA.002631715.1.Bacteria.Proteobacteria	1703.185	0.0	851.5925
spe	602	601	1545.47	1388.16	1466.815
spe	601	595	1388.16	1179.98	1284.07
los	595	GCA.002454015.1.Bacteria.Proteobacteria	1179.98	0.0	589.99
spe	601	600	1388.16	1178.33	1283.245
hgt	444	GCA.002686135.1.Bacteria.Proteobacteria	1051.014	0.0	525.507
los	600	598	1178.33	872.755	1025.5425
hgt	1449	GCA.002366595.1.Bacteria.Chloroflexota	1825.905	0.0	912.9525
hgt	686	GCA.002451015.1.Bacteria.Acidobacteriota	1646.29	0.0	823.145
los	None	dead	0.0	0.0	0.0
dup	328	327	1796.445	1506.63	1651.5375
spe	328	327	1796.445	1506.63	1651.5375
spe	327	326	1506.63	1183.194	1344.912
hgt	670	GCA.002898535.1.Bacteria.Acidobacteriota	2337.75	0.0	1168.875
los	326	GCF.900129635.1.Bacteria.Planctomycetota	1183.194	0.0	591.597
hgt	350	GCA.003509045.1.Bacteria.Planctomycetota	1478.92	0.0	739.46
spe	328	327	1796.445	1506.63	1651.5375
los	327	GCA.003508595.1.Bacteria.Planctomycetota	1506.63	0.0	753.315
spe	327	326	1506.63	1183.194	1344.912
spe	122	118	1894.935	1695.4	1795.1675
los	118	GCA.001593855.1.Archaea.Thermoproteota	1695.4	0.0	847.7
spe	118	116	1695.4	1076.3105	1385.85525
hgt	32	26	2666.455	482.601	1574.528
los	116	GCA.001593875.1.Archaea.Thermoproteota	1076.3105	0.0	538.15525
hgt	1058	GCA.001443005.1.Bacteria.Synergistota	2584.325	0.0	1292.1625
spe	32	26	2666.455	482.601	1574.528
spe	123	113	2043.585	1818.745	1931.165
spe	176	175	2700.395	2596.565	2648.48
spe	175	143	2596.565	2114.17	2355.3675
los	143	GCA.001940655.1.Archaea.Asgardarchaeota	2114.17	0.0	1057.085
spe	175	174	2596.565	2507.51	2552.0375
los	174	173	2507.51	2412.845	2460.1775
spe	177	95	2898.43	2719.62	2809.025
los	95	39	2719.62	2491.15	2605.385
spe	95	94	2719.62	2684.395	2702.0075
los	94	42	2684.395	2229.015	2456.705
spe	94	93	2684.395	2518.68	2601.5375
los	93	GCF.000025525.1.Archaea.Methanobacteriota.A	2518.68	0.0	1259.34
spe	93	92	2518.68	2403.395	2461.0375
los	92	70	2403.395	2001.665	2202.53
spe	92	91	2403.395	2116.885	2260.14
los	91	GCA.003034855.1.Archaea.Halobacteriota	2116.885	0.0	1058.4425
dup	91	90	2116.885	1918.545	2017.715
spe	91	90	2116.885	1918.545	2017.715
spe	90	89	1918.545	1761.97	1840.2575
los	89	77	1761.97	1438.885	1600.4275
spe	89	88	1761.97	1623.18	1692.575
los	88	80	1623.18	1389.95	1506.565
spe	88	87	1623.18	1522.785	1572.9825
los	87	GCA.002256595.1.Archaea.Halobacteriota	1522.785	0.0	761.3925
spe	87	86	1522.785	1362.965	1442.875
los	86	84	1362.965	1194.24	1278.6025
spe	90	74	1918.545	1703.245	1810.895
spe	91	90	2116.885	1918.545	2017.715
spe	90	74	1918.545	1703.245	1810.895
los	74	GCA.002011165.1.Archaea.Halobacteriota	1703.245	0.0	851.6225
spe	90	89	1918.545	1761.97	1840.2575
spe	89	88	1761.97	1623.18	1692.575
los	88	80	1623.18	1389.95	1506.565
spe	88	87	1623.18	1522.785	1572.9825
los	87	GCA.002256595.1.Archaea.Halobacteriota	1522.785	0.0	761.3925
spe	87	86	1522.785	1362.965	1442.875
los	86	GCA.001412335.1.Archaea.Halobacteriota	1362.965	0.0	681.4825
spe	86	84	1362.965	1194.24	1278.6025
los	84	GCF.000011005.1.Archaea.Euryarchaeota	1194.24	0.0	597.12
spe	89	77	1761.97	1438.885	1600.4275
spe	178	177	3099.385	2898.43	2998.9075
spe	177	95	2898.43	2719.62	2809.025
spe	95	39	2719.62	2491.15	2605.385
los	39	38	2491.15	2097.27	2294.21
spe	39	35	2491.15	2226.53	2358.84
los	35	GCA.001587715.1.Archaea.Methanobacteriota.B	2226.53	0.0	1113.265
dup	35	GCF.002201895.1.Archaea.Euryarchaeota	2226.53	0.0	1113.265
spe	95	94	2719.62	2684.395	2702.0075
spe	94	42	2684.395	2229.015	2456.705
los	42	GCA.002502135.1.Archaea.Undinarchaeota	2229.015	0.0	1114.5075
spe	94	93	2684.395	2518.68	2601.5375
los	93	92	2518.68	2403.395	2461.0375
dup	93	GCF.000025525.1.Archaea.Methanobacteriota.A	2518.68	0.0	1259.34
spe	177	176	2898.43	2700.395	2799.4125
los	176	140	2700.395	2557.41	2628.9025
spe	176	175	2700.395	2596.565	2648.48
los	175	174	2596.565	2507.51	2552.0375
hgt	None	dead	0.0	0.0	0.0
spe	175	143	2596.565	2114.17	2355.3675
los	143	GCA.001563325.1.Archaea.Asgardarchaeota	2114.17	0.0	1057.085
hgt	87	86	1522.785	1362.965	1442.875
los	None	dead	0.0	0.0	0.0
spe	87	86	1522.785	1362.965	1442.875
spe	86	84	1362.965	1194.24	1278.6025
los	84	GCF.000970205.1.Archaea.Halobacteriota	1194.24	0.0	597.12
dup	84	GCF.000011005.1.Archaea.Euryarchaeota	1194.24	0.0	597.12
