event	left_node	right_node	left_date	right_date	midpoint_date	left_date_lower	left_date_upper	right_date_lower	right_date_upper	midpoint_date_all
spe	1727	1726	3794.005	3776.22	3785.1125	3914.54	3673.47	3894.53	3657.91	3786.225
spe	1726	1094	3776.22	3702.045	3739.1325	3894.53	3657.91	3823.83	3580.26	3737.395
los	1094	1093	3702.045	3523.93	3612.9875	3823.83	3580.26	3675.99	3371.87	3597.85
spe	1094	1048	3702.045	3522.85	3612.4475	3823.83	3580.26	3649.13	3396.57	3610.2
spe	1048	278	3522.85	3383.28	3453.065	3649.13	3396.57	3522.25	3244.31	3446.72
los	278	262	3383.28	3129.85	3256.565	3522.25	3244.31	3293.29	2966.41	3244.33
spe	278	277	3383.28	3121.045	3252.1625	3522.25	3244.31	3310.21	2931.88	3227.065
los	277	276	3121.045	3066.185	3093.615	3310.21	2931.88	3264.58	2867.79	3089.0
spe	277	267	3121.045	2714.255	2917.65	3310.21	2931.88	3000.58	2427.93	2869.07
los	267	265	2714.255	1925.84	2320.0475	3000.58	2427.93	2272.12	1579.56	2290.07
spe	1048	1047	3522.85	3506.08	3514.465	3649.13	3396.57	3632.38	3379.78	3514.455
los	1047	365	3506.08	3237.46	3371.77	3632.38	3379.78	3400.26	3074.66	3353.52
spe	1047	1046	3506.08	3444.34	3475.21	3632.38	3379.78	3572.53	3316.15	3474.265
spe	1046	1045	3444.34	3221.015	3332.6775	3572.53	3316.15	3362.53	3079.5	3326.015
spe	1045	1044	3221.015	2991.325	3106.17	3362.53	3079.5	3142.49	2840.16	3101.345
los	1044	1043	2991.325	2909.195	2950.26	3142.49	2840.16	3063.57	2754.82	2948.655
spe	1044	936	2991.325	2805.55	2898.4375	3142.49	2840.16	2994.75	2616.35	2879.42
los	936	926	2805.55	2323.795	2564.6725	2994.75	2616.35	2580.04	2067.55	2531.15
spe	936	935	2805.55	2051.05	2428.3	2994.75	2616.35	2302.83	1799.27	2397.01
los	935	GCA.001789205.1.Bacteria.Fibrobacterota	2051.05	0.0	1025.525	2302.83	1799.27	0.0	0.0	1151.415
spe	935	934	2051.05	1939.26	1995.155	2302.83	1799.27	2185.72	1692.8	1997.815
los	934	GCA.001045525.1.Bacteria.Fibrobacterota	1939.26	0.0	969.63	2185.72	1692.8	0.0	0.0	1092.86
spe	934	932	1939.26	1648.045	1793.6525	2185.72	1692.8	1898.79	1397.3	1791.51
los	932	930	1648.045	1384.095	1516.07	1898.79	1397.3	1646.95	1121.24	1510.015
hgt	None	dead	0.0	0.0	0.0	0.0	0.0	0.0	0.0	0.0
los	1045	921	3221.015	3032.55	3126.7825	3362.53	3079.5	3199.31	2865.79	3114.16
hgt	647	646	1898.035	1850.35	1874.1925	2027.5	1768.57	1979.31	1721.39	1874.445
los	None	dead	0.0	0.0	0.0	0.0	0.0	0.0	0.0	0.0
spe	647	646	1898.035	1850.35	1874.1925	2027.5	1768.57	1979.31	1721.39	1874.445
spe	646	588	1850.35	1741.465	1795.9075	1979.31	1721.39	1880.38	1602.55	1790.93
los	588	587	1741.465	1367.14	1554.3025	1880.38	1602.55	1518.25	1216.03	1548.205
spe	588	576	1741.465	1593.015	1667.24	1880.38	1602.55	1746.04	1439.99	1660.185
los	576	574	1593.015	1337.465	1465.24	1746.04	1439.99	1503.53	1171.4	1458.72
spe	646	645	1850.35	1783.08	1816.715	1979.31	1721.39	1911.77	1654.39	1816.85
los	645	644	1783.08	1640.815	1711.9475	1911.77	1654.39	1774.52	1507.11	1709.44
spe	645	631	1783.08	1709.925	1746.5025	1911.77	1654.39	1841.09	1578.76	1745.265
los	631	630	1709.925	1575.32	1642.6225	1841.09	1578.76	1706.06	1444.58	1642.835
spe	631	603	1709.925	1631.14	1670.5325	1841.09	1578.76	1761.43	1500.85	1670.97
los	603	GCA.002085445.1.Bacteria.Proteobacteria	1631.14	0.0	815.57	1761.43	1500.85	0.0	0.0	880.715
spe	603	602	1631.14	1545.47	1588.305	1761.43	1500.85	1675.86	1415.08	1588.255
spe	602	592	1545.47	1238.975	1392.2225	1675.86	1415.08	1390.11	1087.84	1381.85
los	592	GCF.000024725.1.Bacteria.Proteobacteria	1238.975	0.0	619.4875	1390.11	1087.84	0.0	0.0	695.055
spe	602	601	1545.47	1388.16	1466.815	1675.86	1415.08	1524.4	1251.92	1463.89
hgt	434	GCA.002898275.1.Bacteria.Proteobacteria	1283.94	0.0	641.97	1452.9	1114.98	0.0	0.0	726.45
los	601	600	1388.16	1178.33	1283.245	1524.4	1251.92	1321.12	1035.54	1279.97
spe	601	595	1388.16	1179.98	1284.07	1524.4	1251.92	1332.11	1027.85	1276.125
hgt	456	GCF.002148795.1.Bacteria.Proteobacteria	1288.015	0.0	644.0075	1439.86	1136.17	0.0	0.0	719.93
hgt	462	GCF.006980715.1.Bacteria.Proteobacteria	1029.85	0.0	514.925	1187.35	872.35	0.0	0.0	593.675
hgt	529	GCA.002420425.1.Bacteria.Proteobacteria	1776.585	0.0	888.2925	1957.62	1595.55	0.0	0.0	978.81
los	595	GCA.002454015.1.Bacteria.Proteobacteria	1179.98	0.0	589.99	1332.11	1027.85	0.0	0.0	666.055
dup	1046	902	3444.34	3336.1	3390.22	3572.53	3316.15	3465.67	3206.53	3389.53
hgt	None	dead	0.0	0.0	0.0	0.0	0.0	0.0	0.0	0.0
hgt	359	GCF.000949635.1.Bacteria.Planctomycetota	1819.66	0.0	909.83	2067.21	1572.11	0.0	0.0	1033.605
los	None	dead	0.0	0.0	0.0	0.0	0.0	0.0	0.0	0.0
hgt	None	dead	0.0	0.0	0.0	0.0	0.0	0.0	0.0	0.0
hgt	966	GCA.003167015.1.Bacteria.Bacteroidota	1413.085	0.0	706.5425	1615.79	1210.38	0.0	0.0	807.895
los	None	dead	0.0	0.0	0.0	0.0	0.0	0.0	0.0	0.0
spe	1046	902	3444.34	3336.1	3390.22	3572.53	3316.15	3465.67	3206.53	3389.53
spe	902	390	3336.1	3073.69	3204.895	3465.67	3206.53	3239.89	2907.49	3186.58
hgt	659	GCF.000021725.1.Bacteria.Campylobacterota	1438.4	0.0	719.2	1756.87	1119.93	0.0	0.0	878.435
los	390	GCA.002780065.1.Bacteria.UBA8481	3073.69	0.0	1536.845	3239.89	2907.49	0.0	0.0	1619.945
spe	390	389	3073.69	2696.585	2885.1375	3239.89	2907.49	2887.54	2505.63	2872.76
spe	389	371	2696.585	2464.19	2580.3875	2887.54	2505.63	2701.85	2226.53	2557.035
los	371	GCF.900112165.1.Bacteria.Spirochaetota	2464.19	0.0	1232.095	2701.85	2226.53	0.0	0.0	1350.925
spe	371	370	2464.19	2080.07	2272.13	2701.85	2226.53	2365.12	1795.02	2248.435
los	370	GCF.000092845.1.Bacteria.Spirochaetota	2080.07	0.0	1040.035	2365.12	1795.02	0.0	0.0	1182.56
spe	389	388	2696.585	2486.95	2591.7675	2887.54	2505.63	2692.2	2281.7	2584.62
spe	388	376	2486.95	2123.16	2305.055	2692.2	2281.7	2358.98	1887.34	2289.77
los	376	374	2123.16	1638.665	1880.9125	2358.98	1887.34	1908.58	1368.75	1863.865
spe	388	387	2486.95	2281.005	2383.9775	2692.2	2281.7	2506.97	2055.04	2373.62
spe	387	386	2281.005	1962.46	2121.7325	2506.97	2055.04	2228.04	1696.88	2101.925
los	386	GCA.002450905.1.Bacteria.Spirochaetota	1962.46	0.0	981.23	2228.04	1696.88	0.0	0.0	1114.02
hgt	None	dead	0.0	0.0	0.0	0.0	0.0	0.0	0.0	0.0
hgt	477	GCA.001897475.1.Bacteria.Proteobacteria	946.9555	0.0	473.47775	1106.86	787.051	0.0	0.0	553.43
los	None	dead	0.0	0.0	0.0	0.0	0.0	0.0	0.0	0.0
hgt	941	GCA.003477045.1.Bacteria.Delongbacteria	2279.38	0.0	1139.69	2492.79	2065.97	0.0	0.0	1246.395
los	387	383	2281.005	1865.655	2073.33	2506.97	2055.04	2107.47	1623.84	2065.405
spe	902	901	3336.1	3242.11	3289.105	3465.67	3206.53	3374.21	3110.01	3287.84
spe	901	663	3242.11	3154.255	3198.1825	3374.21	3110.01	3286.98	3021.53	3197.87
spe	663	662	3154.255	3076.16	3115.2075	3286.98	3021.53	3210.53	2941.79	3114.385
los	662	400	3076.16	2337.685	2706.9225	3210.53	2941.79	2593.16	2082.21	2646.37
spe	662	661	3076.16	3025.1	3050.63	3210.53	2941.79	3159.02	2891.18	3050.855
los	661	655	3025.1	2961.955	2993.5275	3159.02	2891.18	3096.53	2827.38	2993.2
spe	661	660	3025.1	2520.845	2772.9725	3159.02	2891.18	2755.25	2286.44	2722.73
los	660	GCA.002395105.1.Bacteria.Proteobacteria	2520.845	0.0	1260.4225	2755.25	2286.44	0.0	0.0	1377.625
spe	660	659	2520.845	1438.4	1979.6225	2755.25	2286.44	1756.87	1119.93	1937.59
los	659	GCF.000021725.1.Bacteria.Campylobacterota	1438.4	0.0	719.2	1756.87	1119.93	0.0	0.0	878.435
spe	663	397	3154.255	2952.9	3053.5775	3286.98	3021.53	3107.01	2798.79	3042.885
los	397	GCF.000526155.1.Bacteria.Desulfobacterota	2952.9	0.0	1476.45	3107.01	2798.79	0.0	0.0	1553.505
spe	397	396	2952.9	2591.83	2772.365	3107.01	2798.79	2803.16	2380.5	2743.755
los	396	395	2591.83	1495.105	2043.4675	2803.16	2380.5	1791.3	1198.91	2001.035
spe	901	900	3242.11	3113.87	3177.99	3374.21	3110.01	3248.21	2979.53	3176.87
spe	900	899	3113.87	3007.825	3060.8475	3248.21	2979.53	3149.06	2866.59	3057.4
los	899	898	3007.825	2936.14	2971.9825	3149.06	2866.59	3088.09	2784.19	2966.625
spe	899	743	3007.825	2880.765	2944.295	3149.06	2866.59	3041.66	2719.87	2934.465
los	743	742	2880.765	2637.165	2758.965	3041.66	2719.87	2824.71	2449.62	2745.64
spe	743	721	2880.765	2605.855	2743.31	3041.66	2719.87	2825.34	2386.37	2714.015
los	721	GCA.003230535.1.Bacteria.SZUA.182	2605.855	0.0	1302.9275	2825.34	2386.37	0.0	0.0	1412.67
spe	721	720	2605.855	2294.32	2450.0875	2825.34	2386.37	2574.63	2014.01	2419.675
los	720	GCA.001775255.1.Bacteria.Desulfobacterota.D	2294.32	0.0	1147.16	2574.63	2014.01	0.0	0.0	1287.315
hgt	None	dead	0.0	0.0	0.0	0.0	0.0	0.0	0.0	0.0
los	900	716	3113.87	2685.38	2899.625	3248.21	2979.53	2853.98	2516.78	2882.495
hgt	1078	1076	1937.95	1416.635	1677.2925	2224.85	1651.05	1692.52	1140.75	1682.8
los	None	dead	0.0	0.0	0.0	0.0	0.0	0.0	0.0	0.0
spe	1078	1076	1937.95	1416.635	1677.2925	2224.85	1651.05	1692.52	1140.75	1682.8
spe	1046	902	3444.34	3336.1	3390.22	3572.53	3316.15	3465.67	3206.53	3389.53
los	902	390	3336.1	3073.69	3204.895	3465.67	3206.53	3239.89	2907.49	3186.58
spe	902	901	3336.1	3242.11	3289.105	3465.67	3206.53	3374.21	3110.01	3287.84
spe	901	900	3242.11	3113.87	3177.99	3374.21	3110.01	3248.21	2979.53	3176.87
spe	900	899	3113.87	3007.825	3060.8475	3248.21	2979.53	3149.06	2866.59	3057.4
hgt	None	dead	0.0	0.0	0.0	0.0	0.0	0.0	0.0	0.0
los	899	898	3007.825	2936.14	2971.9825	3149.06	2866.59	3088.09	2784.19	2966.625
hgt	794	GCA.003161515.1.Bacteria.Desulfobacterota.B	1417.505	0.0	708.7525	1621.04	1213.97	0.0	0.0	810.52
los	None	dead	0.0	0.0	0.0	0.0	0.0	0.0	0.0	0.0
spe	899	743	3007.825	2880.765	2944.295	3149.06	2866.59	3041.66	2719.87	2934.465
hgt	None	dead	0.0	0.0	0.0	0.0	0.0	0.0	0.0	0.0
hgt	837	GCA.001768075.1.Bacteria.Myxococcota	1589.61	0.0	794.805	1791.58	1387.64	0.0	0.0	895.79
los	None	dead	0.0	0.0	0.0	0.0	0.0	0.0	0.0	0.0
hgt	None	dead	0.0	0.0	0.0	0.0	0.0	0.0	0.0	0.0
los	743	721	2880.765	2605.855	2743.31	3041.66	2719.87	2825.34	2386.37	2714.015
hgt	977	GCA.001567195.1.Bacteria.Bacteroidota	1134.0835	0.0	567.04175	1328.54	939.627	0.0	0.0	664.27
los	None	dead	0.0	0.0	0.0	0.0	0.0	0.0	0.0	0.0
spe	743	742	2880.765	2637.165	2758.965	3041.66	2719.87	2824.71	2449.62	2745.64
spe	742	738	2637.165	2317.13	2477.1475	2824.71	2449.62	2529.7	2104.56	2464.635
los	738	737	2317.13	2105.695	2211.4125	2529.7	2104.56	2336.12	1875.27	2202.485
spe	738	728	2317.13	1980.89	2149.01	2529.7	2104.56	2218.53	1743.25	2136.475
los	728	727	1980.89	1736.985	1858.9375	2218.53	1743.25	1988.09	1485.88	1852.205
spe	728	724	1980.89	1584.32	1782.605	2218.53	1743.25	1849.0	1319.64	1769.085
los	724	GCA.001803875.1.Bacteria.Nitrospirota	1584.32	0.0	792.16	1849.0	1319.64	0.0	0.0	924.5
hgt	None	dead	0.0	0.0	0.0	0.0	0.0	0.0	0.0	0.0
los	742	741	2637.165	2052.975	2345.07	2824.71	2449.62	2337.08	1768.87	2296.79
hgt	697	GCA.003222815.1.Bacteria.Acidobacteriota	1602.385	0.0	801.1925	1789.82	1414.95	0.0	0.0	894.91
los	None	dead	0.0	0.0	0.0	0.0	0.0	0.0	0.0	0.0
spe	900	716	3113.87	2685.38	2899.625	3248.21	2979.53	2853.98	2516.78	2882.495
spe	716	670	2685.38	2337.75	2511.565	2853.98	2516.78	2571.79	2103.71	2478.845
los	670	669	2337.75	1783.33	2060.54	2571.79	2103.71	2057.34	1509.32	2040.555
spe	716	715	2685.38	2518.685	2602.0325	2853.98	2516.78	2695.14	2342.23	2598.105
los	715	714	2518.685	2396.315	2457.5	2695.14	2342.23	2582.71	2209.92	2452.53
spe	715	675	2518.685	2161.39	2340.0375	2695.14	2342.23	2382.98	1939.8	2317.47
los	675	GCA.002789615.1.Bacteria.Acidobacteriota	2161.39	0.0	1080.695	2382.98	1939.8	0.0	0.0	1191.49
spe	675	674	2161.39	1880.64	2021.015	2382.98	1939.8	2129.25	1632.03	2007.505
los	674	GCA.002747255.1.Bacteria.Acidobacteriota	1880.64	0.0	940.32	2129.25	1632.03	0.0	0.0	1064.625
spe	901	663	3242.11	3154.255	3198.1825	3374.21	3110.01	3286.98	3021.53	3197.87
hgt	None	dead	0.0	0.0	0.0	0.0	0.0	0.0	0.0	0.0
hgt	749	GCA.002705185.1.Bacteria.Nitrospinota	1737.095	0.0	868.5475	1995.38	1478.81	0.0	0.0	997.69
los	None	dead	0.0	0.0	0.0	0.0	0.0	0.0	0.0	0.0
hgt	None	dead	0.0	0.0	0.0	0.0	0.0	0.0	0.0	0.0
los	663	397	3154.255	2952.9	3053.5775	3286.98	3021.53	3107.01	2798.79	3042.885
hgt	647	646	1898.035	1850.35	1874.1925	2027.5	1768.57	1979.31	1721.39	1874.445
los	None	dead	0.0	0.0	0.0	0.0	0.0	0.0	0.0	0.0
spe	647	646	1898.035	1850.35	1874.1925	2027.5	1768.57	1979.31	1721.39	1874.445
spe	646	588	1850.35	1741.465	1795.9075	1979.31	1721.39	1880.38	1602.55	1790.93
los	588	576	1741.465	1593.015	1667.24	1880.38	1602.55	1746.04	1439.99	1660.185
spe	588	587	1741.465	1367.14	1554.3025	1880.38	1602.55	1518.25	1216.03	1548.205
los	587	581	1367.14	1215.78	1291.46	1518.25	1216.03	1373.53	1058.03	1288.14
spe	587	586	1367.14	1254.4	1310.77	1518.25	1216.03	1410.43	1098.37	1308.31
los	586	GCA.003228965.1.Bacteria.Proteobacteria	1254.4	0.0	627.2	1410.43	1098.37	0.0	0.0	705.215
spe	586	585	1254.4	1064.929	1159.6645	1410.43	1098.37	1229.08	900.778	1155.604
los	585	GCA.002338605.1.Bacteria.Proteobacteria	1064.929	0.0	532.4645	1229.08	900.778	0.0	0.0	614.54
spe	646	645	1850.35	1783.08	1816.715	1979.31	1721.39	1911.77	1654.39	1816.85
los	645	631	1783.08	1709.925	1746.5025	1911.77	1654.39	1841.09	1578.76	1745.265
spe	645	644	1783.08	1640.815	1711.9475	1911.77	1654.39	1774.52	1507.11	1709.44
spe	644	643	1640.815	1460.61	1550.7125	1774.52	1507.11	1604.84	1316.38	1545.45
los	643	639	1460.61	1235.875	1348.2425	1604.84	1316.38	1397.92	1073.83	1339.335
spe	643	642	1460.61	1315.1	1387.855	1604.84	1316.38	1468.25	1161.95	1383.395
los	642	GCA.001464965.1.Bacteria.Proteobacteria	1315.1	0.0	657.55	1468.25	1161.95	0.0	0.0	734.125
spe	644	636	1640.815	1563.065	1601.94	1774.52	1507.11	1706.55	1419.58	1597.05
hgt	552	GCF.001614315.2.Bacteria.Proteobacteria	1355.9	0.0	677.95	1526.56	1185.24	0.0	0.0	763.28
los	636	GCA.002840095.1.Bacteria.Proteobacteria	1563.065	0.0	781.5325	1706.55	1419.58	0.0	0.0	853.275
spe	636	634	1563.065	1398.775	1480.92	1706.55	1419.58	1567.28	1230.27	1468.41
hgt	579	GCA.003155415.1.Bacteria.Proteobacteria	935.164	0.0	467.582	1112.18	758.148	0.0	0.0	556.09
los	634	GCF.002020875.1.Bacteria.Proteobacteria	1398.775	0.0	699.3875	1567.28	1230.27	0.0	0.0	783.64
hgt	711	GCA.001664505.1.Bacteria.Acidobacteriota	1840.1	0.0	920.05	2042.75	1637.45	0.0	0.0	1021.375
hgt	568	GCA.002862435.1.Bacteria.Proteobacteria	1421.955	0.0	710.9775	1583.57	1260.34	0.0	0.0	791.785
spe	663	662	3154.255	3076.16	3115.2075	3286.98	3021.53	3210.53	2941.79	3114.385
los	662	400	3076.16	2337.685	2706.9225	3210.53	2941.79	2593.16	2082.21	2646.37
spe	662	661	3076.16	3025.1	3050.63	3210.53	2941.79	3159.02	2891.18	3050.855
los	661	660	3025.1	2520.845	2772.9725	3159.02	2891.18	2755.25	2286.44	2722.73
spe	661	655	3025.1	2961.955	2993.5275	3159.02	2891.18	3096.53	2827.38	2993.2
spe	655	403	2961.955	2470.89	2716.4225	3096.53	2827.38	2681.53	2260.25	2678.39
hgt	574	GCF.900112605.1.Bacteria.Proteobacteria	1337.465	0.0	668.7325	1503.53	1171.4	0.0	0.0	751.765
los	403	GCF.001907975.1.Bacteria.Proteobacteria	2470.89	0.0	1235.445	2681.53	2260.25	0.0	0.0	1340.765
hgt	553	GCF.001641825.1.Bacteria.Proteobacteria	1585.42	0.0	792.71	1735.79	1435.05	0.0	0.0	867.895
hgt	None	dead	0.0	0.0	0.0	0.0	0.0	0.0	0.0	0.0
hgt	751	GCA.002500605.1.Bacteria.Nitrospinota	1894.43	0.0	947.215	2141.93	1646.93	0.0	0.0	1070.965
los	None	dead	0.0	0.0	0.0	0.0	0.0	0.0	0.0	0.0
spe	655	654	2961.955	2819.98	2890.9675	3096.53	2827.38	2952.69	2687.27	2891.9
spe	654	520	2819.98	2728.775	2774.3775	2952.69	2687.27	2864.46	2593.09	2772.89
spe	520	406	2728.775	2518.42	2623.5975	2864.46	2593.09	2679.32	2357.52	2610.99
hgt	1041	GCA.002686955.1.Bacteria.Gemmatimonadota.A	2636.74	0.0	1318.37	2813.51	2459.97	0.0	0.0	1406.755
los	406	GCF.002795805.1.Bacteria.Proteobacteria	2518.42	0.0	1259.21	2679.32	2357.52	0.0	0.0	1339.66
hgt	None	dead	0.0	0.0	0.0	0.0	0.0	0.0	0.0	0.0
spe	520	519	2728.775	2563.7	2646.2375	2864.46	2593.09	2703.63	2423.77	2644.115
spe	519	518	2563.7	2336.69	2450.195	2703.63	2423.77	2479.45	2193.93	2448.78
hgt	804	GCA.003247575.1.Bacteria.Myxococcota.A	1962.63	0.0	981.315	2181.42	1743.84	0.0	0.0	1090.71
los	518	GCA.002689455.1.Bacteria.Proteobacteria	2336.69	0.0	1168.345	2479.45	2193.93	0.0	0.0	1239.725
spe	518	517	2336.69	2143.98	2240.335	2479.45	2193.93	2284.9	2003.06	2241.255
los	517	GCA.002937675.1.Bacteria.Proteobacteria	2143.98	0.0	1071.99	2284.9	2003.06	0.0	0.0	1142.45
spe	517	516	2143.98	2063.06	2103.52	2284.9	2003.06	2200.5	1925.62	2105.26
los	516	428	2063.06	1947.315	2005.1875	2200.5	1925.62	2093.73	1800.9	2000.7
spe	516	515	2063.06	1939.7	2001.38	2200.5	1925.62	2073.68	1805.72	2003.11
los	515	GCA.002632265.1.Bacteria.Proteobacteria	1939.7	0.0	969.85	2073.68	1805.72	0.0	0.0	1036.84
spe	515	514	1939.7	1792.55	1866.125	2073.68	1805.72	1924.0	1661.1	1867.39
los	514	436	1792.55	1682.45	1737.5	1924.0	1661.1	1827.26	1537.64	1730.82
spe	514	513	1792.55	1728.66	1760.605	1924.0	1661.1	1860.39	1596.93	1760.465
spe	513	512	1728.66	1614.755	1671.7075	1860.39	1596.93	1750.68	1478.83	1669.61
los	512	486	1614.755	1342.71	1478.7325	1750.68	1478.83	1498.9	1186.52	1468.6
spe	512	511	1614.755	1534.63	1574.6925	1750.68	1478.83	1667.04	1402.22	1576.45
los	511	510	1534.63	1468.305	1501.4675	1667.04	1402.22	1603.84	1332.77	1499.905
spe	511	489	1534.63	1174.55	1354.59	1667.04	1402.22	1332.19	1016.91	1341.975
los	489	GCA.002701885.1.Bacteria.Proteobacteria	1174.55	0.0	587.275	1332.19	1016.91	0.0	0.0	666.095
hgt	None	dead	0.0	0.0	0.0	0.0	0.0	0.0	0.0	0.0
hgt	944	GCA.002712165.1.Bacteria.Proteobacteria	1392.82	0.0	696.41	1623.46	1162.18	0.0	0.0	811.73
los	None	dead	0.0	0.0	0.0	0.0	0.0	0.0	0.0	0.0
spe	513	483	1728.66	1679.37	1704.015	1860.39	1596.93	1813.87	1544.87	1702.63
spe	483	447	1679.37	1537.685	1608.5275	1813.87	1544.87	1679.47	1395.9	1604.885
los	447	439	1537.685	1378.685	1458.185	1679.47	1395.9	1531.25	1226.12	1452.795
spe	447	446	1537.685	1337.995	1437.84	1679.47	1395.9	1490.2	1185.79	1432.63
los	446	445	1337.995	1219.785	1278.89	1490.2	1185.79	1382.11	1057.46	1273.83
spe	483	482	1679.37	1587.505	1633.4375	1813.87	1544.87	1722.49	1452.52	1633.195
los	482	481	1587.505	1510.43	1548.9675	1722.49	1452.52	1645.81	1375.05	1548.77
spe	482	458	1587.505	1466.17	1526.8375	1722.49	1452.52	1610.52	1321.82	1522.155
los	458	GCA.002340345.1.Bacteria.Proteobacteria	1466.17	0.0	733.085	1610.52	1321.82	0.0	0.0	805.26
spe	458	456	1466.17	1288.015	1377.0925	1610.52	1321.82	1439.86	1136.17	1373.345
los	456	GCF.002148795.1.Bacteria.Proteobacteria	1288.015	0.0	644.0075	1439.86	1136.17	0.0	0.0	719.93
spe	456	455	1288.015	945.418	1116.7165	1439.86	1136.17	1105.62	785.216	1112.538
los	455	454	945.418	825.9765	885.69725	1105.62	785.216	984.66	667.293	886.4565
hgt	462	GCF.006980715.1.Bacteria.Proteobacteria	1029.85	0.0	514.925	1187.35	872.35	0.0	0.0	593.675
hgt	458	GCA.002340345.1.Bacteria.Proteobacteria	1466.17	0.0	733.085	1610.52	1321.82	0.0	0.0	805.26
hgt	646	645	1850.35	1783.08	1816.715	1979.31	1721.39	1911.77	1654.39	1816.85
los	None	dead	0.0	0.0	0.0	0.0	0.0	0.0	0.0	0.0
spe	646	645	1850.35	1783.08	1816.715	1979.31	1721.39	1911.77	1654.39	1816.85
spe	645	644	1783.08	1640.815	1711.9475	1911.77	1654.39	1774.52	1507.11	1709.44
los	644	643	1640.815	1460.61	1550.7125	1774.52	1507.11	1604.84	1316.38	1545.45
spe	644	636	1640.815	1563.065	1601.94	1774.52	1507.11	1706.55	1419.58	1597.05
spe	636	634	1563.065	1398.775	1480.92	1706.55	1419.58	1567.28	1230.27	1468.41
los	634	GCF.001697225.1.Bacteria.Proteobacteria	1398.775	0.0	699.3875	1567.28	1230.27	0.0	0.0	783.64
hgt	612	611	1154.76	873.257	1014.0085	1302.07	1007.45	1026.32	720.194	1011.132
hgt	546	GCA.002747435.1.Bacteria.Proteobacteria	1450.69	0.0	725.345	1616.84	1284.54	0.0	0.0	808.42
hgt	868	GCA.002347095.1.Bacteria.Desulfobacterota	1695.53	0.0	847.765	1892.42	1498.64	0.0	0.0	946.21
hgt	183	GCA.002402105.1.Bacteria.UBP17	2942.325	0.0	1471.1625	3395.25	2489.4	0.0	0.0	1697.625
spe	612	611	1154.76	873.257	1014.0085	1302.07	1007.45	1026.32	720.194	1011.132
spe	645	631	1783.08	1709.925	1746.5025	1911.77	1654.39	1841.09	1578.76	1745.265
spe	631	603	1709.925	1631.14	1670.5325	1841.09	1578.76	1761.43	1500.85	1670.97
los	603	602	1631.14	1545.47	1588.305	1761.43	1500.85	1675.86	1415.08	1588.255
spe	631	630	1709.925	1575.32	1642.6225	1841.09	1578.76	1706.06	1444.58	1642.835
spe	630	614	1575.32	1428.05	1501.685	1706.06	1444.58	1559.83	1296.27	1501.165
los	614	606	1428.05	1255.84	1341.945	1559.83	1296.27	1404.83	1106.85	1333.34
spe	614	613	1428.05	1308.6	1368.325	1559.83	1296.27	1448.11	1169.09	1364.46
los	613	612	1308.6	1154.76	1231.68	1448.11	1169.09	1302.07	1007.45	1227.78
hgt	400	GCA.002401295.1.Bacteria.SAR324	2337.685	0.0	1168.8425	2593.16	2082.21	0.0	0.0	1296.58
hgt	674	GCA.002747255.1.Bacteria.Acidobacteriota	1880.64	0.0	940.32	2129.25	1632.03	0.0	0.0	1064.625
hgt	1015	GCA.002790835.1.Bacteria.Krumholzibacteriota	2028.76	0.0	1014.38	2298.38	1759.14	0.0	0.0	1149.19
los	630	629	1575.32	1401.175	1488.2475	1706.06	1444.58	1536.66	1265.69	1485.875
spe	654	653	2819.98	2511.255	2665.6175	2952.69	2687.27	2643.2	2379.31	2666.0
hgt	546	GCF.000021985.1.Bacteria.Proteobacteria	1450.69	0.0	725.345	1616.84	1284.54	0.0	0.0	808.42
hgt	574	GCF.000374645.1.Bacteria.Proteobacteria	1337.465	0.0	668.7325	1503.53	1171.4	0.0	0.0	751.765
spe	653	652	2511.255	2343.17	2427.2125	2643.2	2379.31	2482.13	2204.21	2423.705
los	652	526	2343.17	2011.455	2177.3125	2482.13	2204.21	2193.22	1829.69	2155.91
spe	652	651	2343.17	2202.31	2272.74	2482.13	2204.21	2336.11	2068.51	2275.32
los	651	533	2202.31	1994.64	2098.475	2336.11	2068.51	2150.09	1839.19	2087.65
spe	651	650	2202.31	2111.655	2156.9825	2336.11	2068.51	2245.39	1977.92	2157.015
los	650	536	2111.655	1835.635	1973.645	2245.39	1977.92	2001.99	1669.28	1957.335
spe	650	649	2111.655	2046.605	2079.13	2245.39	1977.92	2179.57	1913.64	2079.515
spe	649	648	2046.605	1974.705	2010.655	2179.57	1913.64	2104.7	1844.71	2012.14
los	648	562	1974.705	1813.695	1894.2	2104.7	1844.71	1949.37	1678.02	1891.36
spe	648	647	1974.705	1898.035	1936.37	2104.7	1844.71	2027.5	1768.57	1936.635
los	647	646	1898.035	1850.35	1874.1925	2027.5	1768.57	1979.31	1721.39	1874.445
spe	647	571	1898.035	1737.025	1817.53	2027.5	1768.57	1877.08	1596.97	1812.235
los	571	565	1737.025	1459.56	1598.2925	1877.08	1596.97	1636.29	1282.83	1579.955
spe	571	570	1737.025	1581.87	1659.4475	1877.08	1596.97	1730.52	1433.22	1655.15
los	570	568	1581.87	1421.955	1501.9125	1730.52	1433.22	1583.57	1260.34	1495.43
spe	649	543	2046.605	1880.315	1963.46	2179.57	1913.64	2032.2	1728.43	1954.0
los	543	539	1880.315	1679.045	1779.68	2032.2	1728.43	1878.59	1479.5	1755.85
spe	543	542	1880.315	1703.185	1791.75	2032.2	1728.43	1875.52	1530.85	1781.525
los	542	GCA.002631715.1.Bacteria.Proteobacteria	1703.185	0.0	851.5925	1875.52	1530.85	0.0	0.0	937.76
hgt	None	dead	0.0	0.0	0.0	0.0	0.0	0.0	0.0	0.0
hgt	1476	1454	2705.185	2138.89	2422.0375	2890.77	2519.6	2343.0	1934.78	2412.775
los	None	dead	0.0	0.0	0.0	0.0	0.0	0.0	0.0	0.0
spe	1476	1454	2705.185	2138.89	2422.0375	2890.77	2519.6	2343.0	1934.78	2412.775
spe	1454	1446	2138.89	1892.56	2015.725	2343.0	1934.78	2094.3	1690.82	2016.91
spe	1446	1440	1892.56	1749.24	1820.9	2094.3	1690.82	1951.59	1546.89	1820.595
los	1440	1439	1749.24	1503.92	1626.58	1951.59	1546.89	1702.99	1304.85	1628.22
hgt	None	dead	0.0	0.0	0.0	0.0	0.0	0.0	0.0	0.0
los	1446	1445	1892.56	1683.66	1788.11	2094.3	1690.82	1884.49	1482.83	1788.565
hgt	1173	GCA.001768675.1.Bacteria.Actinobacteriota	1583.875	0.0	791.9375	1841.44	1326.31	0.0	0.0	920.72
los	None	dead	0.0	0.0	0.0	0.0	0.0	0.0	0.0	0.0
spe	1454	1453	2138.89	2041.27	2090.08	2343.0	1934.78	2251.3	1831.24	2087.12
spe	1453	1449	2041.27	1825.905	1933.5875	2251.3	1831.24	2055.21	1596.6	1923.95
los	1449	GCA.002366595.1.Bacteria.Chloroflexota	1825.905	0.0	912.9525	2055.21	1596.6	0.0	0.0	1027.605
hgt	1688	GCF.000353285.1.Bacteria.Cyanobacteria	1633.475	0.0	816.7375	1770.82	1496.13	0.0	0.0	885.41
los	1453	1452	2041.27	1560.03	1800.65	2251.3	1831.24	1846.56	1273.5	1762.4
spe	1726	1725	3776.22	3726.035	3751.1275	3894.53	3657.91	3848.26	3603.81	3749.17
hgt	None	dead	0.0	0.0	0.0	0.0	0.0	0.0	0.0	0.0
dup	None	dead	0.0	0.0	0.0	0.0	0.0	0.0	0.0	0.0
hgt	1226	GCA.003242195.1.Bacteria.Firmicutes.E	1761.44	0.0	880.72	2030.25	1492.63	0.0	0.0	1015.125
los	None	dead	0.0	0.0	0.0	0.0	0.0	0.0	0.0	0.0
dup	None	dead	0.0	0.0	0.0	0.0	0.0	0.0	0.0	0.0
hgt	797	GCA.002311335.1.Bacteria.Desulfobacterota.B	1864.035	0.0	932.0175	2051.89	1676.18	0.0	0.0	1025.945
los	None	dead	0.0	0.0	0.0	0.0	0.0	0.0	0.0	0.0
hgt	816	GCA.002724675.1.Bacteria.Myxococcota.A	1315.445	0.0	657.7225	1517.68	1113.21	0.0	0.0	758.84
los	None	dead	0.0	0.0	0.0	0.0	0.0	0.0	0.0	0.0
spe	1725	1724	3726.035	3611.965	3669.0	3848.26	3603.81	3732.72	3491.21	3669.735
spe	1724	1642	3611.965	3511.74	3561.8525	3732.72	3491.21	3641.83	3381.65	3557.185
hgt	None	dead	0.0	0.0	0.0	0.0	0.0	0.0	0.0	0.0
spe	1642	1478	3511.74	3209.465	3360.6025	3641.83	3381.65	3376.81	3042.12	3341.975
spe	1478	1477	3209.465	2951.08	3080.2725	3376.81	3042.12	3128.51	2773.65	3075.23
spe	1477	1431	2951.08	2599.01	2775.045	3128.51	2773.65	2813.21	2384.81	2756.66
hgt	None	dead	0.0	0.0	0.0	0.0	0.0	0.0	0.0	0.0
los	1431	1430	2599.01	2141.86	2370.435	2813.21	2384.81	2460.53	1823.19	2318.2
hgt	1406	GCA.002710215.1.Bacteria.Chloroflexota	1589.865	0.0	794.9325	1810.7	1369.03	0.0	0.0	905.35
los	None	dead	0.0	0.0	0.0	0.0	0.0	0.0	0.0	0.0
spe	1431	1427	2599.01	2362.135	2480.5725	2813.21	2384.81	2573.24	2151.03	2482.12
hgt	None	dead	0.0	0.0	0.0	0.0	0.0	0.0	0.0	0.0
los	1427	1426	2362.135	2179.07	2270.6025	2573.24	2151.03	2402.77	1955.37	2264.305
hgt	1402	GCA.003228115.1.Bacteria.Chloroflexota	1674.055	0.0	837.0275	1896.47	1451.64	0.0	0.0	948.235
los	None	dead	0.0	0.0	0.0	0.0	0.0	0.0	0.0	0.0
spe	1427	1413	2362.135	2076.485	2219.31	2573.24	2151.03	2295.25	1857.72	2215.48
spe	1413	1412	2076.485	1844.64	1960.5625	2295.25	1857.72	2055.17	1634.11	1964.68
los	1412	1408	1844.64	1782.47	1813.555	2055.17	1634.11	1994.32	1570.62	1812.895
spe	1412	1411	1844.64	1573.655	1709.1475	2055.17	1634.11	1810.87	1336.44	1695.805
los	1411	GCA.002717805.1.Bacteria.Chloroflexota	1573.655	0.0	786.8275	1810.87	1336.44	0.0	0.0	905.435
spe	1413	1399	2076.485	1765.22	1920.8525	2295.25	1857.72	2036.35	1494.09	1894.67
los	1399	GCA.002708145.1.Bacteria.Chloroflexota	1765.22	0.0	882.61	2036.35	1494.09	0.0	0.0	1018.175
spe	1477	1476	2951.08	2705.185	2828.1325	3128.51	2773.65	2890.77	2519.6	2824.055
los	1476	1454	2705.185	2138.89	2422.0375	2890.77	2519.6	2343.0	1934.78	2412.775
dup	1476	1475	2705.185	2571.35	2638.2675	2890.77	2519.6	2771.01	2371.69	2631.23
hgt	None	dead	0.0	0.0	0.0	0.0	0.0	0.0	0.0	0.0
dup	None	dead	0.0	0.0	0.0	0.0	0.0	0.0	0.0	0.0
hgt	1098	GCA.003244105.1.Bacteria.Eremiobacterota	1685.385	0.0	842.6925	2041.88	1328.89	0.0	0.0	1020.94
los	None	dead	0.0	0.0	0.0	0.0	0.0	0.0	0.0	0.0
hgt	817	813	1842.425	1701.895	1772.16	2008.5	1676.35	1867.35	1536.44	1772.47
los	None	dead	0.0	0.0	0.0	0.0	0.0	0.0	0.0	0.0
spe	817	813	1842.425	1701.895	1772.16	2008.5	1676.35	1867.35	1536.44	1772.47
spe	813	807	1701.895	1480.85	1591.3725	1867.35	1536.44	1670.67	1291.03	1579.19
los	807	GCA.002841945.1.Bacteria.Myxococcota	1480.85	0.0	740.425	1670.67	1291.03	0.0	0.0	835.335
spe	813	812	1701.895	1577.595	1639.745	1867.35	1536.44	1758.46	1396.73	1632.04
hgt	352	GCA.002167285.1.Bacteria.Planctomycetota	1718.42	0.0	859.21	1950.1	1486.74	0.0	0.0	975.05
dup	812	811	1577.595	1395.975	1486.785	1758.46	1396.73	1585.0	1206.95	1482.705
spe	812	811	1577.595	1395.975	1486.785	1758.46	1396.73	1585.0	1206.95	1482.705
los	811	GCA.002728755.1.Bacteria.Myxococcota	1395.975	0.0	697.9875	1585.0	1206.95	0.0	0.0	792.5
hgt	834	832	1804.155	1570.54	1687.3475	1986.48	1621.83	1770.5	1370.58	1678.53
spe	812	811	1577.595	1395.975	1486.785	1758.46	1396.73	1585.0	1206.95	1482.705
hgt	924	GCA.002348465.1.Bacteria.Gemmatimonadota	1818.875	0.0	909.4375	2151.84	1485.91	0.0	0.0	1075.92
los	811	GCA.002726535.1.Bacteria.Myxococcota	1395.975	0.0	697.9875	1585.0	1206.95	0.0	0.0	792.5
hgt	804	GCA.002731275.1.Bacteria.Myxococcota	1962.63	0.0	981.315	2181.42	1743.84	0.0	0.0	1090.71
spe	834	832	1804.155	1570.54	1687.3475	1986.48	1621.83	1770.5	1370.58	1678.53
hgt	None	dead	0.0	0.0	0.0	0.0	0.0	0.0	0.0	0.0
dup	None	dead	0.0	0.0	0.0	0.0	0.0	0.0	0.0	0.0
hgt	1337	GCF.000092905.1.Bacteria.Firmicutes	1327.38	0.0	663.69	1542.2	1112.56	0.0	0.0	771.1
los	None	dead	0.0	0.0	0.0	0.0	0.0	0.0	0.0	0.0
dup	None	dead	0.0	0.0	0.0	0.0	0.0	0.0	0.0	0.0
dup	None	dead	0.0	0.0	0.0	0.0	0.0	0.0	0.0	0.0
hgt	1167	GCA.002413185.1.Bacteria.Actinobacteriota	2045.68	0.0	1022.84	2266.85	1824.51	0.0	0.0	1133.425
los	None	dead	0.0	0.0	0.0	0.0	0.0	0.0	0.0	0.0
hgt	1177	GCA.003138355.1.Bacteria.Actinobacteriota	1403.585	0.0	701.7925	1668.18	1138.99	0.0	0.0	834.09
los	None	dead	0.0	0.0	0.0	0.0	0.0	0.0	0.0	0.0
hgt	1355	GCF.004522215.1.Bacteria.Firmicutes	1246.46	0.0	623.23	1408.06	1084.86	0.0	0.0	704.03
los	None	dead	0.0	0.0	0.0	0.0	0.0	0.0	0.0	0.0
dup	1355	GCF.004522215.1.Bacteria.Firmicutes	1246.46	0.0	623.23	1408.06	1084.86	0.0	0.0	704.03
spe	1476	1475	2705.185	2571.35	2638.2675	2890.77	2519.6	2771.01	2371.69	2631.23
spe	1475	1463	2571.35	2342.68	2457.015	2771.01	2371.69	2569.78	2115.58	2443.295
spe	1463	1462	2342.68	2240.595	2291.6375	2569.78	2115.58	2485.08	1996.11	2282.945
spe	1462	1461	2240.595	1858.39	2049.4925	2485.08	1996.11	2155.55	1561.23	2023.155
los	1461	GCA.002413265.1.Bacteria.Chloroflexota	1858.39	0.0	929.195	2155.55	1561.23	0.0	0.0	1077.775
hgt	1439	GCF.900187885.1.Bacteria.Chloroflexota	1503.92	0.0	751.96	1702.99	1304.85	0.0	0.0	851.495
los	1462	GCA.002436065.1.Bacteria.Chloroflexota	2240.595	0.0	1120.2975	2485.08	1996.11	0.0	0.0	1242.54
spe	1463	1457	2342.68	1912.015	2127.3475	2569.78	2115.58	2189.96	1634.07	2101.925
hgt	1437	GCA.002702065.1.Bacteria.Chloroflexota	1179.4025	0.0	589.70125	1379.79	979.015	0.0	0.0	689.895
hgt	1467	GCA.002292925.1.Bacteria.Chloroflexota	1752.37	0.0	876.185	2017.47	1487.27	0.0	0.0	1008.735
los	1457	GCF.003967555.1.Bacteria.Chloroflexota	1912.015	0.0	956.0075	2189.96	1634.07	0.0	0.0	1094.98
spe	1475	1474	2571.35	2422.145	2496.7475	2771.01	2371.69	2641.91	2202.38	2486.695
spe	1474	1473	2422.145	1376.695	1899.42	2641.91	2202.38	1641.8	1111.59	1876.75
los	1473	GCA.001443375.1.Bacteria.Chloroflexota	1376.695	0.0	688.3475	1641.8	1111.59	0.0	0.0	820.9
spe	1474	1470	2422.145	2082.735	2252.44	2641.91	2202.38	2316.34	1849.13	2245.52
los	1470	GCF.000025005.1.Bacteria.Chloroflexota	2082.735	0.0	1041.3675	2316.34	1849.13	0.0	0.0	1158.17
spe	1470	1469	2082.735	1899.175	1990.955	2316.34	1849.13	2149.99	1648.36	1982.35
los	1469	GCA.001898225.1.Bacteria.Chloroflexota	1899.175	0.0	949.5875	2149.99	1648.36	0.0	0.0	1074.995
spe	1469	1467	1899.175	1752.37	1825.7725	2149.99	1648.36	2017.47	1487.27	1818.63
los	1467	GCA.002292925.1.Bacteria.Chloroflexota	1752.37	0.0	876.185	2017.47	1487.27	0.0	0.0	1008.735
spe	1476	1475	2705.185	2571.35	2638.2675	2890.77	2519.6	2771.01	2371.69	2631.23
spe	1475	1474	2571.35	2422.145	2496.7475	2771.01	2371.69	2641.91	2202.38	2486.695
los	1474	1473	2422.145	1376.695	1899.42	2641.91	2202.38	1641.8	1111.59	1876.75
spe	1474	1470	2422.145	2082.735	2252.44	2641.91	2202.38	2316.34	1849.13	2245.52
hgt	1439	1438	1503.92	1310.445	1407.1825	1702.99	1304.85	1509.7	1111.19	1407.09
spe	1439	1438	1503.92	1310.445	1407.1825	1702.99	1304.85	1509.7	1111.19	1407.09
spe	1438	1437	1310.445	1179.4025	1244.92375	1509.7	1111.19	1379.79	979.015	1244.3575
los	1437	GCA.002702065.1.Bacteria.Chloroflexota	1179.4025	0.0	589.70125	1379.79	979.015	0.0	0.0	689.895
spe	1470	1469	2082.735	1899.175	1990.955	2316.34	1849.13	2149.99	1648.36	1982.35
hgt	1180	GCF.001029505.1.Bacteria.Actinobacteriota	2135.205	0.0	1067.6025	2374.94	1895.47	0.0	0.0	1187.47
los	1469	1467	1899.175	1752.37	1825.7725	2149.99	1648.36	2017.47	1487.27	1818.63
spe	1475	1463	2571.35	2342.68	2457.015	2771.01	2371.69	2569.78	2115.58	2443.295
spe	1463	1462	2342.68	2240.595	2291.6375	2569.78	2115.58	2485.08	1996.11	2282.945
hgt	746	GCF.900079095.1.Bacteria.Tectomicrobia	1971.165	0.0	985.5825	2267.78	1674.55	0.0	0.0	1133.89
los	1462	1461	2240.595	1858.39	2049.4925	2485.08	1996.11	2155.55	1561.23	2023.155
hgt	1237	1221	2499.645	2008.115	2253.88	2691.67	2307.62	2274.35	1741.88	2216.775
los	1463	1457	2342.68	1912.015	2127.3475	2569.78	2115.58	2189.96	1634.07	2101.925
spe	1237	1221	2499.645	2008.115	2253.88	2691.67	2307.62	2274.35	1741.88	2216.775
hgt	1240	GCA.002376045.1.Bacteria.Firmicutes.A	2176.58	0.0	1088.29	2395.16	1958.0	0.0	0.0	1197.58
hgt	1305	GCF.002207765.1.Bacteria.Firmicutes.B	1479.61	0.0	739.805	1675.63	1283.59	0.0	0.0	837.815
spe	1478	1396	3209.465	2023.82	2616.6425	3376.81	3042.12	2389.98	1657.66	2517.235
hgt	1020	GCA.001780165.1.Bacteria.Eisenbacteria	1596.025	0.0	798.0125	1872.6	1319.45	0.0	0.0	936.3
hgt	239	GCA.003158755.1.Bacteria.Elusimicrobiota	1416.94	0.0	708.47	1628.4	1205.48	0.0	0.0	814.2
los	1396	GCA.003244045.1.Bacteria.Dormibacterota	2023.82	0.0	1011.91	2389.98	1657.66	0.0	0.0	1194.99
hgt	1457	GCF.003967555.1.Bacteria.Chloroflexota	1912.015	0.0	956.0075	2189.96	1634.07	0.0	0.0	1094.98
hgt	1145	1143	1977.205	1774.67	1875.9375	2204.63	1749.78	2003.61	1545.73	1875.18
spe	1145	1143	1977.205	1774.67	1875.9375	2204.63	1749.78	2003.61	1545.73	1875.18
hgt	791	GCA.002050235.1.Bacteria.Desulfobacterota.B	1279.55	0.0	639.775	1476.89	1082.21	0.0	0.0	738.445
hgt	1178	GCA.002347645.1.Bacteria.Actinobacteriota	1623.895	0.0	811.9475	1870.86	1376.93	0.0	0.0	935.43
hgt	1167	1166	2045.68	1407.48	1726.58	2266.85	1824.51	1631.42	1183.54	1725.195
hgt	821	GCF.000737335.2.Bacteria.Proteobacteria	1447.61	0.0	723.805	1643.48	1251.74	0.0	0.0	821.74
spe	1143	1141	1774.67	1400.775	1587.7225	2003.61	1545.73	1633.42	1168.13	1585.87
spe	1141	1140	1400.775	1175.5635	1288.16925	1633.42	1168.13	1408.09	943.037	1288.2285
hgt	1145	GCA.001767695.1.Bacteria.Actinobacteriota	1977.205	0.0	988.6025	2204.63	1749.78	0.0	0.0	1102.315
los	1140	GCA.003162395.1.Bacteria.Actinobacteriota	1175.5635	0.0	587.78175	1408.09	943.037	0.0	0.0	704.045
spe	1167	1166	2045.68	1407.48	1726.58	2266.85	1824.51	1631.42	1183.54	1725.195
spe	1166	1165	1407.48	1265.28	1336.38	1631.42	1183.54	1482.81	1047.75	1339.585
spe	1165	1164	1265.28	1123.5635	1194.42175	1482.81	1047.75	1339.29	907.837	1195.3235
spe	1164	1163	1123.5635	951.694	1037.62875	1339.29	907.837	1153.97	749.418	1044.354
los	1163	GCA.001437855.1.Bacteria.Actinobacteriota	951.694	0.0	475.847	1153.97	749.418	0.0	0.0	576.985
spe	1164	1160	1123.5635	971.4955	1047.5295	1339.29	907.837	1182.5	760.491	1049.8905
spe	1160	1158	971.4955	864.931	918.21325	1182.5	760.491	1069.94	659.922	921.211
hgt	1154	GCF.001591405.1.Bacteria.Actinobacteria	863.8915	0.0	431.94575	1069.86	657.923	0.0	0.0	534.93
spe	1165	1155	1265.28	1138.4215	1201.85075	1482.81	1047.75	1351.51	925.333	1204.0715
spe	1155	1154	1138.4215	863.8915	1001.1565	1351.51	925.333	1069.86	657.923	1004.7165
los	1154	GCF.001591405.1.Bacteria.Actinobacteria	863.8915	0.0	431.94575	1069.86	657.923	0.0	0.0	534.93
hgt	179	178	3191.81	3099.385	3145.5975	3350.16	3033.46	3251.39	2947.38	3148.77
los	None	dead	0.0	0.0	0.0	0.0	0.0	0.0	0.0	0.0
spe	179	178	3191.81	3099.385	3145.5975	3350.16	3033.46	3251.39	2947.38	3148.77
spe	178	32	3099.385	2666.455	2882.92	3251.39	2947.38	2880.09	2452.82	2852.105
hgt	None	dead	0.0	0.0	0.0	0.0	0.0	0.0	0.0	0.0
los	32	31	2666.455	2249.94	2458.1975	2880.09	2452.82	2519.52	1980.36	2430.225
hgt	1216	GCF.000020005.1.Bacteria.Firmicutes.D	2236.855	0.0	1118.4275	2504.52	1969.19	0.0	0.0	1252.26
los	None	dead	0.0	0.0	0.0	0.0	0.0	0.0	0.0	0.0
hgt	94	93	2684.395	2518.68	2601.5375	2833.14	2535.65	2671.84	2365.52	2599.33
hgt	1126	1125	2761.99	2539.79	2650.89	2998.52	2525.46	2797.54	2282.04	2640.28
spe	32	26	2666.455	482.601	1574.528	2880.09	2452.82	673.097	292.105	1586.0975
los	26	GCA.002841105.1.Archaea.Altiarchaeota	482.601	0.0	241.3005	673.097	292.105	0.0	0.0	336.5485
dup	1126	1125	2761.99	2539.79	2650.89	2998.52	2525.46	2797.54	2282.04	2640.28
spe	1126	1125	2761.99	2539.79	2650.89	2998.52	2525.46	2797.54	2282.04	2640.28
los	1125	1124	2539.79	2298.415	2419.1025	2797.54	2282.04	2587.78	2009.05	2403.295
spe	1125	1119	2539.79	1968.115	2253.9525	2797.54	2282.04	2280.74	1655.49	2226.515
los	1119	GCF.002973605.1.Bacteria.Armatimonadota	1968.115	0.0	984.0575	2280.74	1655.49	0.0	0.0	1140.37
spe	1126	1125	2761.99	2539.79	2650.89	2998.52	2525.46	2797.54	2282.04	2640.28
spe	1125	1124	2539.79	2298.415	2419.1025	2797.54	2282.04	2587.78	2009.05	2403.295
los	1124	GCA.002409445.1.Bacteria.Armatimonadota	2298.415	0.0	1149.2075	2587.78	2009.05	0.0	0.0	1293.89
spe	1124	1123	2298.415	2021.335	2159.875	2587.78	2009.05	2328.69	1713.98	2150.88
los	1123	GCA.003542955.1.Bacteria.Armatimonadota	2021.335	0.0	1010.6675	2328.69	1713.98	0.0	0.0	1164.345
spe	1125	1119	2539.79	1968.115	2253.9525	2797.54	2282.04	2280.74	1655.49	2226.515
los	1119	GCF.002973605.1.Bacteria.Armatimonadota	1968.115	0.0	984.0575	2280.74	1655.49	0.0	0.0	1140.37
dup	1119	GCA.002779825.1.Bacteria.Armatimonadota	1968.115	0.0	984.0575	2280.74	1655.49	0.0	0.0	1140.37
hgt	259	GCA.001778375.1.Bacteria.Firestonebacteria	2428.1	0.0	1214.05	2703.62	2152.58	0.0	0.0	1351.81
hgt	352	350	1718.42	1478.92	1598.67	1950.1	1486.74	1725.22	1232.62	1591.36
hgt	320	GCA.002746535.1.Bacteria.Planctomycetota	2201.875	0.0	1100.9375	2465.4	1938.35	0.0	0.0	1232.7
hgt	289	GCA.002708005.1.Bacteria.Verrucomicrobiota	1912.585	0.0	956.2925	2157.49	1667.68	0.0	0.0	1078.745
hgt	302	GCF.000170755.1.Bacteria.Verrucomicrobiota	1366.155	0.0	683.0775	1596.93	1135.38	0.0	0.0	798.465
spe	352	350	1718.42	1478.92	1598.67	1950.1	1486.74	1725.22	1232.62	1591.36
hgt	326	GCA.002404095.1.Bacteria.Planctomycetota	1183.194	0.0	591.597	1405.44	960.948	0.0	0.0	702.72
hgt	347	GCA.002683135.1.Bacteria.Planctomycetota	1965.575	0.0	982.7875	2194.16	1736.99	0.0	0.0	1097.08
hgt	1041	GCA.002686955.1.Bacteria.Gemmatimonadota.A	2636.74	0.0	1318.37	2813.51	2459.97	0.0	0.0	1406.755
spe	94	93	2684.395	2518.68	2601.5375	2833.14	2535.65	2671.84	2365.52	2599.33
spe	93	92	2518.68	2403.395	2461.0375	2671.84	2365.52	2557.42	2249.37	2460.605
los	92	70	2403.395	2001.665	2202.53	2557.42	2249.37	2168.39	1834.94	2196.18
spe	92	91	2403.395	2116.885	2260.14	2557.42	2249.37	2292.27	1941.5	2249.46
los	91	GCA.003034855.1.Archaea.Halobacteriota	2116.885	0.0	1058.4425	2292.27	1941.5	0.0	0.0	1146.135
spe	91	90	2116.885	1918.545	2017.715	2292.27	1941.5	2091.75	1745.34	2018.805
los	90	74	1918.545	1703.245	1810.895	2091.75	1745.34	1896.74	1509.75	1800.75
spe	90	89	1918.545	1761.97	1840.2575	2091.75	1745.34	1945.96	1577.98	1834.865
los	89	88	1761.97	1623.18	1692.575	1945.96	1577.98	1801.29	1445.07	1695.515
spe	89	77	1761.97	1438.885	1600.4275	1945.96	1577.98	1634.55	1243.22	1594.59
hgt	86	GCA.001412335.1.Archaea.Halobacteriota	1362.965	0.0	681.4825	1547.03	1178.9	0.0	0.0	773.515
hgt	1330	GCA.003444595.1.Bacteria.Firmicutes.D	1974.4	0.0	987.2	2194.26	1754.54	0.0	0.0	1097.13
spe	178	177	3099.385	2898.43	2998.9075	3251.39	2947.38	3033.18	2763.68	3007.535
spe	177	95	2898.43	2719.62	2809.025	3033.18	2763.68	2867.1	2572.14	2802.66
los	95	39	2719.62	2491.15	2605.385	2867.1	2572.14	2670.09	2312.21	2589.655
spe	95	94	2719.62	2684.395	2702.0075	2867.1	2572.14	2833.14	2535.65	2701.375
los	94	93	2684.395	2518.68	2601.5375	2833.14	2535.65	2671.84	2365.52	2599.33
spe	94	42	2684.395	2229.015	2456.705	2833.14	2535.65	2495.46	1962.57	2397.855
los	42	GCA.002502135.1.Archaea.Undinarchaeota	2229.015	0.0	1114.5075	2495.46	1962.57	0.0	0.0	1247.73
spe	177	176	2898.43	2700.395	2799.4125	3033.18	2763.68	2833.76	2567.03	2800.105
los	176	140	2700.395	2557.41	2628.9025	2833.76	2567.03	2699.59	2415.23	2624.495
spe	176	175	2700.395	2596.565	2648.48	2833.76	2567.03	2729.77	2463.36	2648.56
spe	175	143	2596.565	2114.17	2355.3675	2729.77	2463.36	2330.65	1897.69	2313.73
los	143	GCA.001563325.1.Archaea.Asgardarchaeota	2114.17	0.0	1057.085	2330.65	1897.69	0.0	0.0	1165.325
spe	175	174	2596.565	2507.51	2552.0375	2729.77	2463.36	2637.51	2377.51	2553.64
los	174	GCA.001940665.1.Archaea.Asgardarchaeota	2507.51	0.0	1253.755	2637.51	2377.51	0.0	0.0	1318.755
spe	174	173	2507.51	2412.845	2460.1775	2637.51	2377.51	2537.94	2287.75	2462.63
los	173	172	2412.845	1503.255	1958.05	2537.94	2287.75	1606.54	1399.97	1968.955
spe	173	151	2412.845	2246.95	2329.8975	2537.94	2287.75	2387.45	2106.45	2322.195
los	151	150	2246.95	1673.05	1960.0	2387.45	2106.45	1896.3	1449.8	1918.625
spe	151	147	2246.95	1821.225	2034.0875	2387.45	2106.45	2036.11	1606.34	1996.895
hgt	None	dead	0.0	0.0	0.0	0.0	0.0	0.0	0.0	0.0
dup	None	dead	0.0	0.0	0.0	0.0	0.0	0.0	0.0	0.0
hgt	274	GCA.000406005.1.Bacteria.Poribacteria	2054.16	0.0	1027.08	2418.12	1690.2	0.0	0.0	1209.06
los	None	dead	0.0	0.0	0.0	0.0	0.0	0.0	0.0	0.0
dup	None	dead	0.0	0.0	0.0	0.0	0.0	0.0	0.0	0.0
hgt	282	GCF.900105685.1.Bacteria.Verrucomicrobiota	1352.755	0.0	676.3775	1605.89	1099.62	0.0	0.0	802.945
los	None	dead	0.0	0.0	0.0	0.0	0.0	0.0	0.0	0.0
hgt	714	713	2396.315	2232.07	2314.1925	2582.71	2209.92	2420.07	2044.07	2313.39
los	None	dead	0.0	0.0	0.0	0.0	0.0	0.0	0.0	0.0
spe	714	713	2396.315	2232.07	2314.1925	2582.71	2209.92	2420.07	2044.07	2313.39
spe	713	699	2232.07	2103.185	2167.6275	2420.07	2044.07	2288.62	1917.75	2168.91
los	699	698	2103.185	1863.875	1983.53	2288.62	1917.75	2049.06	1678.69	1983.655
spe	699	681	2103.185	1875.565	1989.375	2288.62	1917.75	2076.39	1674.74	1981.68
los	681	680	1875.565	1688.545	1782.055	2076.39	1674.74	1915.25	1461.84	1769.115
spe	713	712	2232.07	2029.595	2130.8325	2420.07	2044.07	2222.24	1836.95	2128.51
los	712	711	2029.595	1840.1	1934.8475	2222.24	1836.95	2042.75	1637.45	1929.845
spe	712	706	2029.595	1754.72	1892.1575	2222.24	1836.95	1977.7	1531.74	1876.99
los	706	GCA.002327305.1.Bacteria.Acidobacteriota	1754.72	0.0	877.36	1977.7	1531.74	0.0	0.0	988.85
spe	706	704	1754.72	1564.51	1659.615	1977.7	1531.74	1779.6	1349.42	1663.56
los	704	GCA.003133645.1.Bacteria.Acidobacteriota	1564.51	0.0	782.255	1779.6	1349.42	0.0	0.0	889.8
spe	704	702	1564.51	1307.095	1435.8025	1779.6	1349.42	1523.49	1090.7	1435.15
hgt	1045	1044	3221.015	2991.325	3106.17	3362.53	3079.5	3142.49	2840.16	3101.345
hgt	None	dead	0.0	0.0	0.0	0.0	0.0	0.0	0.0	0.0
hgt	846	GCF.001611275.1.Bacteria.Desulfobacterota	1968.67	0.0	984.335	2201.27	1736.07	0.0	0.0	1100.635
los	None	dead	0.0	0.0	0.0	0.0	0.0	0.0	0.0	0.0
hgt	None	dead	0.0	0.0	0.0	0.0	0.0	0.0	0.0	0.0
los	1642	1641	3511.74	3146.265	3329.0025	3641.83	3381.65	3319.13	2973.4	3307.615
hgt	1412	1408	1844.64	1782.47	1813.555	2055.17	1634.11	1994.32	1570.62	1812.895
los	None	dead	0.0	0.0	0.0	0.0	0.0	0.0	0.0	0.0
spe	1412	1408	1844.64	1782.47	1813.555	2055.17	1634.11	1994.32	1570.62	1812.895
spe	1408	1407	1782.47	1694.435	1738.4525	1994.32	1570.62	1910.57	1478.3	1736.31
los	1407	1406	1694.435	1589.865	1642.15	1910.57	1478.3	1810.7	1369.03	1639.8
spe	1408	1402	1782.47	1674.055	1728.2625	1994.32	1570.62	1896.47	1451.64	1722.98
los	1402	GCA.003228115.1.Bacteria.Chloroflexota	1674.055	0.0	837.0275	1896.47	1451.64	0.0	0.0	948.235
spe	1045	1044	3221.015	2991.325	3106.17	3362.53	3079.5	3142.49	2840.16	3101.345
spe	1044	936	2991.325	2805.55	2898.4375	3142.49	2840.16	2994.75	2616.35	2879.42
los	936	935	2805.55	2051.05	2428.3	2994.75	2616.35	2302.83	1799.27	2397.01
spe	936	926	2805.55	2323.795	2564.6725	2994.75	2616.35	2580.04	2067.55	2531.15
los	926	924	2323.795	1818.875	2071.335	2580.04	2067.55	2151.84	1485.91	2032.975
spe	1044	1043	2991.325	2909.195	2950.26	3142.49	2840.16	3063.57	2754.82	2948.655
hgt	None	dead	0.0	0.0	0.0	0.0	0.0	0.0	0.0	0.0
los	1043	1011	2909.195	2725.725	2817.46	3063.57	2754.82	2891.14	2560.31	2811.94
hgt	816	GCA.002707085.1.Bacteria.Myxococcota.A	1315.445	0.0	657.7225	1517.68	1113.21	0.0	0.0	758.84
los	None	dead	0.0	0.0	0.0	0.0	0.0	0.0	0.0	0.0
hgt	364	363	3137.4	2571.645	2854.5225	3299.05	2975.75	2770.7	2372.59	2835.82
hgt	None	dead	0.0	0.0	0.0	0.0	0.0	0.0	0.0	0.0
spe	1043	1042	2909.195	2781.98	2845.5875	3063.57	2754.82	2945.67	2618.29	2840.93
spe	1042	1022	2781.98	2556.01	2668.995	2945.67	2618.29	2747.81	2364.21	2654.94
spe	1022	1021	2556.01	2172.51	2364.26	2747.81	2364.21	2411.97	1933.05	2340.43
los	1021	1020	2172.51	1596.025	1884.2675	2411.97	1933.05	1872.6	1319.45	1865.71
hgt	None	dead	0.0	0.0	0.0	0.0	0.0	0.0	0.0	0.0
hgt	395	GCF.000487995.1.Bacteria.Deferribacterota	1495.105	0.0	747.5525	1791.3	1198.91	0.0	0.0	895.65
los	None	dead	0.0	0.0	0.0	0.0	0.0	0.0	0.0	0.0
hgt	None	dead	0.0	0.0	0.0	0.0	0.0	0.0	0.0	0.0
los	1022	1016	2556.01	2340.795	2448.4025	2747.81	2364.21	2585.9	2095.69	2421.75
hgt	515	514	1939.7	1792.55	1866.125	2073.68	1805.72	1924.0	1661.1	1867.39
los	None	dead	0.0	0.0	0.0	0.0	0.0	0.0	0.0	0.0
dup	515	514	1939.7	1792.55	1866.125	2073.68	1805.72	1924.0	1661.1	1867.39
spe	515	514	1939.7	1792.55	1866.125	2073.68	1805.72	1924.0	1661.1	1867.39
hgt	None	dead	0.0	0.0	0.0	0.0	0.0	0.0	0.0	0.0
los	514	436	1792.55	1682.45	1737.5	1924.0	1661.1	1827.26	1537.64	1730.82
hgt	612	GCF.003612015.1.Bacteria.Proteobacteria	1154.76	0.0	577.38	1302.07	1007.45	0.0	0.0	651.035
los	None	dead	0.0	0.0	0.0	0.0	0.0	0.0	0.0	0.0
spe	514	513	1792.55	1728.66	1760.605	1924.0	1661.1	1860.39	1596.93	1760.465
spe	513	483	1728.66	1679.37	1704.015	1860.39	1596.93	1813.87	1544.87	1702.63
spe	483	482	1679.37	1587.505	1633.4375	1813.87	1544.87	1722.49	1452.52	1633.195
spe	482	481	1587.505	1510.43	1548.9675	1722.49	1452.52	1645.81	1375.05	1548.77
los	481	480	1510.43	1386.405	1448.4175	1645.81	1375.05	1534.03	1238.78	1442.295
spe	481	469	1510.43	1404.34	1457.385	1645.81	1375.05	1546.78	1261.9	1453.855
los	469	463	1404.34	1268.17	1336.255	1546.78	1261.9	1417.76	1118.58	1332.68
spe	469	468	1404.34	1227.095	1315.7175	1546.78	1261.9	1373.3	1080.89	1313.835
los	468	GCF.900167455.1.Bacteria.Proteobacteria	1227.095	0.0	613.5475	1373.3	1080.89	0.0	0.0	686.65
spe	468	467	1227.095	1071.506	1149.3005	1373.3	1080.89	1222.83	920.182	1146.741
los	467	GCA.002291925.1.Bacteria.Proteobacteria	1071.506	0.0	535.753	1222.83	920.182	0.0	0.0	611.415
hgt	None	dead	0.0	0.0	0.0	0.0	0.0	0.0	0.0	0.0
los	482	458	1587.505	1466.17	1526.8375	1722.49	1452.52	1610.52	1321.82	1522.155
hgt	503	GCA.002280485.1.Bacteria.Proteobacteria	904.119	0.0	452.0595	1050.27	757.968	0.0	0.0	525.135
los	None	dead	0.0	0.0	0.0	0.0	0.0	0.0	0.0	0.0
spe	483	447	1679.37	1537.685	1608.5275	1813.87	1544.87	1679.47	1395.9	1604.885
hgt	None	dead	0.0	0.0	0.0	0.0	0.0	0.0	0.0	0.0
los	447	446	1537.685	1337.995	1437.84	1679.47	1395.9	1490.2	1185.79	1432.63
hgt	579	GCA.003137095.1.Bacteria.Proteobacteria	935.164	0.0	467.582	1112.18	758.148	0.0	0.0	556.09
los	None	dead	0.0	0.0	0.0	0.0	0.0	0.0	0.0	0.0
spe	447	439	1537.685	1378.685	1458.185	1679.47	1395.9	1531.25	1226.12	1452.795
los	439	GCA.002723345.1.Bacteria.Proteobacteria	1378.685	0.0	689.3425	1531.25	1226.12	0.0	0.0	765.625
hgt	None	dead	0.0	0.0	0.0	0.0	0.0	0.0	0.0	0.0
dup	None	dead	0.0	0.0	0.0	0.0	0.0	0.0	0.0	0.0
hgt	807	GCA.002841945.1.Bacteria.Myxococcota	1480.85	0.0	740.425	1670.67	1291.03	0.0	0.0	835.335
los	None	dead	0.0	0.0	0.0	0.0	0.0	0.0	0.0	0.0
hgt	498	GCF.000192575.1.Bacteria.Proteobacteria	1100.442	0.0	550.221	1252.56	948.324	0.0	0.0	626.28
los	None	dead	0.0	0.0	0.0	0.0	0.0	0.0	0.0	0.0
dup	498	GCF.000192575.1.Bacteria.Proteobacteria	1100.442	0.0	550.221	1252.56	948.324	0.0	0.0	626.28
spe	513	512	1728.66	1614.755	1671.7075	1860.39	1596.93	1750.68	1478.83	1669.61
spe	512	511	1614.755	1534.63	1574.6925	1750.68	1478.83	1667.04	1402.22	1576.45
los	511	489	1534.63	1174.55	1354.59	1667.04	1402.22	1332.19	1016.91	1341.975
spe	511	510	1534.63	1468.305	1501.4675	1667.04	1402.22	1603.84	1332.77	1499.905
spe	510	509	1468.305	1371.54	1419.9225	1603.84	1332.77	1510.17	1232.91	1418.375
los	509	508	1371.54	1248.66	1310.1	1510.17	1232.91	1390.59	1106.73	1308.45
spe	509	495	1371.54	1115.4635	1243.50175	1510.17	1232.91	1268.36	962.567	1236.3685
hgt	536	GCF.900111015.1.Bacteria.Proteobacteria	1835.635	0.0	917.8175	2001.99	1669.28	0.0	0.0	1000.995
hgt	463	GCF.002251795.1.Bacteria.Proteobacteria	1268.17	0.0	634.085	1417.76	1118.58	0.0	0.0	708.88
hgt	468	GCF.900167455.1.Bacteria.Proteobacteria	1227.095	0.0	613.5475	1373.3	1080.89	0.0	0.0	686.65
spe	510	492	1468.305	1215.16	1341.7325	1603.84	1332.77	1364.8	1065.52	1334.68
hgt	434	GCA.002238885.1.Bacteria.Proteobacteria	1283.94	0.0	641.97	1452.9	1114.98	0.0	0.0	726.45
los	492	GCF.900172325.1.Bacteria.Proteobacteria	1215.16	0.0	607.58	1364.8	1065.52	0.0	0.0	682.4
spe	512	486	1614.755	1342.71	1478.7325	1750.68	1478.83	1498.9	1186.52	1468.6
hgt	536	GCF.002940605.1.Bacteria.Proteobacteria	1835.635	0.0	917.8175	2001.99	1669.28	0.0	0.0	1000.995
los	486	GCA.002721365.1.Bacteria.Proteobacteria	1342.71	0.0	671.355	1498.9	1186.52	0.0	0.0	749.45
dup	515	514	1939.7	1792.55	1866.125	2073.68	1805.72	1924.0	1661.1	1867.39
spe	515	514	1939.7	1792.55	1866.125	2073.68	1805.72	1924.0	1661.1	1867.39
los	514	436	1792.55	1682.45	1737.5	1924.0	1661.1	1827.26	1537.64	1730.82
spe	514	513	1792.55	1728.66	1760.605	1924.0	1661.1	1860.39	1596.93	1760.465
los	513	483	1728.66	1679.37	1704.015	1860.39	1596.93	1813.87	1544.87	1702.63
spe	513	512	1728.66	1614.755	1671.7075	1860.39	1596.93	1750.68	1478.83	1669.61
los	512	511	1614.755	1534.63	1574.6925	1750.68	1478.83	1667.04	1402.22	1576.45
spe	512	486	1614.755	1342.71	1478.7325	1750.68	1478.83	1498.9	1186.52	1468.6
los	486	GCF.000264455.2.Bacteria.Proteobacteria	1342.71	0.0	671.355	1498.9	1186.52	0.0	0.0	749.45
hgt	None	dead	0.0	0.0	0.0	0.0	0.0	0.0	0.0	0.0
hgt	874	873	1902.135	1746.56	1824.3475	2083.11	1721.16	1934.16	1558.96	1821.035
spe	515	514	1939.7	1792.55	1866.125	2073.68	1805.72	1924.0	1661.1	1867.39
spe	514	436	1792.55	1682.45	1737.5	1924.0	1661.1	1827.26	1537.64	1730.82
spe	436	435	1682.45	1491.68	1587.065	1827.26	1537.64	1647.81	1335.55	1581.405
hgt	None	dead	0.0	0.0	0.0	0.0	0.0	0.0	0.0	0.0
los	435	434	1491.68	1283.94	1387.81	1647.81	1335.55	1452.9	1114.98	1381.395
hgt	492	GCF.900172325.1.Bacteria.Proteobacteria	1215.16	0.0	607.58	1364.8	1065.52	0.0	0.0	682.4
los	None	dead	0.0	0.0	0.0	0.0	0.0	0.0	0.0	0.0
spe	514	513	1792.55	1728.66	1760.605	1924.0	1661.1	1860.39	1596.93	1760.465
los	513	512	1728.66	1614.755	1671.7075	1860.39	1596.93	1750.68	1478.83	1669.61
spe	513	483	1728.66	1679.37	1704.015	1860.39	1596.93	1813.87	1544.87	1702.63
los	483	482	1679.37	1587.505	1633.4375	1813.87	1544.87	1722.49	1452.52	1633.195
spe	483	447	1679.37	1537.685	1608.5275	1813.87	1544.87	1679.47	1395.9	1604.885
spe	447	446	1537.685	1337.995	1437.84	1679.47	1395.9	1490.2	1185.79	1432.63
los	446	GCA.002717185.1.Bacteria.Proteobacteria	1337.995	0.0	668.9975	1490.2	1185.79	0.0	0.0	745.1
spe	446	445	1337.995	1219.785	1278.89	1490.2	1185.79	1382.11	1057.46	1273.83
los	445	444	1219.785	1051.014	1135.3995	1382.11	1057.46	1222.56	879.468	1130.789
spe	447	439	1537.685	1378.685	1458.185	1679.47	1395.9	1531.25	1226.12	1452.795
los	439	GCF.001613805.1.Bacteria.Proteobacteria	1378.685	0.0	689.3425	1531.25	1226.12	0.0	0.0	765.625
hgt	None	dead	0.0	0.0	0.0	0.0	0.0	0.0	0.0	0.0
hgt	462	GCF.000315795.1.Bacteria.Proteobacteria	1029.85	0.0	514.925	1187.35	872.35	0.0	0.0	593.675
los	None	dead	0.0	0.0	0.0	0.0	0.0	0.0	0.0	0.0
spe	874	873	1902.135	1746.56	1824.3475	2083.11	1721.16	1934.16	1558.96	1821.035
spe	873	871	1746.56	1489.29	1617.925	1934.16	1558.96	1692.73	1285.85	1610.005
hgt	849	GCF.000266945.1.Bacteria.Desulfobacterota	1883.095	0.0	941.5475	2117.85	1648.34	0.0	0.0	1058.925
los	871	GCA.002899795.1.Bacteria.Desulfobacterota	1489.29	0.0	744.645	1692.73	1285.85	0.0	0.0	846.365
hgt	509	508	1371.54	1248.66	1310.1	1510.17	1232.91	1390.59	1106.73	1308.45
los	None	dead	0.0	0.0	0.0	0.0	0.0	0.0	0.0	0.0
spe	509	508	1371.54	1248.66	1310.1	1510.17	1232.91	1390.59	1106.73	1308.45
spe	508	498	1248.66	1100.442	1174.551	1390.59	1106.73	1252.56	948.324	1169.457
los	498	GCF.000192575.1.Bacteria.Proteobacteria	1100.442	0.0	550.221	1252.56	948.324	0.0	0.0	626.28
hgt	None	dead	0.0	0.0	0.0	0.0	0.0	0.0	0.0	0.0
hgt	453	GCA.003280605.1.Bacteria.Proteobacteria	706.861	0.0	353.4305	859.917	553.805	0.0	0.0	429.9585
los	None	dead	0.0	0.0	0.0	0.0	0.0	0.0	0.0	0.0
spe	508	507	1248.66	1032.028	1140.344	1390.59	1106.73	1172.29	891.766	1141.178
spe	507	506	1032.028	986.4985	1009.26325	1172.29	891.766	1134.96	838.037	1005.1635
los	506	GCA.001464215.1.Bacteria.Proteobacteria	986.4985	0.0	493.24925	1134.96	838.037	0.0	0.0	567.48
spe	507	503	1032.028	904.119	968.0735	1172.29	891.766	1050.27	757.968	965.129
los	503	GCA.002280485.1.Bacteria.Proteobacteria	904.119	0.0	452.0595	1050.27	757.968	0.0	0.0	525.135
spe	503	501	904.119	722.0125	813.06575	1050.27	757.968	881.342	562.683	806.4765
los	501	GCA.003158585.1.Bacteria.Proteobacteria	722.0125	0.0	361.00625	881.342	562.683	0.0	0.0	440.671
spe	1042	1041	2781.98	2636.74	2709.36	2945.67	2618.29	2813.51	2459.97	2702.82
los	1041	GCA.002686955.1.Bacteria.Gemmatimonadota.A	2636.74	0.0	1318.37	2813.51	2459.97	0.0	0.0	1406.755
spe	1041	1040	2636.74	2510.83	2573.785	2813.51	2459.97	2688.22	2333.44	2573.475
los	1040	1026	2510.83	2235.5	2373.165	2688.22	2333.44	2487.03	1983.97	2336.095
spe	1040	1039	2510.83	2466.405	2488.6175	2688.22	2333.44	2648.61	2284.2	2486.21
los	1039	1029	2466.405	2028.8	2247.6025	2648.61	2284.2	2272.61	1784.99	2216.8
spe	1039	1038	2466.405	2092.525	2279.465	2648.61	2284.2	2301.0	1884.05	2266.33
los	1038	1037	2092.525	1913.295	2002.91	2301.0	1884.05	2134.9	1691.69	1996.345
spe	1038	1032	2092.525	1683.695	1888.11	2301.0	1884.05	1928.88	1438.51	1869.755
dup	None	dead	0.0	0.0	0.0	0.0	0.0	0.0	0.0	0.0
hgt	320	GCA.003245715.1.Bacteria.Planctomycetota	2201.875	0.0	1100.9375	2465.4	1938.35	0.0	0.0	1232.7
los	None	dead	0.0	0.0	0.0	0.0	0.0	0.0	0.0	0.0
hgt	568	GCF.001051235.1.Bacteria.Proteobacteria	1421.955	0.0	710.9775	1583.57	1260.34	0.0	0.0	791.785
los	None	dead	0.0	0.0	0.0	0.0	0.0	0.0	0.0	0.0
spe	364	363	3137.4	2571.645	2854.5225	3299.05	2975.75	2770.7	2372.59	2835.82
spe	363	321	2571.645	2405.83	2488.7375	2770.7	2372.59	2641.62	2170.04	2470.37
los	321	320	2405.83	2201.875	2303.8525	2641.62	2170.04	2465.4	1938.35	2289.985
spe	363	362	2571.645	2406.61	2489.1275	2770.7	2372.59	2612.93	2200.29	2485.495
spe	362	361	2406.61	2290.69	2348.65	2612.93	2200.29	2497.86	2083.52	2348.225
hgt	None	dead	0.0	0.0	0.0	0.0	0.0	0.0	0.0	0.0
los	361	360	2290.69	2039.94	2165.315	2497.86	2083.52	2267.32	1812.56	2155.21
hgt	293	GCA.003246265.1.Bacteria.Verrucomicrobiota	1814.28	0.0	907.14	2062.54	1566.02	0.0	0.0	1031.27
los	None	dead	0.0	0.0	0.0	0.0	0.0	0.0	0.0	0.0
spe	361	353	2290.69	2130.965	2210.8275	2497.86	2083.52	2351.41	1910.52	2204.19
los	353	352	2130.965	1718.42	1924.6925	2351.41	1910.52	1950.1	1486.74	1919.075
spe	353	347	2130.965	1965.575	2048.27	2351.41	1910.52	2194.16	1736.99	2044.2
los	347	GCA.002683135.1.Bacteria.Planctomycetota	1965.575	0.0	982.7875	2194.16	1736.99	0.0	0.0	1097.08
spe	347	345	1965.575	1671.41	1818.4925	2194.16	1736.99	1909.09	1433.73	1813.945
los	345	GCA.002746235.1.Bacteria.Planctomycetota	1671.41	0.0	835.705	1909.09	1433.73	0.0	0.0	954.545
spe	362	342	2406.61	2209.56	2308.085	2612.93	2200.29	2424.62	1994.5	2303.715
los	342	328	2209.56	1796.445	2003.0025	2424.62	1994.5	2017.05	1575.84	2000.23
spe	342	341	2209.56	1956.375	2082.9675	2424.62	1994.5	2170.86	1741.89	2083.255
los	341	GCA.003170085.1.Bacteria.Planctomycetota	1956.375	0.0	978.1875	2170.86	1741.89	0.0	0.0	1085.43
spe	341	340	1956.375	1604.15	1780.2625	2170.86	1741.89	1818.45	1389.85	1780.355
los	340	339	1604.15	1460.73	1532.44	1818.45	1389.85	1676.51	1244.95	1531.7
spe	340	334	1604.15	1403.32	1503.735	1818.45	1389.85	1623.36	1183.28	1500.865
spe	334	332	1403.32	994.0835	1198.70175	1623.36	1183.28	1195.01	793.157	1208.2585
los	332	GCA.002364485.1.Bacteria.Planctomycetota	994.0835	0.0	497.04175	1195.01	793.157	0.0	0.0	597.505
hgt	None	dead	0.0	0.0	0.0	0.0	0.0	0.0	0.0	0.0
spe	1724	1723	3611.965	3457.54	3534.7525	3732.72	3491.21	3575.54	3339.54	3536.13
spe	1723	1722	3457.54	3243.33	3350.435	3575.54	3339.54	3359.45	3127.21	3351.375
los	1722	1664	3243.33	2786.595	3014.9625	3359.45	3127.21	2973.04	2600.15	2979.8
spe	1722	1721	3243.33	3160.365	3201.8475	3359.45	3127.21	3276.84	3043.89	3201.67
los	1721	1667	3160.365	2867.145	3013.755	3276.84	3043.89	3021.27	2713.02	2994.93
spe	1721	1720	3160.365	2612.48	2886.4225	3276.84	3043.89	2696.4	2528.56	2902.7
los	1720	1719	2612.48	2501.03	2556.755	2696.4	2528.56	2593.62	2408.44	2552.42
spe	1723	1657	3457.54	3284.32	3370.93	3575.54	3339.54	3430.31	3138.33	3356.935
hgt	None	dead	0.0	0.0	0.0	0.0	0.0	0.0	0.0	0.0
los	1657	1645	3284.32	3083.735	3184.0275	3430.31	3138.33	3307.6	2859.87	3145.09
hgt	686	GCA.002451015.1.Bacteria.Acidobacteriota	1646.29	0.0	823.145	1843.93	1448.65	0.0	0.0	921.965
los	None	dead	0.0	0.0	0.0	0.0	0.0	0.0	0.0	0.0
spe	1657	1656	3284.32	3020.24	3152.28	3430.31	3138.33	3214.58	2825.9	3128.105
hgt	None	dead	0.0	0.0	0.0	0.0	0.0	0.0	0.0	0.0
los	1656	1655	3020.24	2252.155	2636.1975	3214.58	2825.9	2572.62	1931.69	2573.135
hgt	84	GCF.000970205.1.Archaea.Halobacteriota	1194.24	0.0	597.12	1377.79	1010.69	0.0	0.0	688.895
los	None	dead	0.0	0.0	0.0	0.0	0.0	0.0	0.0	0.0
hgt	743	742	2880.765	2637.165	2758.965	3041.66	2719.87	2824.71	2449.62	2745.64
spe	1656	1652	3020.24	2447.44	2733.84	3214.58	2825.9	2734.05	2160.83	2687.705
los	1652	1648	2447.44	1832.07	2139.755	2734.05	2160.83	2165.77	1498.37	2116.21
spe	1652	1651	2447.44	2128.215	2287.8275	2734.05	2160.83	2447.17	1809.26	2271.655
los	1651	GCA.001783275.1.Bacteria.Margulisbacteria	2128.215	0.0	1064.1075	2447.17	1809.26	0.0	0.0	1223.585
spe	743	742	2880.765	2637.165	2758.965	3041.66	2719.87	2824.71	2449.62	2745.64
spe	742	741	2637.165	2052.975	2345.07	2824.71	2449.62	2337.08	1768.87	2296.79
los	741	GCA.001771285.1.Bacteria.Methylomirabilota	2052.975	0.0	1026.4875	2337.08	1768.87	0.0	0.0	1168.54
spe	742	738	2637.165	2317.13	2477.1475	2824.71	2449.62	2529.7	2104.56	2464.635
hgt	1080	GCF.001547735.1.Bacteria.Thermosulfidibacterota	2542.65	0.0	1271.325	2807.1	2278.2	0.0	0.0	1403.55
los	738	728	2317.13	1980.89	2149.01	2529.7	2104.56	2218.53	1743.25	2136.475
spe	738	737	2317.13	2105.695	2211.4125	2529.7	2104.56	2336.12	1875.27	2202.485
spe	737	733	2105.695	1608.54	1857.1175	2336.12	1875.27	1850.52	1366.56	1851.34
los	733	732	1608.54	1363.035	1485.7875	1850.52	1366.56	1611.92	1114.15	1482.335
hgt	None	dead	0.0	0.0	0.0	0.0	0.0	0.0	0.0	0.0
hgt	880	GCF.000195295.1.Bacteria.Desulfobacterota	1499.355	0.0	749.6775	1702.42	1296.29	0.0	0.0	851.21
los	None	dead	0.0	0.0	0.0	0.0	0.0	0.0	0.0	0.0
hgt	892	GCA.001873285.1.Bacteria.CG2.30.53.67	2105.205	0.0	1052.6025	2398.65	1811.76	0.0	0.0	1199.325
los	737	736	2105.695	1826.19	1965.9425	2336.12	1875.27	2087.86	1564.52	1950.32
dup	None	dead	0.0	0.0	0.0	0.0	0.0	0.0	0.0	0.0
hgt	709	GCA.003223995.1.Bacteria.Acidobacteriota	1543.01	0.0	771.505	1779.22	1306.8	0.0	0.0	889.61
los	None	dead	0.0	0.0	0.0	0.0	0.0	0.0	0.0	0.0
hgt	1699	GCF.000317045.1.Bacteria.Cyanobacteria	1903.47	0.0	951.735	1968.87	1838.07	0.0	0.0	984.435
los	None	dead	0.0	0.0	0.0	0.0	0.0	0.0	0.0	0.0
spe	1725	1393	3726.035	3573.7	3649.8675	3848.26	3603.81	3702.34	3445.06	3646.66
spe	1393	1392	3573.7	3456.59	3515.145	3702.34	3445.06	3587.78	3325.4	3513.87
hgt	None	dead	0.0	0.0	0.0	0.0	0.0	0.0	0.0	0.0
los	1392	1188	3456.59	3093.335	3274.9625	3587.78	3325.4	3261.52	2925.15	3256.465
hgt	1284	GCF.001553315.1.Bacteria.Firmicutes.C	1020.5295	0.0	510.26475	1232.09	808.969	0.0	0.0	616.045
los	None	dead	0.0	0.0	0.0	0.0	0.0	0.0	0.0	0.0
spe	1392	1391	3456.59	3155.64	3306.115	3587.78	3325.4	3298.49	3012.79	3300.285
los	1391	1211	3155.64	2902.885	3029.2625	3298.49	3012.79	3083.37	2722.4	3010.445
spe	1391	1390	3155.64	3037.655	3096.6475	3298.49	3012.79	3183.96	2891.35	3094.92
los	1390	1218	3037.655	2844.535	2941.095	3183.96	2891.35	3032.89	2656.18	2920.07
spe	1390	1389	3037.655	2954.69	2996.1725	3183.96	2891.35	3102.64	2806.74	2995.35
los	1389	1237	2954.69	2499.645	2727.1675	3102.64	2806.74	2691.67	2307.62	2705.13
spe	1389	1388	2954.69	2796.04	2875.365	3102.64	2806.74	2947.92	2644.16	2873.4
spe	1388	1274	2796.04	2556.69	2676.365	2947.92	2644.16	2724.36	2389.02	2668.47
hgt	None	dead	0.0	0.0	0.0	0.0	0.0	0.0	0.0	0.0
los	1274	1240	2556.69	2176.58	2366.635	2724.36	2389.02	2395.16	1958.0	2341.18
hgt	1684	GCA.001698445.1.Bacteria.Cyanobacteria	1655.535	0.0	827.7675	1804.69	1506.38	0.0	0.0	902.345
los	None	dead	0.0	0.0	0.0	0.0	0.0	0.0	0.0	0.0
spe	1274	1273	2556.69	2327.63	2442.16	2724.36	2389.02	2507.54	2147.72	2436.04
hgt	1718	1704	2361.38	2246.435	2303.9075	2453.23	2269.53	2332.27	2160.6	2306.915
hgt	1325	1324	2206.925	2099.855	2153.39	2374.4	2039.45	2268.52	1931.19	2152.795
los	1273	GCF.000166335.1.Bacteria.Firmicutes.A	2327.63	0.0	1163.815	2507.54	2147.72	0.0	0.0	1253.77
spe	1325	1324	2206.925	2099.855	2153.39	2374.4	2039.45	2268.52	1931.19	2152.795
spe	1324	1308	2099.855	1873.47	1986.6625	2268.52	1931.19	2054.46	1692.48	1980.5
hgt	None	dead	0.0	0.0	0.0	0.0	0.0	0.0	0.0	0.0
los	1308	1307	1873.47	1657.525	1765.4975	2054.46	1692.48	1841.63	1473.42	1763.94
hgt	695	GCA.003131705.1.Bacteria.Acidobacteriota	1284.94	0.0	642.47	1468.6	1101.28	0.0	0.0	734.3
los	None	dead	0.0	0.0	0.0	0.0	0.0	0.0	0.0	0.0
spe	1308	1300	1873.47	1522.13	1697.8	2054.46	1692.48	1724.92	1319.34	1686.9
los	1300	GCA.002418765.1.Bacteria.Firmicutes.B	1522.13	0.0	761.065	1724.92	1319.34	0.0	0.0	862.46
spe	1324	1323	2099.855	2012.64	2056.2475	2268.52	1931.19	2185.24	1840.04	2054.28
los	1323	1322	2012.64	1664.355	1838.4975	2185.24	1840.04	1866.79	1461.92	1823.58
spe	1323	1319	2012.64	1887.42	1950.03	2185.24	1840.04	2065.19	1709.65	1947.445
spe	1319	1318	1887.42	1776.335	1831.8775	2065.19	1709.65	1960.49	1592.18	1828.685
los	1318	1317	1776.335	1176.776	1476.5555	1960.49	1592.18	1371.35	982.202	1471.346
spe	1318	1312	1776.335	1489.285	1632.81	1960.49	1592.18	1697.39	1281.18	1620.835
los	1312	GCF.002607855.1.Bacteria.Firmicutes.B	1489.285	0.0	744.6425	1697.39	1281.18	0.0	0.0	848.695
hgt	1263	GCA.002307275.1.Bacteria.Firmicutes.A	1119.073	0.0	559.5365	1316.22	921.926	0.0	0.0	658.11
hgt	1330	GCA.003444595.1.Bacteria.Firmicutes.D	1974.4	0.0	987.2	2194.26	1754.54	0.0	0.0	1097.13
dup	1718	1704	2361.38	2246.435	2303.9075	2453.23	2269.53	2332.27	2160.6	2306.915
spe	1718	1704	2361.38	2246.435	2303.9075	2453.23	2269.53	2332.27	2160.6	2306.915
spe	1704	1672	2246.435	1997.32	2121.8775	2332.27	2160.6	2145.69	1848.95	2090.61
los	1672	GCF.000015965.1.Bacteria.Cyanobacteria	1997.32	0.0	998.66	2145.69	1848.95	0.0	0.0	1072.845
spe	1704	1703	2246.435	2154.635	2200.535	2332.27	2160.6	2238.99	2070.28	2201.275
los	1703	1679	2154.635	1817.625	1986.13	2238.99	2070.28	1965.65	1669.6	1954.295
spe	1703	1702	2154.635	2080.605	2117.62	2238.99	2070.28	2162.02	1999.19	2119.09
los	1702	GCF.003838225.1.Bacteria.Cyanobacteria	2080.605	0.0	1040.3025	2162.02	1999.19	0.0	0.0	1081.01
spe	1702	1701	2080.605	2039.37	2059.9875	2162.02	1999.19	2114.89	1963.85	2062.935
spe	1701	1700	2039.37	1958.955	1999.1625	2114.89	1963.85	2030.15	1887.76	2001.325
spe	1700	1688	1958.955	1633.475	1796.215	2030.15	1887.76	1770.82	1496.13	1763.14
los	1688	GCF.000353285.1.Bacteria.Cyanobacteria	1633.475	0.0	816.7375	1770.82	1496.13	0.0	0.0	885.41
spe	1700	1699	1958.955	1903.47	1931.2125	2030.15	1887.76	1968.87	1838.07	1934.11
los	1699	GCF.000317045.1.Bacteria.Cyanobacteria	1903.47	0.0	951.735	1968.87	1838.07	0.0	0.0	984.435
spe	1699	1698	1903.47	1614.69	1759.08	1968.87	1838.07	1629.18	1600.2	1784.535
spe	1698	1692	1614.69	177.05465	895.87233	1629.18	1600.2	285.411	68.6983	848.93915
spe	1698	1697	1614.69	1292.96	1453.825	1629.18	1600.2	1415.06	1170.86	1400.02
spe	1697	1695	1292.96	877.811	1085.3855	1415.06	1170.86	1063.17	692.452	1053.756
spe	1701	1685	2039.37	1871.67	1955.52	2114.89	1963.85	1986.88	1756.46	1935.675
spe	1685	1684	1871.67	1655.535	1763.6025	1986.88	1756.46	1804.69	1506.38	1746.63
hgt	1679	GCF.000473895.1.Bacteria.Cyanobacteria	1817.625	0.0	908.8125	1965.65	1669.6	0.0	0.0	982.825
los	1684	GCA.001698445.1.Bacteria.Cyanobacteria	1655.535	0.0	827.7675	1804.69	1506.38	0.0	0.0	902.345
hgt	1719	GCF.000013205.1.Bacteria.Cyanobacteria	2501.03	0.0	1250.515	2593.62	2408.44	0.0	0.0	1296.81
spe	1718	1704	2361.38	2246.435	2303.9075	2453.23	2269.53	2332.27	2160.6	2306.915
los	1704	1672	2246.435	1997.32	2121.8775	2332.27	2160.6	2145.69	1848.95	2090.61
spe	1704	1703	2246.435	2154.635	2200.535	2332.27	2160.6	2238.99	2070.28	2201.275
spe	1703	1702	2154.635	2080.605	2117.62	2238.99	2070.28	2162.02	1999.19	2119.09
los	1702	1701	2080.605	2039.37	2059.9875	2162.02	1999.19	2114.89	1963.85	2062.935
spe	1703	1679	2154.635	1817.625	1986.13	2238.99	2070.28	1965.65	1669.6	1954.295
los	1679	GCF.000473895.1.Bacteria.Cyanobacteria	1817.625	0.0	908.8125	1965.65	1669.6	0.0	0.0	982.825
spe	1679	1678	1817.625	881.825	1349.725	1965.65	1669.6	1106.31	657.34	1311.495
spe	1678	1676	881.825	239.787	560.806	1106.31	657.34	341.05	138.524	622.417
hgt	None	dead	0.0	0.0	0.0	0.0	0.0	0.0	0.0	0.0
hgt	1360	GCF.002902625.1.Bacteria.Firmicutes	802.226	0.0	401.113	934.065	670.387	0.0	0.0	467.0325
los	None	dead	0.0	0.0	0.0	0.0	0.0	0.0	0.0	0.0
spe	1273	1272	2327.63	2162.05	2244.84	2507.54	2147.72	2342.42	1981.68	2244.61
spe	1272	1246	2162.05	1810.695	1986.3725	2342.42	1981.68	2019.09	1602.3	1972.36
los	1246	GCF.000213255.1.Bacteria.Firmicutes.A	1810.695	0.0	905.3475	2019.09	1602.3	0.0	0.0	1009.545
spe	1246	1245	1810.695	1582.345	1696.52	2019.09	1602.3	1800.83	1363.86	1691.475
los	1245	GCF.900129115.1.Bacteria.Firmicutes.A	1582.345	0.0	791.1725	1800.83	1363.86	0.0	0.0	900.415
spe	1272	1271	2162.05	1864.085	2013.0675	2342.42	1981.68	2041.31	1686.86	2014.64
los	1271	1270	1864.085	1672.825	1768.455	2041.31	1686.86	1850.44	1495.21	1768.26
spe	1271	1259	1864.085	1790.12	1827.1025	2041.31	1686.86	1969.14	1611.1	1826.205
los	1259	1258	1790.12	1529.515	1659.8175	1969.14	1611.1	1715.08	1343.95	1656.545
spe	1259	1253	1790.12	1647.265	1718.6925	1969.14	1611.1	1829.72	1464.81	1716.975
spe	1253	1252	1647.265	1454.05	1550.6575	1829.72	1464.81	1642.28	1265.82	1547.77
los	1252	GCF.900107485.1.Bacteria.Firmicutes.A	1454.05	0.0	727.025	1642.28	1265.82	0.0	0.0	821.14
spe	1252	1251	1454.05	1274.235	1364.1425	1642.28	1265.82	1470.58	1077.89	1360.085
los	1251	GCA.900066305.1.Bacteria.Firmicutes.A	1274.235	0.0	637.1175	1470.58	1077.89	0.0	0.0	735.29
hgt	370	GCF.000092845.1.Bacteria.Spirochaetota	2080.07	0.0	1040.035	2365.12	1795.02	0.0	0.0	1182.56
spe	1388	1387	2796.04	2728.885	2762.4625	2947.92	2644.16	2879.75	2578.02	2762.97
spe	1387	1386	2728.885	2546.81	2637.8475	2879.75	2578.02	2700.19	2393.43	2636.59
los	1386	1330	2546.81	1974.4	2260.605	2700.19	2393.43	2194.26	1754.54	2227.365
spe	1386	1385	2546.81	2448.17	2497.49	2700.19	2393.43	2603.9	2292.44	2496.315
los	1385	1333	2448.17	2067.36	2257.765	2603.9	2292.44	2262.12	1872.6	2238.25
spe	1385	1384	2448.17	2016.48	2232.325	2603.9	2292.44	2177.1	1855.86	2229.88
spe	1384	1338	2016.48	1582.81	1799.645	2177.1	1855.86	1773.63	1391.99	1784.545
los	1338	1337	1582.81	1327.38	1455.095	1773.63	1391.99	1542.2	1112.56	1443.095
spe	1384	1383	2016.48	1891.44	1953.96	2177.1	1855.86	2053.21	1729.67	1953.385
spe	1383	1341	1891.44	1532.885	1712.1625	2053.21	1729.67	1733.11	1332.66	1692.935
los	1341	GCF.001311905.1.Bacteria.Firmicutes	1532.885	0.0	766.4425	1733.11	1332.66	0.0	0.0	866.555
spe	1383	1382	1891.44	1778.165	1834.8025	2053.21	1729.67	1935.03	1621.3	1837.255
los	1382	1344	1778.165	1496.385	1637.275	1935.03	1621.3	1674.98	1317.79	1626.41
spe	1382	1381	1778.165	1661.335	1719.75	1935.03	1621.3	1818.35	1504.32	1719.675
los	1381	1351	1661.335	1566.59	1613.9625	1818.35	1504.32	1730.15	1403.03	1610.69
spe	1381	1380	1661.335	1558.37	1609.8525	1818.35	1504.32	1715.02	1401.72	1610.035
spe	1380	1379	1558.37	1484.04	1521.205	1715.02	1401.72	1638.91	1329.17	1522.095
los	1379	1378	1484.04	1182.795	1333.4175	1638.91	1329.17	1325.65	1039.94	1339.425
spe	1379	1355	1484.04	1246.46	1365.25	1638.91	1329.17	1408.06	1084.86	1361.885
spe	1387	1327	2728.885	2593.555	2661.22	2879.75	2578.02	2753.26	2433.85	2656.8
spe	1327	1326	2593.555	2394.985	2494.27	2753.26	2433.85	2562.74	2227.23	2490.245
los	1326	1292	2394.985	1918.11	2156.5475	2562.74	2227.23	2144.78	1691.44	2127.09
spe	1326	1325	2394.985	2206.925	2300.955	2562.74	2227.23	2374.4	2039.45	2301.095
spe	1325	1297	2206.925	1941.385	2074.155	2374.4	2039.45	2141.08	1741.69	2058.045
los	1297	1296	1941.385	1757.76	1849.5725	2141.08	1741.69	1982.79	1532.73	1836.905
spe	1325	1324	2206.925	2099.855	2153.39	2374.4	2039.45	2268.52	1931.19	2152.795
spe	1324	1308	2099.855	1873.47	1986.6625	2268.52	1931.19	2054.46	1692.48	1980.5
spe	1308	1300	1873.47	1522.13	1697.8	2054.46	1692.48	1724.92	1319.34	1686.9
los	1300	GCF.000620305.1.Bacteria.Firmicutes.B	1522.13	0.0	761.065	1724.92	1319.34	0.0	0.0	862.46
hgt	1271	1259	1864.085	1790.12	1827.1025	2041.31	1686.86	1969.14	1611.1	1826.205
los	1308	1307	1873.47	1657.525	1765.4975	2054.46	1692.48	1841.63	1473.42	1763.94
spe	1271	1259	1864.085	1790.12	1827.1025	2041.31	1686.86	1969.14	1611.1	1826.205
spe	1259	1258	1790.12	1529.515	1659.8175	1969.14	1611.1	1715.08	1343.95	1656.545
los	1258	1257	1529.515	1329.735	1429.625	1715.08	1343.95	1555.08	1104.39	1409.735
spe	1259	1253	1790.12	1647.265	1718.6925	1969.14	1611.1	1829.72	1464.81	1716.975
los	1253	GCF.900142265.1.Bacteria.Firmicutes.A	1647.265	0.0	823.6325	1829.72	1464.81	0.0	0.0	914.86
spe	1253	1252	1647.265	1454.05	1550.6575	1829.72	1464.81	1642.28	1265.82	1547.77
spe	1252	1251	1454.05	1274.235	1364.1425	1642.28	1265.82	1470.58	1077.89	1360.085
hgt	1315	GCF.002224645.1.Bacteria.Firmicutes.B	994.8405	0.0	497.42025	1191.01	798.671	0.0	0.0	595.505
los	1251	GCA.002478485.1.Bacteria.Firmicutes.A	1274.235	0.0	637.1175	1470.58	1077.89	0.0	0.0	735.29
spe	1324	1323	2099.855	2012.64	2056.2475	2268.52	1931.19	2185.24	1840.04	2054.28
los	1323	1322	2012.64	1664.355	1838.4975	2185.24	1840.04	1866.79	1461.92	1823.58
spe	1323	1319	2012.64	1887.42	1950.03	2185.24	1840.04	2065.19	1709.65	1947.445
spe	1319	1318	1887.42	1776.335	1831.8775	2065.19	1709.65	1960.49	1592.18	1828.685
los	1318	1317	1776.335	1176.776	1476.5555	1960.49	1592.18	1371.35	982.202	1471.346
spe	1318	1312	1776.335	1489.285	1632.81	1960.49	1592.18	1697.39	1281.18	1620.835
los	1312	GCF.000019165.1.Bacteria.Firmicutes.B	1489.285	0.0	744.6425	1697.39	1281.18	0.0	0.0	848.695
spe	1327	1289	2593.555	2267.365	2430.46	2753.26	2433.85	2466.28	2068.45	2410.855
hgt	1382	1381	1778.165	1661.335	1719.75	1935.03	1621.3	1818.35	1504.32	1719.675
los	1289	GCA.002345475.1.Bacteria.Firmicutes.H	2267.365	0.0	1133.6825	2466.28	2068.45	0.0	0.0	1233.14
spe	1382	1381	1778.165	1661.335	1719.75	1935.03	1621.3	1818.35	1504.32	1719.675
spe	1381	1380	1661.335	1558.37	1609.8525	1818.35	1504.32	1715.02	1401.72	1610.035
los	1380	GCF.001049895.1.Bacteria.Firmicutes	1558.37	0.0	779.185	1715.02	1401.72	0.0	0.0	857.51
spe	1380	1379	1558.37	1484.04	1521.205	1715.02	1401.72	1638.91	1329.17	1522.095
los	1379	1378	1484.04	1182.795	1333.4175	1638.91	1329.17	1325.65	1039.94	1339.425
spe	1379	1355	1484.04	1246.46	1365.25	1638.91	1329.17	1408.06	1084.86	1361.885
los	1355	GCF.000503775.1.Bacteria.Firmicutes	1246.46	0.0	623.23	1408.06	1084.86	0.0	0.0	704.03
spe	1381	1351	1661.335	1566.59	1613.9625	1818.35	1504.32	1730.15	1403.03	1610.69
los	1351	1350	1566.59	1380.55	1473.57	1730.15	1403.03	1557.96	1203.14	1466.645
spe	1351	1347	1566.59	1266.54	1416.565	1730.15	1403.03	1442.62	1090.46	1410.305
los	1347	GCF.001561915.1.Bacteria.Firmicutes	1266.54	0.0	633.27	1442.62	1090.46	0.0	0.0	721.31
spe	1289	1288	2267.365	1693.72	1980.5425	2466.28	2068.45	1906.24	1481.2	1973.74
hgt	1645	GCF.000212395.1.Bacteria.Thermodesulfobiota	3083.735	0.0	1541.8675	3307.6	2859.87	0.0	0.0	1653.8
los	1288	GCA.002411145.1.Bacteria.Firmicutes.C	1693.72	0.0	846.86	1906.24	1481.2	0.0	0.0	953.12
dup	1288	1287	1693.72	1417.98	1555.85	1906.24	1481.2	1642.01	1193.95	1550.095
spe	1288	1287	1693.72	1417.98	1555.85	1906.24	1481.2	1642.01	1193.95	1550.095
spe	1287	1285	1417.98	1310.93	1364.455	1642.01	1193.95	1527.17	1094.69	1368.35
los	1285	1284	1310.93	1020.5295	1165.72975	1527.17	1094.69	1232.09	808.969	1168.0695
spe	1285	1281	1310.93	1090.0515	1200.49075	1527.17	1094.69	1297.44	882.663	1204.9165
spe	1281	1280	1090.0515	922.663	1006.35725	1297.44	882.663	1124.05	721.276	1009.358
los	1280	GCF.900104455.1.Bacteria.Firmicutes.C	922.663	0.0	461.3315	1124.05	721.276	0.0	0.0	562.025
spe	1288	1287	1693.72	1417.98	1555.85	1906.24	1481.2	1642.01	1193.95	1550.095
spe	1287	1285	1417.98	1310.93	1364.455	1642.01	1193.95	1527.17	1094.69	1368.35
los	1285	1284	1310.93	1020.5295	1165.72975	1527.17	1094.69	1232.09	808.969	1168.0695
spe	1285	1281	1310.93	1090.0515	1200.49075	1527.17	1094.69	1297.44	882.663	1204.9165
los	1281	GCF.002257705.1.Bacteria.Firmicutes.C	1090.0515	0.0	545.02575	1297.44	882.663	0.0	0.0	648.72
spe	1281	1280	1090.0515	922.663	1006.35725	1297.44	882.663	1124.05	721.276	1009.358
los	1280	GCF.000430605.1.Bacteria.Firmicutes.C	922.663	0.0	461.3315	1124.05	721.276	0.0	0.0	562.025
hgt	1119	GCF.002973605.1.Bacteria.Armatimonadota	1968.115	0.0	984.0575	2280.74	1655.49	0.0	0.0	1140.37
los	1287	GCA.002329525.1.Bacteria.Firmicutes.C	1417.98	0.0	708.99	1642.01	1193.95	0.0	0.0	821.005
spe	1393	1129	3573.7	3300.21	3436.955	3702.34	3445.06	3456.46	3143.96	3423.15
spe	1129	1128	3300.21	3110.52	3205.365	3456.46	3143.96	3301.89	2919.15	3187.805
spe	1128	1127	3110.52	2984.585	3047.5525	3301.89	2919.15	3182.1	2787.07	3044.48
los	1127	1126	2984.585	2761.99	2873.2875	3182.1	2787.07	2998.52	2525.46	2853.78
spe	1127	1113	2984.585	2538.735	2761.66	3182.1	2787.07	2792.1	2285.37	2733.735
los	1113	1112	2538.735	2118.02	2328.3775	2792.1	2285.37	2447.88	1788.16	2290.13
spe	1113	1109	2538.735	2109.385	2324.06	2792.1	2285.37	2401.88	1816.89	2304.495
los	1109	GCA.002898895.1.Bacteria.Armatimonadota	2109.385	0.0	1054.6925	2401.88	1816.89	0.0	0.0	1200.94
spe	1109	1108	2109.385	1755.285	1932.335	2401.88	1816.89	2042.98	1467.59	1934.735
los	1108	GCA.002431715.1.Bacteria.Armatimonadota	1755.285	0.0	877.6425	2042.98	1467.59	0.0	0.0	1021.49
spe	1108	1106	1755.285	1625.995	1690.64	2042.98	1467.59	1906.9	1345.09	1694.035
los	1106	GCF.000427095.1.Bacteria.Armatimonadota	1625.995	0.0	812.9975	1906.9	1345.09	0.0	0.0	953.45
hgt	1148	GCF.000969705.1.Bacteria.Actinobacteriota	1798.435	0.0	899.2175	2044.72	1552.15	0.0	0.0	1022.36
hgt	None	dead	0.0	0.0	0.0	0.0	0.0	0.0	0.0	0.0
los	1129	1101	3300.21	3147.445	3223.8275	3456.46	3143.96	3357.99	2936.9	3196.68
hgt	1383	1382	1891.44	1778.165	1834.8025	2053.21	1729.67	1935.03	1621.3	1837.255
los	None	dead	0.0	0.0	0.0	0.0	0.0	0.0	0.0	0.0
spe	1383	1382	1891.44	1778.165	1834.8025	2053.21	1729.67	1935.03	1621.3	1837.255
spe	1382	1344	1778.165	1496.385	1637.275	1935.03	1621.3	1674.98	1317.79	1626.41
hgt	1307	GCA.000987045.1.Bacteria.Firmicutes.B	1657.525	0.0	828.7625	1841.63	1473.42	0.0	0.0	920.815
hgt	600	GCA.002007425.1.Bacteria.Proteobacteria	1178.33	0.0	589.165	1321.12	1035.54	0.0	0.0	660.56
hgt	532	GCA.002405475.1.Bacteria.Proteobacteria	1609.445	0.0	804.7225	1820.16	1398.73	0.0	0.0	910.08
hgt	326	GCF.900129635.1.Bacteria.Planctomycetota	1183.194	0.0	591.597	1405.44	960.948	0.0	0.0	702.72
hgt	1444	GCA.003451595.1.Bacteria.Chloroflexota	1493.995	0.0	746.9975	1710.68	1277.31	0.0	0.0	855.34
los	1344	GCA.002159075.1.Bacteria.Firmicutes	1496.385	0.0	748.1925	1674.98	1317.79	0.0	0.0	837.49
hgt	None	dead	0.0	0.0	0.0	0.0	0.0	0.0	0.0	0.0
hgt	826	825	1472.31	1177.188	1324.749	1647.9	1296.72	1364.83	989.546	1318.723
los	None	dead	0.0	0.0	0.0	0.0	0.0	0.0	0.0	0.0
spe	826	825	1472.31	1177.188	1324.749	1647.9	1296.72	1364.83	989.546	1318.723
hgt	728	727	1980.89	1736.985	1858.9375	2218.53	1743.25	1988.09	1485.88	1852.205
spe	1382	1381	1778.165	1661.335	1719.75	1935.03	1621.3	1818.35	1504.32	1719.675
spe	1381	1351	1661.335	1566.59	1613.9625	1818.35	1504.32	1730.15	1403.03	1610.69
los	1351	1347	1566.59	1266.54	1416.565	1730.15	1403.03	1442.62	1090.46	1410.305
spe	1351	1350	1566.59	1380.55	1473.57	1730.15	1403.03	1557.96	1203.14	1466.645
los	1350	GCF.000942395.1.Bacteria.Firmicutes	1380.55	0.0	690.275	1557.96	1203.14	0.0	0.0	778.98
hgt	383	GCA.001829315.1.Bacteria.Spirochaetota	1865.655	0.0	932.8275	2107.47	1623.84	0.0	0.0	1053.735
hgt	None	dead	0.0	0.0	0.0	0.0	0.0	0.0	0.0	0.0
los	1381	1380	1661.335	1558.37	1609.8525	1818.35	1504.32	1715.02	1401.72	1610.035
hgt	1269	GCF.002252565.1.Bacteria.Firmicutes.A	1505.09	0.0	752.545	1679.35	1330.83	0.0	0.0	839.675
los	None	dead	0.0	0.0	0.0	0.0	0.0	0.0	0.0	0.0
hgt	None	dead	0.0	0.0	0.0	0.0	0.0	0.0	0.0	0.0
hgt	694	GCA.001767075.1.Bacteria.Acidobacteriota	1206.005	0.0	603.0025	1389.81	1022.2	0.0	0.0	694.905
los	None	dead	0.0	0.0	0.0	0.0	0.0	0.0	0.0	0.0
spe	728	727	1980.89	1736.985	1858.9375	2218.53	1743.25	1988.09	1485.88	1852.205
hgt	853	GCA.001797415.1.Bacteria.Desulfobacterota	2005.945	0.0	1002.9725	2253.28	1758.61	0.0	0.0	1126.64
hgt	756	GCA.001790645.1.Bacteria.Schekmanbacteria	2563.145	0.0	1281.5725	2763.41	2362.88	0.0	0.0	1381.705
