event	left_node	right_node	left_date	right_date	midpoint_date
spe	902	901	3336.1	3242.11	3289.105
spe	901	663	3242.11	3154.255	3198.1825
spe	663	662	3154.255	3076.16	3115.2075
los	662	400	3076.16	2337.685	2706.9225
spe	662	661	3076.16	3025.1	3050.63
spe	661	660	3025.1	2520.845	2772.9725
los	660	GCA.002395105.1.Bacteria.Proteobacteria	2520.845	0.0	1260.4225
spe	660	659	2520.845	1438.4	1979.6225
los	659	GCF.000021725.1.Bacteria.Campylobacterota	1438.4	0.0	719.2
spe	661	655	3025.1	2961.955	2993.5275
los	655	403	2961.955	2470.89	2716.4225
spe	655	654	2961.955	2819.98	2890.9675
spe	654	653	2819.98	2511.255	2665.6175
los	653	GCF.001399755.1.Bacteria.Proteobacteria	2511.255	0.0	1255.6275
spe	653	652	2511.255	2343.17	2427.2125
los	652	526	2343.17	2011.455	2177.3125
spe	652	651	2343.17	2202.31	2272.74
los	651	533	2202.31	1994.64	2098.475
spe	651	650	2202.31	2111.655	2156.9825
spe	650	649	2111.655	2046.605	2079.13
spe	649	648	2046.605	1974.705	2010.655
los	648	562	1974.705	1813.695	1894.2
spe	648	647	1974.705	1898.035	1936.37
spe	647	646	1898.035	1850.35	1874.1925
los	646	588	1850.35	1741.465	1795.9075
spe	646	645	1850.35	1783.08	1816.715
los	645	631	1783.08	1709.925	1746.5025
spe	645	644	1783.08	1640.815	1711.9475
los	644	643	1640.815	1460.61	1550.7125
spe	644	636	1640.815	1563.065	1601.94
los	636	GCA.002840095.1.Bacteria.Proteobacteria	1563.065	0.0	781.5325
spe	636	634	1563.065	1398.775	1480.92
los	634	GCF.002020875.1.Bacteria.Proteobacteria	1398.775	0.0	699.3875
spe	647	571	1898.035	1737.025	1817.53
los	571	565	1737.025	1459.56	1598.2925
spe	571	570	1737.025	1581.87	1659.4475
los	570	GCA.002255365.1.Bacteria.Proteobacteria	1581.87	0.0	790.935
spe	570	568	1581.87	1421.955	1501.9125
los	568	GCF.001051235.1.Bacteria.Proteobacteria	1421.955	0.0	710.9775
hgt	None	dead	0.0	0.0	0.0
hgt	498	GCF.000192575.1.Bacteria.Proteobacteria	1100.442	0.0	550.221
los	None	dead	0.0	0.0	0.0
hgt	None	dead	0.0	0.0	0.0
los	649	543	2046.605	1880.315	1963.46
hgt	736	GCA.001803795.1.Bacteria.Nitrospirota	1826.19	0.0	913.095
los	None	dead	0.0	0.0	0.0
spe	650	536	2111.655	1835.635	1973.645
hgt	483	482	1679.37	1587.505	1633.4375
los	536	GCF.002940605.1.Bacteria.Proteobacteria	1835.635	0.0	917.8175
spe	483	482	1679.37	1587.505	1633.4375
spe	482	458	1587.505	1466.17	1526.8375
los	458	456	1466.17	1288.015	1377.0925
spe	482	481	1587.505	1510.43	1548.9675
los	481	480	1510.43	1386.405	1448.4175
spe	481	469	1510.43	1404.34	1457.385
los	469	468	1404.34	1227.095	1315.7175
spe	469	463	1404.34	1268.17	1336.255
los	463	GCF.002251795.1.Bacteria.Proteobacteria	1268.17	0.0	634.085
spe	463	462	1268.17	1029.85	1149.01
hgt	495	GCF.003173035.1.Bacteria.Proteobacteria	1115.4635	0.0	557.73175
spe	654	520	2819.98	2728.775	2774.3775
spe	520	406	2728.775	2518.42	2623.5975
los	406	GCF.002795805.1.Bacteria.Proteobacteria	2518.42	0.0	1259.21
spe	520	519	2728.775	2563.7	2646.2375
hgt	None	dead	0.0	0.0	0.0
los	519	518	2563.7	2336.69	2450.195
hgt	650	649	2111.655	2046.605	2079.13
los	None	dead	0.0	0.0	0.0
spe	650	649	2111.655	2046.605	2079.13
spe	649	648	2046.605	1974.705	2010.655
spe	648	562	1974.705	1813.695	1894.2
los	562	546	1813.695	1450.69	1632.1925
spe	562	561	1813.695	1737.62	1775.6575
los	561	560	1737.62	1548.725	1643.1725
spe	561	553	1737.62	1585.42	1661.52
los	553	GCF.001641825.1.Bacteria.Proteobacteria	1585.42	0.0	792.71
spe	553	552	1585.42	1355.9	1470.66
los	552	GCF.001614315.2.Bacteria.Proteobacteria	1355.9	0.0	677.95
spe	552	551	1355.9	1073.1825	1214.54125
los	551	GCA.002746645.1.Bacteria.Proteobacteria	1073.1825	0.0	536.59125
spe	648	647	1974.705	1898.035	1936.37
los	647	646	1898.035	1850.35	1874.1925
spe	647	571	1898.035	1737.025	1817.53
los	571	570	1737.025	1581.87	1659.4475
spe	571	565	1737.025	1459.56	1598.2925
los	565	GCF.000239355.1.Bacteria.Proteobacteria	1459.56	0.0	729.78
spe	649	543	2046.605	1880.315	1963.46
hgt	None	dead	0.0	0.0	0.0
los	543	539	1880.315	1679.045	1779.68
hgt	636	GCA.002840095.1.Bacteria.Proteobacteria	1563.065	0.0	781.5325
los	None	dead	0.0	0.0	0.0
spe	543	542	1880.315	1703.185	1791.75
los	542	GCA.002631715.1.Bacteria.Proteobacteria	1703.185	0.0	851.5925
spe	663	397	3154.255	2952.9	3053.5775
spe	397	396	2952.9	2591.83	2772.365
los	396	GCF.000177635.2.Bacteria.Chrysiogenota	2591.83	0.0	1295.915
spe	396	395	2591.83	1495.105	2043.4675
los	395	GCF.000487995.1.Bacteria.Deferribacterota	1495.105	0.0	747.5525
hgt	1720	1719	2612.48	2501.03	2556.755
los	397	GCF.000526155.1.Bacteria.Desulfobacterota	2952.9	0.0	1476.45
spe	1720	1719	2612.48	2501.03	2556.755
spe	1719	1718	2501.03	2361.38	2431.205
los	1718	1717	2361.38	2144.885	2253.1325
spe	1718	1704	2361.38	2246.435	2303.9075
los	1704	1672	2246.435	1997.32	2121.8775
dup	1704	1703	2246.435	2154.635	2200.535
spe	1704	1703	2246.435	2154.635	2200.535
los	1703	1679	2154.635	1817.625	1986.13
spe	1703	1702	2154.635	2080.605	2117.62
spe	1702	1701	2080.605	2039.37	2059.9875
los	1701	1700	2039.37	1958.955	1999.1625
spe	1701	1685	2039.37	1871.67	1955.52
los	1685	GCF.000018105.1.Bacteria.Cyanobacteria	1871.67	0.0	935.835
spe	1685	1684	1871.67	1655.535	1763.6025
los	1684	GCA.001698445.1.Bacteria.Cyanobacteria	1655.535	0.0	827.7675
spe	1704	1703	2246.435	2154.635	2200.535
spe	1703	1679	2154.635	1817.625	1986.13
los	1679	GCF.000473895.1.Bacteria.Cyanobacteria	1817.625	0.0	908.8125
spe	1679	1678	1817.625	881.825	1349.725
spe	1678	1676	881.825	239.787	560.806
spe	1703	1702	2154.635	2080.605	2117.62
los	1702	GCF.003838225.1.Bacteria.Cyanobacteria	2080.605	0.0	1040.3025
spe	1702	1701	2080.605	2039.37	2059.9875
los	1701	1685	2039.37	1871.67	1955.52
spe	1701	1700	2039.37	1958.955	1999.1625
spe	1700	1699	1958.955	1903.47	1931.2125
los	1699	GCF.000317045.1.Bacteria.Cyanobacteria	1903.47	0.0	951.735
dup	1699	1698	1903.47	1614.69	1759.08
spe	1699	1698	1903.47	1614.69	1759.08
los	1698	1692	1614.69	177.05465	895.87233
spe	1698	1697	1614.69	1292.96	1453.825
los	1697	Fischerella.muscicola.CCMEE5323	1292.96	0.0	646.48
spe	1697	1695	1292.96	877.811	1085.3855
los	1695	Nostoc.sp.PCC7120	877.811	0.0	438.9055
spe	1699	1698	1903.47	1614.69	1759.08
spe	1698	1692	1614.69	177.05465	895.87233
spe	1698	1697	1614.69	1292.96	1453.825
spe	1697	1695	1292.96	877.811	1085.3855
los	1695	GCF.000020025.1.Bacteria.Cyanobacteria	877.811	0.0	438.9055
spe	1700	1688	1958.955	1633.475	1796.215
hgt	1672	GCF.002251945.1.Bacteria.Cyanobacteria	1997.32	0.0	998.66
spe	901	900	3242.11	3113.87	3177.99
los	900	716	3113.87	2685.38	2899.625
spe	900	899	3113.87	3007.825	3060.8475
spe	899	898	3007.825	2936.14	2971.9825
spe	898	756	2936.14	2563.145	2749.6425
los	756	GCA.001790645.1.Bacteria.Schekmanbacteria	2563.145	0.0	1281.5725
spe	756	754	2563.145	2306.035	2434.59
los	754	746	2306.035	1971.165	2138.6
spe	754	753	2306.035	2050.24	2178.1375
los	753	GCA.001803565.1.Bacteria.Nitrospinota.B	2050.24	0.0	1025.12
spe	753	751	2050.24	1894.43	1972.335
los	751	GCA.002500605.1.Bacteria.Nitrospinota	1894.43	0.0	947.215
spe	751	749	1894.43	1737.095	1815.7625
los	749	GCA.002705185.1.Bacteria.Nitrospinota	1737.095	0.0	868.5475
spe	898	897	2936.14	2852.85	2894.495
spe	897	889	2852.85	2620.3	2736.575
los	889	843	2620.3	2513.665	2566.9825
spe	889	888	2620.3	2447.185	2533.7425
los	888	887	2447.185	2263.805	2355.495
spe	888	854	2447.185	2279.15	2363.1675
spe	854	853	2279.15	2005.945	2142.5475
los	853	GCA.001797415.1.Bacteria.Desulfobacterota	2005.945	0.0	1002.9725
spe	854	850	2279.15	2241.395	2260.2725
spe	850	846	2241.395	1968.67	2105.0325
los	846	GCA.002327765.1.Bacteria.Desulfobacterota.E	1968.67	0.0	984.335
hgt	None	dead	0.0	0.0	0.0
los	850	849	2241.395	1883.095	2062.245
hgt	837	GCA.001768075.1.Bacteria.Myxococcota	1589.61	0.0	794.805
los	None	dead	0.0	0.0	0.0
hgt	None	dead	0.0	0.0	0.0
hgt	733	GCA.003235715.1.Bacteria.Nitrospirota	1608.54	0.0	804.27
los	None	dead	0.0	0.0	0.0
hgt	None	dead	0.0	0.0	0.0
los	897	896	2852.85	2619.11	2735.98
hgt	1323	1319	2012.64	1887.42	1950.03
los	None	dead	0.0	0.0	0.0
spe	1323	1319	2012.64	1887.42	1950.03
spe	1319	1318	1887.42	1776.335	1831.8775
spe	1318	1312	1776.335	1489.285	1632.81
los	1312	GCF.002607855.1.Bacteria.Firmicutes.B	1489.285	0.0	744.6425
hgt	1288	GCA.002411145.1.Bacteria.Firmicutes.C	1693.72	0.0	846.86
los	1318	1317	1776.335	1176.776	1476.5555
spe	899	743	3007.825	2880.765	2944.295
los	743	742	2880.765	2637.165	2758.965
spe	743	721	2880.765	2605.855	2743.31
hgt	None	dead	0.0	0.0	0.0
dup	None	dead	0.0	0.0	0.0
hgt	1173	GCA.002897715.1.Bacteria.Actinobacteriota	1583.875	0.0	791.9375
los	None	dead	0.0	0.0	0.0
hgt	84	GCF.000970205.1.Archaea.Halobacteriota	1194.24	0.0	597.12
los	None	dead	0.0	0.0	0.0
hgt	389	388	2696.585	2486.95	2591.7675
hgt	93	GCF.000025525.1.Archaea.Methanobacteriota.A	2518.68	0.0	1259.34
hgt	1327	1326	2593.555	2394.985	2494.27
spe	1327	1326	2593.555	2394.985	2494.27
spe	1326	1292	2394.985	1918.11	2156.5475
los	1292	GCF.000024605.1.Bacteria.Firmicutes.B	1918.11	0.0	959.055
spe	1326	1325	2394.985	2206.925	2300.955
hgt	None	dead	0.0	0.0	0.0
los	1325	1297	2206.925	1941.385	2074.155
hgt	1419	GCA.002367275.1.Bacteria.Chloroflexota	1500.065	0.0	750.0325
los	None	dead	0.0	0.0	0.0
spe	1325	1324	2206.925	2099.855	2153.39
los	1324	1323	2099.855	2012.64	2056.2475
spe	1324	1308	2099.855	1873.47	1986.6625
los	1308	1300	1873.47	1522.13	1697.8
spe	1308	1307	1873.47	1657.525	1765.4975
los	1307	GCA.000987045.1.Bacteria.Firmicutes.B	1657.525	0.0	828.7625
spe	1307	1305	1657.525	1479.61	1568.5675
los	1305	1304	1479.61	1181.512	1330.561
hgt	None	dead	0.0	0.0	0.0
hgt	1271	1270	1864.085	1672.825	1768.455
los	None	dead	0.0	0.0	0.0
spe	1271	1270	1864.085	1672.825	1768.455
spe	1270	1269	1672.825	1505.09	1588.9575
los	1269	1268	1505.09	1268.035	1386.5625
spe	1270	1264	1672.825	1373.43	1523.1275
los	1264	GCA.900317035.1.Bacteria.Firmicutes.A	1373.43	0.0	686.715
spe	1264	1263	1373.43	1119.073	1246.2515
los	1263	GCA.002308775.1.Bacteria.Firmicutes.A	1119.073	0.0	559.5365
hgt	None	dead	0.0	0.0	0.0
dup	None	dead	0.0	0.0	0.0
hgt	1350	GCF.001742305.1.Bacteria.Firmicutes	1380.55	0.0	690.275
los	None	dead	0.0	0.0	0.0
hgt	1285	1281	1310.93	1090.0515	1200.49075
los	None	dead	0.0	0.0	0.0
spe	1285	1281	1310.93	1090.0515	1200.49075
spe	1281	1280	1090.0515	922.663	1006.35725
hgt	None	dead	0.0	0.0	0.0
hgt	849	GCF.000266945.1.Bacteria.Desulfobacterota	1883.095	0.0	941.5475
los	None	dead	0.0	0.0	0.0
spe	389	388	2696.585	2486.95	2591.7675
spe	388	376	2486.95	2123.16	2305.055
hgt	397	GCF.000526155.1.Bacteria.Desulfobacterota	2952.9	0.0	1476.45
los	376	374	2123.16	1638.665	1880.9125
spe	388	387	2486.95	2281.005	2383.9775
hgt	887	886	2263.805	1999.475	2131.64
spe	387	383	2281.005	1865.655	2073.33
hgt	895	GCA.000739515.1.Bacteria.Moduliflexota	2183.84	0.0	1091.92
los	383	381	1865.655	1481.85	1673.7525
spe	887	886	2263.805	1999.475	2131.64
spe	886	874	1999.475	1902.135	1950.805
los	874	873	1902.135	1746.56	1824.3475
spe	874	868	1902.135	1695.53	1798.8325
los	868	866	1695.53	1370.345	1532.9375
spe	886	885	1999.475	1880.5	1939.9875
los	885	877	1880.5	1769.305	1824.9025
spe	885	884	1880.5	1765.875	1823.1875
spe	884	880	1765.875	1499.355	1632.615
los	880	GCA.001577715.1.Bacteria.Desulfobacterota	1499.355	0.0	749.6775
spe	884	883	1765.875	1384.92	1575.3975
hgt	871	GCA.007244385.1.Bacteria.Desulfobacterota	1489.29	0.0	744.645
los	883	GCA.001751085.1.Bacteria.Desulfobacterota	1384.92	0.0	692.46
spe	387	386	2281.005	1962.46	2121.7325
hgt	239	GCA.003158755.1.Bacteria.Elusimicrobiota	1416.94	0.0	708.47
hgt	1651	GCA.003242895.1.Bacteria.Margulisbacteria	2128.215	0.0	1064.1075
hgt	297	293	2095.445	1814.28	1954.8625
los	386	GCA.002450905.1.Bacteria.Spirochaetota	1962.46	0.0	981.23
spe	297	293	2095.445	1814.28	1954.8625
hgt	932	GCA.002414805.1.Bacteria.Fibrobacterota	1648.045	0.0	824.0225
hgt	332	GCA.002704825.1.Bacteria.Planctomycetota	994.0835	0.0	497.04175
hgt	320	GCA.003245715.1.Bacteria.Planctomycetota	2201.875	0.0	1100.9375
hgt	265	GCA.003501375.1.Bacteria.Sumerlaeota	1925.84	0.0	962.92
spe	721	720	2605.855	2294.32	2450.0875
hgt	732	GCA.003153275.1.Bacteria.Nitrospirota	1363.035	0.0	681.5175
los	720	GCA.001775255.1.Bacteria.Desulfobacterota.D	2294.32	0.0	1147.16
