event	left_node	right_node	hgt_id	left_date	right_date	midpoint_date
dup	1642	1478	NA	3511.74	3209.465	3360.6025
spe	1642	1478	NA	3511.74	3209.465	3360.6025
spe	1478	1396	NA	3209.465	2023.82	2616.6425
hgt origin	1396	GCA.003244045.1.Bacteria.Dormibacterota	1: GCA.003244045.1.Bacteria.Dormibacterota to GCF.000969705.1.Bacteria.Actinobacteriota	2023.82	0.0	1011.91
hgt	1148	GCF.000969705.1.Bacteria.Actinobacteriota	1: GCA.003244045.1.Bacteria.Dormibacterota to GCF.000969705.1.Bacteria.Actinobacteriota	1798.435	0.0	899.2175
los	1396	GCA.003244045.1.Bacteria.Dormibacterota	NA	2023.82	0.0	1011.91
hgt origin	1396	GCA.003151665.1.Bacteria.Dormibacterota	2: GCA.003151665.1.Bacteria.Dormibacterota to GCA.002413265.1.Bacteria.Chloroflexota	2023.82	0.0	1011.91
hgt	1461	GCA.002413265.1.Bacteria.Chloroflexota	2: GCA.003151665.1.Bacteria.Dormibacterota to GCA.002413265.1.Bacteria.Chloroflexota	1858.39	0.0	929.195
spe	1478	1477	NA	3209.465	2951.08	3080.2725
los	1477	1431	NA	2951.08	2599.01	2775.045
spe	1477	1476	NA	2951.08	2705.185	2828.1325
hgt origin	1476	1454	3: 1454 to 1228	2705.185	2138.89	2422.0375
hgt	1236	1228	3: 1454 to 1228	2327.67	2160.575	2244.1225
spe	1476	1454	NA	2705.185	2138.89	2422.0375
los	1454	1453	NA	2138.89	2041.27	2090.08
spe	1454	1446	NA	2138.89	1892.56	2015.725
los	1446	1445	NA	1892.56	1683.66	1788.11
spe	1446	1440	NA	1892.56	1749.24	1820.9
los	1440	GCF.001306175.1.Bacteria.Chloroflexota	NA	1749.24	0.0	874.62
spe	1440	1439	NA	1749.24	1503.92	1626.58
los	1439	1438	NA	1503.92	1310.445	1407.1825
spe	1236	1228	NA	2327.67	2160.575	2244.1225
spe	1228	1227	NA	2160.575	1913.92	2037.2475
los	1227	GCA.003242675.1.Bacteria.Firmicutes.E	NA	1913.92	0.0	956.96
spe	1227	1226	NA	1913.92	1761.44	1837.68
los	1226	GCA.002385465.1.Bacteria.Firmicutes.E	NA	1761.44	0.0	880.72
hgt origin	1228	GCA.003023725.1.Bacteria.Firmicutes.E	4: GCA.003023725.1.Bacteria.Firmicutes.E to GCF.001653195.1.Bacteria.Firmicutes	2160.575	0.0	1080.2875
hgt	1341	GCF.001653195.1.Bacteria.Firmicutes	4: GCA.003023725.1.Bacteria.Firmicutes.E to GCF.001653195.1.Bacteria.Firmicutes	1532.885	0.0	766.4425
hgt origin	1476	1475	5: 1475 to dead	2705.185	2571.35	2638.2675
hgt	None	dead	5: 1475 to dead	0.0	0.0	0.0
hgt origin	None	dead	6: dead to GCA.003019535.1.Archaea.Thermoproteota	0.0	0.0	0.0
hgt	107	GCA.003019535.1.Archaea.Thermoproteota	6: dead to GCA.003019535.1.Archaea.Thermoproteota	1609.36	0.0	804.68
los	None	dead	NA	0.0	0.0	0.0
spe	1476	1475	NA	2705.185	2571.35	2638.2675
spe	1475	1463	NA	2571.35	2342.68	2457.015
hgt origin	1463	1457	7: 1457 to GCA.002707655.1.Bacteria.SAR324	2342.68	1912.015	2127.3475
hgt	400	GCA.002707655.1.Bacteria.SAR324	7: 1457 to GCA.002707655.1.Bacteria.SAR324	2337.685	0.0	1168.8425
los	1463	1457	NA	2342.68	1912.015	2127.3475
spe	1463	1462	NA	2342.68	2240.595	2291.6375
spe	1462	1461	NA	2240.595	1858.39	2049.4925
los	1461	GCA.002413265.1.Bacteria.Chloroflexota	NA	1858.39	0.0	929.195
hgt origin	1462	GCA.002436065.1.Bacteria.Chloroflexota	8: GCA.002436065.1.Bacteria.Chloroflexota to GCA.003220615.1.Bacteria.Methylomirabilota	2240.595	0.0	1120.2975
hgt	741	GCA.003220615.1.Bacteria.Methylomirabilota	8: GCA.002436065.1.Bacteria.Chloroflexota to GCA.003220615.1.Bacteria.Methylomirabilota	2052.975	0.0	1026.4875
hgt origin	1462	GCA.002436065.1.Bacteria.Chloroflexota	9: GCA.002436065.1.Bacteria.Chloroflexota to GCA.002483445.1.Bacteria.Acidobacteriota	2240.595	0.0	1120.2975
hgt	684	GCA.002483445.1.Bacteria.Acidobacteriota	9: GCA.002436065.1.Bacteria.Chloroflexota to GCA.002483445.1.Bacteria.Acidobacteriota	1286.44	0.0	643.22
los	1462	GCA.002436065.1.Bacteria.Chloroflexota	NA	2240.595	0.0	1120.2975
spe	1475	1474	NA	2571.35	2422.145	2496.7475
spe	1474	1473	NA	2422.145	1376.695	1899.42
los	1473	GCA.003243965.1.Bacteria.Chloroflexota	NA	1376.695	0.0	688.3475
spe	1474	1470	NA	2422.145	2082.735	2252.44
los	1470	GCF.000025005.1.Bacteria.Chloroflexota	NA	2082.735	0.0	1041.3675
spe	1470	1469	NA	2082.735	1899.175	1990.955
los	1469	1467	NA	1899.175	1752.37	1825.7725
hgt origin	1642	1478	10: 1478 to dead	3511.74	3209.465	3360.6025
hgt	None	dead	10: 1478 to dead	0.0	0.0	0.0
dup	None	dead	NA	0.0	0.0	0.0
hgt origin	None	dead	11: dead to GCF.001614315.2.Bacteria.Proteobacteria	0.0	0.0	0.0
hgt	552	GCF.001614315.2.Bacteria.Proteobacteria	11: dead to GCF.001614315.2.Bacteria.Proteobacteria	1355.9	0.0	677.95
los	None	dead	NA	0.0	0.0	0.0
hgt origin	None	dead	12: dead to GCA.001750625.1.Bacteria.Proteobacteria	0.0	0.0	0.0
hgt	532	GCA.001750625.1.Bacteria.Proteobacteria	12: dead to GCA.001750625.1.Bacteria.Proteobacteria	1609.445	0.0	804.7225
los	None	dead	NA	0.0	0.0	0.0
hgt origin	1642	1478	13: 1478 to dead	3511.74	3209.465	3360.6025
hgt	None	dead	13: 1478 to dead	0.0	0.0	0.0
hgt origin	None	dead	14: dead to GCF.900106035.1.Bacteria.Actinobacteriota	0.0	0.0	0.0
hgt	1158	GCF.900106035.1.Bacteria.Actinobacteriota	14: dead to GCF.900106035.1.Bacteria.Actinobacteriota	864.931	0.0	432.4655
los	None	dead	NA	0.0	0.0	0.0
spe	1642	1478	NA	3511.74	3209.465	3360.6025
spe	1478	1396	NA	3209.465	2023.82	2616.6425
los	1396	GCA.003244045.1.Bacteria.Dormibacterota	NA	2023.82	0.0	1011.91
spe	1478	1477	NA	3209.465	2951.08	3080.2725
dup	1477	1476	NA	2951.08	2705.185	2828.1325
spe	1477	1476	NA	2951.08	2705.185	2828.1325
los	1476	1454	NA	2705.185	2138.89	2422.0375
spe	1476	1475	NA	2705.185	2571.35	2638.2675
spe	1475	1463	NA	2571.35	2342.68	2457.015
spe	1463	1457	NA	2342.68	1912.015	2127.3475
los	1457	GCA.002404055.1.Bacteria.Chloroflexota	NA	1912.015	0.0	956.0075
hgt origin	1463	1462	15: 1462 to dead	2342.68	2240.595	2291.6375
hgt	None	dead	15: 1462 to dead	0.0	0.0	0.0
los	1463	1462	NA	2342.68	2240.595	2291.6375
hgt origin	None	dead	16: dead to 699	0.0	0.0	0.0
hgt	713	699	16: dead to 699	2232.07	2103.185	2167.6275
los	None	dead	NA	0.0	0.0	0.0
spe	713	699	NA	2232.07	2103.185	2167.6275
spe	699	681	NA	2103.185	1875.565	1989.375
los	681	680	NA	1875.565	1688.545	1782.055
spe	699	698	NA	2103.185	1863.875	1983.53
spe	698	686	NA	1863.875	1646.29	1755.0825
spe	686	684	NA	1646.29	1286.44	1466.365
los	684	GCA.003223975.1.Bacteria.Acidobacteriota	NA	1286.44	0.0	643.22
hgt origin	686	GCA.002451015.1.Bacteria.Acidobacteriota	17: GCA.002451015.1.Bacteria.Acidobacteriota to GCA.002238965.1.Bacteria.UBA8248	1646.29	0.0	823.145
hgt	746	GCA.002238965.1.Bacteria.UBA8248	17: GCA.002451015.1.Bacteria.Acidobacteriota to GCA.002238965.1.Bacteria.UBA8248	1971.165	0.0	985.5825
hgt origin	686	GCA.002451015.1.Bacteria.Acidobacteriota	18: GCA.002451015.1.Bacteria.Acidobacteriota to GCA.002683135.1.Bacteria.Planctomycetota	1646.29	0.0	823.145
hgt	347	GCA.002683135.1.Bacteria.Planctomycetota	18: GCA.002451015.1.Bacteria.Acidobacteriota to GCA.002683135.1.Bacteria.Planctomycetota	1965.575	0.0	982.7875
los	686	GCA.002451015.1.Bacteria.Acidobacteriota	NA	1646.29	0.0	823.145
spe	698	697	NA	1863.875	1602.385	1733.13
spe	697	696	NA	1602.385	1391.24	1496.8125
hgt origin	696	GCA.003224665.1.Bacteria.Acidobacteriota	19: GCA.003224665.1.Bacteria.Acidobacteriota to GCA.002898575.1.Bacteria.Armatimonadota	1391.24	0.0	695.62
hgt	1116	GCA.002898575.1.Bacteria.Armatimonadota	19: GCA.003224665.1.Bacteria.Acidobacteriota to GCA.002898575.1.Bacteria.Armatimonadota	2323.38	0.0	1161.69
los	696	GCA.003224665.1.Bacteria.Acidobacteriota	NA	1391.24	0.0	695.62
spe	696	695	NA	1391.24	1284.94	1338.09
los	695	GCA.003131705.1.Bacteria.Acidobacteriota	NA	1284.94	0.0	642.47
spe	695	694	NA	1284.94	1206.005	1245.4725
los	694	GCA.001767075.1.Bacteria.Acidobacteriota	NA	1206.005	0.0	603.0025
spe	694	692	NA	1206.005	1105.2925	1155.64875
los	692	GCA.003140235.1.Bacteria.Acidobacteriota	NA	1105.2925	0.0	552.64625
spe	1475	1474	NA	2571.35	2422.145	2496.7475
los	1474	1473	NA	2422.145	1376.695	1899.42
spe	1474	1470	NA	2422.145	2082.735	2252.44
los	1470	GCF.000025005.1.Bacteria.Chloroflexota	NA	2082.735	0.0	1041.3675
spe	1470	1469	NA	2082.735	1899.175	1990.955
los	1469	1467	NA	1899.175	1752.37	1825.7725
dup	1469	GCA.001898225.1.Bacteria.Chloroflexota	NA	1899.175	0.0	949.5875
hgt origin	1477	1476	20: 1476 to 1185	2951.08	2705.185	2828.1325
hgt	1186	1185	20: 1476 to 1185	2887.55	2722.52	2805.035
hgt origin	1477	1476	21: 1476 to dead	2951.08	2705.185	2828.1325
hgt	None	dead	21: 1476 to dead	0.0	0.0	0.0
hgt origin	None	dead	22: dead to GCA.003019535.1.Archaea.Thermoproteota	0.0	0.0	0.0
hgt	107	GCA.003019535.1.Archaea.Thermoproteota	22: dead to GCA.003019535.1.Archaea.Thermoproteota	1609.36	0.0	804.68
los	None	dead	NA	0.0	0.0	0.0
hgt origin	1477	1476	23: 1476 to GCA.002898935.1.Bacteria.CSP1.3	2951.08	2705.185	2828.1325
hgt	1128	GCA.002898935.1.Bacteria.CSP1.3	23: 1476 to GCA.002898935.1.Bacteria.CSP1.3	3110.52	0.0	1555.26
spe	1477	1476	NA	2951.08	2705.185	2828.1325
spe	1476	1454	NA	2705.185	2138.89	2422.0375
spe	1454	1446	NA	2138.89	1892.56	2015.725
los	1446	1445	NA	1892.56	1683.66	1788.11
spe	1446	1440	NA	1892.56	1749.24	1820.9
spe	1440	1439	NA	1749.24	1503.92	1626.58
los	1439	1438	NA	1503.92	1310.445	1407.1825
hgt origin	1454	1453	24: 1453 to GCA.003220615.1.Bacteria.Methylomirabilota	2138.89	2041.27	2090.08
hgt	741	GCA.003220615.1.Bacteria.Methylomirabilota	24: 1453 to GCA.003220615.1.Bacteria.Methylomirabilota	2052.975	0.0	1026.4875
hgt origin	1454	1453	25: 1453 to GCA.002707655.1.Bacteria.SAR324	2138.89	2041.27	2090.08
hgt	400	GCA.002707655.1.Bacteria.SAR324	25: 1453 to GCA.002707655.1.Bacteria.SAR324	2337.685	0.0	1168.8425
hgt origin	1454	1453	26: 1453 to dead	2138.89	2041.27	2090.08
hgt	None	dead	26: 1453 to dead	0.0	0.0	0.0
los	1454	1453	NA	2138.89	2041.27	2090.08
hgt origin	None	dead	27: dead to 514	0.0	0.0	0.0
hgt	515	514	27: dead to 514	1939.7	1792.55	1866.125
los	None	dead	NA	0.0	0.0	0.0
dup	515	514	NA	1939.7	1792.55	1866.125
spe	515	514	NA	1939.7	1792.55	1866.125
spe	514	436	NA	1792.55	1682.45	1737.5
los	436	GCA.002722885.1.Bacteria.Proteobacteria	NA	1682.45	0.0	841.225
spe	436	435	NA	1682.45	1491.68	1587.065
los	435	GCA.006969625.1.Bacteria.Proteobacteria	NA	1491.68	0.0	745.84
spe	435	434	NA	1491.68	1283.94	1387.81
los	434	GCA.002238885.1.Bacteria.Proteobacteria	NA	1283.94	0.0	641.97
hgt origin	514	513	28: 513 to dead	1792.55	1728.66	1760.605
hgt	None	dead	28: 513 to dead	0.0	0.0	0.0
hgt origin	None	dead	29: dead to GCA.002731375.1.Bacteria.Proteobacteria	0.0	0.0	0.0
hgt	498	GCA.002731375.1.Bacteria.Proteobacteria	29: dead to GCA.002731375.1.Bacteria.Proteobacteria	1100.442	0.0	550.221
los	None	dead	NA	0.0	0.0	0.0
spe	514	513	NA	1792.55	1728.66	1760.605
spe	513	512	NA	1728.66	1614.755	1671.7075
los	512	486	NA	1614.755	1342.71	1478.7325
spe	512	511	NA	1614.755	1534.63	1574.6925
los	511	489	NA	1534.63	1174.55	1354.59
spe	511	510	NA	1534.63	1468.305	1501.4675
spe	510	509	NA	1468.305	1371.54	1419.9225
los	509	508	NA	1371.54	1248.66	1310.1
spe	509	495	NA	1371.54	1115.4635	1243.50175
los	495	GCF.003173035.1.Bacteria.Proteobacteria	NA	1115.4635	0.0	557.73175
spe	510	492	NA	1468.305	1215.16	1341.7325
hgt origin	492	GCF.002798435.1.Bacteria.Proteobacteria	30: GCF.002798435.1.Bacteria.Proteobacteria to GCA.006969625.1.Bacteria.Proteobacteria	1215.16	0.0	607.58
hgt	435	GCA.006969625.1.Bacteria.Proteobacteria	30: GCF.002798435.1.Bacteria.Proteobacteria to GCA.006969625.1.Bacteria.Proteobacteria	1491.68	0.0	745.84
los	492	GCF.002798435.1.Bacteria.Proteobacteria	NA	1215.16	0.0	607.58
spe	513	483	NA	1728.66	1679.37	1704.015
spe	483	447	NA	1679.37	1537.685	1608.5275
los	447	439	NA	1537.685	1378.685	1458.185
spe	447	446	NA	1537.685	1337.995	1437.84
los	446	445	NA	1337.995	1219.785	1278.89
spe	483	482	NA	1679.37	1587.505	1633.4375
spe	482	481	NA	1587.505	1510.43	1548.9675
los	481	480	NA	1510.43	1386.405	1448.4175
spe	481	469	NA	1510.43	1404.34	1457.385
los	469	463	NA	1404.34	1268.17	1336.255
spe	469	468	NA	1404.34	1227.095	1315.7175
los	468	467	NA	1227.095	1071.506	1149.3005
hgt origin	482	458	31: 458 to dead	1587.505	1466.17	1526.8375
hgt	None	dead	31: 458 to dead	0.0	0.0	0.0
los	482	458	NA	1587.505	1466.17	1526.8375
hgt origin	None	dead	32: dead to GCA.002480495.1.Bacteria.Proteobacteria	0.0	0.0	0.0
hgt	506	GCA.002480495.1.Bacteria.Proteobacteria	32: dead to GCA.002480495.1.Bacteria.Proteobacteria	986.4985	0.0	493.24925
los	None	dead	NA	0.0	0.0	0.0
dup	515	514	NA	1939.7	1792.55	1866.125
dup	515	514	NA	1939.7	1792.55	1866.125
dup	515	514	NA	1939.7	1792.55	1866.125
dup	515	514	NA	1939.7	1792.55	1866.125
dup	515	514	NA	1939.7	1792.55	1866.125
dup	515	514	NA	1939.7	1792.55	1866.125
dup	515	514	NA	1939.7	1792.55	1866.125
spe	515	514	NA	1939.7	1792.55	1866.125
dup	514	513	NA	1792.55	1728.66	1760.605
spe	514	513	NA	1792.55	1728.66	1760.605
spe	513	483	NA	1728.66	1679.37	1704.015
los	483	447	NA	1679.37	1537.685	1608.5275
spe	483	482	NA	1679.37	1587.505	1633.4375
spe	482	458	NA	1587.505	1466.17	1526.8375
los	458	GCA.002340345.1.Bacteria.Proteobacteria	NA	1466.17	0.0	733.085
spe	458	456	NA	1466.17	1288.015	1377.0925
los	456	GCF.002148795.1.Bacteria.Proteobacteria	NA	1288.015	0.0	644.0075
spe	456	455	NA	1288.015	945.418	1116.7165
los	455	454	NA	945.418	825.9765	885.69725
spe	482	481	NA	1587.505	1510.43	1548.9675
los	481	480	NA	1510.43	1386.405	1448.4175
spe	481	469	NA	1510.43	1404.34	1457.385
los	469	463	NA	1404.34	1268.17	1336.255
spe	469	468	NA	1404.34	1227.095	1315.7175
los	468	467	NA	1227.095	1071.506	1149.3005
spe	513	512	NA	1728.66	1614.755	1671.7075
los	512	486	NA	1614.755	1342.71	1478.7325
spe	512	511	NA	1614.755	1534.63	1574.6925
los	511	489	NA	1534.63	1174.55	1354.59
spe	511	510	NA	1534.63	1468.305	1501.4675
spe	510	492	NA	1468.305	1215.16	1341.7325
los	492	GCF.900172325.1.Bacteria.Proteobacteria	NA	1215.16	0.0	607.58
spe	510	509	NA	1468.305	1371.54	1419.9225
los	509	495	NA	1371.54	1115.4635	1243.50175
spe	509	508	NA	1371.54	1248.66	1310.1
los	508	498	NA	1248.66	1100.442	1174.551
spe	508	507	NA	1248.66	1032.028	1140.344
los	507	503	NA	1032.028	904.119	968.0735
spe	507	506	NA	1032.028	986.4985	1009.26325
los	506	GCA.002480495.1.Bacteria.Proteobacteria	NA	986.4985	0.0	493.24925
spe	514	513	NA	1792.55	1728.66	1760.605
los	513	512	NA	1728.66	1614.755	1671.7075
spe	513	483	NA	1728.66	1679.37	1704.015
los	483	447	NA	1679.37	1537.685	1608.5275
spe	483	482	NA	1679.37	1587.505	1633.4375
los	482	481	NA	1587.505	1510.43	1548.9675
spe	482	458	NA	1587.505	1466.17	1526.8375
los	458	GCA.002340345.1.Bacteria.Proteobacteria	NA	1466.17	0.0	733.085
spe	458	456	NA	1466.17	1288.015	1377.0925
spe	456	455	NA	1288.015	945.418	1116.7165
los	455	454	NA	945.418	825.9765	885.69725
spe	514	436	NA	1792.55	1682.45	1737.5
spe	436	435	NA	1682.45	1491.68	1587.065
spe	435	434	NA	1491.68	1283.94	1387.81
los	434	GCA.002238885.1.Bacteria.Proteobacteria	NA	1283.94	0.0	641.97
hgt origin	435	GCA.006969625.1.Bacteria.Proteobacteria	33: GCA.006969625.1.Bacteria.Proteobacteria to GCF.002251795.1.Bacteria.Proteobacteria	1491.68	0.0	745.84
hgt	463	GCF.002251795.1.Bacteria.Proteobacteria	33: GCA.006969625.1.Bacteria.Proteobacteria to GCF.002251795.1.Bacteria.Proteobacteria	1268.17	0.0	634.085
spe	515	514	NA	1939.7	1792.55	1866.125
los	514	436	NA	1792.55	1682.45	1737.5
spe	514	513	NA	1792.55	1728.66	1760.605
spe	513	483	NA	1728.66	1679.37	1704.015
los	483	447	NA	1679.37	1537.685	1608.5275
spe	483	482	NA	1679.37	1587.505	1633.4375
los	482	458	NA	1587.505	1466.17	1526.8375
spe	482	481	NA	1587.505	1510.43	1548.9675
los	481	480	NA	1510.43	1386.405	1448.4175
spe	481	469	NA	1510.43	1404.34	1457.385
los	469	468	NA	1404.34	1227.095	1315.7175
spe	469	463	NA	1404.34	1268.17	1336.255
los	463	GCF.002251795.1.Bacteria.Proteobacteria	NA	1268.17	0.0	634.085
spe	463	462	NA	1268.17	1029.85	1149.01
hgt origin	462	GCF.000315795.1.Bacteria.Proteobacteria	34: GCF.000315795.1.Bacteria.Proteobacteria to GCA.002712165.1.Bacteria.Proteobacteria	1029.85	0.0	514.925
hgt	944	GCA.002712165.1.Bacteria.Proteobacteria	34: GCF.000315795.1.Bacteria.Proteobacteria to GCA.002712165.1.Bacteria.Proteobacteria	1392.82	0.0	696.41
spe	513	512	NA	1728.66	1614.755	1671.7075
spe	512	486	NA	1614.755	1342.71	1478.7325
los	486	GCF.000264455.2.Bacteria.Proteobacteria	NA	1342.71	0.0	671.355
spe	512	511	NA	1614.755	1534.63	1574.6925
spe	511	510	NA	1534.63	1468.305	1501.4675
los	510	492	NA	1468.305	1215.16	1341.7325
spe	510	509	NA	1468.305	1371.54	1419.9225
los	509	495	NA	1371.54	1115.4635	1243.50175
spe	509	508	NA	1371.54	1248.66	1310.1
los	508	498	NA	1248.66	1100.442	1174.551
spe	508	507	NA	1248.66	1032.028	1140.344
los	507	503	NA	1032.028	904.119	968.0735
spe	507	506	NA	1032.028	986.4985	1009.26325
los	506	GCA.001464215.1.Bacteria.Proteobacteria	NA	986.4985	0.0	493.24925
spe	511	489	NA	1534.63	1174.55	1354.59
los	489	GCA.002701885.1.Bacteria.Proteobacteria	NA	1174.55	0.0	587.275
dup	489	GCA.002348365.1.Bacteria.Proteobacteria	NA	1174.55	0.0	587.275
spe	515	514	NA	1939.7	1792.55	1866.125
los	514	436	NA	1792.55	1682.45	1737.5
dup	514	513	NA	1792.55	1728.66	1760.605
spe	514	513	NA	1792.55	1728.66	1760.605
spe	513	512	NA	1728.66	1614.755	1671.7075
los	512	486	NA	1614.755	1342.71	1478.7325
spe	512	511	NA	1614.755	1534.63	1574.6925
los	511	510	NA	1534.63	1468.305	1501.4675
spe	511	489	NA	1534.63	1174.55	1354.59
los	489	GCA.002701885.1.Bacteria.Proteobacteria	NA	1174.55	0.0	587.275
dup	513	483	NA	1728.66	1679.37	1704.015
spe	513	483	NA	1728.66	1679.37	1704.015
spe	483	447	NA	1679.37	1537.685	1608.5275
los	447	439	NA	1537.685	1378.685	1458.185
spe	447	446	NA	1537.685	1337.995	1437.84
los	446	445	NA	1337.995	1219.785	1278.89
spe	483	482	NA	1679.37	1587.505	1633.4375
spe	482	481	NA	1587.505	1510.43	1548.9675
los	481	480	NA	1510.43	1386.405	1448.4175
spe	481	469	NA	1510.43	1404.34	1457.385
los	469	463	NA	1404.34	1268.17	1336.255
spe	469	468	NA	1404.34	1227.095	1315.7175
los	468	467	NA	1227.095	1071.506	1149.3005
spe	482	458	NA	1587.505	1466.17	1526.8375
hgt origin	458	GCA.002340345.1.Bacteria.Proteobacteria	35: GCA.002340345.1.Bacteria.Proteobacteria to GCA.006969625.1.Bacteria.Proteobacteria	1466.17	0.0	733.085
hgt	435	GCA.006969625.1.Bacteria.Proteobacteria	35: GCA.002340345.1.Bacteria.Proteobacteria to GCA.006969625.1.Bacteria.Proteobacteria	1491.68	0.0	745.84
los	458	GCA.002340345.1.Bacteria.Proteobacteria	NA	1466.17	0.0	733.085
spe	458	456	NA	1466.17	1288.015	1377.0925
spe	456	455	NA	1288.015	945.418	1116.7165
los	455	454	NA	945.418	825.9765	885.69725
hgt origin	513	483	36: 483 to GCA.003220615.1.Bacteria.Methylomirabilota	1728.66	1679.37	1704.015
hgt	741	GCA.003220615.1.Bacteria.Methylomirabilota	36: 483 to GCA.003220615.1.Bacteria.Methylomirabilota	2052.975	0.0	1026.4875
spe	513	483	NA	1728.66	1679.37	1704.015
spe	483	482	NA	1679.37	1587.505	1633.4375
los	482	458	NA	1587.505	1466.17	1526.8375
spe	482	481	NA	1587.505	1510.43	1548.9675
los	481	480	NA	1510.43	1386.405	1448.4175
spe	481	469	NA	1510.43	1404.34	1457.385
los	469	463	NA	1404.34	1268.17	1336.255
spe	469	468	NA	1404.34	1227.095	1315.7175
spe	468	467	NA	1227.095	1071.506	1149.3005
los	467	GCA.002291925.1.Bacteria.Proteobacteria	NA	1071.506	0.0	535.753
spe	483	447	NA	1679.37	1537.685	1608.5275
hgt origin	447	439	37: 439 to dead	1537.685	1378.685	1458.185
hgt	None	dead	37: 439 to dead	0.0	0.0	0.0
los	447	439	NA	1537.685	1378.685	1458.185
hgt origin	None	dead	38: dead to GCA.002731375.1.Bacteria.Proteobacteria	0.0	0.0	0.0
hgt	498	GCA.002731375.1.Bacteria.Proteobacteria	38: dead to GCA.002731375.1.Bacteria.Proteobacteria	1100.442	0.0	550.221
los	None	dead	NA	0.0	0.0	0.0
dup	447	446	NA	1537.685	1337.995	1437.84
spe	447	446	NA	1537.685	1337.995	1437.84
spe	446	445	NA	1337.995	1219.785	1278.89
los	445	GCA.002717225.1.Bacteria.Proteobacteria	NA	1219.785	0.0	609.8925
spe	445	444	NA	1219.785	1051.014	1135.3995
los	444	GCA.002686135.1.Bacteria.Proteobacteria	NA	1051.014	0.0	525.507
spe	447	446	NA	1537.685	1337.995	1437.84
los	446	445	NA	1337.995	1219.785	1278.89
dup	446	GCA.002717185.1.Bacteria.Proteobacteria	NA	1337.995	0.0	668.9975
hgt origin	446	GCA.002717185.1.Bacteria.Proteobacteria	39: GCA.002717185.1.Bacteria.Proteobacteria to GCA.003220615.1.Bacteria.Methylomirabilota	1337.995	0.0	668.9975
hgt	741	GCA.003220615.1.Bacteria.Methylomirabilota	39: GCA.002717185.1.Bacteria.Proteobacteria to GCA.003220615.1.Bacteria.Methylomirabilota	2052.975	0.0	1026.4875
hgt origin	446	GCA.002717185.1.Bacteria.Proteobacteria	40: GCA.002717185.1.Bacteria.Proteobacteria to GCA.002731375.1.Bacteria.Proteobacteria	1337.995	0.0	668.9975
hgt	498	GCA.002731375.1.Bacteria.Proteobacteria	40: GCA.002717185.1.Bacteria.Proteobacteria to GCA.002731375.1.Bacteria.Proteobacteria	1100.442	0.0	550.221
dup	741	GCA.003220615.1.Bacteria.Methylomirabilota	NA	2052.975	0.0	1026.4875
spe	514	513	NA	1792.55	1728.66	1760.605
spe	513	483	NA	1728.66	1679.37	1704.015
hgt origin	483	482	41: 482 to GCA.003220615.1.Bacteria.Methylomirabilota	1679.37	1587.505	1633.4375
hgt	741	GCA.003220615.1.Bacteria.Methylomirabilota	41: 482 to GCA.003220615.1.Bacteria.Methylomirabilota	2052.975	0.0	1026.4875
los	483	482	NA	1679.37	1587.505	1633.4375
dup	483	447	NA	1679.37	1537.685	1608.5275
dup	483	447	NA	1679.37	1537.685	1608.5275
spe	483	447	NA	1679.37	1537.685	1608.5275
los	447	439	NA	1537.685	1378.685	1458.185
spe	447	446	NA	1537.685	1337.995	1437.84
spe	446	445	NA	1337.995	1219.785	1278.89
spe	445	444	NA	1219.785	1051.014	1135.3995
hgt origin	444	GCA.002686135.1.Bacteria.Proteobacteria	42: GCA.002686135.1.Bacteria.Proteobacteria to GCA.002348365.1.Bacteria.Proteobacteria	1051.014	0.0	525.507
hgt	489	GCA.002348365.1.Bacteria.Proteobacteria	42: GCA.002686135.1.Bacteria.Proteobacteria to GCA.002348365.1.Bacteria.Proteobacteria	1174.55	0.0	587.275
los	444	GCA.002686135.1.Bacteria.Proteobacteria	NA	1051.014	0.0	525.507
dup	483	447	NA	1679.37	1537.685	1608.5275
dup	483	447	NA	1679.37	1537.685	1608.5275
spe	483	447	NA	1679.37	1537.685	1608.5275
spe	447	439	NA	1537.685	1378.685	1458.185
los	439	GCF.001613805.1.Bacteria.Proteobacteria	NA	1378.685	0.0	689.3425
spe	447	446	NA	1537.685	1337.995	1437.84
los	446	GCA.002717185.1.Bacteria.Proteobacteria	NA	1337.995	0.0	668.9975
spe	446	445	NA	1337.995	1219.785	1278.89
los	445	GCA.002717225.1.Bacteria.Proteobacteria	NA	1219.785	0.0	609.8925
spe	445	444	NA	1219.785	1051.014	1135.3995
los	444	GCA.002686135.1.Bacteria.Proteobacteria	NA	1051.014	0.0	525.507
spe	483	447	NA	1679.37	1537.685	1608.5275
los	447	446	NA	1537.685	1337.995	1437.84
spe	447	439	NA	1537.685	1378.685	1458.185
los	439	GCF.001613805.1.Bacteria.Proteobacteria	NA	1378.685	0.0	689.3425
dup	439	GCA.002723345.1.Bacteria.Proteobacteria	NA	1378.685	0.0	689.3425
hgt origin	439	GCA.002723345.1.Bacteria.Proteobacteria	43: GCA.002723345.1.Bacteria.Proteobacteria to GCF.900167455.1.Bacteria.Proteobacteria	1378.685	0.0	689.3425
hgt	468	GCF.900167455.1.Bacteria.Proteobacteria	43: GCA.002723345.1.Bacteria.Proteobacteria to GCF.900167455.1.Bacteria.Proteobacteria	1227.095	0.0	613.5475
hgt origin	439	GCA.002723345.1.Bacteria.Proteobacteria	44: GCA.002723345.1.Bacteria.Proteobacteria to GCA.003220615.1.Bacteria.Methylomirabilota	1378.685	0.0	689.3425
hgt	741	GCA.003220615.1.Bacteria.Methylomirabilota	44: GCA.002723345.1.Bacteria.Proteobacteria to GCA.003220615.1.Bacteria.Methylomirabilota	2052.975	0.0	1026.4875
dup	439	GCA.002723345.1.Bacteria.Proteobacteria	NA	1378.685	0.0	689.3425
dup	483	447	NA	1679.37	1537.685	1608.5275
spe	483	447	NA	1679.37	1537.685	1608.5275
spe	447	439	NA	1537.685	1378.685	1458.185
los	439	GCF.001613805.1.Bacteria.Proteobacteria	NA	1378.685	0.0	689.3425
spe	447	446	NA	1537.685	1337.995	1437.84
spe	446	445	NA	1337.995	1219.785	1278.89
los	445	GCA.002717225.1.Bacteria.Proteobacteria	NA	1219.785	0.0	609.8925
spe	445	444	NA	1219.785	1051.014	1135.3995
los	444	GCA.002686135.1.Bacteria.Proteobacteria	NA	1051.014	0.0	525.507
spe	483	447	NA	1679.37	1537.685	1608.5275
spe	447	439	NA	1537.685	1378.685	1458.185
los	439	GCF.001613805.1.Bacteria.Proteobacteria	NA	1378.685	0.0	689.3425
spe	447	446	NA	1537.685	1337.995	1437.84
los	446	GCA.002717185.1.Bacteria.Proteobacteria	NA	1337.995	0.0	668.9975
spe	446	445	NA	1337.995	1219.785	1278.89
los	445	GCA.002717225.1.Bacteria.Proteobacteria	NA	1219.785	0.0	609.8925
spe	445	444	NA	1219.785	1051.014	1135.3995
los	444	GCA.002686135.1.Bacteria.Proteobacteria	NA	1051.014	0.0	525.507
dup	444	GCA.002348425.1.Bacteria.Proteobacteria	NA	1051.014	0.0	525.507
spe	483	447	NA	1679.37	1537.685	1608.5275
spe	447	439	NA	1537.685	1378.685	1458.185
los	439	GCF.001613805.1.Bacteria.Proteobacteria	NA	1378.685	0.0	689.3425
spe	447	446	NA	1537.685	1337.995	1437.84
los	446	GCA.002717185.1.Bacteria.Proteobacteria	NA	1337.995	0.0	668.9975
spe	446	445	NA	1337.995	1219.785	1278.89
los	445	GCA.002717225.1.Bacteria.Proteobacteria	NA	1219.785	0.0	609.8925
spe	445	444	NA	1219.785	1051.014	1135.3995
los	444	GCA.002686135.1.Bacteria.Proteobacteria	NA	1051.014	0.0	525.507
dup	444	GCA.002348425.1.Bacteria.Proteobacteria	NA	1051.014	0.0	525.507
hgt origin	444	GCA.002348425.1.Bacteria.Proteobacteria	45: GCA.002348425.1.Bacteria.Proteobacteria to GCA.002348365.1.Bacteria.Proteobacteria	1051.014	0.0	525.507
hgt	489	GCA.002348365.1.Bacteria.Proteobacteria	45: GCA.002348425.1.Bacteria.Proteobacteria to GCA.002348365.1.Bacteria.Proteobacteria	1174.55	0.0	587.275
spe	513	512	NA	1728.66	1614.755	1671.7075
hgt origin	512	511	46: 511 to dead	1614.755	1534.63	1574.6925
hgt	None	dead	46: 511 to dead	0.0	0.0	0.0
los	512	511	NA	1614.755	1534.63	1574.6925
hgt origin	None	dead	47: dead to GCA.002717225.1.Bacteria.Proteobacteria	0.0	0.0	0.0
hgt	445	GCA.002717225.1.Bacteria.Proteobacteria	47: dead to GCA.002717225.1.Bacteria.Proteobacteria	1219.785	0.0	609.8925
los	None	dead	NA	0.0	0.0	0.0
spe	512	486	NA	1614.755	1342.71	1478.7325
los	486	GCF.000264455.2.Bacteria.Proteobacteria	NA	1342.71	0.0	671.355
spe	515	514	NA	1939.7	1792.55	1866.125
los	514	436	NA	1792.55	1682.45	1737.5
dup	514	513	NA	1792.55	1728.66	1760.605
dup	514	513	NA	1792.55	1728.66	1760.605
spe	514	513	NA	1792.55	1728.66	1760.605
los	513	483	NA	1728.66	1679.37	1704.015
spe	513	512	NA	1728.66	1614.755	1671.7075
los	512	486	NA	1614.755	1342.71	1478.7325
spe	512	511	NA	1614.755	1534.63	1574.6925
los	511	510	NA	1534.63	1468.305	1501.4675
dup	511	489	NA	1534.63	1174.55	1354.59
dup	511	489	NA	1534.63	1174.55	1354.59
spe	511	489	NA	1534.63	1174.55	1354.59
los	489	GCA.002701885.1.Bacteria.Proteobacteria	NA	1174.55	0.0	587.275
hgt origin	511	489	48: 489 to 468	1534.63	1174.55	1354.59
hgt	469	468	48: 489 to 468	1404.34	1227.095	1315.7175
spe	511	489	NA	1534.63	1174.55	1354.59
los	489	GCA.002701885.1.Bacteria.Proteobacteria	NA	1174.55	0.0	587.275
spe	469	468	NA	1404.34	1227.095	1315.7175
spe	468	467	NA	1227.095	1071.506	1149.3005
los	467	GCA.002291925.1.Bacteria.Proteobacteria	NA	1071.506	0.0	535.753
spe	511	489	NA	1534.63	1174.55	1354.59
los	489	GCA.002701885.1.Bacteria.Proteobacteria	NA	1174.55	0.0	587.275
dup	489	GCA.002348365.1.Bacteria.Proteobacteria	NA	1174.55	0.0	587.275
spe	514	513	NA	1792.55	1728.66	1760.605
spe	513	483	NA	1728.66	1679.37	1704.015
los	483	447	NA	1679.37	1537.685	1608.5275
spe	483	482	NA	1679.37	1587.505	1633.4375
spe	482	481	NA	1587.505	1510.43	1548.9675
los	481	480	NA	1510.43	1386.405	1448.4175
spe	481	469	NA	1510.43	1404.34	1457.385
los	469	463	NA	1404.34	1268.17	1336.255
spe	469	468	NA	1404.34	1227.095	1315.7175
los	468	GCF.900167455.1.Bacteria.Proteobacteria	NA	1227.095	0.0	613.5475
spe	468	467	NA	1227.095	1071.506	1149.3005
los	467	GCA.002291925.1.Bacteria.Proteobacteria	NA	1071.506	0.0	535.753
spe	482	458	NA	1587.505	1466.17	1526.8375
spe	458	456	NA	1466.17	1288.015	1377.0925
los	456	GCF.002148795.1.Bacteria.Proteobacteria	NA	1288.015	0.0	644.0075
spe	456	455	NA	1288.015	945.418	1116.7165
los	455	454	NA	945.418	825.9765	885.69725
hgt origin	458	GCA.002340345.1.Bacteria.Proteobacteria	49: GCA.002340345.1.Bacteria.Proteobacteria to GCA.002731375.1.Bacteria.Proteobacteria	1466.17	0.0	733.085
hgt	498	GCA.002731375.1.Bacteria.Proteobacteria	49: GCA.002340345.1.Bacteria.Proteobacteria to GCA.002731375.1.Bacteria.Proteobacteria	1100.442	0.0	550.221
los	458	GCA.002340345.1.Bacteria.Proteobacteria	NA	1466.17	0.0	733.085
spe	513	512	NA	1728.66	1614.755	1671.7075
spe	512	486	NA	1614.755	1342.71	1478.7325
los	486	GCA.002721365.1.Bacteria.Proteobacteria	NA	1342.71	0.0	671.355
spe	512	511	NA	1614.755	1534.63	1574.6925
spe	511	510	NA	1534.63	1468.305	1501.4675
los	510	509	NA	1468.305	1371.54	1419.9225
spe	510	492	NA	1468.305	1215.16	1341.7325
los	492	GCF.900172325.1.Bacteria.Proteobacteria	NA	1215.16	0.0	607.58
spe	511	489	NA	1534.63	1174.55	1354.59
los	489	GCA.002701885.1.Bacteria.Proteobacteria	NA	1174.55	0.0	587.275
spe	514	513	NA	1792.55	1728.66	1760.605
hgt origin	513	483	50: 483 to dead	1728.66	1679.37	1704.015
hgt	None	dead	50: 483 to dead	0.0	0.0	0.0
hgt origin	None	dead	51: dead to GCA.002731375.1.Bacteria.Proteobacteria	0.0	0.0	0.0
hgt	498	GCA.002731375.1.Bacteria.Proteobacteria	51: dead to GCA.002731375.1.Bacteria.Proteobacteria	1100.442	0.0	550.221
los	None	dead	NA	0.0	0.0	0.0
spe	513	483	NA	1728.66	1679.37	1704.015
spe	483	447	NA	1679.37	1537.685	1608.5275
los	447	439	NA	1537.685	1378.685	1458.185
spe	447	446	NA	1537.685	1337.995	1437.84
los	446	445	NA	1337.995	1219.785	1278.89
spe	483	482	NA	1679.37	1587.505	1633.4375
spe	482	481	NA	1587.505	1510.43	1548.9675
los	481	480	NA	1510.43	1386.405	1448.4175
spe	481	469	NA	1510.43	1404.34	1457.385
los	469	463	NA	1404.34	1268.17	1336.255
spe	469	468	NA	1404.34	1227.095	1315.7175
spe	468	467	NA	1227.095	1071.506	1149.3005
los	467	GCA.002291925.1.Bacteria.Proteobacteria	NA	1071.506	0.0	535.753
spe	482	458	NA	1587.505	1466.17	1526.8375
los	458	GCA.002340345.1.Bacteria.Proteobacteria	NA	1466.17	0.0	733.085
spe	458	456	NA	1466.17	1288.015	1377.0925
spe	456	455	NA	1288.015	945.418	1116.7165
spe	455	454	NA	945.418	825.9765	885.69725
spe	454	453	NA	825.9765	706.861	766.41875
los	453	GCA.002457765.1.Bacteria.Proteobacteria	NA	706.861	0.0	353.4305
hgt origin	456	GCF.002148795.1.Bacteria.Proteobacteria	52: GCF.002148795.1.Bacteria.Proteobacteria to GCF.900167455.1.Bacteria.Proteobacteria	1288.015	0.0	644.0075
hgt	468	GCF.900167455.1.Bacteria.Proteobacteria	52: GCF.002148795.1.Bacteria.Proteobacteria to GCF.900167455.1.Bacteria.Proteobacteria	1227.095	0.0	613.5475
spe	513	512	NA	1728.66	1614.755	1671.7075
hgt origin	512	486	53: 486 to dead	1614.755	1342.71	1478.7325
hgt	None	dead	53: 486 to dead	0.0	0.0	0.0
los	512	486	NA	1614.755	1342.71	1478.7325
hgt origin	None	dead	54: dead to GCA.002898275.1.Bacteria.Proteobacteria	0.0	0.0	0.0
hgt	434	GCA.002898275.1.Bacteria.Proteobacteria	54: dead to GCA.002898275.1.Bacteria.Proteobacteria	1283.94	0.0	641.97
los	None	dead	NA	0.0	0.0	0.0
spe	512	511	NA	1614.755	1534.63	1574.6925
los	511	489	NA	1534.63	1174.55	1354.59
spe	511	510	NA	1534.63	1468.305	1501.4675
spe	510	509	NA	1468.305	1371.54	1419.9225
hgt origin	509	508	55: 508 to dead	1371.54	1248.66	1310.1
hgt	None	dead	55: 508 to dead	0.0	0.0	0.0
los	509	508	NA	1371.54	1248.66	1310.1
hgt origin	None	dead	56: dead to GCF.003258945.1.Bacteria.Proteobacteria	0.0	0.0	0.0
hgt	467	GCF.003258945.1.Bacteria.Proteobacteria	56: dead to GCF.003258945.1.Bacteria.Proteobacteria	1071.506	0.0	535.753
los	None	dead	NA	0.0	0.0	0.0
spe	509	495	NA	1371.54	1115.4635	1243.50175
los	495	GCF.003173035.1.Bacteria.Proteobacteria	NA	1115.4635	0.0	557.73175
spe	510	492	NA	1468.305	1215.16	1341.7325
spe	515	514	NA	1939.7	1792.55	1866.125
spe	514	513	NA	1792.55	1728.66	1760.605
los	513	483	NA	1728.66	1679.37	1704.015
spe	513	512	NA	1728.66	1614.755	1671.7075
los	512	511	NA	1614.755	1534.63	1574.6925
spe	512	486	NA	1614.755	1342.71	1478.7325
los	486	GCF.000264455.2.Bacteria.Proteobacteria	NA	1342.71	0.0	671.355
spe	514	436	NA	1792.55	1682.45	1737.5
hgt origin	436	435	57: 435 to GCA.003220615.1.Bacteria.Methylomirabilota	1682.45	1491.68	1587.065
hgt	741	GCA.003220615.1.Bacteria.Methylomirabilota	57: 435 to GCA.003220615.1.Bacteria.Methylomirabilota	2052.975	0.0	1026.4875
los	436	435	NA	1682.45	1491.68	1587.065
dup	436	GCA.002722885.1.Bacteria.Proteobacteria	NA	1682.45	0.0	841.225
dup	436	GCA.002722885.1.Bacteria.Proteobacteria	NA	1682.45	0.0	841.225
spe	515	514	NA	1939.7	1792.55	1866.125
los	514	436	NA	1792.55	1682.45	1737.5
spe	514	513	NA	1792.55	1728.66	1760.605
spe	513	483	NA	1728.66	1679.37	1704.015
los	483	482	NA	1679.37	1587.505	1633.4375
spe	483	447	NA	1679.37	1537.685	1608.5275
los	447	439	NA	1537.685	1378.685	1458.185
spe	447	446	NA	1537.685	1337.995	1437.84
los	446	445	NA	1337.995	1219.785	1278.89
spe	513	512	NA	1728.66	1614.755	1671.7075
los	512	511	NA	1614.755	1534.63	1574.6925
spe	512	486	NA	1614.755	1342.71	1478.7325
hgt origin	486	GCA.002721365.1.Bacteria.Proteobacteria	58: GCA.002721365.1.Bacteria.Proteobacteria to GCF.900167455.1.Bacteria.Proteobacteria	1342.71	0.0	671.355
hgt	468	GCF.900167455.1.Bacteria.Proteobacteria	58: GCA.002721365.1.Bacteria.Proteobacteria to GCF.900167455.1.Bacteria.Proteobacteria	1227.095	0.0	613.5475
spe	515	514	NA	1939.7	1792.55	1866.125
spe	514	436	NA	1792.55	1682.45	1737.5
los	436	GCA.002722885.1.Bacteria.Proteobacteria	NA	1682.45	0.0	841.225
spe	436	435	NA	1682.45	1491.68	1587.065
los	435	434	NA	1491.68	1283.94	1387.81
spe	514	513	NA	1792.55	1728.66	1760.605
spe	513	483	NA	1728.66	1679.37	1704.015
los	483	447	NA	1679.37	1537.685	1608.5275
spe	483	482	NA	1679.37	1587.505	1633.4375
los	482	458	NA	1587.505	1466.17	1526.8375
spe	482	481	NA	1587.505	1510.43	1548.9675
los	481	480	NA	1510.43	1386.405	1448.4175
spe	481	469	NA	1510.43	1404.34	1457.385
los	469	468	NA	1404.34	1227.095	1315.7175
spe	469	463	NA	1404.34	1268.17	1336.255
los	463	GCF.002251795.1.Bacteria.Proteobacteria	NA	1268.17	0.0	634.085
spe	463	462	NA	1268.17	1029.85	1149.01
los	462	GCF.006980715.1.Bacteria.Proteobacteria	NA	1029.85	0.0	514.925
spe	513	512	NA	1728.66	1614.755	1671.7075
los	512	511	NA	1614.755	1534.63	1574.6925
spe	512	486	NA	1614.755	1342.71	1478.7325
los	486	GCA.002721365.1.Bacteria.Proteobacteria	NA	1342.71	0.0	671.355
hgt origin	515	514	59: 514 to dead	1939.7	1792.55	1866.125
hgt	None	dead	59: 514 to dead	0.0	0.0	0.0
spe	515	514	NA	1939.7	1792.55	1866.125
spe	514	513	NA	1792.55	1728.66	1760.605
los	513	512	NA	1728.66	1614.755	1671.7075
spe	513	483	NA	1728.66	1679.37	1704.015
los	483	447	NA	1679.37	1537.685	1608.5275
spe	483	482	NA	1679.37	1587.505	1633.4375
spe	482	481	NA	1587.505	1510.43	1548.9675
los	481	480	NA	1510.43	1386.405	1448.4175
spe	481	469	NA	1510.43	1404.34	1457.385
los	469	463	NA	1404.34	1268.17	1336.255
spe	469	468	NA	1404.34	1227.095	1315.7175
los	468	GCF.900167455.1.Bacteria.Proteobacteria	NA	1227.095	0.0	613.5475
spe	468	467	NA	1227.095	1071.506	1149.3005
los	467	GCA.002291925.1.Bacteria.Proteobacteria	NA	1071.506	0.0	535.753
spe	482	458	NA	1587.505	1466.17	1526.8375
los	458	GCA.002340345.1.Bacteria.Proteobacteria	NA	1466.17	0.0	733.085
spe	458	456	NA	1466.17	1288.015	1377.0925
spe	456	455	NA	1288.015	945.418	1116.7165
los	455	454	NA	945.418	825.9765	885.69725
spe	514	436	NA	1792.55	1682.45	1737.5
hgt origin	436	GCA.002722885.1.Bacteria.Proteobacteria	60: GCA.002722885.1.Bacteria.Proteobacteria to GCF.002798435.1.Bacteria.Proteobacteria	1682.45	0.0	841.225
hgt	492	GCF.002798435.1.Bacteria.Proteobacteria	60: GCA.002722885.1.Bacteria.Proteobacteria to GCF.002798435.1.Bacteria.Proteobacteria	1215.16	0.0	607.58
los	436	GCA.002722885.1.Bacteria.Proteobacteria	NA	1682.45	0.0	841.225
spe	436	435	NA	1682.45	1491.68	1587.065
los	435	GCA.006969625.1.Bacteria.Proteobacteria	NA	1491.68	0.0	745.84
spe	435	434	NA	1491.68	1283.94	1387.81
los	434	GCA.002898275.1.Bacteria.Proteobacteria	NA	1283.94	0.0	641.97
dup	None	dead	NA	0.0	0.0	0.0
hgt origin	None	dead	61: dead to GCF.000374645.1.Bacteria.Proteobacteria	0.0	0.0	0.0
hgt	574	GCF.000374645.1.Bacteria.Proteobacteria	61: dead to GCF.000374645.1.Bacteria.Proteobacteria	1337.465	0.0	668.7325
los	None	dead	NA	0.0	0.0	0.0
hgt origin	None	dead	62: dead to GCF.001614315.2.Bacteria.Proteobacteria	0.0	0.0	0.0
hgt	552	GCF.001614315.2.Bacteria.Proteobacteria	62: dead to GCF.001614315.2.Bacteria.Proteobacteria	1355.9	0.0	677.95
los	None	dead	NA	0.0	0.0	0.0
spe	1476	1475	NA	2705.185	2571.35	2638.2675
spe	1475	1463	NA	2571.35	2342.68	2457.015
los	1463	1457	NA	2342.68	1912.015	2127.3475
spe	1463	1462	NA	2342.68	2240.595	2291.6375
los	1462	GCA.002436065.1.Bacteria.Chloroflexota	NA	2240.595	0.0	1120.2975
spe	1462	1461	NA	2240.595	1858.39	2049.4925
los	1461	GCA.002347925.1.Bacteria.Chloroflexota	NA	1858.39	0.0	929.195
spe	1475	1474	NA	2571.35	2422.145	2496.7475
los	1474	1473	NA	2422.145	1376.695	1899.42
spe	1474	1470	NA	2422.145	2082.735	2252.44
spe	1470	1469	NA	2082.735	1899.175	1990.955
los	1469	GCA.001898225.1.Bacteria.Chloroflexota	NA	1899.175	0.0	949.5875
spe	1469	1467	NA	1899.175	1752.37	1825.7725
los	1467	GCA.002440805.1.Bacteria.Chloroflexota	NA	1752.37	0.0	876.185
hgt origin	1128	GCA.002898935.1.Bacteria.CSP1.3	63: GCA.002898935.1.Bacteria.CSP1.3 to 1337	3110.52	0.0	1555.26
hgt	1338	1337	63: GCA.002898935.1.Bacteria.CSP1.3 to 1337	1582.81	1327.38	1455.095
hgt origin	1338	1337	64: 1337 to GCA.002710215.1.Bacteria.Chloroflexota	1582.81	1327.38	1455.095
hgt	1406	GCA.002710215.1.Bacteria.Chloroflexota	64: 1337 to GCA.002710215.1.Bacteria.Chloroflexota	1589.865	0.0	794.9325
hgt origin	1338	1337	65: 1337 to GCA.003023725.1.Bacteria.Firmicutes.E	1582.81	1327.38	1455.095
hgt	1228	GCA.003023725.1.Bacteria.Firmicutes.E	65: 1337 to GCA.003023725.1.Bacteria.Firmicutes.E	2160.575	0.0	1080.2875
spe	1338	1337	NA	1582.81	1327.38	1455.095
hgt origin	1337	GCF.001399675.1.Bacteria.Firmicutes	66: GCF.001399675.1.Bacteria.Firmicutes to 1355	1327.38	0.0	663.69
hgt	1379	1355	66: GCF.001399675.1.Bacteria.Firmicutes to 1355	1484.04	1246.46	1365.25
spe	1379	1355	NA	1484.04	1246.46	1365.25
hgt origin	1186	1185	67: 1185 to dead	2887.55	2722.52	2805.035
hgt	None	dead	67: 1185 to dead	0.0	0.0	0.0
hgt origin	None	dead	68: dead to GCA.003242195.1.Bacteria.Firmicutes.E	0.0	0.0	0.0
hgt	1226	GCA.003242195.1.Bacteria.Firmicutes.E	68: dead to GCA.003242195.1.Bacteria.Firmicutes.E	1761.44	0.0	880.72
los	None	dead	NA	0.0	0.0	0.0
spe	1186	1185	NA	2887.55	2722.52	2805.035
spe	1185	1184	NA	2722.52	2566.03	2644.275
hgt origin	1184	1183	69: 1183 to dead	2566.03	1976.055	2271.0425
hgt	None	dead	69: 1183 to dead	0.0	0.0	0.0
los	1184	1183	NA	2566.03	1976.055	2271.0425
hgt origin	None	dead	70: dead to GCF.001942305.1.Bacteria.Actinobacteriota	0.0	0.0	0.0
hgt	1158	GCF.001942305.1.Bacteria.Actinobacteriota	70: dead to GCF.001942305.1.Bacteria.Actinobacteriota	864.931	0.0	432.4655
los	None	dead	NA	0.0	0.0	0.0
spe	1184	1180	NA	2566.03	2135.205	2350.6175
los	1180	1179	NA	2135.205	1811.215	1973.21
dup	1180	GCF.001029505.1.Bacteria.Actinobacteriota	NA	2135.205	0.0	1067.6025
spe	1185	1169	NA	2722.52	2330.49	2526.505
los	1169	1145	NA	2330.49	1977.205	2153.8475
spe	1169	1168	NA	2330.49	2240.195	2285.3425
spe	1168	1148	NA	2240.195	1798.435	2019.315
los	1148	GCA.003021615.1.Bacteria.Actinobacteriota	NA	1798.435	0.0	899.2175
spe	1168	1167	NA	2240.195	2045.68	2142.9375
los	1167	GCA.002413185.1.Bacteria.Actinobacteriota	NA	2045.68	0.0	1022.84
spe	1167	1166	NA	2045.68	1407.48	1726.58
spe	1166	1165	NA	1407.48	1265.28	1336.38
spe	1165	1164	NA	1265.28	1123.5635	1194.42175
los	1164	1160	NA	1123.5635	971.4955	1047.5295
spe	1164	1163	NA	1123.5635	951.694	1037.62875
los	1163	GCA.001437855.1.Bacteria.Actinobacteriota	NA	951.694	0.0	475.847
spe	1165	1155	NA	1265.28	1138.4215	1201.85075
hgt origin	1155	GCF.003443735.1.Bacteria.Actinobacteriota	71: GCF.003443735.1.Bacteria.Actinobacteriota to GCF.900106035.1.Bacteria.Actinobacteriota	1138.4215	0.0	569.21075
hgt	1158	GCF.900106035.1.Bacteria.Actinobacteriota	71: GCF.003443735.1.Bacteria.Actinobacteriota to GCF.900106035.1.Bacteria.Actinobacteriota	864.931	0.0	432.4655
los	1155	GCF.003443735.1.Bacteria.Actinobacteriota	NA	1138.4215	0.0	569.21075
spe	1155	1154	NA	1138.4215	863.8915	1001.1565
hgt origin	1477	1431	72: 1431 to 741	2951.08	2599.01	2775.045
hgt	742	741	72: 1431 to 741	2637.165	2052.975	2345.07
los	1477	1431	NA	2951.08	2599.01	2775.045
dup	742	741	NA	2637.165	2052.975	2345.07
hgt origin	742	741	73: 741 to 109	2637.165	2052.975	2345.07
hgt	139	109	73: 741 to 109	2461.325	2207.27	2334.2975
dup	742	741	NA	2637.165	2052.975	2345.07
hgt origin	742	741	74: 741 to dead	2637.165	2052.975	2345.07
hgt	None	dead	74: 741 to dead	0.0	0.0	0.0
hgt origin	742	741	75: 741 to 1169	2637.165	2052.975	2345.07
hgt	1185	1169	75: 741 to 1169	2722.52	2330.49	2526.505
spe	742	741	NA	2637.165	2052.975	2345.07
hgt origin	741	GCA.001771285.1.Bacteria.Methylomirabilota	76: GCA.001771285.1.Bacteria.Methylomirabilota to GCA.002238415.1.Bacteria.Desulfobacterota.B	2052.975	0.0	1026.4875
hgt	796	GCA.002238415.1.Bacteria.Desulfobacterota.B	76: GCA.001771285.1.Bacteria.Methylomirabilota to GCA.002238415.1.Bacteria.Desulfobacterota.B	1703.52	0.0	851.76
los	741	GCA.001771285.1.Bacteria.Methylomirabilota	NA	2052.975	0.0	1026.4875
dup	796	GCA.002238415.1.Bacteria.Desulfobacterota.B	NA	1703.52	0.0	851.76
dup	796	GCA.002238415.1.Bacteria.Desulfobacterota.B	NA	1703.52	0.0	851.76
dup	796	GCA.002238415.1.Bacteria.Desulfobacterota.B	NA	1703.52	0.0	851.76
dup	741	GCA.003220615.1.Bacteria.Methylomirabilota	NA	2052.975	0.0	1026.4875
hgt origin	741	GCA.003220615.1.Bacteria.Methylomirabilota	77: GCA.003220615.1.Bacteria.Methylomirabilota to GCA.003228115.1.Bacteria.Chloroflexota	2052.975	0.0	1026.4875
hgt	1402	GCA.003228115.1.Bacteria.Chloroflexota	77: GCA.003220615.1.Bacteria.Methylomirabilota to GCA.003228115.1.Bacteria.Chloroflexota	1674.055	0.0	837.0275
hgt origin	741	GCA.003220615.1.Bacteria.Methylomirabilota	78: GCA.003220615.1.Bacteria.Methylomirabilota to 513	2052.975	0.0	1026.4875
hgt	514	513	78: GCA.003220615.1.Bacteria.Methylomirabilota to 513	1792.55	1728.66	1760.605
dup	741	GCA.003220615.1.Bacteria.Methylomirabilota	NA	2052.975	0.0	1026.4875
hgt origin	741	GCA.003220615.1.Bacteria.Methylomirabilota	79: GCA.003220615.1.Bacteria.Methylomirabilota to 447	2052.975	0.0	1026.4875
hgt	483	447	79: GCA.003220615.1.Bacteria.Methylomirabilota to 447	1679.37	1537.685	1608.5275
spe	483	447	NA	1679.37	1537.685	1608.5275
spe	447	439	NA	1537.685	1378.685	1458.185
hgt origin	439	GCF.001613805.1.Bacteria.Proteobacteria	80: GCF.001613805.1.Bacteria.Proteobacteria to GCF.006980715.1.Bacteria.Proteobacteria	1378.685	0.0	689.3425
hgt	462	GCF.006980715.1.Bacteria.Proteobacteria	80: GCF.001613805.1.Bacteria.Proteobacteria to GCF.006980715.1.Bacteria.Proteobacteria	1029.85	0.0	514.925
los	439	GCF.001613805.1.Bacteria.Proteobacteria	NA	1378.685	0.0	689.3425
hgt origin	439	GCA.002723345.1.Bacteria.Proteobacteria	81: GCA.002723345.1.Bacteria.Proteobacteria to GCA.002796975.1.Bacteria.Proteobacteria	1378.685	0.0	689.3425
hgt	495	GCA.002796975.1.Bacteria.Proteobacteria	81: GCA.002723345.1.Bacteria.Proteobacteria to GCA.002796975.1.Bacteria.Proteobacteria	1115.4635	0.0	557.73175
dup	447	446	NA	1537.685	1337.995	1437.84
spe	447	446	NA	1537.685	1337.995	1437.84
hgt origin	446	445	82: 445 to dead	1337.995	1219.785	1278.89
hgt	None	dead	82: 445 to dead	0.0	0.0	0.0
los	446	445	NA	1337.995	1219.785	1278.89
hgt origin	None	dead	83: dead to GCA.002731375.1.Bacteria.Proteobacteria	0.0	0.0	0.0
hgt	498	GCA.002731375.1.Bacteria.Proteobacteria	83: dead to GCA.002731375.1.Bacteria.Proteobacteria	1100.442	0.0	550.221
los	None	dead	NA	0.0	0.0	0.0
spe	447	446	NA	1537.685	1337.995	1437.84
spe	446	445	NA	1337.995	1219.785	1278.89
los	445	GCA.002717225.1.Bacteria.Proteobacteria	NA	1219.785	0.0	609.8925
spe	445	444	NA	1219.785	1051.014	1135.3995
los	444	GCA.002686135.1.Bacteria.Proteobacteria	NA	1051.014	0.0	525.507
hgt origin	741	GCA.003220615.1.Bacteria.Methylomirabilota	84: GCA.003220615.1.Bacteria.Methylomirabilota to GCA.002238415.1.Bacteria.Desulfobacterota.B	2052.975	0.0	1026.4875
hgt	796	GCA.002238415.1.Bacteria.Desulfobacterota.B	84: GCA.003220615.1.Bacteria.Methylomirabilota to GCA.002238415.1.Bacteria.Desulfobacterota.B	1703.52	0.0	851.76
hgt origin	741	GCA.003220615.1.Bacteria.Methylomirabilota	85: GCA.003220615.1.Bacteria.Methylomirabilota to GCA.002731375.1.Bacteria.Proteobacteria	2052.975	0.0	1026.4875
hgt	498	GCA.002731375.1.Bacteria.Proteobacteria	85: GCA.003220615.1.Bacteria.Methylomirabilota to GCA.002731375.1.Bacteria.Proteobacteria	1100.442	0.0	550.221
spe	514	513	NA	1792.55	1728.66	1760.605
dup	513	483	NA	1728.66	1679.37	1704.015
spe	513	483	NA	1728.66	1679.37	1704.015
los	483	482	NA	1679.37	1587.505	1633.4375
spe	483	447	NA	1679.37	1537.685	1608.5275
los	447	439	NA	1537.685	1378.685	1458.185
spe	447	446	NA	1537.685	1337.995	1437.84
los	446	445	NA	1337.995	1219.785	1278.89
hgt origin	513	483	86: 483 to dead	1728.66	1679.37	1704.015
hgt	None	dead	86: 483 to dead	0.0	0.0	0.0
hgt origin	None	dead	87: dead to GCA.002731375.1.Bacteria.Proteobacteria	0.0	0.0	0.0
hgt	498	GCA.002731375.1.Bacteria.Proteobacteria	87: dead to GCA.002731375.1.Bacteria.Proteobacteria	1100.442	0.0	550.221
los	None	dead	NA	0.0	0.0	0.0
spe	513	483	NA	1728.66	1679.37	1704.015
spe	483	447	NA	1679.37	1537.685	1608.5275
los	447	439	NA	1537.685	1378.685	1458.185
spe	447	446	NA	1537.685	1337.995	1437.84
los	446	445	NA	1337.995	1219.785	1278.89
spe	483	482	NA	1679.37	1587.505	1633.4375
spe	482	458	NA	1587.505	1466.17	1526.8375
los	458	GCA.002340345.1.Bacteria.Proteobacteria	NA	1466.17	0.0	733.085
spe	458	456	NA	1466.17	1288.015	1377.0925
los	456	455	NA	1288.015	945.418	1116.7165
hgt origin	482	481	88: 481 to dead	1587.505	1510.43	1548.9675
hgt	None	dead	88: 481 to dead	0.0	0.0	0.0
los	482	481	NA	1587.505	1510.43	1548.9675
hgt origin	None	dead	89: dead to GCA.006969625.1.Bacteria.Proteobacteria	0.0	0.0	0.0
hgt	435	GCA.006969625.1.Bacteria.Proteobacteria	89: dead to GCA.006969625.1.Bacteria.Proteobacteria	1491.68	0.0	745.84
los	None	dead	NA	0.0	0.0	0.0
spe	513	512	NA	1728.66	1614.755	1671.7075
los	512	486	NA	1614.755	1342.71	1478.7325
spe	512	511	NA	1614.755	1534.63	1574.6925
los	511	510	NA	1534.63	1468.305	1501.4675
spe	511	489	NA	1534.63	1174.55	1354.59
los	489	GCA.002701885.1.Bacteria.Proteobacteria	NA	1174.55	0.0	587.275
dup	489	GCA.002348365.1.Bacteria.Proteobacteria	NA	1174.55	0.0	587.275
spe	1185	1169	NA	2722.52	2330.49	2526.505
spe	1169	1168	NA	2330.49	2240.195	2285.3425
spe	1168	1167	NA	2240.195	2045.68	2142.9375
los	1167	GCA.002413185.1.Bacteria.Actinobacteriota	NA	2045.68	0.0	1022.84
spe	1167	1166	NA	2045.68	1407.48	1726.58
los	1166	GCF.004348535.1.Bacteria.Actinobacteriota	NA	1407.48	0.0	703.74
spe	1166	1165	NA	1407.48	1265.28	1336.38
los	1165	1155	NA	1265.28	1138.4215	1201.85075
spe	1165	1164	NA	1265.28	1123.5635	1194.42175
los	1164	1163	NA	1123.5635	951.694	1037.62875
spe	1164	1160	NA	1123.5635	971.4955	1047.5295
los	1160	GCF.000015025.1.Bacteria.Actinobacteriota	NA	971.4955	0.0	485.74775
spe	1160	1158	NA	971.4955	864.931	918.21325
los	1158	GCF.900106035.1.Bacteria.Actinobacteriota	NA	864.931	0.0	432.4655
spe	1168	1148	NA	2240.195	1798.435	2019.315
los	1148	GCA.003021615.1.Bacteria.Actinobacteriota	NA	1798.435	0.0	899.2175
spe	1169	1145	NA	2330.49	1977.205	2153.8475
hgt origin	1145	GCA.001767695.1.Bacteria.Actinobacteriota	90: GCA.001767695.1.Bacteria.Actinobacteriota to 1337	1977.205	0.0	988.6025
hgt	1338	1337	90: GCA.001767695.1.Bacteria.Actinobacteriota to 1337	1582.81	1327.38	1455.095
los	1145	GCA.001767695.1.Bacteria.Actinobacteriota	NA	1977.205	0.0	988.6025
spe	1338	1337	NA	1582.81	1327.38	1455.095
spe	1145	1143	NA	1977.205	1774.67	1875.9375
hgt origin	1143	GCA.002352645.1.Bacteria.Actinobacteriota	91: GCA.002352645.1.Bacteria.Actinobacteriota to GCF.900111015.1.Bacteria.Proteobacteria	1774.67	0.0	887.335
hgt	536	GCF.900111015.1.Bacteria.Proteobacteria	91: GCA.002352645.1.Bacteria.Actinobacteriota to GCF.900111015.1.Bacteria.Proteobacteria	1835.635	0.0	917.8175
los	1143	GCA.002352645.1.Bacteria.Actinobacteriota	NA	1774.67	0.0	887.335
spe	1143	1141	NA	1774.67	1400.775	1587.7225
los	1141	1140	NA	1400.775	1175.5635	1288.16925
dup	1141	GCA.003140175.1.Bacteria.Actinobacteriota	NA	1400.775	0.0	700.3875
dup	None	dead	NA	0.0	0.0	0.0
hgt origin	None	dead	92: dead to GCA.003019535.1.Archaea.Thermoproteota	0.0	0.0	0.0
hgt	107	GCA.003019535.1.Archaea.Thermoproteota	92: dead to GCA.003019535.1.Archaea.Thermoproteota	1609.36	0.0	804.68
los	None	dead	NA	0.0	0.0	0.0
hgt origin	None	dead	93: dead to 796	0.0	0.0	0.0
hgt	797	796	93: dead to 796	1864.035	1703.52	1783.7775
los	None	dead	NA	0.0	0.0	0.0
spe	797	796	NA	1864.035	1703.52	1783.7775
spe	796	795	NA	1703.52	1521.62	1612.57
los	795	791	NA	1521.62	1279.55	1400.585
spe	795	794	NA	1521.62	1417.505	1469.5625
los	794	GCA.003161515.1.Bacteria.Desulfobacterota.B	NA	1417.505	0.0	708.7525
dup	796	GCA.002238415.1.Bacteria.Desulfobacterota.B	NA	1703.52	0.0	851.76
hgt origin	796	GCA.002238415.1.Bacteria.Desulfobacterota.B	94: GCA.002238415.1.Bacteria.Desulfobacterota.B to 1381	1703.52	0.0	851.76
hgt	1382	1381	94: GCA.002238415.1.Bacteria.Desulfobacterota.B to 1381	1778.165	1661.335	1719.75
spe	1382	1381	NA	1778.165	1661.335	1719.75
spe	1381	1351	NA	1661.335	1566.59	1613.9625
los	1351	1350	NA	1566.59	1380.55	1473.57
spe	1351	1347	NA	1566.59	1266.54	1416.565
los	1347	GCF.001561915.1.Bacteria.Firmicutes	NA	1266.54	0.0	633.27
spe	1381	1380	NA	1661.335	1558.37	1609.8525
los	1380	GCF.001049895.1.Bacteria.Firmicutes	NA	1558.37	0.0	779.185
spe	1380	1379	NA	1558.37	1484.04	1521.205
los	1379	1378	NA	1484.04	1182.795	1333.4175
spe	1379	1355	NA	1484.04	1246.46	1365.25
los	1355	GCF.000503775.1.Bacteria.Firmicutes	NA	1246.46	0.0	623.23
hgt origin	796	GCA.002238415.1.Bacteria.Desulfobacterota.B	95: GCA.002238415.1.Bacteria.Desulfobacterota.B to GCF.900099895.1.Bacteria.Firmicutes	1703.52	0.0	851.76
hgt	1347	GCF.900099895.1.Bacteria.Firmicutes	95: GCA.002238415.1.Bacteria.Desulfobacterota.B to GCF.900099895.1.Bacteria.Firmicutes	1266.54	0.0	633.27
hgt origin	742	741	96: 741 to dead	2637.165	2052.975	2345.07
hgt	None	dead	96: 741 to dead	0.0	0.0	0.0
dup	None	dead	NA	0.0	0.0	0.0
dup	None	dead	NA	0.0	0.0	0.0
hgt origin	None	dead	97: dead to GCA.002717225.1.Bacteria.Proteobacteria	0.0	0.0	0.0
hgt	445	GCA.002717225.1.Bacteria.Proteobacteria	97: dead to GCA.002717225.1.Bacteria.Proteobacteria	1219.785	0.0	609.8925
los	None	dead	NA	0.0	0.0	0.0
hgt origin	None	dead	98: dead to GCA.001464275.1.Bacteria.Actinobacteriota	0.0	0.0	0.0
hgt	1177	GCA.001464275.1.Bacteria.Actinobacteriota	98: dead to GCA.001464275.1.Bacteria.Actinobacteriota	1403.585	0.0	701.7925
los	None	dead	NA	0.0	0.0	0.0
hgt origin	None	dead	99: dead to 1165	0.0	0.0	0.0
hgt	1166	1165	99: dead to 1165	1407.48	1265.28	1336.38
los	None	dead	NA	0.0	0.0	0.0
spe	1166	1165	NA	1407.48	1265.28	1336.38
spe	1165	1155	NA	1265.28	1138.4215	1201.85075
los	1155	GCF.003443735.1.Bacteria.Actinobacteriota	NA	1138.4215	0.0	569.21075
spe	1155	1154	NA	1138.4215	863.8915	1001.1565
los	1154	GCF.003047285.1.Bacteria.Actinobacteriota	NA	863.8915	0.0	431.94575
spe	1165	1164	NA	1265.28	1123.5635	1194.42175
los	1164	1160	NA	1123.5635	971.4955	1047.5295
spe	1164	1163	NA	1123.5635	951.694	1037.62875
los	1163	GCA.001437855.1.Bacteria.Actinobacteriota	NA	951.694	0.0	475.847
hgt origin	742	741	100: 741 to dead	2637.165	2052.975	2345.07
hgt	None	dead	100: 741 to dead	0.0	0.0	0.0
hgt origin	None	dead	101: dead to GCA.003023725.1.Bacteria.Firmicutes.E	0.0	0.0	0.0
hgt	1228	GCA.003023725.1.Bacteria.Firmicutes.E	101: dead to GCA.003023725.1.Bacteria.Firmicutes.E	2160.575	0.0	1080.2875
los	None	dead	NA	0.0	0.0	0.0
hgt origin	742	741	102: 741 to dead	2637.165	2052.975	2345.07
hgt	None	dead	102: 741 to dead	0.0	0.0	0.0
hgt origin	None	dead	103: dead to GCA.003151665.1.Bacteria.Dormibacterota	0.0	0.0	0.0
hgt	1396	GCA.003151665.1.Bacteria.Dormibacterota	103: dead to GCA.003151665.1.Bacteria.Dormibacterota	2023.82	0.0	1011.91
los	None	dead	NA	0.0	0.0	0.0
dup	742	741	NA	2637.165	2052.975	2345.07
dup	742	741	NA	2637.165	2052.975	2345.07
hgt origin	742	741	104: 741 to GCA.002898935.1.Bacteria.CSP1.3	2637.165	2052.975	2345.07
hgt	1128	GCA.002898935.1.Bacteria.CSP1.3	104: 741 to GCA.002898935.1.Bacteria.CSP1.3	3110.52	0.0	1555.26
hgt origin	742	741	105: 741 to dead	2637.165	2052.975	2345.07
hgt	None	dead	105: 741 to dead	0.0	0.0	0.0
hgt origin	None	dead	106: dead to GCA.002717225.1.Bacteria.Proteobacteria	0.0	0.0	0.0
hgt	445	GCA.002717225.1.Bacteria.Proteobacteria	106: dead to GCA.002717225.1.Bacteria.Proteobacteria	1219.785	0.0	609.8925
los	None	dead	NA	0.0	0.0	0.0
hgt origin	742	741	107: 741 to 1168	2637.165	2052.975	2345.07
hgt	1169	1168	107: 741 to 1168	2330.49	2240.195	2285.3425
spe	742	741	NA	2637.165	2052.975	2345.07
hgt origin	741	GCA.001771285.1.Bacteria.Methylomirabilota	108: GCA.001771285.1.Bacteria.Methylomirabilota to GCA.002717225.1.Bacteria.Proteobacteria	2052.975	0.0	1026.4875
hgt	445	GCA.002717225.1.Bacteria.Proteobacteria	108: GCA.001771285.1.Bacteria.Methylomirabilota to GCA.002717225.1.Bacteria.Proteobacteria	1219.785	0.0	609.8925
los	741	GCA.001771285.1.Bacteria.Methylomirabilota	NA	2052.975	0.0	1026.4875
spe	1169	1168	NA	2330.49	2240.195	2285.3425
spe	1168	1167	NA	2240.195	2045.68	2142.9375
los	1167	GCA.002413185.1.Bacteria.Actinobacteriota	NA	2045.68	0.0	1022.84
spe	1167	1166	NA	2045.68	1407.48	1726.58
spe	1166	1165	NA	1407.48	1265.28	1336.38
los	1165	1155	NA	1265.28	1138.4215	1201.85075
spe	1165	1164	NA	1265.28	1123.5635	1194.42175
los	1164	1163	NA	1123.5635	951.694	1037.62875
spe	1164	1160	NA	1123.5635	971.4955	1047.5295
los	1160	GCF.000015025.1.Bacteria.Actinobacteriota	NA	971.4955	0.0	485.74775
spe	1160	1158	NA	971.4955	864.931	918.21325
los	1158	GCF.001942305.1.Bacteria.Actinobacteriota	NA	864.931	0.0	432.4655
spe	1168	1148	NA	2240.195	1798.435	2019.315
hgt origin	1148	GCA.003021615.1.Bacteria.Actinobacteriota	109: GCA.003021615.1.Bacteria.Actinobacteriota to GCA.002708145.1.Bacteria.Chloroflexota	1798.435	0.0	899.2175
hgt	1399	GCA.002708145.1.Bacteria.Chloroflexota	109: GCA.003021615.1.Bacteria.Actinobacteriota to GCA.002708145.1.Bacteria.Chloroflexota	1765.22	0.0	882.61
los	1148	GCA.003021615.1.Bacteria.Actinobacteriota	NA	1798.435	0.0	899.2175
dup	1399	GCA.002708145.1.Bacteria.Chloroflexota	NA	1765.22	0.0	882.61
hgt origin	1128	GCA.002898935.1.Bacteria.CSP1.3	110: GCA.002898935.1.Bacteria.CSP1.3 to GCA.003242195.1.Bacteria.Firmicutes.E	3110.52	0.0	1555.26
hgt	1226	GCA.003242195.1.Bacteria.Firmicutes.E	110: GCA.002898935.1.Bacteria.CSP1.3 to GCA.003242195.1.Bacteria.Firmicutes.E	1761.44	0.0	880.72
hgt origin	1128	GCA.002898935.1.Bacteria.CSP1.3	111: GCA.002898935.1.Bacteria.CSP1.3 to 1440	3110.52	0.0	1555.26
hgt	1446	1440	111: GCA.002898935.1.Bacteria.CSP1.3 to 1440	1892.56	1749.24	1820.9
spe	1446	1440	NA	1892.56	1749.24	1820.9
spe	1440	1439	NA	1749.24	1503.92	1626.58
los	1439	GCF.900187885.1.Bacteria.Chloroflexota	NA	1503.92	0.0	751.96
spe	1439	1438	NA	1503.92	1310.445	1407.1825
los	1438	1437	NA	1310.445	1179.4025	1244.92375
spe	742	741	NA	2637.165	2052.975	2345.07
hgt origin	741	GCA.001771285.1.Bacteria.Methylomirabilota	112: GCA.001771285.1.Bacteria.Methylomirabilota to 447	2052.975	0.0	1026.4875
hgt	483	447	112: GCA.001771285.1.Bacteria.Methylomirabilota to 447	1679.37	1537.685	1608.5275
los	741	GCA.001771285.1.Bacteria.Methylomirabilota	NA	2052.975	0.0	1026.4875
spe	483	447	NA	1679.37	1537.685	1608.5275
dup	447	446	NA	1537.685	1337.995	1437.84
spe	447	446	NA	1537.685	1337.995	1437.84
los	446	445	NA	1337.995	1219.785	1278.89
hgt origin	447	446	113: 446 to dead	1537.685	1337.995	1437.84
hgt	None	dead	113: 446 to dead	0.0	0.0	0.0
hgt origin	None	dead	114: dead to GCA.003280605.1.Bacteria.Proteobacteria	0.0	0.0	0.0
hgt	453	GCA.003280605.1.Bacteria.Proteobacteria	114: dead to GCA.003280605.1.Bacteria.Proteobacteria	706.861	0.0	353.4305
los	None	dead	NA	0.0	0.0	0.0
hgt origin	447	446	115: 446 to dead	1537.685	1337.995	1437.84
hgt	None	dead	115: 446 to dead	0.0	0.0	0.0
hgt origin	None	dead	116: dead to GCA.002348365.1.Bacteria.Proteobacteria	0.0	0.0	0.0
hgt	489	GCA.002348365.1.Bacteria.Proteobacteria	116: dead to GCA.002348365.1.Bacteria.Proteobacteria	1174.55	0.0	587.275
los	None	dead	NA	0.0	0.0	0.0
spe	447	446	NA	1537.685	1337.995	1437.84
spe	446	445	NA	1337.995	1219.785	1278.89
los	445	GCA.002717225.1.Bacteria.Proteobacteria	NA	1219.785	0.0	609.8925
spe	445	444	NA	1219.785	1051.014	1135.3995
los	444	GCA.002686135.1.Bacteria.Proteobacteria	NA	1051.014	0.0	525.507
dup	444	GCA.002348425.1.Bacteria.Proteobacteria	NA	1051.014	0.0	525.507
spe	447	439	NA	1537.685	1378.685	1458.185
los	439	GCF.001613805.1.Bacteria.Proteobacteria	NA	1378.685	0.0	689.3425
dup	439	GCA.002723345.1.Bacteria.Proteobacteria	NA	1378.685	0.0	689.3425
spe	742	741	NA	2637.165	2052.975	2345.07
los	741	GCA.001771285.1.Bacteria.Methylomirabilota	NA	2052.975	0.0	1026.4875
dup	741	GCA.003220615.1.Bacteria.Methylomirabilota	NA	2052.975	0.0	1026.4875
hgt origin	741	GCA.003220615.1.Bacteria.Methylomirabilota	117: GCA.003220615.1.Bacteria.Methylomirabilota to GCA.002710215.1.Bacteria.Chloroflexota	2052.975	0.0	1026.4875
hgt	1406	GCA.002710215.1.Bacteria.Chloroflexota	117: GCA.003220615.1.Bacteria.Methylomirabilota to GCA.002710215.1.Bacteria.Chloroflexota	1589.865	0.0	794.9325
hgt origin	1406	GCA.002710215.1.Bacteria.Chloroflexota	118: GCA.002710215.1.Bacteria.Chloroflexota to GCF.900106035.1.Bacteria.Actinobacteriota	1589.865	0.0	794.9325
hgt	1158	GCF.900106035.1.Bacteria.Actinobacteriota	118: GCA.002710215.1.Bacteria.Chloroflexota to GCF.900106035.1.Bacteria.Actinobacteriota	864.931	0.0	432.4655
hgt origin	1406	GCA.002710215.1.Bacteria.Chloroflexota	119: GCA.002710215.1.Bacteria.Chloroflexota to GCF.006980715.1.Bacteria.Proteobacteria	1589.865	0.0	794.9325
hgt	462	GCF.006980715.1.Bacteria.Proteobacteria	119: GCA.002710215.1.Bacteria.Chloroflexota to GCF.006980715.1.Bacteria.Proteobacteria	1029.85	0.0	514.925
dup	1406	GCA.002710215.1.Bacteria.Chloroflexota	NA	1589.865	0.0	794.9325
dup	741	GCA.003220615.1.Bacteria.Methylomirabilota	NA	2052.975	0.0	1026.4875
dup	741	GCA.003220615.1.Bacteria.Methylomirabilota	NA	2052.975	0.0	1026.4875
hgt origin	741	GCA.003220615.1.Bacteria.Methylomirabilota	120: GCA.003220615.1.Bacteria.Methylomirabilota to GCF.900079095.1.Bacteria.Tectomicrobia	2052.975	0.0	1026.4875
hgt	746	GCF.900079095.1.Bacteria.Tectomicrobia	120: GCA.003220615.1.Bacteria.Methylomirabilota to GCF.900079095.1.Bacteria.Tectomicrobia	1971.165	0.0	985.5825
hgt origin	741	GCA.003220615.1.Bacteria.Methylomirabilota	121: GCA.003220615.1.Bacteria.Methylomirabilota to 446	2052.975	0.0	1026.4875
hgt	447	446	121: GCA.003220615.1.Bacteria.Methylomirabilota to 446	1537.685	1337.995	1437.84
dup	741	GCA.003220615.1.Bacteria.Methylomirabilota	NA	2052.975	0.0	1026.4875
dup	741	GCA.003220615.1.Bacteria.Methylomirabilota	NA	2052.975	0.0	1026.4875
hgt origin	447	446	122: 446 to dead	1537.685	1337.995	1437.84
hgt	None	dead	122: 446 to dead	0.0	0.0	0.0
hgt origin	None	dead	123: dead to GCF.000503775.1.Bacteria.Firmicutes	0.0	0.0	0.0
hgt	1355	GCF.000503775.1.Bacteria.Firmicutes	123: dead to GCF.000503775.1.Bacteria.Firmicutes	1246.46	0.0	623.23
los	None	dead	NA	0.0	0.0	0.0
spe	447	446	NA	1537.685	1337.995	1437.84
spe	446	445	NA	1337.995	1219.785	1278.89
los	445	GCA.002717225.1.Bacteria.Proteobacteria	NA	1219.785	0.0	609.8925
spe	445	444	NA	1219.785	1051.014	1135.3995
los	444	GCA.002686135.1.Bacteria.Proteobacteria	NA	1051.014	0.0	525.507
spe	139	109	NA	2461.325	2207.27	2334.2975
spe	109	108	NA	2207.27	1901.755	2054.5125
los	108	GCF.000148385.1.Archaea.Thermoproteota	NA	1901.755	0.0	950.8775
spe	108	107	NA	1901.755	1609.36	1755.5575
los	107	GCA.001717025.1.Archaea.Thermoproteota	NA	1609.36	0.0	804.68
spe	109	103	NA	2207.27	1834.935	2021.1025
los	103	GCA.002254745.1.Archaea.Thermoproteota	NA	1834.935	0.0	917.4675
spe	103	101	NA	1834.935	1617.2	1726.0675
los	101	99	NA	1617.2	1407.615	1512.4075
hgt origin	742	741	124: 741 to 1169	2637.165	2052.975	2345.07
hgt	1185	1169	124: 741 to 1169	2722.52	2330.49	2526.505
hgt origin	742	741	125: 741 to dead	2637.165	2052.975	2345.07
hgt	None	dead	125: 741 to dead	0.0	0.0	0.0
dup	None	dead	NA	0.0	0.0	0.0
hgt origin	None	dead	126: dead to GCF.900167455.1.Bacteria.Proteobacteria	0.0	0.0	0.0
hgt	468	GCF.900167455.1.Bacteria.Proteobacteria	126: dead to GCF.900167455.1.Bacteria.Proteobacteria	1227.095	0.0	613.5475
los	None	dead	NA	0.0	0.0	0.0
hgt origin	None	dead	127: dead to GCF.000266945.1.Bacteria.Desulfobacterota	0.0	0.0	0.0
hgt	849	GCF.000266945.1.Bacteria.Desulfobacterota	127: dead to GCF.000266945.1.Bacteria.Desulfobacterota	1883.095	0.0	941.5475
los	None	dead	NA	0.0	0.0	0.0
dup	742	741	NA	2637.165	2052.975	2345.07
hgt origin	742	741	128: 741 to 1470	2637.165	2052.975	2345.07
hgt	1474	1470	128: 741 to 1470	2422.145	2082.735	2252.44
spe	742	741	NA	2637.165	2052.975	2345.07
los	741	GCA.001771285.1.Bacteria.Methylomirabilota	NA	2052.975	0.0	1026.4875
spe	1474	1470	NA	2422.145	2082.735	2252.44
spe	1470	1469	NA	2082.735	1899.175	1990.955
los	1469	GCA.001898225.1.Bacteria.Chloroflexota	NA	1899.175	0.0	949.5875
spe	1469	1467	NA	1899.175	1752.37	1825.7725
los	1467	GCA.002292925.1.Bacteria.Chloroflexota	NA	1752.37	0.0	876.185
spe	742	741	NA	2637.165	2052.975	2345.07
dup	741	GCA.003220615.1.Bacteria.Methylomirabilota	NA	2052.975	0.0	1026.4875
dup	741	GCA.003220615.1.Bacteria.Methylomirabilota	NA	2052.975	0.0	1026.4875
hgt origin	741	GCA.001771285.1.Bacteria.Methylomirabilota	129: GCA.001771285.1.Bacteria.Methylomirabilota to GCA.002898935.1.Bacteria.CSP1.3	2052.975	0.0	1026.4875
hgt	1128	GCA.002898935.1.Bacteria.CSP1.3	129: GCA.001771285.1.Bacteria.Methylomirabilota to GCA.002898935.1.Bacteria.CSP1.3	3110.52	0.0	1555.26
hgt origin	741	GCA.001771285.1.Bacteria.Methylomirabilota	130: GCA.001771285.1.Bacteria.Methylomirabilota to GCA.003228115.1.Bacteria.Chloroflexota	2052.975	0.0	1026.4875
hgt	1402	GCA.003228115.1.Bacteria.Chloroflexota	130: GCA.001771285.1.Bacteria.Methylomirabilota to GCA.003228115.1.Bacteria.Chloroflexota	1674.055	0.0	837.0275
los	741	GCA.001771285.1.Bacteria.Methylomirabilota	NA	2052.975	0.0	1026.4875
dup	1402	GCA.003228115.1.Bacteria.Chloroflexota	NA	1674.055	0.0	837.0275
hgt origin	1402	GCA.003228115.1.Bacteria.Chloroflexota	131: GCA.003228115.1.Bacteria.Chloroflexota to GCF.900079095.1.Bacteria.Tectomicrobia	1674.055	0.0	837.0275
hgt	746	GCF.900079095.1.Bacteria.Tectomicrobia	131: GCA.003228115.1.Bacteria.Chloroflexota to GCF.900079095.1.Bacteria.Tectomicrobia	1971.165	0.0	985.5825
dup	746	GCF.900079095.1.Bacteria.Tectomicrobia	NA	1971.165	0.0	985.5825
hgt origin	746	GCF.900079095.1.Bacteria.Tectomicrobia	132: GCF.900079095.1.Bacteria.Tectomicrobia to GCA.002710215.1.Bacteria.Chloroflexota	1971.165	0.0	985.5825
hgt	1406	GCA.002710215.1.Bacteria.Chloroflexota	132: GCF.900079095.1.Bacteria.Tectomicrobia to GCA.002710215.1.Bacteria.Chloroflexota	1589.865	0.0	794.9325
dup	1406	GCA.002710215.1.Bacteria.Chloroflexota	NA	1589.865	0.0	794.9325
dup	1406	GCA.002710215.1.Bacteria.Chloroflexota	NA	1589.865	0.0	794.9325
spe	1185	1169	NA	2722.52	2330.49	2526.505
spe	1169	1168	NA	2330.49	2240.195	2285.3425
los	1168	1167	NA	2240.195	2045.68	2142.9375
spe	1168	1148	NA	2240.195	1798.435	2019.315
los	1148	GCA.003021615.1.Bacteria.Actinobacteriota	NA	1798.435	0.0	899.2175
spe	1169	1145	NA	2330.49	1977.205	2153.8475
hgt origin	1145	GCA.001767695.1.Bacteria.Actinobacteriota	133: GCA.001767695.1.Bacteria.Actinobacteriota to GCA.001898225.1.Bacteria.Chloroflexota	1977.205	0.0	988.6025
hgt	1469	GCA.001898225.1.Bacteria.Chloroflexota	133: GCA.001767695.1.Bacteria.Actinobacteriota to GCA.001898225.1.Bacteria.Chloroflexota	1899.175	0.0	949.5875
los	1145	GCA.001767695.1.Bacteria.Actinobacteriota	NA	1977.205	0.0	988.6025
hgt origin	1145	1143	134: 1143 to dead	1977.205	1774.67	1875.9375
hgt	None	dead	134: 1143 to dead	0.0	0.0	0.0
hgt origin	None	dead	135: dead to GCA.002238705.1.Bacteria.Acidobacteriota	0.0	0.0	0.0
hgt	680	GCA.002238705.1.Bacteria.Acidobacteriota	135: dead to GCA.002238705.1.Bacteria.Acidobacteriota	1688.545	0.0	844.2725
los	None	dead	NA	0.0	0.0	0.0
dup	1145	1143	NA	1977.205	1774.67	1875.9375
spe	1145	1143	NA	1977.205	1774.67	1875.9375
spe	1143	1141	NA	1774.67	1400.775	1587.7225
hgt origin	1141	GCA.003140175.1.Bacteria.Actinobacteriota	136: GCA.003140175.1.Bacteria.Actinobacteriota to GCA.002686135.1.Bacteria.Proteobacteria	1400.775	0.0	700.3875
hgt	444	GCA.002686135.1.Bacteria.Proteobacteria	136: GCA.003140175.1.Bacteria.Actinobacteriota to GCA.002686135.1.Bacteria.Proteobacteria	1051.014	0.0	525.507
los	1141	GCA.003140175.1.Bacteria.Actinobacteriota	NA	1400.775	0.0	700.3875
spe	1141	1140	NA	1400.775	1175.5635	1288.16925
los	1140	GCA.003162395.1.Bacteria.Actinobacteriota	NA	1175.5635	0.0	587.78175
spe	1145	1143	NA	1977.205	1774.67	1875.9375
hgt origin	1143	GCA.002352645.1.Bacteria.Actinobacteriota	137: GCA.002352645.1.Bacteria.Actinobacteriota to GCA.003151665.1.Bacteria.Dormibacterota	1774.67	0.0	887.335
hgt	1396	GCA.003151665.1.Bacteria.Dormibacterota	137: GCA.002352645.1.Bacteria.Actinobacteriota to GCA.003151665.1.Bacteria.Dormibacterota	2023.82	0.0	1011.91
los	1143	GCA.002352645.1.Bacteria.Actinobacteriota	NA	1774.67	0.0	887.335
spe	1143	1141	NA	1774.67	1400.775	1587.7225
spe	1141	1140	NA	1400.775	1175.5635	1288.16925
los	1140	GCA.003162395.1.Bacteria.Actinobacteriota	NA	1175.5635	0.0	587.78175
