event	left_node	right_node	left_date	right_date	midpoint_date
hgt	None	dead	0.0	0.0	0.0
hgt	363	362	2571.645	2406.61	2489.1275
los	None	dead	0.0	0.0	0.0
spe	363	362	2571.645	2406.61	2489.1275
spe	362	361	2406.61	2290.69	2348.65
los	361	360	2290.69	2039.94	2165.315
hgt	None	dead	0.0	0.0	0.0
hgt	1143	GCA.002352645.1.Bacteria.Actinobacteriota	1774.67	0.0	887.335
hgt	68	GCA.002495185.1.Archaea.Thermoplasmatota	1652.035	0.0	826.0175
los	None	dead	0.0	0.0	0.0
spe	361	353	2290.69	2130.965	2210.8275
los	353	352	2130.965	1718.42	1924.6925
hgt	None	dead	0.0	0.0	0.0
hgt	791	GCA.002898795.1.Bacteria.Desulfobacterota.B	1279.55	0.0	639.775
los	None	dead	0.0	0.0	0.0
spe	353	347	2130.965	1965.575	2048.27
los	347	GCA.002683135.1.Bacteria.Planctomycetota	1965.575	0.0	982.7875
spe	347	345	1965.575	1671.41	1818.4925
hgt	1177	GCA.001464275.1.Bacteria.Actinobacteriota	1403.585	0.0	701.7925
hgt	1106	GCA.003134215.1.Bacteria.Armatimonadota	1625.995	0.0	812.9975
los	345	GCA.002746235.1.Bacteria.Planctomycetota	1671.41	0.0	835.705
hgt	None	dead	0.0	0.0	0.0
hgt	536	GCF.900111015.1.Bacteria.Proteobacteria	1835.635	0.0	917.8175
hgt	1020	GCA.001780165.1.Bacteria.Eisenbacteria	1596.025	0.0	798.0125
los	None	dead	0.0	0.0	0.0
hgt	1087	GCA.001778455.1.Bacteria.Bipolaricaulota	1296.36	0.0	648.18
hgt	574	GCF.000374645.1.Bacteria.Proteobacteria	1337.465	0.0	668.7325
hgt	None	dead	0.0	0.0	0.0
hgt	711	GCA.001664505.1.Bacteria.Acidobacteriota	1840.1	0.0	920.05
los	None	dead	0.0	0.0	0.0
hgt	None	dead	0.0	0.0	0.0
hgt	816	GCA.002707085.1.Bacteria.Myxococcota.A	1315.445	0.0	657.7225
hgt	1667	GCA.002783405.1.Bacteria.Cyanobacteria	2867.145	0.0	1433.5725
hgt	168	160	1203.215	1138.49	1170.8525
los	None	dead	0.0	0.0	0.0
spe	168	160	1203.215	1138.49	1170.8525
spe	160	159	1138.49	1074.125	1106.3075
los	159	GCF.000091205.1.Eukaryota.Rhodophyta	1074.125	0.0	537.0625
hgt	167	166	1031.0195	815.5625	923.291
spe	167	166	1031.0195	815.5625	923.291
dup	166	GCA.000209225.1.Eukaryota.Cnidaria	815.5625	0.0	407.78125
spe	166	165	815.5625	570.5515	693.057
spe	362	342	2406.61	2209.56	2308.085
hgt	308	290	2475.615	2080.08	2277.8475
spe	342	328	2209.56	1796.445	2003.0025
los	328	327	1796.445	1506.63	1651.5375
dup	308	290	2475.615	2080.08	2277.8475
spe	308	290	2475.615	2080.08	2277.8475
los	290	289	2080.08	1912.585	1996.3325
spe	290	284	2080.08	1735.725	1907.9025
los	284	GCA.003164675.1.Bacteria.Verrucomicrobiota	1735.725	0.0	867.8625
spe	284	282	1735.725	1352.755	1544.24
los	282	GCF.900105685.1.Bacteria.Verrucomicrobiota	1352.755	0.0	676.3775
hgt	None	dead	0.0	0.0	0.0
spe	308	290	2475.615	2080.08	2277.8475
spe	290	289	2080.08	1912.585	1996.3325
los	289	GCA.002708005.1.Bacteria.Verrucomicrobiota	1912.585	0.0	956.2925
spe	289	288	1912.585	1623.24	1767.9125
los	288	GCA.002323895.1.Bacteria.Verrucomicrobiota	1623.24	0.0	811.62
spe	290	284	2080.08	1735.725	1907.9025
spe	284	282	1735.725	1352.755	1544.24
los	282	GCA.003219195.1.Bacteria.Verrucomicrobiota	1352.755	0.0	676.3775
hgt	660	659	2520.845	1438.4	1979.6225
los	284	GCA.003164675.1.Bacteria.Verrucomicrobiota	1735.725	0.0	867.8625
spe	660	659	2520.845	1438.4	1979.6225
hgt	249	245	1761.99	1672.99	1717.49
los	None	dead	0.0	0.0	0.0
spe	249	245	1761.99	1672.99	1717.49
spe	245	241	1672.99	1514.78	1593.885
los	241	GCA.002841695.1.Bacteria.Elusimicrobiota	1514.78	0.0	757.39
spe	241	239	1514.78	1416.94	1465.86
los	239	GCF.001027545.1.Bacteria.Elusimicrobiota	1416.94	0.0	708.47
spe	245	244	1672.99	1459.21	1566.1
hgt	None	dead	0.0	0.0	0.0
los	244	GCA.001800095.1.Bacteria.Elusimicrobiota	1459.21	0.0	729.605
hgt	265	GCA.003290465.1.Bacteria.Sumerlaeota	1925.84	0.0	962.92
los	None	dead	0.0	0.0	0.0
spe	342	341	2209.56	1956.375	2082.9675
los	341	GCA.003170085.1.Bacteria.Planctomycetota	1956.375	0.0	978.1875
spe	341	340	1956.375	1604.15	1780.2625
spe	340	339	1604.15	1460.73	1532.44
los	339	337	1460.73	1295.535	1378.1325
spe	340	334	1604.15	1403.32	1503.735
hgt	None	dead	0.0	0.0	0.0
los	334	GCA.002338715.1.Bacteria.Planctomycetota	1403.32	0.0	701.66
hgt	155	GCA.000315625.1.Eukaryota.Cryptophyceae	1058.614	0.0	529.307
los	None	dead	0.0	0.0	0.0
spe	334	332	1403.32	994.0835	1198.70175
spe	1727	1726	3794.005	3776.22	3785.1125
hgt	None	dead	0.0	0.0	0.0
hgt	1180	GCF.001029505.1.Bacteria.Actinobacteriota	2135.205	0.0	1067.6025
los	None	dead	0.0	0.0	0.0
spe	1726	1725	3776.22	3726.035	3751.1275
los	1725	1393	3726.035	3573.7	3649.8675
spe	1725	1724	3726.035	3611.965	3669.0
spe	1724	1642	3611.965	3511.74	3561.8525
los	1642	1641	3511.74	3146.265	3329.0025
spe	1642	1478	3511.74	3209.465	3360.6025
spe	1478	1477	3209.465	2951.08	3080.2725
spe	1477	1476	2951.08	2705.185	2828.1325
hgt	756	GCA.001790645.1.Bacteria.Schekmanbacteria	2563.145	0.0	1281.5725
spe	1476	1454	2705.185	2138.89	2422.0375
spe	1454	1453	2138.89	2041.27	2090.08
los	1453	1449	2041.27	1825.905	1933.5875
spe	1453	1452	2041.27	1560.03	1800.65
los	1452	GCA.002423325.1.Bacteria.Chloroflexota	1560.03	0.0	780.015
spe	1454	1446	2138.89	1892.56	2015.725
los	1446	1440	1892.56	1749.24	1820.9
spe	1446	1445	1892.56	1683.66	1788.11
los	1445	GCA.003130875.1.Bacteria.Chloroflexota	1683.66	0.0	841.83
spe	1445	1444	1683.66	1493.995	1588.8275
los	1444	GCA.003451595.1.Bacteria.Chloroflexota	1493.995	0.0	746.9975
spe	1476	1475	2705.185	2571.35	2638.2675
spe	1475	1474	2571.35	2422.145	2496.7475
los	1474	1473	2422.145	1376.695	1899.42
spe	1474	1470	2422.145	2082.735	2252.44
los	1470	1469	2082.735	1899.175	1990.955
spe	1475	1463	2571.35	2342.68	2457.015
spe	1463	1462	2342.68	2240.595	2291.6375
los	1462	GCA.002436065.1.Bacteria.Chloroflexota	2240.595	0.0	1120.2975
spe	1462	1461	2240.595	1858.39	2049.4925
los	1461	GCA.002413265.1.Bacteria.Chloroflexota	1858.39	0.0	929.195
spe	1463	1457	2342.68	1912.015	2127.3475
hgt	None	dead	0.0	0.0	0.0
los	1457	GCA.002404055.1.Bacteria.Chloroflexota	1912.015	0.0	956.0075
hgt	1109	GCA.002898895.1.Bacteria.Armatimonadota	2109.385	0.0	1054.6925
los	None	dead	0.0	0.0	0.0
spe	1477	1431	2951.08	2599.01	2775.045
spe	1431	1427	2599.01	2362.135	2480.5725
los	1427	1426	2362.135	2179.07	2270.6025
spe	1427	1413	2362.135	2076.485	2219.31
spe	1413	1399	2076.485	1765.22	1920.8525
hgt	1469	GCA.001898225.1.Bacteria.Chloroflexota	1899.175	0.0	949.5875
los	1399	GCA.002708145.1.Bacteria.Chloroflexota	1765.22	0.0	882.61
hgt	None	dead	0.0	0.0	0.0
los	1413	1412	2076.485	1844.64	1960.5625
hgt	274	GCA.000406005.1.Bacteria.Poribacteria	2054.16	0.0	1027.08
hgt	994	GCA.001304035.1.Bacteria.SM23.31	2025.62	0.0	1012.81
los	None	dead	0.0	0.0	0.0
hgt	746	GCF.900079095.1.Bacteria.Tectomicrobia	1971.165	0.0	985.5825
hgt	None	dead	0.0	0.0	0.0
hgt	400	GCA.002401295.1.Bacteria.SAR324	2337.685	0.0	1168.8425
hgt	1462	GCA.002436065.1.Bacteria.Chloroflexota	2240.595	0.0	1120.2975
los	None	dead	0.0	0.0	0.0
spe	1431	1430	2599.01	2141.86	2370.435
los	1430	GCA.002239025.1.Bacteria.Chloroflexota	2141.86	0.0	1070.93
hgt	None	dead	0.0	0.0	0.0
hgt	1032	GCA.002727195.1.Bacteria.Latescibacterota	1683.695	0.0	841.8475
los	None	dead	0.0	0.0	0.0
hgt	None	dead	0.0	0.0	0.0
hgt	1098	GCA.003244105.1.Bacteria.Eremiobacterota	1685.385	0.0	842.6925
hgt	698	686	1863.875	1646.29	1755.0825
los	None	dead	0.0	0.0	0.0
spe	698	686	1863.875	1646.29	1755.0825
spe	686	684	1646.29	1286.44	1466.365
los	684	GCA.002483445.1.Bacteria.Acidobacteriota	1286.44	0.0	643.22
hgt	None	dead	0.0	0.0	0.0
hgt	1185	1169	2722.52	2330.49	2526.505
hgt	1021	GCA.002686915.1.Bacteria.ARS69	2172.51	0.0	1086.255
los	None	dead	0.0	0.0	0.0
spe	1185	1169	2722.52	2330.49	2526.505
spe	1169	1168	2330.49	2240.195	2285.3425
los	1168	1148	2240.195	1798.435	2019.315
spe	1168	1167	2240.195	2045.68	2142.9375
los	1167	1166	2045.68	1407.48	1726.58
spe	1169	1145	2330.49	1977.205	2153.8475
spe	1145	1143	1977.205	1774.67	1875.9375
los	1143	GCA.002352645.1.Bacteria.Actinobacteriota	1774.67	0.0	887.335
spe	1143	1141	1774.67	1400.775	1587.7225
spe	1141	1140	1400.775	1175.5635	1288.16925
los	1140	GCA.003162395.1.Bacteria.Actinobacteriota	1175.5635	0.0	587.78175
hgt	None	dead	0.0	0.0	0.0
spe	1478	1396	3209.465	2023.82	2616.6425
los	1396	GCA.003151665.1.Bacteria.Dormibacterota	2023.82	0.0	1011.91
hgt	None	dead	0.0	0.0	0.0
hgt	None	dead	0.0	0.0	0.0
hgt	832	GCA.002696345.1.Bacteria.Myxococcota	1570.54	0.0	785.27
los	None	dead	0.0	0.0	0.0
hgt	None	dead	0.0	0.0	0.0
hgt	955	GCF.001280305.1.Bacteria.Bacteroidota	1061.248	0.0	530.624
los	None	dead	0.0	0.0	0.0
hgt	979	GCA.002763895.1.Bacteria.Bacteroidota	1509.38	0.0	754.69
hgt	702	GCA.003152095.1.Bacteria.Acidobacteriota	1307.095	0.0	653.5475
los	None	dead	0.0	0.0	0.0
hgt	746	GCA.002238965.1.Bacteria.UBA8248	1971.165	0.0	985.5825
hgt	1167	1166	2045.68	1407.48	1726.58
hgt	1461	GCA.002413265.1.Bacteria.Chloroflexota	1858.39	0.0	929.195
dup	1167	1166	2045.68	1407.48	1726.58
spe	1167	1166	2045.68	1407.48	1726.58
los	1166	GCF.004348535.1.Bacteria.Actinobacteriota	1407.48	0.0	703.74
spe	1166	1165	1407.48	1265.28	1336.38
los	1165	1164	1265.28	1123.5635	1194.42175
spe	1165	1155	1265.28	1138.4215	1201.85075
los	1155	1154	1138.4215	863.8915	1001.1565
spe	1167	1166	2045.68	1407.48	1726.58
spe	1166	1165	1407.48	1265.28	1336.38
spe	1165	1155	1265.28	1138.4215	1201.85075
los	1155	GCF.003443735.1.Bacteria.Actinobacteriota	1138.4215	0.0	569.21075
spe	1155	1154	1138.4215	863.8915	1001.1565
hgt	1163	GCF.000384115.1.Bacteria.Actinobacteriota	951.694	0.0	475.847
dup	1154	GCF.003047285.1.Bacteria.Actinobacteriota	863.8915	0.0	431.94575
spe	1165	1164	1265.28	1123.5635	1194.42175
los	1164	1163	1123.5635	951.694	1037.62875
spe	1164	1160	1123.5635	971.4955	1047.5295
spe	1160	1158	971.4955	864.931	918.21325
los	1158	GCF.001942305.1.Bacteria.Actinobacteriota	864.931	0.0	432.4655
hgt	670	GCA.002898535.1.Bacteria.Acidobacteriota	2337.75	0.0	1168.875
hgt	681	GCA.002712885.1.Bacteria.Acidobacteriota	1875.565	0.0	937.7825
hgt	798	797	2140.29	1864.035	2002.1625
los	None	dead	0.0	0.0	0.0
spe	798	797	2140.29	1864.035	2002.1625
spe	797	796	1864.035	1703.52	1783.7775
los	796	GCA.002238415.1.Bacteria.Desulfobacterota.B	1703.52	0.0	851.76
spe	796	795	1703.52	1521.62	1612.57
los	795	794	1521.62	1417.505	1469.5625
spe	795	791	1521.62	1279.55	1400.585
los	791	GCA.002898795.1.Bacteria.Desulfobacterota.B	1279.55	0.0	639.775
spe	1724	1723	3611.965	3457.54	3534.7525
los	1723	1657	3457.54	3284.32	3370.93
hgt	None	dead	0.0	0.0	0.0
hgt	1427	1413	2362.135	2076.485	2219.31
los	None	dead	0.0	0.0	0.0
dup	1427	1413	2362.135	2076.485	2219.31
spe	1427	1413	2362.135	2076.485	2219.31
spe	1413	1399	2076.485	1765.22	1920.8525
los	1399	GCA.002450835.1.Bacteria.Chloroflexota	1765.22	0.0	882.61
spe	1413	1412	2076.485	1844.64	1960.5625
spe	1412	1408	1844.64	1782.47	1813.555
los	1408	1402	1782.47	1674.055	1728.2625
spe	1408	1407	1782.47	1694.435	1738.4525
los	1407	1406	1694.435	1589.865	1642.15
spe	1412	1411	1844.64	1573.655	1709.1475
hgt	1402	GCA.002721445.1.Bacteria.Chloroflexota	1674.055	0.0	837.0275
spe	1427	1413	2362.135	2076.485	2219.31
los	1413	1399	2076.485	1765.22	1920.8525
dup	1413	1412	2076.485	1844.64	1960.5625
spe	1413	1412	2076.485	1844.64	1960.5625
los	1412	1411	1844.64	1573.655	1709.1475
spe	1412	1408	1844.64	1782.47	1813.555
los	1408	1407	1782.47	1694.435	1738.4525
spe	1408	1402	1782.47	1674.055	1728.2625
los	1402	GCA.002721445.1.Bacteria.Chloroflexota	1674.055	0.0	837.0275
spe	1413	1412	2076.485	1844.64	1960.5625
spe	1412	1411	1844.64	1573.655	1709.1475
los	1411	GCA.002717805.1.Bacteria.Chloroflexota	1573.655	0.0	786.8275
spe	1412	1408	1844.64	1782.47	1813.555
los	1408	1402	1782.47	1674.055	1728.2625
spe	1408	1407	1782.47	1694.435	1738.4525
los	1407	GCA.002717565.1.Bacteria.Chloroflexota	1694.435	0.0	847.2175
spe	1407	1406	1694.435	1589.865	1642.15
hgt	1069	GCF.000378005.1.Bacteria.Coprothermobacterota	2029.205	0.0	1014.6025
spe	1723	1722	3457.54	3243.33	3350.435
los	1722	1664	3243.33	2786.595	3014.9625
hgt	None	dead	0.0	0.0	0.0
hgt	327	326	1506.63	1183.194	1344.912
los	None	dead	0.0	0.0	0.0
spe	327	326	1506.63	1183.194	1344.912
spe	1722	1721	3243.33	3160.365	3201.8475
los	1721	1667	3160.365	2867.145	3013.755
spe	1721	1720	3160.365	2612.48	2886.4225
spe	1720	1719	2612.48	2501.03	2556.755
los	1719	GCF.000013205.1.Bacteria.Cyanobacteria	2501.03	0.0	1250.515
spe	1719	1718	2501.03	2361.38	2431.205
los	1718	1717	2361.38	2144.885	2253.1325
spe	1718	1704	2361.38	2246.435	2303.9075
spe	1704	1672	2246.435	1997.32	2121.8775
los	1672	GCF.000015965.1.Bacteria.Cyanobacteria	1997.32	0.0	998.66
dup	1704	1703	2246.435	2154.635	2200.535
spe	1704	1703	2246.435	2154.635	2200.535
los	1703	1679	2154.635	1817.625	1986.13
spe	1703	1702	2154.635	2080.605	2117.62
los	1702	GCF.003838225.1.Bacteria.Cyanobacteria	2080.605	0.0	1040.3025
spe	1702	1701	2080.605	2039.37	2059.9875
los	1701	1700	2039.37	1958.955	1999.1625
spe	1701	1685	2039.37	1871.67	1955.52
los	1685	1684	1871.67	1655.535	1763.6025
spe	1704	1703	2246.435	2154.635	2200.535
hgt	None	dead	0.0	0.0	0.0
hgt	1698	1697	1614.69	1292.96	1453.825
los	None	dead	0.0	0.0	0.0
spe	1698	1697	1614.69	1292.96	1453.825
spe	1697	1695	1292.96	877.811	1085.3855
spe	1703	1702	2154.635	2080.605	2117.62
spe	1702	1701	2080.605	2039.37	2059.9875
spe	1701	1685	2039.37	1871.67	1955.52
los	1685	GCF.000018105.1.Bacteria.Cyanobacteria	1871.67	0.0	935.835
spe	1685	1684	1871.67	1655.535	1763.6025
los	1684	GCF.000316115.1.Bacteria.Cyanobacteria	1655.535	0.0	827.7675
spe	1701	1700	2039.37	1958.955	1999.1625
spe	1700	1688	1958.955	1633.475	1796.215
spe	1700	1699	1958.955	1903.47	1931.2125
hgt	1684	GCF.000316115.1.Bacteria.Cyanobacteria	1655.535	0.0	827.7675
los	1699	1698	1903.47	1614.69	1759.08
spe	1703	1679	2154.635	1817.625	1986.13
spe	1679	1678	1817.625	881.825	1349.725
los	1678	1676	881.825	239.787	560.806
spe	1726	1094	3776.22	3702.045	3739.1325
los	1094	1093	3702.045	3523.93	3612.9875
spe	1094	1048	3702.045	3522.85	3612.4475
spe	1048	1047	3522.85	3506.08	3514.465
spe	1047	365	3506.08	3237.46	3371.77
los	365	GCA.001730085.1.Bacteria.GCA.001730085	3237.46	0.0	1618.73
spe	365	364	3237.46	3137.4	3187.43
los	364	316	3137.4	2946.705	3042.0525
spe	364	363	3137.4	2571.645	2854.5225
spe	363	321	2571.645	2405.83	2488.7375
los	321	320	2405.83	2201.875	2303.8525
spe	363	362	2571.645	2406.61	2489.1275
los	362	342	2406.61	2209.56	2308.085
spe	362	361	2406.61	2290.69	2348.65
los	361	360	2290.69	2039.94	2165.315
hgt	None	dead	0.0	0.0	0.0
spe	361	353	2290.69	2130.965	2210.8275
los	353	352	2130.965	1718.42	1924.6925
spe	353	347	2130.965	1965.575	2048.27
los	347	345	1965.575	1671.41	1818.4925
hgt	702	GCA.003223635.1.Bacteria.Acidobacteriota	1307.095	0.0	653.5475
los	None	dead	0.0	0.0	0.0
spe	1047	1046	3506.08	3444.34	3475.21
spe	1046	902	3444.34	3336.1	3390.22
los	902	901	3336.1	3242.11	3289.105
spe	902	390	3336.1	3073.69	3204.895
los	390	GCA.002780065.1.Bacteria.UBA8481	3073.69	0.0	1536.845
spe	390	389	3073.69	2696.585	2885.1375
los	389	371	2696.585	2464.19	2580.3875
spe	389	388	2696.585	2486.95	2591.7675
los	388	387	2486.95	2281.005	2383.9775
spe	388	376	2486.95	2123.16	2305.055
los	376	374	2123.16	1638.665	1880.9125
spe	1046	1045	3444.34	3221.015	3332.6775
los	1045	921	3221.015	3032.55	3126.7825
spe	1045	1044	3221.015	2991.325	3106.17
los	1044	1043	2991.325	2909.195	2950.26
hgt	None	dead	0.0	0.0	0.0
hgt	183	GCA.002402105.1.Bacteria.UBP17	2942.325	0.0	1471.1625
los	None	dead	0.0	0.0	0.0
spe	1044	936	2991.325	2805.55	2898.4375
los	936	935	2805.55	2051.05	2428.3
spe	936	926	2805.55	2323.795	2564.6725
los	926	GCA.001780825.1.Bacteria.Gemmatimonadota	2323.795	0.0	1161.8975
spe	926	924	2323.795	1818.875	2071.335
hgt	780	GCA.001769805.1.Bacteria.Bdellovibrionota	1753.025	0.0	876.5125
hgt	477	GCA.001897475.1.Bacteria.Proteobacteria	946.9555	0.0	473.47775
spe	1048	278	3522.85	3383.28	3453.065
hgt	None	dead	0.0	0.0	0.0
los	278	262	3383.28	3129.85	3256.565
hgt	178	177	3099.385	2898.43	2998.9075
hgt	61	60	1744.19	1520.155	1632.1725
los	None	dead	0.0	0.0	0.0
spe	61	60	1744.19	1520.155	1632.1725
spe	60	59	1520.155	1280.64	1400.3975
hgt	None	dead	0.0	0.0	0.0
los	59	GCA.002011395.1.Archaea.Thermoplasmatota	1280.64	0.0	640.32
hgt	769	GCA.001798135.1.Bacteria.UBA10199	1840.365	0.0	920.1825
los	None	dead	0.0	0.0	0.0
hgt	None	dead	0.0	0.0	0.0
hgt	967	966	1788.815	1413.085	1600.95
hgt	395	GCA.002402635.1.Bacteria.Deferribacterota	1495.105	0.0	747.5525
hgt	415	GCA.002717245.1.Bacteria.Proteobacteria	1236.27	0.0	618.135
los	None	dead	0.0	0.0	0.0
hgt	1068	GCA.002428295.1.Bacteria.Caldisericota	1762.385	0.0	881.1925
spe	967	966	1788.815	1413.085	1600.95
spe	966	965	1413.085	1194.08	1303.5825
los	965	964	1194.08	1047.5345	1120.80725
spe	965	955	1194.08	1061.248	1127.664
los	955	GCF.001280305.1.Bacteria.Bacteroidota	1061.248	0.0	530.624
hgt	961	GCA.001769385.1.Bacteria.Bacteroidota	648.9575	0.0	324.47875
dup	178	177	3099.385	2898.43	2998.9075
hgt	None	dead	0.0	0.0	0.0
hgt	1079	1078	2204.53	1937.95	2071.24
hgt	47	GCA.002494765.1.Archaea.Thermoplasmatota	1547.68	0.0	773.84
hgt	674	GCA.002298155.1.Bacteria.Acidobacteriota	1880.64	0.0	940.32
los	None	dead	0.0	0.0	0.0
hgt	159	GCF.000091205.1.Eukaryota.Rhodophyta	1074.125	0.0	537.0625
spe	1079	1078	2204.53	1937.95	2071.24
hgt	None	dead	0.0	0.0	0.0
hgt	982	GCF.001535965.1.Bacteria.Bacteroidota	1868.295	0.0	934.1475
hgt	1082	GCA.002011615.1.Bacteria.WOR.3	2820.665	0.0	1410.3325
los	None	dead	0.0	0.0	0.0
hgt	1068	GCA.002877955.1.Bacteria.Caldisericota	1762.385	0.0	881.1925
spe	1078	1076	1937.95	1416.635	1677.2925
spe	178	177	3099.385	2898.43	2998.9075
los	177	176	2898.43	2700.395	2799.4125
hgt	None	dead	0.0	0.0	0.0
hgt	65	GCA.001800745.1.Archaea.Thermoplasmatota	1254.445	0.0	627.2225
los	None	dead	0.0	0.0	0.0
hgt	None	dead	0.0	0.0	0.0
hgt	1228	GCA.003023725.1.Bacteria.Firmicutes.E	2160.575	0.0	1080.2875
hgt	515	GCA.002632265.1.Bacteria.Proteobacteria	1939.7	0.0	969.85
los	None	dead	0.0	0.0	0.0
hgt	352	GCA.002167285.1.Bacteria.Planctomycetota	1718.42	0.0	859.21
hgt	720	GCA.002347965.1.Bacteria.UBA2233	2294.32	0.0	1147.16
spe	177	95	2898.43	2719.62	2809.025
spe	95	39	2719.62	2491.15	2605.385
los	39	35	2491.15	2226.53	2358.84
spe	39	38	2491.15	2097.27	2294.21
los	38	GCA.001515205.2.Archaea.Hadarchaeota	2097.27	0.0	1048.635
spe	95	94	2719.62	2684.395	2702.0075
hgt	654	653	2819.98	2511.255	2665.6175
spe	94	42	2684.395	2229.015	2456.705
hgt	753	751	2050.24	1894.43	1972.335
los	42	GCA.002502135.1.Archaea.Undinarchaeota	2229.015	0.0	1114.5075
hgt	None	dead	0.0	0.0	0.0
hgt	724	GCA.001914955.1.Bacteria.Nitrospirota	1584.32	0.0	792.16
los	None	dead	0.0	0.0	0.0
spe	753	751	2050.24	1894.43	1972.335
spe	751	749	1894.43	1737.095	1815.7625
hgt	None	dead	0.0	0.0	0.0
los	749	GCA.003229375.1.Bacteria.Nitrospinota	1737.095	0.0	868.5475
hgt	853	GCA.001797415.1.Bacteria.Desulfobacterota	2005.945	0.0	1002.9725
los	None	dead	0.0	0.0	0.0
spe	654	653	2819.98	2511.255	2665.6175
spe	653	652	2511.255	2343.17	2427.2125
los	652	526	2343.17	2011.455	2177.3125
dup	652	651	2343.17	2202.31	2272.74
spe	652	651	2343.17	2202.31	2272.74
spe	651	650	2202.31	2111.655	2156.9825
los	650	536	2111.655	1835.635	1973.645
spe	650	649	2111.655	2046.605	2079.13
los	649	543	2046.605	1880.315	1963.46
dup	649	648	2046.605	1974.705	2010.655
dup	649	648	2046.605	1974.705	2010.655
spe	649	648	2046.605	1974.705	2010.655
spe	648	562	1974.705	1813.695	1894.2
los	562	561	1813.695	1737.62	1775.6575
spe	562	546	1813.695	1450.69	1632.1925
los	546	GCA.002747435.1.Bacteria.Proteobacteria	1450.69	0.0	725.345
spe	648	647	1974.705	1898.035	1936.37
spe	647	646	1898.035	1850.35	1874.1925
los	646	588	1850.35	1741.465	1795.9075
spe	646	645	1850.35	1783.08	1816.715
los	645	631	1783.08	1709.925	1746.5025
spe	645	644	1783.08	1640.815	1711.9475
los	644	643	1640.815	1460.61	1550.7125
spe	644	636	1640.815	1563.065	1601.94
los	636	GCA.002840095.1.Bacteria.Proteobacteria	1563.065	0.0	781.5325
spe	636	634	1563.065	1398.775	1480.92
los	634	GCF.002020875.1.Bacteria.Proteobacteria	1398.775	0.0	699.3875
spe	647	571	1898.035	1737.025	1817.53
los	571	565	1737.025	1459.56	1598.2925
spe	571	570	1737.025	1581.87	1659.4475
los	570	GCA.002255365.1.Bacteria.Proteobacteria	1581.87	0.0	790.935
spe	570	568	1581.87	1421.955	1501.9125
los	568	GCF.001051235.1.Bacteria.Proteobacteria	1421.955	0.0	710.9775
hgt	None	dead	0.0	0.0	0.0
hgt	598	GCA.002292285.1.Bacteria.Proteobacteria	872.755	0.0	436.3775
los	None	dead	0.0	0.0	0.0
spe	649	648	2046.605	1974.705	2010.655
spe	648	562	1974.705	1813.695	1894.2
los	562	546	1813.695	1450.69	1632.1925
spe	562	561	1813.695	1737.62	1775.6575
los	561	560	1737.62	1548.725	1643.1725
spe	561	553	1737.62	1585.42	1661.52
los	553	GCF.001641825.1.Bacteria.Proteobacteria	1585.42	0.0	792.71
spe	553	552	1585.42	1355.9	1470.66
los	552	551	1355.9	1073.1825	1214.54125
spe	648	647	1974.705	1898.035	1936.37
spe	647	571	1898.035	1737.025	1817.53
los	571	565	1737.025	1459.56	1598.2925
spe	571	570	1737.025	1581.87	1659.4475
los	570	GCA.002255365.1.Bacteria.Proteobacteria	1581.87	0.0	790.935
spe	570	568	1581.87	1421.955	1501.9125
los	568	GCA.002862435.1.Bacteria.Proteobacteria	1421.955	0.0	710.9775
spe	647	646	1898.035	1850.35	1874.1925
spe	646	645	1850.35	1783.08	1816.715
spe	645	644	1783.08	1640.815	1711.9475
los	644	643	1640.815	1460.61	1550.7125
spe	644	636	1640.815	1563.065	1601.94
spe	636	634	1563.065	1398.775	1480.92
los	634	GCF.001697225.1.Bacteria.Proteobacteria	1398.775	0.0	699.3875
spe	645	631	1783.08	1709.925	1746.5025
los	631	630	1709.925	1575.32	1642.6225
hgt	None	dead	0.0	0.0	0.0
hgt	542	GCA.002631715.1.Bacteria.Proteobacteria	1703.185	0.0	851.5925
hgt	551	GCA.002746645.1.Bacteria.Proteobacteria	1073.1825	0.0	536.59125
los	None	dead	0.0	0.0	0.0
spe	631	603	1709.925	1631.14	1670.5325
los	603	GCA.002085445.1.Bacteria.Proteobacteria	1631.14	0.0	815.57
dup	603	602	1631.14	1545.47	1588.305
spe	603	602	1631.14	1545.47	1588.305
spe	602	601	1545.47	1388.16	1466.815
los	601	595	1388.16	1179.98	1284.07
spe	601	600	1388.16	1178.33	1283.245
los	600	598	1178.33	872.755	1025.5425
hgt	560	558	1548.725	1383.43	1466.0775
spe	602	592	1545.47	1238.975	1392.2225
hgt	546	GCA.002747435.1.Bacteria.Proteobacteria	1450.69	0.0	725.345
spe	560	558	1548.725	1383.43	1466.0775
spe	558	557	1383.43	1159.506	1271.468
hgt	576	GCA.002432655.1.Bacteria.Proteobacteria	1593.015	0.0	796.5075
los	557	GCA.002007405.1.Bacteria.Proteobacteria	1159.506	0.0	579.753
hgt	542	GCA.002352565.1.Bacteria.Proteobacteria	1703.185	0.0	851.5925
hgt	603	GCA.002085445.1.Bacteria.Proteobacteria	1631.14	0.0	815.57
spe	603	602	1631.14	1545.47	1588.305
los	602	592	1545.47	1238.975	1392.2225
spe	602	601	1545.47	1388.16	1466.815
spe	601	595	1388.16	1179.98	1284.07
los	595	GCA.002454015.1.Bacteria.Proteobacteria	1179.98	0.0	589.99
spe	601	600	1388.16	1178.33	1283.245
los	600	GCA.002007425.1.Bacteria.Proteobacteria	1178.33	0.0	589.165
spe	600	598	1178.33	872.755	1025.5425
los	598	GCA.002292285.1.Bacteria.Proteobacteria	872.755	0.0	436.3775
spe	646	588	1850.35	1741.465	1795.9075
los	588	587	1741.465	1367.14	1554.3025
spe	588	576	1741.465	1593.015	1667.24
los	576	GCA.002432655.1.Bacteria.Proteobacteria	1593.015	0.0	796.5075
hgt	529	GCA.002420425.1.Bacteria.Proteobacteria	1776.585	0.0	888.2925
spe	576	574	1593.015	1337.465	1465.24
los	574	GCF.000374645.1.Bacteria.Proteobacteria	1337.465	0.0	668.7325
spe	649	648	2046.605	1974.705	2010.655
los	648	562	1974.705	1813.695	1894.2
spe	648	647	1974.705	1898.035	1936.37
los	647	571	1898.035	1737.025	1817.53
spe	647	646	1898.035	1850.35	1874.1925
los	646	588	1850.35	1741.465	1795.9075
spe	646	645	1850.35	1783.08	1816.715
spe	645	631	1783.08	1709.925	1746.5025
los	631	630	1709.925	1575.32	1642.6225
spe	631	603	1709.925	1631.14	1670.5325
los	603	GCA.002085445.1.Bacteria.Proteobacteria	1631.14	0.0	815.57
spe	603	602	1631.14	1545.47	1588.305
los	602	592	1545.47	1238.975	1392.2225
spe	602	601	1545.47	1388.16	1466.815
los	601	600	1388.16	1178.33	1283.245
spe	601	595	1388.16	1179.98	1284.07
los	595	GCA.002389045.1.Bacteria.Proteobacteria	1179.98	0.0	589.99
spe	645	644	1783.08	1640.815	1711.9475
los	644	636	1640.815	1563.065	1601.94
dup	644	643	1640.815	1460.61	1550.7125
spe	644	643	1640.815	1460.61	1550.7125
los	643	639	1460.61	1235.875	1348.2425
spe	643	642	1460.61	1315.1	1387.855
los	642	GCA.001447805.1.Bacteria.Proteobacteria	1315.1	0.0	657.55
spe	644	643	1640.815	1460.61	1550.7125
spe	643	642	1460.61	1315.1	1387.855
los	642	GCA.001464965.1.Bacteria.Proteobacteria	1315.1	0.0	657.55
spe	643	639	1460.61	1235.875	1348.2425
spe	651	533	2202.31	1994.64	2098.475
los	533	532	1994.64	1609.445	1802.0425
hgt	None	dead	0.0	0.0	0.0
spe	533	529	1994.64	1776.585	1885.6125
los	529	GCA.002420425.1.Bacteria.Proteobacteria	1776.585	0.0	888.2925
hgt	565	GCF.002958735.1.Bacteria.Proteobacteria	1459.56	0.0	729.78
los	None	dead	0.0	0.0	0.0
dup	565	GCF.002958735.1.Bacteria.Proteobacteria	1459.56	0.0	729.78
spe	652	651	2343.17	2202.31	2272.74
spe	651	533	2202.31	1994.64	2098.475
los	533	529	1994.64	1776.585	1885.6125
spe	533	532	1994.64	1609.445	1802.0425
hgt	560	GCA.001735895.1.Bacteria.Proteobacteria	1548.725	0.0	774.3625
hgt	416	GCA.002938255.1.Bacteria.Proteobacteria	1460.0	0.0	730.0
spe	651	650	2202.31	2111.655	2156.9825
los	650	536	2111.655	1835.635	1973.645
spe	650	649	2111.655	2046.605	2079.13
los	649	543	2046.605	1880.315	1963.46
spe	649	648	2046.605	1974.705	2010.655
spe	648	647	1974.705	1898.035	1936.37
hgt	None	dead	0.0	0.0	0.0
los	647	646	1898.035	1850.35	1874.1925
hgt	515	514	1939.7	1792.55	1866.125
hgt	944	GCA.002712165.1.Bacteria.Proteobacteria	1392.82	0.0	696.41
hgt	509	495	1371.54	1115.4635	1243.50175
los	None	dead	0.0	0.0	0.0
hgt	None	dead	0.0	0.0	0.0
hgt	453	GCA.002457765.1.Bacteria.Proteobacteria	706.861	0.0	353.4305
los	None	dead	0.0	0.0	0.0
spe	509	495	1371.54	1115.4635	1243.50175
hgt	467	GCF.003258945.1.Bacteria.Proteobacteria	1071.506	0.0	535.753
dup	515	514	1939.7	1792.55	1866.125
spe	515	514	1939.7	1792.55	1866.125
spe	514	513	1792.55	1728.66	1760.605
los	513	512	1728.66	1614.755	1671.7075
spe	513	483	1728.66	1679.37	1704.015
los	483	482	1679.37	1587.505	1633.4375
spe	483	447	1679.37	1537.685	1608.5275
los	447	446	1537.685	1337.995	1437.84
spe	447	439	1537.685	1378.685	1458.185
los	439	GCF.001613805.1.Bacteria.Proteobacteria	1378.685	0.0	689.3425
spe	514	436	1792.55	1682.45	1737.5
los	436	GCA.002722885.1.Bacteria.Proteobacteria	1682.45	0.0	841.225
spe	436	435	1682.45	1491.68	1587.065
los	435	GCA.006969625.1.Bacteria.Proteobacteria	1491.68	0.0	745.84
spe	435	434	1491.68	1283.94	1387.81
los	434	GCA.002238885.1.Bacteria.Proteobacteria	1283.94	0.0	641.97
hgt	None	dead	0.0	0.0	0.0
dup	515	514	1939.7	1792.55	1866.125
spe	515	514	1939.7	1792.55	1866.125
spe	514	436	1792.55	1682.45	1737.5
spe	436	435	1682.45	1491.68	1587.065
los	435	GCA.006969625.1.Bacteria.Proteobacteria	1491.68	0.0	745.84
spe	435	434	1491.68	1283.94	1387.81
los	434	GCA.002898275.1.Bacteria.Proteobacteria	1283.94	0.0	641.97
spe	514	513	1792.55	1728.66	1760.605
los	513	512	1728.66	1614.755	1671.7075
hgt	None	dead	0.0	0.0	0.0
hgt	456	GCF.002148795.1.Bacteria.Proteobacteria	1288.015	0.0	644.0075
los	None	dead	0.0	0.0	0.0
spe	513	483	1728.66	1679.37	1704.015
spe	483	447	1679.37	1537.685	1608.5275
los	447	439	1537.685	1378.685	1458.185
spe	447	446	1537.685	1337.995	1437.84
los	446	GCA.002717185.1.Bacteria.Proteobacteria	1337.995	0.0	668.9975
spe	446	445	1337.995	1219.785	1278.89
spe	445	444	1219.785	1051.014	1135.3995
hgt	None	dead	0.0	0.0	0.0
los	444	GCA.002686135.1.Bacteria.Proteobacteria	1051.014	0.0	525.507
hgt	517	GCA.002937675.1.Bacteria.Proteobacteria	2143.98	0.0	1071.99
los	None	dead	0.0	0.0	0.0
spe	483	482	1679.37	1587.505	1633.4375
spe	482	458	1587.505	1466.17	1526.8375
los	458	GCA.002340345.1.Bacteria.Proteobacteria	1466.17	0.0	733.085
spe	458	456	1466.17	1288.015	1377.0925
los	456	GCF.002148795.1.Bacteria.Proteobacteria	1288.015	0.0	644.0075
spe	456	455	1288.015	945.418	1116.7165
spe	455	454	945.418	825.9765	885.69725
los	454	453	825.9765	706.861	766.41875
spe	482	481	1587.505	1510.43	1548.9675
spe	481	469	1510.43	1404.34	1457.385
los	469	463	1404.34	1268.17	1336.255
spe	469	468	1404.34	1227.095	1315.7175
los	468	467	1227.095	1071.506	1149.3005
hgt	None	dead	0.0	0.0	0.0
hgt	453	GCA.003280605.1.Bacteria.Proteobacteria	706.861	0.0	353.4305
los	None	dead	0.0	0.0	0.0
hgt	435	GCA.006969625.1.Bacteria.Proteobacteria	1491.68	0.0	745.84
los	481	480	1510.43	1386.405	1448.4175
spe	515	514	1939.7	1792.55	1866.125
los	514	436	1792.55	1682.45	1737.5
spe	514	513	1792.55	1728.66	1760.605
los	513	483	1728.66	1679.37	1704.015
spe	513	512	1728.66	1614.755	1671.7075
los	512	486	1614.755	1342.71	1478.7325
spe	512	511	1614.755	1534.63	1574.6925
spe	511	510	1534.63	1468.305	1501.4675
los	510	492	1468.305	1215.16	1341.7325
spe	510	509	1468.305	1371.54	1419.9225
los	509	495	1371.54	1115.4635	1243.50175
spe	509	508	1371.54	1248.66	1310.1
los	508	498	1248.66	1100.442	1174.551
spe	508	507	1248.66	1032.028	1140.344
los	507	503	1032.028	904.119	968.0735
spe	507	506	1032.028	986.4985	1009.26325
los	506	GCA.001464215.1.Bacteria.Proteobacteria	986.4985	0.0	493.24925
spe	511	489	1534.63	1174.55	1354.59
los	489	GCA.002701885.1.Bacteria.Proteobacteria	1174.55	0.0	587.275
hgt	463	462	1268.17	1029.85	1149.01
los	None	dead	0.0	0.0	0.0
spe	463	462	1268.17	1029.85	1149.01
hgt	444	GCA.002686135.1.Bacteria.Proteobacteria	1051.014	0.0	525.507
spe	647	571	1898.035	1737.025	1817.53
los	571	565	1737.025	1459.56	1598.2925
hgt	None	dead	0.0	0.0	0.0
spe	571	570	1737.025	1581.87	1659.4475
los	570	568	1581.87	1421.955	1501.9125
hgt	511	510	1534.63	1468.305	1501.4675
los	None	dead	0.0	0.0	0.0
spe	511	510	1534.63	1468.305	1501.4675
hgt	463	GCF.002251795.1.Bacteria.Proteobacteria	1268.17	0.0	634.085
spe	510	492	1468.305	1215.16	1341.7325
spe	510	509	1468.305	1371.54	1419.9225
hgt	None	dead	0.0	0.0	0.0
los	509	495	1371.54	1115.4635	1243.50175
hgt	439	GCF.001613805.1.Bacteria.Proteobacteria	1378.685	0.0	689.3425
los	None	dead	0.0	0.0	0.0
spe	509	508	1371.54	1248.66	1310.1
spe	508	498	1248.66	1100.442	1174.551
los	498	GCA.002731375.1.Bacteria.Proteobacteria	1100.442	0.0	550.221
spe	508	507	1248.66	1032.028	1140.344
los	507	506	1032.028	986.4985	1009.26325
spe	507	503	1032.028	904.119	968.0735
los	503	501	904.119	722.0125	813.06575
spe	648	562	1974.705	1813.695	1894.2
los	562	546	1813.695	1450.69	1632.1925
spe	562	561	1813.695	1737.62	1775.6575
spe	561	553	1737.62	1585.42	1661.52
los	553	552	1585.42	1355.9	1470.66
spe	561	560	1737.62	1548.725	1643.1725
los	560	GCA.001735895.1.Bacteria.Proteobacteria	1548.725	0.0	774.3625
spe	560	558	1548.725	1383.43	1466.0775
los	558	GCA.002386945.1.Bacteria.Proteobacteria	1383.43	0.0	691.715
hgt	None	dead	0.0	0.0	0.0
spe	558	557	1383.43	1159.506	1271.468
los	557	GCA.002728355.1.Bacteria.Proteobacteria	1159.506	0.0	579.753
hgt	613	612	1308.6	1154.76	1231.68
los	None	dead	0.0	0.0	0.0
spe	613	612	1308.6	1154.76	1231.68
hgt	506	GCA.001464215.1.Bacteria.Proteobacteria	986.4985	0.0	493.24925
spe	612	611	1154.76	873.257	1014.0085
hgt	613	GCF.003097315.1.Bacteria.Proteobacteria	1308.6	0.0	654.3
hgt	406	GCA.001872725.1.Bacteria.Proteobacteria	2518.42	0.0	1259.21
spe	94	93	2684.395	2518.68	2601.5375
los	93	GCF.000025525.1.Archaea.Methanobacteriota.A	2518.68	0.0	1259.34
spe	93	92	2518.68	2403.395	2461.0375
los	92	70	2403.395	2001.665	2202.53
spe	92	91	2403.395	2116.885	2260.14
los	91	GCA.003034855.1.Archaea.Halobacteriota	2116.885	0.0	1058.4425
spe	91	90	2116.885	1918.545	2017.715
los	90	74	1918.545	1703.245	1810.895
hgt	None	dead	0.0	0.0	0.0
spe	90	89	1918.545	1761.97	1840.2575
los	89	88	1761.97	1623.18	1692.575
spe	89	77	1761.97	1438.885	1600.4275
los	77	GCA.001766825.1.Archaea.Halobacteriota	1438.885	0.0	719.4425
hgt	118	116	1695.4	1076.3105	1385.85525
los	None	dead	0.0	0.0	0.0
spe	118	116	1695.4	1076.3105	1385.85525
hgt	None	dead	0.0	0.0	0.0
hgt	123	113	2043.585	1818.745	1931.165
los	None	dead	0.0	0.0	0.0
spe	123	113	2043.585	1818.745	1931.165
spe	178	177	3099.385	2898.43	2998.9075
spe	177	176	2898.43	2700.395	2799.4125
spe	176	175	2700.395	2596.565	2648.48
los	175	174	2596.565	2507.51	2552.0375
spe	175	143	2596.565	2114.17	2355.3675
los	143	GCA.001563325.1.Archaea.Asgardarchaeota	2114.17	0.0	1057.085
spe	176	140	2700.395	2557.41	2628.9025
los	140	GCF.000019605.1.Archaea.Thermoproteota	2557.41	0.0	1278.705
spe	140	139	2557.41	2461.325	2509.3675
los	139	109	2461.325	2207.27	2334.2975
spe	139	138	2461.325	2340.985	2401.155
spe	138	124	2340.985	2144.515	2242.75
los	124	GCA.002495485.1.Archaea.Thermoproteota	2144.515	0.0	1072.2575
spe	124	123	2144.515	2043.585	2094.05
los	123	113	2043.585	1818.745	1931.165
spe	123	122	2043.585	1894.935	1969.26
los	122	118	1894.935	1695.4	1795.1675
spe	122	121	1894.935	1500.96	1697.9475
los	121	GCA.001775995.1.Archaea.Thermoproteota	1500.96	0.0	750.48
spe	138	137	2340.985	2115.72	2228.3525
los	137	GCA.002255045.1.Archaea.Thermoproteota	2115.72	0.0	1057.86
dup	137	136	2115.72	1983.8	2049.76
spe	137	136	2115.72	1983.8	2049.76
spe	136	134	1983.8	1773.37	1878.585
los	134	130	1773.37	1634.235	1703.8025
spe	134	133	1773.37	1545.885	1659.6275
los	133	GCA.000405685.1.Archaea.Thermoproteota	1545.885	0.0	772.9425
hgt	107	GCA.003019535.1.Archaea.Thermoproteota	1609.36	0.0	804.68
spe	137	136	2115.72	1983.8	2049.76
los	136	GCA.000375685.1.Archaea.Thermoproteota	1983.8	0.0	991.9
spe	136	134	1983.8	1773.37	1878.585
los	134	133	1773.37	1545.885	1659.6275
hgt	None	dead	0.0	0.0	0.0
hgt	147	GCA.001940725.1.Archaea.Asgardarchaeota	1821.225	0.0	910.6125
los	None	dead	0.0	0.0	0.0
spe	134	130	1773.37	1634.235	1703.8025
los	130	GCA.001510295.1.Archaea.Thermoproteota	1634.235	0.0	817.1175
spe	130	128	1634.235	786.4855	1210.36025
spe	177	95	2898.43	2719.62	2809.025
spe	95	94	2719.62	2684.395	2702.0075
los	94	42	2684.395	2229.015	2456.705
spe	94	93	2684.395	2518.68	2601.5375
spe	93	92	2518.68	2403.395	2461.0375
los	92	70	2403.395	2001.665	2202.53
spe	92	91	2403.395	2116.885	2260.14
dup	91	90	2116.885	1918.545	2017.715
spe	91	90	2116.885	1918.545	2017.715
los	90	74	1918.545	1703.245	1810.895
spe	90	89	1918.545	1761.97	1840.2575
los	89	77	1761.97	1438.885	1600.4275
spe	89	88	1761.97	1623.18	1692.575
spe	88	87	1623.18	1522.785	1572.9825
los	87	GCA.002256595.1.Archaea.Halobacteriota	1522.785	0.0	761.3925
spe	87	86	1522.785	1362.965	1442.875
los	86	GCA.001412335.1.Archaea.Halobacteriota	1362.965	0.0	681.4825
spe	86	84	1362.965	1194.24	1278.6025
los	84	GCF.000011005.1.Archaea.Euryarchaeota	1194.24	0.0	597.12
spe	88	80	1623.18	1389.95	1506.565
hgt	84	GCF.000011005.1.Archaea.Euryarchaeota	1194.24	0.0	597.12
spe	91	90	2116.885	1918.545	2017.715
spe	90	74	1918.545	1703.245	1810.895
los	74	GCF.000194625.1.Archaea.Halobacteriota	1703.245	0.0	851.6225
spe	90	89	1918.545	1761.97	1840.2575
los	89	88	1761.97	1623.18	1692.575
spe	89	77	1761.97	1438.885	1600.4275
los	77	GCA.003194435.1.Archaea.Halobacteriota	1438.885	0.0	719.4425
spe	95	39	2719.62	2491.15	2605.385
los	39	35	2491.15	2226.53	2358.84
hgt	None	dead	0.0	0.0	0.0
spe	39	38	2491.15	2097.27	2294.21
los	38	GCF.002214485.1.Archaea.Methanobacteriota.B	2097.27	0.0	1048.635
hgt	29	GCA.001742785.1.Archaea.Altiarchaeota	1749.91	0.0	874.955
los	None	dead	0.0	0.0	0.0
spe	278	277	3383.28	3121.045	3252.1625
spe	277	267	3121.045	2714.255	2917.65
los	267	265	2714.255	1925.84	2320.0475
hgt	None	dead	0.0	0.0	0.0
hgt	None	dead	0.0	0.0	0.0
hgt	None	dead	0.0	0.0	0.0
hgt	380	GCF.000758165.1.Bacteria.Spirochaetota	1331.005	0.0	665.5025
hgt	1098	GCA.003167155.1.Bacteria.Eremiobacterota	1685.385	0.0	842.6925
los	None	dead	0.0	0.0	0.0
spe	277	276	3121.045	3066.185	3093.615
los	276	275	3066.185	2803.71	2934.9475
hgt	None	dead	0.0	0.0	0.0
hgt	932	GCA.002414805.1.Bacteria.Fibrobacterota	1648.045	0.0	824.0225
hgt	288	GCA.002323895.1.Bacteria.Verrucomicrobiota	1623.24	0.0	811.62
los	None	dead	0.0	0.0	0.0
hgt	767	GCA.002796325.1.Bacteria.UBA10199	1544.31	0.0	772.155
hgt	None	dead	0.0	0.0	0.0
spe	276	270	3066.185	2744.13	2905.1575
hgt	None	dead	0.0	0.0	0.0
hgt	536	GCF.002940605.1.Bacteria.Proteobacteria	1835.635	0.0	917.8175
dup	None	dead	0.0	0.0	0.0
hgt	403	GCF.900177345.1.Bacteria.Proteobacteria	2470.89	0.0	1235.445
los	None	dead	0.0	0.0	0.0
dup	None	dead	0.0	0.0	0.0
hgt	585	GCA.002338605.1.Bacteria.Proteobacteria	1064.929	0.0	532.4645
los	None	dead	0.0	0.0	0.0
hgt	1720	1719	2612.48	2501.03	2556.755
los	None	dead	0.0	0.0	0.0
hgt	None	dead	0.0	0.0	0.0
hgt	1663	GCA.001464165.1.Bacteria.Cyanobacteria	2465.64	0.0	1232.82
los	None	dead	0.0	0.0	0.0
hgt	None	dead	0.0	0.0	0.0
hgt	220	GCA.001805375.1.Bacteria.Omnitrophota	1293.03	0.0	646.515
los	None	dead	0.0	0.0	0.0
spe	1720	1719	2612.48	2501.03	2556.755
spe	1719	1718	2501.03	2361.38	2431.205
los	1718	1704	2361.38	2246.435	2303.9075
spe	1718	1717	2361.38	2144.885	2253.1325
los	1717	1716	2144.885	1743.295	1944.09
hgt	588	587	1741.465	1367.14	1554.3025
los	None	dead	0.0	0.0	0.0
spe	588	587	1741.465	1367.14	1554.3025
spe	587	586	1367.14	1254.4	1310.77
los	586	GCA.003228965.1.Bacteria.Proteobacteria	1254.4	0.0	627.2
spe	586	585	1254.4	1064.929	1159.6645
los	585	GCA.002338605.1.Bacteria.Proteobacteria	1064.929	0.0	532.4645
spe	587	581	1367.14	1215.78	1291.46
los	581	GCA.002868855.1.Bacteria.Proteobacteria	1215.78	0.0	607.89
spe	581	579	1215.78	935.164	1075.472
hgt	783	782	2400.415	2215.715	2308.065
los	None	dead	0.0	0.0	0.0
spe	783	782	2400.415	2215.715	2308.065
spe	782	781	2215.715	2015.825	2115.77
spe	781	775	2015.825	1808.405	1912.115
los	775	773	1808.405	1687.08	1747.7425
spe	781	780	2015.825	1753.025	1884.425
los	780	GCA.001769805.1.Bacteria.Bdellovibrionota	1753.025	0.0	876.5125
spe	780	778	1753.025	1573.38	1663.2025
hgt	302	GCF.000170755.1.Bacteria.Verrucomicrobiota	1366.155	0.0	683.0775
hgt	320	GCA.002746535.1.Bacteria.Planctomycetota	2201.875	0.0	1100.9375
los	778	GCA.002321895.1.Bacteria.Bdellovibrionota	1573.38	0.0	786.69
spe	782	770	2215.715	2074.995	2145.355
los	770	GCA.002787535.1.Bacteria.Bdellovibrionota	2074.995	0.0	1037.4975
spe	770	769	2074.995	1840.365	1957.68
los	769	GCA.001798135.1.Bacteria.UBA10199	1840.365	0.0	920.1825
dup	769	768	1840.365	1703.165	1771.765
spe	769	768	1840.365	1703.165	1771.765
los	768	GCA.001798715.1.Bacteria.UBA10199	1703.165	0.0	851.5825
spe	768	767	1703.165	1544.31	1623.7375
los	767	GCA.002796325.1.Bacteria.UBA10199	1544.31	0.0	772.155
spe	767	766	1544.31	1359.65	1451.98
los	766	GCA.001798075.1.Bacteria.UBA10199	1359.65	0.0	679.825
spe	769	768	1840.365	1703.165	1771.765
spe	768	767	1703.165	1544.31	1623.7375
los	767	GCA.002796325.1.Bacteria.UBA10199	1544.31	0.0	772.155
spe	767	766	1544.31	1359.65	1451.98
los	766	GCA.001798185.1.Bacteria.UBA10199	1359.65	0.0	679.825
hgt	228	227	2338.78	2301.915	2320.3475
los	None	dead	0.0	0.0	0.0
dup	228	227	2338.78	2301.915	2320.3475
spe	228	227	2338.78	2301.915	2320.3475
spe	227	225	2301.915	2071.245	2186.58
los	225	207	2071.245	1939.815	2005.53
spe	225	224	2071.245	2001.745	2036.495
los	224	210	2001.745	1714.94	1858.3425
spe	224	223	2001.745	1901.1	1951.4225
los	223	213	1901.1	1687.59	1794.345
spe	223	222	1901.1	1623.035	1762.0675
los	222	216	1623.035	1438.35	1530.6925
spe	222	221	1623.035	1523.065	1573.05
los	221	GCA.002796125.1.Bacteria.Omnitrophota	1523.065	0.0	761.5325
spe	221	220	1523.065	1293.03	1408.0475
los	220	GCA.003451585.1.Bacteria.Omnitrophota	1293.03	0.0	646.515
spe	228	227	2338.78	2301.915	2320.3475
spe	227	225	2301.915	2071.245	2186.58
los	225	207	2071.245	1939.815	2005.53
spe	225	224	2071.245	2001.745	2036.495
los	224	223	2001.745	1901.1	1951.4225
spe	224	210	2001.745	1714.94	1858.3425
los	210	GCA.002779345.1.Bacteria.Omnitrophota	1714.94	0.0	857.47
hgt	930	GCA.003455335.1.Bacteria.Fibrobacterota	1384.095	0.0	692.0475
hgt	None	dead	0.0	0.0	0.0
hgt	386	GCA.002450905.1.Bacteria.Spirochaetota	1962.46	0.0	981.23
hgt	400	GCA.002707655.1.Bacteria.SAR324	2337.685	0.0	1168.8425
los	None	dead	0.0	0.0	0.0
hgt	374	GCF.000266885.1.Bacteria.Spirochaetota	1638.665	0.0	819.3325
