event	left_node	right_node	left_date	right_date	midpoint_date	left_date_lower	left_date_upper	right_date_lower	right_date_upper	midpoint_date_all
spe	1727	1726	3794.005	3776.22	3785.1125	3914.54	3673.47	3894.53	3657.91	3786.225
hgt	None	dead	0.0	0.0	0.0	0.0	0.0	0.0	0.0	0.0
hgt	1258	GCA.003527145.1.Bacteria.Firmicutes.A	1529.515	0.0	764.7575	1715.08	1343.95	0.0	0.0	857.54
los	None	dead	0.0	0.0	0.0	0.0	0.0	0.0	0.0	0.0
hgt	None	dead	0.0	0.0	0.0	0.0	0.0	0.0	0.0	0.0
hgt	871	GCA.002899795.1.Bacteria.Desulfobacterota	1489.29	0.0	744.645	1692.73	1285.85	0.0	0.0	846.365
los	None	dead	0.0	0.0	0.0	0.0	0.0	0.0	0.0	0.0
spe	1726	1094	3776.22	3702.045	3739.1325	3894.53	3657.91	3823.83	3580.26	3737.395
los	1094	1093	3702.045	3523.93	3612.9875	3823.83	3580.26	3675.99	3371.87	3597.85
spe	1094	1048	3702.045	3522.85	3612.4475	3823.83	3580.26	3649.13	3396.57	3610.2
spe	1048	1047	3522.85	3506.08	3514.465	3649.13	3396.57	3632.38	3379.78	3514.455
los	1047	365	3506.08	3237.46	3371.77	3632.38	3379.78	3400.26	3074.66	3353.52
spe	1047	1046	3506.08	3444.34	3475.21	3632.38	3379.78	3572.53	3316.15	3474.265
los	1046	1045	3444.34	3221.015	3332.6775	3572.53	3316.15	3362.53	3079.5	3326.015
spe	1046	902	3444.34	3336.1	3390.22	3572.53	3316.15	3465.67	3206.53	3389.53
spe	902	390	3336.1	3073.69	3204.895	3465.67	3206.53	3239.89	2907.49	3186.58
los	390	GCA.002780065.1.Bacteria.UBA8481	3073.69	0.0	1536.845	3239.89	2907.49	0.0	0.0	1619.945
spe	390	389	3073.69	2696.585	2885.1375	3239.89	2907.49	2887.54	2505.63	2872.76
los	389	371	2696.585	2464.19	2580.3875	2887.54	2505.63	2701.85	2226.53	2557.035
hgt	None	dead	0.0	0.0	0.0	0.0	0.0	0.0	0.0	0.0
spe	389	388	2696.585	2486.95	2591.7675	2887.54	2505.63	2692.2	2281.7	2584.62
los	388	376	2486.95	2123.16	2305.055	2692.2	2281.7	2358.98	1887.34	2289.77
spe	388	387	2486.95	2281.005	2383.9775	2692.2	2281.7	2506.97	2055.04	2373.62
los	387	386	2281.005	1962.46	2121.7325	2506.97	2055.04	2228.04	1696.88	2101.925
spe	387	383	2281.005	1865.655	2073.33	2506.97	2055.04	2107.47	1623.84	2065.405
los	383	381	1865.655	1481.85	1673.7525	2107.47	1623.84	1732.13	1231.57	1669.52
hgt	1136	GCA.001768645.1.Bacteria.Actinobacteriota	2343.38	0.0	1171.69	2620.61	2066.15	0.0	0.0	1310.305
los	None	dead	0.0	0.0	0.0	0.0	0.0	0.0	0.0	0.0
spe	902	901	3336.1	3242.11	3289.105	3465.67	3206.53	3374.21	3110.01	3287.84
spe	901	900	3242.11	3113.87	3177.99	3374.21	3110.01	3248.21	2979.53	3176.87
los	900	716	3113.87	2685.38	2899.625	3248.21	2979.53	2853.98	2516.78	2882.495
spe	900	899	3113.87	3007.825	3060.8475	3248.21	2979.53	3149.06	2866.59	3057.4
los	899	743	3007.825	2880.765	2944.295	3149.06	2866.59	3041.66	2719.87	2934.465
spe	899	898	3007.825	2936.14	2971.9825	3149.06	2866.59	3088.09	2784.19	2966.625
spe	898	897	2936.14	2852.85	2894.495	3088.09	2784.19	3010.8	2694.9	2891.495
los	897	896	2852.85	2619.11	2735.98	3010.8	2694.9	2824.05	2414.17	2712.485
spe	897	889	2852.85	2620.3	2736.575	3010.8	2694.9	2780.76	2459.84	2735.32
hgt	None	dead	0.0	0.0	0.0	0.0	0.0	0.0	0.0	0.0
hgt	924	GCA.003221825.1.Bacteria.Gemmatimonadota	1818.875	0.0	909.4375	2151.84	1485.91	0.0	0.0	1075.92
los	None	dead	0.0	0.0	0.0	0.0	0.0	0.0	0.0	0.0
spe	889	888	2620.3	2447.185	2533.7425	2780.76	2459.84	2620.46	2273.91	2527.335
los	888	854	2447.185	2279.15	2363.1675	2620.46	2273.91	2472.51	2085.79	2353.125
spe	888	887	2447.185	2263.805	2355.495	2620.46	2273.91	2439.03	2088.58	2354.52
spe	887	886	2263.805	1999.475	2131.64	2439.03	2088.58	2174.59	1824.36	2131.695
los	886	885	1999.475	1880.5	1939.9875	2174.59	1824.36	2064.03	1696.97	1935.78
spe	886	874	1999.475	1902.135	1950.805	2174.59	1824.36	2083.11	1721.16	1947.875
los	874	868	1902.135	1695.53	1798.8325	2083.11	1721.16	1892.42	1498.64	1790.875
spe	874	873	1902.135	1746.56	1824.3475	2083.11	1721.16	1934.16	1558.96	1821.035
los	873	871	1746.56	1489.29	1617.925	1934.16	1558.96	1692.73	1285.85	1610.005
spe	887	863	2263.805	2054.51	2159.1575	2439.03	2088.58	2246.76	1862.26	2150.645
los	863	862	2054.51	1719.125	1886.8175	2246.76	1862.26	1930.25	1508.0	1877.38
spe	863	857	2054.51	1926.135	1990.3225	2246.76	1862.26	2147.23	1705.04	1975.9
los	857	GCA.001830835.1.Bacteria.Desulfobacterota	1926.135	0.0	963.0675	2147.23	1705.04	0.0	0.0	1073.615
spe	889	843	2620.3	2513.665	2566.9825	2780.76	2459.84	2674.81	2352.52	2566.64
los	843	783	2513.665	2400.415	2457.04	2674.81	2352.52	2571.02	2229.81	2452.31
spe	843	842	2513.665	2402.255	2457.96	2674.81	2352.52	2569.39	2235.12	2454.965
los	842	798	2402.255	2140.29	2271.2725	2569.39	2235.12	2320.21	1960.37	2264.88
spe	842	841	2402.255	2321.855	2362.055	2569.39	2235.12	2490.49	2153.22	2361.305
spe	841	801	2321.855	2014.795	2168.325	2490.49	2153.22	2227.16	1802.43	2146.46
los	801	GCA.002328485.1.Bacteria.Desulfobacterota.G	2014.795	0.0	1007.3975	2227.16	1802.43	0.0	0.0	1113.58
spe	841	840	2321.855	2131.765	2226.81	2490.49	2153.22	2300.85	1962.68	2226.585
los	840	804	2131.765	1962.63	2047.1975	2300.85	1962.68	2181.42	1743.84	2022.345
spe	840	839	2131.765	2043.565	2087.665	2300.85	1962.68	2208.37	1878.76	2089.805
los	839	829	2043.565	1996.235	2019.9	2208.37	1878.76	2158.73	1833.74	2021.055
hgt	None	dead	0.0	0.0	0.0	0.0	0.0	0.0	0.0	0.0
hgt	686	GCA.002451015.1.Bacteria.Acidobacteriota	1646.29	0.0	823.145	1843.93	1448.65	0.0	0.0	921.965
los	None	dead	0.0	0.0	0.0	0.0	0.0	0.0	0.0	0.0
spe	839	838	2043.565	1875.06	1959.3125	2208.37	1878.76	2045.25	1704.87	1956.62
los	838	837	1875.06	1589.61	1732.335	2045.25	1704.87	1791.58	1387.64	1716.445
spe	838	834	1875.06	1804.155	1839.6075	2045.25	1704.87	1986.48	1621.83	1833.54
los	834	832	1804.155	1570.54	1687.3475	1986.48	1621.83	1770.5	1370.58	1678.53
spe	898	756	2936.14	2563.145	2749.6425	3088.09	2784.19	2763.41	2362.88	2725.485
los	756	GCA.001790645.1.Bacteria.Schekmanbacteria	2563.145	0.0	1281.5725	2763.41	2362.88	0.0	0.0	1381.705
spe	756	754	2563.145	2306.035	2434.59	2763.41	2362.88	2533.64	2078.43	2420.92
los	754	753	2306.035	2050.24	2178.1375	2533.64	2078.43	2289.58	1810.9	2172.27
spe	754	746	2306.035	1971.165	2138.6	2533.64	2078.43	2267.78	1674.55	2104.095
hgt	None	dead	0.0	0.0	0.0	0.0	0.0	0.0	0.0	0.0
hgt	895	GCA.002897695.1.Bacteria.BMS3Abin14	2183.84	0.0	1091.92	2461.79	1905.89	0.0	0.0	1230.895
los	None	dead	0.0	0.0	0.0	0.0	0.0	0.0	0.0	0.0
hgt	None	dead	0.0	0.0	0.0	0.0	0.0	0.0	0.0	0.0
hgt	603	602	1631.14	1545.47	1588.305	1761.43	1500.85	1675.86	1415.08	1588.255
los	None	dead	0.0	0.0	0.0	0.0	0.0	0.0	0.0	0.0
dup	603	602	1631.14	1545.47	1588.305	1761.43	1500.85	1675.86	1415.08	1588.255
spe	603	602	1631.14	1545.47	1588.305	1761.43	1500.85	1675.86	1415.08	1588.255
spe	602	592	1545.47	1238.975	1392.2225	1675.86	1415.08	1390.11	1087.84	1381.85
los	592	GCF.000024725.1.Bacteria.Proteobacteria	1238.975	0.0	619.4875	1390.11	1087.84	0.0	0.0	695.055
spe	602	601	1545.47	1388.16	1466.815	1675.86	1415.08	1524.4	1251.92	1463.89
los	601	600	1388.16	1178.33	1283.245	1524.4	1251.92	1321.12	1035.54	1279.97
spe	601	595	1388.16	1179.98	1284.07	1524.4	1251.92	1332.11	1027.85	1276.125
spe	603	602	1631.14	1545.47	1588.305	1761.43	1500.85	1675.86	1415.08	1588.255
los	602	592	1545.47	1238.975	1392.2225	1675.86	1415.08	1390.11	1087.84	1381.85
spe	602	601	1545.47	1388.16	1466.815	1675.86	1415.08	1524.4	1251.92	1463.89
los	601	595	1388.16	1179.98	1284.07	1524.4	1251.92	1332.11	1027.85	1276.125
hgt	None	dead	0.0	0.0	0.0	0.0	0.0	0.0	0.0	0.0
hgt	529	GCA.002420425.1.Bacteria.Proteobacteria	1776.585	0.0	888.2925	1957.62	1595.55	0.0	0.0	978.81
los	None	dead	0.0	0.0	0.0	0.0	0.0	0.0	0.0	0.0
spe	601	600	1388.16	1178.33	1283.245	1524.4	1251.92	1321.12	1035.54	1279.97
los	600	GCA.002007425.1.Bacteria.Proteobacteria	1178.33	0.0	589.165	1321.12	1035.54	0.0	0.0	660.56
hgt	None	dead	0.0	0.0	0.0	0.0	0.0	0.0	0.0	0.0
spe	600	598	1178.33	872.755	1025.5425	1321.12	1035.54	1022.28	723.23	1022.175
los	598	GCA.002170535.1.Bacteria.Proteobacteria	872.755	0.0	436.3775	1022.28	723.23	0.0	0.0	511.14
hgt	400	GCA.002707655.1.Bacteria.SAR324	2337.685	0.0	1168.8425	2593.16	2082.21	0.0	0.0	1296.58
los	None	dead	0.0	0.0	0.0	0.0	0.0	0.0	0.0	0.0
spe	901	663	3242.11	3154.255	3198.1825	3374.21	3110.01	3286.98	3021.53	3197.87
los	663	662	3154.255	3076.16	3115.2075	3286.98	3021.53	3210.53	2941.79	3114.385
hgt	None	dead	0.0	0.0	0.0	0.0	0.0	0.0	0.0	0.0
hgt	849	GCF.000266945.1.Bacteria.Desulfobacterota	1883.095	0.0	941.5475	2117.85	1648.34	0.0	0.0	1058.925
los	None	dead	0.0	0.0	0.0	0.0	0.0	0.0	0.0	0.0
spe	663	397	3154.255	2952.9	3053.5775	3286.98	3021.53	3107.01	2798.79	3042.885
los	397	396	2952.9	2591.83	2772.365	3107.01	2798.79	2803.16	2380.5	2743.755
spe	1048	278	3522.85	3383.28	3453.065	3649.13	3396.57	3522.25	3244.31	3446.72
los	278	277	3383.28	3121.045	3252.1625	3522.25	3244.31	3310.21	2931.88	3227.065
spe	278	262	3383.28	3129.85	3256.565	3522.25	3244.31	3293.29	2966.41	3244.33
spe	262	261	3129.85	3034.675	3082.2625	3293.29	2966.41	3203.98	2865.37	3079.33
los	261	260	3034.675	2600.0	2817.3375	3203.98	2865.37	2842.47	2357.53	2780.755
spe	261	255	3034.675	2983.19	3008.9325	3203.98	2865.37	3150.96	2815.42	3009.7
spe	255	254	2983.19	2870.76	2926.975	3150.96	2815.42	3045.98	2695.54	2923.25
los	254	253	2870.76	2474.535	2672.6475	3045.98	2695.54	2672.67	2276.4	2661.19
spe	254	230	2870.76	2673.605	2772.1825	3045.98	2695.54	2868.64	2478.57	2762.275
los	230	GCA.002440765.1.Bacteria.UBA6266	2673.605	0.0	1336.8025	2868.64	2478.57	0.0	0.0	1434.32
spe	230	229	2673.605	2503.665	2588.635	2868.64	2478.57	2705.55	2301.78	2585.21
los	229	228	2503.665	2338.78	2421.2225	2705.55	2301.78	2542.7	2134.86	2420.205
hgt	None	dead	0.0	0.0	0.0	0.0	0.0	0.0	0.0	0.0
hgt	895	GCA.000739515.1.Bacteria.Moduliflexota	2183.84	0.0	1091.92	2461.79	1905.89	0.0	0.0	1230.895
los	None	dead	0.0	0.0	0.0	0.0	0.0	0.0	0.0	0.0
spe	255	199	2983.19	2662.455	2822.8225	3150.96	2815.42	2884.72	2440.19	2795.575
los	199	GCA.003527405.1.Bacteria.Atribacterota	2662.455	0.0	1331.2275	2884.72	2440.19	0.0	0.0	1442.36
hgt	None	dead	0.0	0.0	0.0	0.0	0.0	0.0	0.0	0.0
hgt	1215	GCA.003070825.1.Bacteria.Firmicutes.F	1553.665	0.0	776.8325	1859.72	1247.61	0.0	0.0	929.86
los	None	dead	0.0	0.0	0.0	0.0	0.0	0.0	0.0	0.0
hgt	None	dead	0.0	0.0	0.0	0.0	0.0	0.0	0.0	0.0
hgt	1116	GCA.002435745.1.Bacteria.UBP15	2323.38	0.0	1161.69	2645.15	2001.61	0.0	0.0	1322.575
los	None	dead	0.0	0.0	0.0	0.0	0.0	0.0	0.0	0.0
spe	199	198	2662.455	2391.375	2526.915	2884.72	2440.19	2665.73	2117.02	2500.87
hgt	None	dead	0.0	0.0	0.0	0.0	0.0	0.0	0.0	0.0
los	198	GCA.001871015.1.Bacteria.Desantisbacteria	2391.375	0.0	1195.6875	2665.73	2117.02	0.0	0.0	1332.865
hgt	359	GCA.001302825.1.Bacteria.Planctomycetota	1819.66	0.0	909.83	2067.21	1572.11	0.0	0.0	1033.605
los	None	dead	0.0	0.0	0.0	0.0	0.0	0.0	0.0	0.0
hgt	None	dead	0.0	0.0	0.0	0.0	0.0	0.0	0.0	0.0
hgt	31	GCA.001723855.1.Archaea.Altiarchaeota	2249.94	0.0	1124.97	2519.52	1980.36	0.0	0.0	1259.76
los	None	dead	0.0	0.0	0.0	0.0	0.0	0.0	0.0	0.0
hgt	None	dead	0.0	0.0	0.0	0.0	0.0	0.0	0.0	0.0
hgt	1191	GCA.002408345.1.Bacteria.Firmicutes.G	2182.46	0.0	1091.23	2502.41	1862.51	0.0	0.0	1251.205
los	None	dead	0.0	0.0	0.0	0.0	0.0	0.0	0.0	0.0
hgt	None	dead	0.0	0.0	0.0	0.0	0.0	0.0	0.0	0.0
dup	None	dead	0.0	0.0	0.0	0.0	0.0	0.0	0.0	0.0
dup	None	dead	0.0	0.0	0.0	0.0	0.0	0.0	0.0	0.0
hgt	849	GCF.000266945.1.Bacteria.Desulfobacterota	1883.095	0.0	941.5475	2117.85	1648.34	0.0	0.0	1058.925
los	None	dead	0.0	0.0	0.0	0.0	0.0	0.0	0.0	0.0
hgt	861	GCA.001304105.1.Bacteria.Desulfobacterota	1594.73	0.0	797.365	1807.63	1381.83	0.0	0.0	903.815
los	None	dead	0.0	0.0	0.0	0.0	0.0	0.0	0.0	0.0
hgt	47	GCA.002494765.1.Archaea.Thermoplasmatota	1547.68	0.0	773.84	1769.19	1326.17	0.0	0.0	884.595
los	None	dead	0.0	0.0	0.0	0.0	0.0	0.0	0.0	0.0
hgt	None	dead	0.0	0.0	0.0	0.0	0.0	0.0	0.0	0.0
hgt	1421	1419	1634.78	1500.065	1567.4225	1858.01	1411.55	1725.81	1274.32	1566.165
los	None	dead	0.0	0.0	0.0	0.0	0.0	0.0	0.0	0.0
spe	1421	1419	1634.78	1500.065	1567.4225	1858.01	1411.55	1725.81	1274.32	1566.165
hgt	None	dead	0.0	0.0	0.0	0.0	0.0	0.0	0.0	0.0
dup	None	dead	0.0	0.0	0.0	0.0	0.0	0.0	0.0	0.0
hgt	1087	GCA.003535305.1.Bacteria.Bipolaricaulota	1296.36	0.0	648.18	1574.11	1018.61	0.0	0.0	787.055
los	None	dead	0.0	0.0	0.0	0.0	0.0	0.0	0.0	0.0
hgt	80	GCF.002114285.1.Archaea.Halobacteriota	1389.95	0.0	694.975	1591.35	1188.55	0.0	0.0	795.675
los	None	dead	0.0	0.0	0.0	0.0	0.0	0.0	0.0	0.0
dup	80	GCF.002114285.1.Archaea.Halobacteriota	1389.95	0.0	694.975	1591.35	1188.55	0.0	0.0	795.675
spe	262	194	3129.85	2640.625	2885.2375	3293.29	2966.41	2891.24	2390.01	2841.65
hgt	None	dead	0.0	0.0	0.0	0.0	0.0	0.0	0.0	0.0
los	194	193	2640.625	2357.525	2499.075	2891.24	2390.01	2650.07	2064.98	2478.11
hgt	173	151	2412.845	2246.95	2329.8975	2537.94	2287.75	2387.45	2106.45	2322.195
los	None	dead	0.0	0.0	0.0	0.0	0.0	0.0	0.0	0.0
spe	173	151	2412.845	2246.95	2329.8975	2537.94	2287.75	2387.45	2106.45	2322.195
spe	151	147	2246.95	1821.225	2034.0875	2387.45	2106.45	2036.11	1606.34	1996.895
los	147	GCA.001940755.1.Archaea.Asgardarchaeota	1821.225	0.0	910.6125	2036.11	1606.34	0.0	0.0	1018.055
spe	151	150	2246.95	1673.05	1960.0	2387.45	2106.45	1896.3	1449.8	1918.625
hgt	None	dead	0.0	0.0	0.0	0.0	0.0	0.0	0.0	0.0
los	150	GCA.003144275.1.Archaea.Asgardarchaeota	1673.05	0.0	836.525	1896.3	1449.8	0.0	0.0	948.15
hgt	174	GCA.001940665.1.Archaea.Asgardarchaeota	2507.51	0.0	1253.755	2637.51	2377.51	0.0	0.0	1318.755
los	None	dead	0.0	0.0	0.0	0.0	0.0	0.0	0.0	0.0
hgt	None	dead	0.0	0.0	0.0	0.0	0.0	0.0	0.0	0.0
hgt	1191	GCA.002408345.1.Bacteria.Firmicutes.G	2182.46	0.0	1091.23	2502.41	1862.51	0.0	0.0	1251.205
los	None	dead	0.0	0.0	0.0	0.0	0.0	0.0	0.0	0.0
dup	1191	GCA.002408345.1.Bacteria.Firmicutes.G	2182.46	0.0	1091.23	2502.41	1862.51	0.0	0.0	1251.205
spe	1726	1725	3776.22	3726.035	3751.1275	3894.53	3657.91	3848.26	3603.81	3749.17
spe	1725	1393	3726.035	3573.7	3649.8675	3848.26	3603.81	3702.34	3445.06	3646.66
los	1393	1129	3573.7	3300.21	3436.955	3702.34	3445.06	3456.46	3143.96	3423.15
spe	1393	1392	3573.7	3456.59	3515.145	3702.34	3445.06	3587.78	3325.4	3513.87
hgt	None	dead	0.0	0.0	0.0	0.0	0.0	0.0	0.0	0.0
hgt	42	GCA.003230355.1.Archaea.Hydrothermarchaeota	2229.015	0.0	1114.5075	2495.46	1962.57	0.0	0.0	1247.73
los	None	dead	0.0	0.0	0.0	0.0	0.0	0.0	0.0	0.0
hgt	None	dead	0.0	0.0	0.0	0.0	0.0	0.0	0.0	0.0
hgt	1324	1323	2099.855	2012.64	2056.2475	2268.52	1931.19	2185.24	1840.04	2054.28
los	None	dead	0.0	0.0	0.0	0.0	0.0	0.0	0.0	0.0
hgt	None	dead	0.0	0.0	0.0	0.0	0.0	0.0	0.0	0.0
hgt	1382	1381	1778.165	1661.335	1719.75	1935.03	1621.3	1818.35	1504.32	1719.675
los	None	dead	0.0	0.0	0.0	0.0	0.0	0.0	0.0	0.0
spe	1382	1381	1778.165	1661.335	1719.75	1935.03	1621.3	1818.35	1504.32	1719.675
spe	1381	1351	1661.335	1566.59	1613.9625	1818.35	1504.32	1730.15	1403.03	1610.69
los	1351	1350	1566.59	1380.55	1473.57	1730.15	1403.03	1557.96	1203.14	1466.645
spe	1351	1347	1566.59	1266.54	1416.565	1730.15	1403.03	1442.62	1090.46	1410.305
los	1347	GCF.001561915.1.Bacteria.Firmicutes	1266.54	0.0	633.27	1442.62	1090.46	0.0	0.0	721.31
spe	1381	1380	1661.335	1558.37	1609.8525	1818.35	1504.32	1715.02	1401.72	1610.035
los	1380	GCF.001049895.1.Bacteria.Firmicutes	1558.37	0.0	779.185	1715.02	1401.72	0.0	0.0	857.51
spe	1380	1379	1558.37	1484.04	1521.205	1715.02	1401.72	1638.91	1329.17	1522.095
los	1379	1378	1484.04	1182.795	1333.4175	1638.91	1329.17	1325.65	1039.94	1339.425
spe	1379	1355	1484.04	1246.46	1365.25	1638.91	1329.17	1408.06	1084.86	1361.885
spe	1324	1323	2099.855	2012.64	2056.2475	2268.52	1931.19	2185.24	1840.04	2054.28
spe	1323	1322	2012.64	1664.355	1838.4975	2185.24	1840.04	1866.79	1461.92	1823.58
los	1322	GCA.001512665.1.Bacteria.Firmicutes.B	1664.355	0.0	832.1775	1866.79	1461.92	0.0	0.0	933.395
spe	1323	1319	2012.64	1887.42	1950.03	2185.24	1840.04	2065.19	1709.65	1947.445
los	1319	GCF.900100785.1.Bacteria.Firmicutes.B	1887.42	0.0	943.71	2065.19	1709.65	0.0	0.0	1032.595
spe	1319	1318	1887.42	1776.335	1831.8775	2065.19	1709.65	1960.49	1592.18	1828.685
los	1318	1312	1776.335	1489.285	1632.81	1960.49	1592.18	1697.39	1281.18	1620.835
spe	1318	1317	1776.335	1176.776	1476.5555	1960.49	1592.18	1371.35	982.202	1471.346
los	1317	1315	1176.776	994.8405	1085.80825	1371.35	982.202	1191.01	798.671	1085.0105
dup	1392	1188	3456.59	3093.335	3274.9625	3587.78	3325.4	3261.52	2925.15	3256.465
spe	1392	1188	3456.59	3093.335	3274.9625	3587.78	3325.4	3261.52	2925.15	3256.465
spe	1188	1187	3093.335	3023.46	3058.3975	3261.52	2925.15	3189.86	2857.06	3059.29
hgt	None	dead	0.0	0.0	0.0	0.0	0.0	0.0	0.0	0.0
hgt	1655	GCA.001771505.1.Bacteria.Margulisbacteria	2252.155	0.0	1126.0775	2572.62	1931.69	0.0	0.0	1286.31
los	None	dead	0.0	0.0	0.0	0.0	0.0	0.0	0.0	0.0
spe	1187	1186	3023.46	2887.55	2955.505	3189.86	2857.06	3070.95	2704.15	2947.005
dup	1186	1136	2887.55	2343.38	2615.465	3070.95	2704.15	2620.61	2066.15	2568.55
spe	1186	1136	2887.55	2343.38	2615.465	3070.95	2704.15	2620.61	2066.15	2568.55
los	1136	GCA.003157385.1.Bacteria.Actinobacteriota	2343.38	0.0	1171.69	2620.61	2066.15	0.0	0.0	1310.305
spe	1186	1136	2887.55	2343.38	2615.465	3070.95	2704.15	2620.61	2066.15	2568.55
hgt	None	dead	0.0	0.0	0.0	0.0	0.0	0.0	0.0	0.0
los	1186	1185	2887.55	2722.52	2805.035	3070.95	2704.15	2913.33	2531.71	2801.33
hgt	1477	1476	2951.08	2705.185	2828.1325	3128.51	2773.65	2890.77	2519.6	2824.055
los	None	dead	0.0	0.0	0.0	0.0	0.0	0.0	0.0	0.0
spe	1477	1476	2951.08	2705.185	2828.1325	3128.51	2773.65	2890.77	2519.6	2824.055
spe	1476	1454	2705.185	2138.89	2422.0375	2890.77	2519.6	2343.0	1934.78	2412.775
spe	1454	1446	2138.89	1892.56	2015.725	2343.0	1934.78	2094.3	1690.82	2016.91
hgt	None	dead	0.0	0.0	0.0	0.0	0.0	0.0	0.0	0.0
spe	1446	1440	1892.56	1749.24	1820.9	2094.3	1690.82	1951.59	1546.89	1820.595
los	1440	1439	1749.24	1503.92	1626.58	1951.59	1546.89	1702.99	1304.85	1628.22
hgt	699	698	2103.185	1863.875	1983.53	2288.62	1917.75	2049.06	1678.69	1983.655
los	None	dead	0.0	0.0	0.0	0.0	0.0	0.0	0.0	0.0
spe	699	698	2103.185	1863.875	1983.53	2288.62	1917.75	2049.06	1678.69	1983.655
spe	698	686	1863.875	1646.29	1755.0825	2049.06	1678.69	1843.93	1448.65	1748.855
los	686	684	1646.29	1286.44	1466.365	1843.93	1448.65	1493.16	1079.72	1461.825
spe	698	697	1863.875	1602.385	1733.13	2049.06	1678.69	1789.82	1414.95	1732.005
hgt	None	dead	0.0	0.0	0.0	0.0	0.0	0.0	0.0	0.0
los	697	696	1602.385	1391.24	1496.8125	1789.82	1414.95	1578.29	1204.19	1497.005
hgt	341	GCA.003170085.1.Bacteria.Planctomycetota	1956.375	0.0	978.1875	2170.86	1741.89	0.0	0.0	1085.43
los	None	dead	0.0	0.0	0.0	0.0	0.0	0.0	0.0	0.0
hgt	None	dead	0.0	0.0	0.0	0.0	0.0	0.0	0.0	0.0
hgt	1163	GCF.000384115.1.Bacteria.Actinobacteriota	951.694	0.0	475.847	1153.97	749.418	0.0	0.0	576.985
los	None	dead	0.0	0.0	0.0	0.0	0.0	0.0	0.0	0.0
hgt	None	dead	0.0	0.0	0.0	0.0	0.0	0.0	0.0	0.0
hgt	1667	GCA.003503675.1.Bacteria.Cyanobacteria	2867.145	0.0	1433.5725	3021.27	2713.02	0.0	0.0	1510.635
los	None	dead	0.0	0.0	0.0	0.0	0.0	0.0	0.0	0.0
spe	1446	1445	1892.56	1683.66	1788.11	2094.3	1690.82	1884.49	1482.83	1788.565
hgt	None	dead	0.0	0.0	0.0	0.0	0.0	0.0	0.0	0.0
los	1445	1444	1683.66	1493.995	1588.8275	1884.49	1482.83	1710.68	1277.31	1580.9
hgt	1235	GCA.002376005.1.Bacteria.Firmicutes.E	2052.91	0.0	1026.455	2283.89	1821.93	0.0	0.0	1141.945
los	None	dead	0.0	0.0	0.0	0.0	0.0	0.0	0.0	0.0
hgt	None	dead	0.0	0.0	0.0	0.0	0.0	0.0	0.0	0.0
los	1454	1453	2138.89	2041.27	2090.08	2343.0	1934.78	2251.3	1831.24	2087.12
hgt	742	741	2637.165	2052.975	2345.07	2824.71	2449.62	2337.08	1768.87	2296.79
los	None	dead	0.0	0.0	0.0	0.0	0.0	0.0	0.0	0.0
hgt	None	dead	0.0	0.0	0.0	0.0	0.0	0.0	0.0	0.0
hgt	924	GCA.003221825.1.Bacteria.Gemmatimonadota	1818.875	0.0	909.4375	2151.84	1485.91	0.0	0.0	1075.92
los	None	dead	0.0	0.0	0.0	0.0	0.0	0.0	0.0	0.0
spe	742	741	2637.165	2052.975	2345.07	2824.71	2449.62	2337.08	1768.87	2296.79
hgt	None	dead	0.0	0.0	0.0	0.0	0.0	0.0	0.0	0.0
hgt	None	dead	0.0	0.0	0.0	0.0	0.0	0.0	0.0	0.0
hgt	1387	1327	2728.885	2593.555	2661.22	2879.75	2578.02	2753.26	2433.85	2656.8
los	None	dead	0.0	0.0	0.0	0.0	0.0	0.0	0.0	0.0
spe	1387	1327	2728.885	2593.555	2661.22	2879.75	2578.02	2753.26	2433.85	2656.8
spe	1327	1289	2593.555	2267.365	2430.46	2753.26	2433.85	2466.28	2068.45	2410.855
los	1289	GCA.002345475.1.Bacteria.Firmicutes.H	2267.365	0.0	1133.6825	2466.28	2068.45	0.0	0.0	1233.14
spe	1289	1288	2267.365	1693.72	1980.5425	2466.28	2068.45	1906.24	1481.2	1973.74
spe	1288	1287	1693.72	1417.98	1555.85	1906.24	1481.2	1642.01	1193.95	1550.095
los	1287	GCA.002329525.1.Bacteria.Firmicutes.C	1417.98	0.0	708.99	1642.01	1193.95	0.0	0.0	821.005
spe	1287	1285	1417.98	1310.93	1364.455	1642.01	1193.95	1527.17	1094.69	1368.35
los	1285	1284	1310.93	1020.5295	1165.72975	1527.17	1094.69	1232.09	808.969	1168.0695
spe	1285	1281	1310.93	1090.0515	1200.49075	1527.17	1094.69	1297.44	882.663	1204.9165
spe	1281	1280	1090.0515	922.663	1006.35725	1297.44	882.663	1124.05	721.276	1009.358
hgt	None	dead	0.0	0.0	0.0	0.0	0.0	0.0	0.0	0.0
los	1280	GCF.900104455.1.Bacteria.Firmicutes.C	922.663	0.0	461.3315	1124.05	721.276	0.0	0.0	562.025
hgt	1697	Fischerella.muscicola.CCMEE5323	1292.96	0.0	646.48	1415.06	1170.86	0.0	0.0	707.53
los	None	dead	0.0	0.0	0.0	0.0	0.0	0.0	0.0	0.0
hgt	None	dead	0.0	0.0	0.0	0.0	0.0	0.0	0.0	0.0
hgt	1312	GCF.000019165.1.Bacteria.Firmicutes.B	1489.285	0.0	744.6425	1697.39	1281.18	0.0	0.0	848.695
los	None	dead	0.0	0.0	0.0	0.0	0.0	0.0	0.0	0.0
hgt	None	dead	0.0	0.0	0.0	0.0	0.0	0.0	0.0	0.0
hgt	1203	GCA.002399265.1.Bacteria.Firmicutes.G	1910.415	0.0	955.2075	2208.36	1612.47	0.0	0.0	1104.18
los	None	dead	0.0	0.0	0.0	0.0	0.0	0.0	0.0	0.0
dup	1327	1326	2593.555	2394.985	2494.27	2753.26	2433.85	2562.74	2227.23	2490.245
spe	1327	1326	2593.555	2394.985	2494.27	2753.26	2433.85	2562.74	2227.23	2490.245
hgt	None	dead	0.0	0.0	0.0	0.0	0.0	0.0	0.0	0.0
hgt	1227	GCA.003242675.1.Bacteria.Firmicutes.E	1913.92	0.0	956.96	2160.15	1667.69	0.0	0.0	1080.075
los	None	dead	0.0	0.0	0.0	0.0	0.0	0.0	0.0	0.0
spe	1326	1292	2394.985	1918.11	2156.5475	2562.74	2227.23	2144.78	1691.44	2127.09
hgt	None	dead	0.0	0.0	0.0	0.0	0.0	0.0	0.0	0.0
los	1292	GCF.000024605.1.Bacteria.Firmicutes.B	1918.11	0.0	959.055	2144.78	1691.44	0.0	0.0	1072.39
hgt	1341	GCF.001653195.1.Bacteria.Firmicutes	1532.885	0.0	766.4425	1733.11	1332.66	0.0	0.0	866.555
los	None	dead	0.0	0.0	0.0	0.0	0.0	0.0	0.0	0.0
spe	1326	1325	2394.985	2206.925	2300.955	2562.74	2227.23	2374.4	2039.45	2301.095
hgt	None	dead	0.0	0.0	0.0	0.0	0.0	0.0	0.0	0.0
spe	1325	1324	2206.925	2099.855	2153.39	2374.4	2039.45	2268.52	1931.19	2152.795
los	1324	1323	2099.855	2012.64	2056.2475	2268.52	1931.19	2185.24	1840.04	2054.28
spe	1324	1308	2099.855	1873.47	1986.6625	2268.52	1931.19	2054.46	1692.48	1980.5
hgt	None	dead	0.0	0.0	0.0	0.0	0.0	0.0	0.0	0.0
spe	1308	1300	1873.47	1522.13	1697.8	2054.46	1692.48	1724.92	1319.34	1686.9
los	1300	GCA.002418765.1.Bacteria.Firmicutes.B	1522.13	0.0	761.065	1724.92	1319.34	0.0	0.0	862.46
hgt	1383	1382	1891.44	1778.165	1834.8025	2053.21	1729.67	1935.03	1621.3	1837.255
los	None	dead	0.0	0.0	0.0	0.0	0.0	0.0	0.0	0.0
spe	1383	1382	1891.44	1778.165	1834.8025	2053.21	1729.67	1935.03	1621.3	1837.255
spe	1382	1344	1778.165	1496.385	1637.275	1935.03	1621.3	1674.98	1317.79	1626.41
los	1344	GCA.002159075.1.Bacteria.Firmicutes	1496.385	0.0	748.1925	1674.98	1317.79	0.0	0.0	837.49
spe	1382	1381	1778.165	1661.335	1719.75	1935.03	1621.3	1818.35	1504.32	1719.675
los	1381	1351	1661.335	1566.59	1613.9625	1818.35	1504.32	1730.15	1403.03	1610.69
spe	1381	1380	1661.335	1558.37	1609.8525	1818.35	1504.32	1715.02	1401.72	1610.035
los	1380	1379	1558.37	1484.04	1521.205	1715.02	1401.72	1638.91	1329.17	1522.095
spe	1308	1307	1873.47	1657.525	1765.4975	2054.46	1692.48	1841.63	1473.42	1763.94
hgt	None	dead	0.0	0.0	0.0	0.0	0.0	0.0	0.0	0.0
hgt	1209	GCA.002452295.1.Bacteria.Firmicutes.G	2349.065	0.0	1174.5325	2623.27	2074.86	0.0	0.0	1311.635
los	None	dead	0.0	0.0	0.0	0.0	0.0	0.0	0.0	0.0
spe	1307	1305	1657.525	1479.61	1568.5675	1841.63	1473.42	1675.63	1283.59	1562.61
los	1305	GCF.002207765.1.Bacteria.Firmicutes.B	1479.61	0.0	739.805	1675.63	1283.59	0.0	0.0	837.815
spe	1305	1304	1479.61	1181.512	1330.561	1675.63	1283.59	1388.17	974.854	1325.242
hgt	None	dead	0.0	0.0	0.0	0.0	0.0	0.0	0.0	0.0
los	1304	GCA.001508005.1.Bacteria.Firmicutes.B	1181.512	0.0	590.756	1388.17	974.854	0.0	0.0	694.085
hgt	1208	GCA.001513145.1.Bacteria.Firmicutes.G	2154.735	0.0	1077.3675	2464.94	1844.53	0.0	0.0	1232.47
los	None	dead	0.0	0.0	0.0	0.0	0.0	0.0	0.0	0.0
dup	None	dead	0.0	0.0	0.0	0.0	0.0	0.0	0.0	0.0
hgt	1305	GCF.002207765.1.Bacteria.Firmicutes.B	1479.61	0.0	739.805	1675.63	1283.59	0.0	0.0	837.815
los	None	dead	0.0	0.0	0.0	0.0	0.0	0.0	0.0	0.0
hgt	1274	1240	2556.69	2176.58	2366.635	2724.36	2389.02	2395.16	1958.0	2341.18
los	None	dead	0.0	0.0	0.0	0.0	0.0	0.0	0.0	0.0
spe	1274	1240	2556.69	2176.58	2366.635	2724.36	2389.02	2395.16	1958.0	2341.18
spe	1325	1297	2206.925	1941.385	2074.155	2374.4	2039.45	2141.08	1741.69	2058.045
los	1297	GCA.002329495.1.Bacteria.Firmicutes.B	1941.385	0.0	970.6925	2141.08	1741.69	0.0	0.0	1070.54
spe	1297	1296	1941.385	1757.76	1849.5725	2141.08	1741.69	1982.79	1532.73	1836.905
hgt	None	dead	0.0	0.0	0.0	0.0	0.0	0.0	0.0	0.0
hgt	1430	GCA.002239025.1.Bacteria.Chloroflexota	2141.86	0.0	1070.93	2460.53	1823.19	0.0	0.0	1230.265
los	None	dead	0.0	0.0	0.0	0.0	0.0	0.0	0.0	0.0
spe	1327	1326	2593.555	2394.985	2494.27	2753.26	2433.85	2562.74	2227.23	2490.245
los	1326	1292	2394.985	1918.11	2156.5475	2562.74	2227.23	2144.78	1691.44	2127.09
spe	1326	1325	2394.985	2206.925	2300.955	2562.74	2227.23	2374.4	2039.45	2301.095
spe	1325	1297	2206.925	1941.385	2074.155	2374.4	2039.45	2141.08	1741.69	2058.045
los	1297	1296	1941.385	1757.76	1849.5725	2141.08	1741.69	1982.79	1532.73	1836.905
spe	1325	1324	2206.925	2099.855	2153.39	2374.4	2039.45	2268.52	1931.19	2152.795
spe	1324	1308	2099.855	1873.47	1986.6625	2268.52	1931.19	2054.46	1692.48	1980.5
los	1308	1307	1873.47	1657.525	1765.4975	2054.46	1692.48	1841.63	1473.42	1763.94
hgt	None	dead	0.0	0.0	0.0	0.0	0.0	0.0	0.0	0.0
spe	1308	1300	1873.47	1522.13	1697.8	2054.46	1692.48	1724.92	1319.34	1686.9
los	1300	GCF.000620305.1.Bacteria.Firmicutes.B	1522.13	0.0	761.065	1724.92	1319.34	0.0	0.0	862.46
hgt	1312	GCF.002607855.1.Bacteria.Firmicutes.B	1489.285	0.0	744.6425	1697.39	1281.18	0.0	0.0	848.695
los	None	dead	0.0	0.0	0.0	0.0	0.0	0.0	0.0	0.0
spe	1324	1323	2099.855	2012.64	2056.2475	2268.52	1931.19	2185.24	1840.04	2054.28
los	1323	1322	2012.64	1664.355	1838.4975	2185.24	1840.04	1866.79	1461.92	1823.58
hgt	None	dead	0.0	0.0	0.0	0.0	0.0	0.0	0.0	0.0
hgt	1338	GCF.002335525.1.Bacteria.Firmicutes	1582.81	0.0	791.405	1773.63	1391.99	0.0	0.0	886.815
los	None	dead	0.0	0.0	0.0	0.0	0.0	0.0	0.0	0.0
spe	1323	1319	2012.64	1887.42	1950.03	2185.24	1840.04	2065.19	1709.65	1947.445
los	1319	1318	1887.42	1776.335	1831.8775	2065.19	1709.65	1960.49	1592.18	1828.685
spe	1476	1475	2705.185	2571.35	2638.2675	2890.77	2519.6	2771.01	2371.69	2631.23
spe	1475	1474	2571.35	2422.145	2496.7475	2771.01	2371.69	2641.91	2202.38	2486.695
los	1474	1473	2422.145	1376.695	1899.42	2641.91	2202.38	1641.8	1111.59	1876.75
spe	1474	1470	2422.145	2082.735	2252.44	2641.91	2202.38	2316.34	1849.13	2245.52
los	1470	1469	2082.735	1899.175	1990.955	2316.34	1849.13	2149.99	1648.36	1982.35
spe	1475	1463	2571.35	2342.68	2457.015	2771.01	2371.69	2569.78	2115.58	2443.295
los	1463	1457	2342.68	1912.015	2127.3475	2569.78	2115.58	2189.96	1634.07	2101.925
spe	1463	1462	2342.68	2240.595	2291.6375	2569.78	2115.58	2485.08	1996.11	2282.945
los	1462	1461	2240.595	1858.39	2049.4925	2485.08	1996.11	2155.55	1561.23	2023.155
hgt	900	716	3113.87	2685.38	2899.625	3248.21	2979.53	2853.98	2516.78	2882.495
los	None	dead	0.0	0.0	0.0	0.0	0.0	0.0	0.0	0.0
spe	900	716	3113.87	2685.38	2899.625	3248.21	2979.53	2853.98	2516.78	2882.495
spe	716	715	2685.38	2518.685	2602.0325	2853.98	2516.78	2695.14	2342.23	2598.105
spe	715	675	2518.685	2161.39	2340.0375	2695.14	2342.23	2382.98	1939.8	2317.47
los	675	GCA.002789615.1.Bacteria.Acidobacteriota	2161.39	0.0	1080.695	2382.98	1939.8	0.0	0.0	1191.49
spe	675	674	2161.39	1880.64	2021.015	2382.98	1939.8	2129.25	1632.03	2007.505
los	674	GCA.002747255.1.Bacteria.Acidobacteriota	1880.64	0.0	940.32	2129.25	1632.03	0.0	0.0	1064.625
spe	715	714	2518.685	2396.315	2457.5	2695.14	2342.23	2582.71	2209.92	2452.53
spe	714	713	2396.315	2232.07	2314.1925	2582.71	2209.92	2420.07	2044.07	2313.39
los	713	699	2232.07	2103.185	2167.6275	2420.07	2044.07	2288.62	1917.75	2168.91
spe	713	712	2232.07	2029.595	2130.8325	2420.07	2044.07	2222.24	1836.95	2128.51
los	712	711	2029.595	1840.1	1934.8475	2222.24	1836.95	2042.75	1637.45	1929.845
spe	712	706	2029.595	1754.72	1892.1575	2222.24	1836.95	1977.7	1531.74	1876.99
los	706	704	1754.72	1564.51	1659.615	1977.7	1531.74	1779.6	1349.42	1663.56
hgt	None	dead	0.0	0.0	0.0	0.0	0.0	0.0	0.0	0.0
los	714	GCA.002731215.1.Bacteria.Acidobacteriota	2396.315	0.0	1198.1575	2582.71	2209.92	0.0	0.0	1291.355
dup	None	dead	0.0	0.0	0.0	0.0	0.0	0.0	0.0	0.0
hgt	753	GCA.001803565.1.Bacteria.Nitrospinota.B	2050.24	0.0	1025.12	2289.58	1810.9	0.0	0.0	1144.79
los	None	dead	0.0	0.0	0.0	0.0	0.0	0.0	0.0	0.0
hgt	888	887	2447.185	2263.805	2355.495	2620.46	2273.91	2439.03	2088.58	2354.52
los	None	dead	0.0	0.0	0.0	0.0	0.0	0.0	0.0	0.0
spe	888	887	2447.185	2263.805	2355.495	2620.46	2273.91	2439.03	2088.58	2354.52
spe	887	886	2263.805	1999.475	2131.64	2439.03	2088.58	2174.59	1824.36	2131.695
los	886	874	1999.475	1902.135	1950.805	2174.59	1824.36	2083.11	1721.16	1947.875
spe	886	885	1999.475	1880.5	1939.9875	2174.59	1824.36	2064.03	1696.97	1935.78
los	885	884	1880.5	1765.875	1823.1875	2064.03	1696.97	1950.17	1581.58	1822.805
spe	885	877	1880.5	1769.305	1824.9025	2064.03	1696.97	1968.93	1569.68	1816.855
los	877	GCF.000620765.1.Bacteria.Desulfobacterota.I	1769.305	0.0	884.6525	1968.93	1569.68	0.0	0.0	984.465
hgt	None	dead	0.0	0.0	0.0	0.0	0.0	0.0	0.0	0.0
hgt	837	GCA.001768075.1.Bacteria.Myxococcota	1589.61	0.0	794.805	1791.58	1387.64	0.0	0.0	895.79
los	None	dead	0.0	0.0	0.0	0.0	0.0	0.0	0.0	0.0
spe	887	863	2263.805	2054.51	2159.1575	2439.03	2088.58	2246.76	1862.26	2150.645
dup	863	862	2054.51	1719.125	1886.8175	2246.76	1862.26	1930.25	1508.0	1877.38
spe	863	862	2054.51	1719.125	1886.8175	2246.76	1862.26	1930.25	1508.0	1877.38
los	862	GCA.002782605.1.Bacteria.Desulfobacterota	1719.125	0.0	859.5625	1930.25	1508.0	0.0	0.0	965.125
spe	862	861	1719.125	1594.73	1656.9275	1930.25	1508.0	1807.63	1381.83	1656.04
los	861	GCA.002327985.1.Bacteria.Desulfobacterota	1594.73	0.0	797.365	1807.63	1381.83	0.0	0.0	903.815
spe	863	862	2054.51	1719.125	1886.8175	2246.76	1862.26	1930.25	1508.0	1877.38
spe	862	861	1719.125	1594.73	1656.9275	1930.25	1508.0	1807.63	1381.83	1656.04
los	861	GCA.001304105.1.Bacteria.Desulfobacterota	1594.73	0.0	797.365	1807.63	1381.83	0.0	0.0	903.815
hgt	None	dead	0.0	0.0	0.0	0.0	0.0	0.0	0.0	0.0
hgt	883	GCA.000961655.1.Bacteria.Desulfobacterota	1384.92	0.0	692.46	1585.61	1184.23	0.0	0.0	792.805
los	None	dead	0.0	0.0	0.0	0.0	0.0	0.0	0.0	0.0
spe	863	857	2054.51	1926.135	1990.3225	2246.76	1862.26	2147.23	1705.04	1975.9
los	857	GCA.002010915.1.Bacteria.Desulfobacterota	1926.135	0.0	963.0675	2147.23	1705.04	0.0	0.0	1073.615
hgt	None	dead	0.0	0.0	0.0	0.0	0.0	0.0	0.0	0.0
hgt	801	GCA.002328485.1.Bacteria.Desulfobacterota.G	2014.795	0.0	1007.3975	2227.16	1802.43	0.0	0.0	1113.58
los	None	dead	0.0	0.0	0.0	0.0	0.0	0.0	0.0	0.0
spe	716	670	2685.38	2337.75	2511.565	2853.98	2516.78	2571.79	2103.71	2478.845
los	670	GCA.002898535.1.Bacteria.Acidobacteriota	2337.75	0.0	1168.875	2571.79	2103.71	0.0	0.0	1285.895
spe	670	669	2337.75	1783.33	2060.54	2571.79	2103.71	2057.34	1509.32	2040.555
spe	669	668	1783.33	1532.235	1657.7825	2057.34	1509.32	1800.98	1263.49	1660.415
los	668	GCA.001775755.1.Bacteria.Acidobacteriota	1532.235	0.0	766.1175	1800.98	1263.49	0.0	0.0	900.49
hgt	None	dead	0.0	0.0	0.0	0.0	0.0	0.0	0.0	0.0
los	669	GCA.002335385.1.Bacteria.Acidobacteriota	1783.33	0.0	891.665	2057.34	1509.32	0.0	0.0	1028.67
dup	None	dead	0.0	0.0	0.0	0.0	0.0	0.0	0.0	0.0
hgt	84	GCF.000011005.1.Archaea.Euryarchaeota	1194.24	0.0	597.12	1377.79	1010.69	0.0	0.0	688.895
los	None	dead	0.0	0.0	0.0	0.0	0.0	0.0	0.0	0.0
hgt	194	GCA.003498085.1.Bacteria.UBA9089	2640.625	0.0	1320.3125	2891.24	2390.01	0.0	0.0	1445.62
los	None	dead	0.0	0.0	0.0	0.0	0.0	0.0	0.0	0.0
spe	1187	1133	3023.46	2425.095	2724.2775	3189.86	2857.06	2688.38	2161.81	2675.835
hgt	None	dead	0.0	0.0	0.0	0.0	0.0	0.0	0.0	0.0
los	1133	GCA.002366545.1.Bacteria.Actinobacteriota	2425.095	0.0	1212.5475	2688.38	2161.81	0.0	0.0	1344.19
hgt	1233	GCA.002291985.1.Bacteria.Firmicutes.E	1459.0	0.0	729.5	1712.32	1205.68	0.0	0.0	856.16
los	None	dead	0.0	0.0	0.0	0.0	0.0	0.0	0.0	0.0
spe	1392	1188	3456.59	3093.335	3274.9625	3587.78	3325.4	3261.52	2925.15	3256.465
los	1188	GCA.002779205.1.Bacteria.Actinobacteriota	3093.335	0.0	1546.6675	3261.52	2925.15	0.0	0.0	1630.76
spe	1188	1187	3093.335	3023.46	3058.3975	3261.52	2925.15	3189.86	2857.06	3059.29
los	1187	1133	3023.46	2425.095	2724.2775	3189.86	2857.06	2688.38	2161.81	2675.835
spe	1187	1186	3023.46	2887.55	2955.505	3189.86	2857.06	3070.95	2704.15	2947.005
spe	1186	1185	2887.55	2722.52	2805.035	3070.95	2704.15	2913.33	2531.71	2801.33
los	1185	1169	2722.52	2330.49	2526.505	2913.33	2531.71	2541.69	2119.29	2516.31
spe	1185	1184	2722.52	2566.03	2644.275	2913.33	2531.71	2768.44	2363.62	2638.475
los	1184	1180	2566.03	2135.205	2350.6175	2768.44	2363.62	2374.94	1895.47	2331.955
spe	1184	1183	2566.03	1976.055	2271.0425	2768.44	2363.62	2250.56	1701.55	2234.995
los	1183	GCA.000434775.1.Bacteria.Actinobacteriota	1976.055	0.0	988.0275	2250.56	1701.55	0.0	0.0	1125.28
hgt	None	dead	0.0	0.0	0.0	0.0	0.0	0.0	0.0	0.0
hgt	416	GCA.002938255.1.Bacteria.Proteobacteria	1460.0	0.0	730.0	1629.23	1290.77	0.0	0.0	814.615
los	None	dead	0.0	0.0	0.0	0.0	0.0	0.0	0.0	0.0
hgt	None	dead	0.0	0.0	0.0	0.0	0.0	0.0	0.0	0.0
hgt	1269	GCF.002252565.1.Bacteria.Firmicutes.A	1505.09	0.0	752.545	1679.35	1330.83	0.0	0.0	839.675
los	None	dead	0.0	0.0	0.0	0.0	0.0	0.0	0.0	0.0
dup	1269	GCF.002252565.1.Bacteria.Firmicutes.A	1505.09	0.0	752.545	1679.35	1330.83	0.0	0.0	839.675
hgt	None	dead	0.0	0.0	0.0	0.0	0.0	0.0	0.0	0.0
hgt	1253	1252	1647.265	1454.05	1550.6575	1829.72	1464.81	1642.28	1265.82	1547.77
los	None	dead	0.0	0.0	0.0	0.0	0.0	0.0	0.0	0.0
spe	1253	1252	1647.265	1454.05	1550.6575	1829.72	1464.81	1642.28	1265.82	1547.77
spe	1252	1251	1454.05	1274.235	1364.1425	1642.28	1265.82	1470.58	1077.89	1360.085
hgt	None	dead	0.0	0.0	0.0	0.0	0.0	0.0	0.0	0.0
los	1251	GCA.002478485.1.Bacteria.Firmicutes.A	1274.235	0.0	637.1175	1470.58	1077.89	0.0	0.0	735.29
hgt	1315	GCF.002224645.1.Bacteria.Firmicutes.B	994.8405	0.0	497.42025	1191.01	798.671	0.0	0.0	595.505
los	None	dead	0.0	0.0	0.0	0.0	0.0	0.0	0.0	0.0
spe	1186	1136	2887.55	2343.38	2615.465	3070.95	2704.15	2620.61	2066.15	2568.55
hgt	None	dead	0.0	0.0	0.0	0.0	0.0	0.0	0.0	0.0
hgt	1173	GCA.001768675.1.Bacteria.Actinobacteriota	1583.875	0.0	791.9375	1841.44	1326.31	0.0	0.0	920.72
los	None	dead	0.0	0.0	0.0	0.0	0.0	0.0	0.0	0.0
spe	1392	1391	3456.59	3155.64	3306.115	3587.78	3325.4	3298.49	3012.79	3300.285
los	1391	1211	3155.64	2902.885	3029.2625	3298.49	3012.79	3083.37	2722.4	3010.445
hgt	None	dead	0.0	0.0	0.0	0.0	0.0	0.0	0.0	0.0
hgt	1381	1351	1661.335	1566.59	1613.9625	1818.35	1504.32	1730.15	1403.03	1610.69
los	None	dead	0.0	0.0	0.0	0.0	0.0	0.0	0.0	0.0
spe	1381	1351	1661.335	1566.59	1613.9625	1818.35	1504.32	1730.15	1403.03	1610.69
spe	1351	1347	1566.59	1266.54	1416.565	1730.15	1403.03	1442.62	1090.46	1410.305
los	1347	GCF.900099895.1.Bacteria.Firmicutes	1266.54	0.0	633.27	1442.62	1090.46	0.0	0.0	721.31
spe	1351	1350	1566.59	1380.55	1473.57	1730.15	1403.03	1557.96	1203.14	1466.645
los	1350	GCF.000942395.1.Bacteria.Firmicutes	1380.55	0.0	690.275	1557.96	1203.14	0.0	0.0	778.98
spe	1391	1390	3155.64	3037.655	3096.6475	3298.49	3012.79	3183.96	2891.35	3094.92
los	1390	1389	3037.655	2954.69	2996.1725	3183.96	2891.35	3102.64	2806.74	2995.35
spe	1390	1218	3037.655	2844.535	2941.095	3183.96	2891.35	3032.89	2656.18	2920.07
spe	1218	1216	2844.535	2236.855	2540.695	3032.89	2656.18	2504.52	1969.19	2501.04
los	1216	1215	2236.855	1553.665	1895.26	2504.52	1969.19	1859.72	1247.61	1876.065
hgt	None	dead	0.0	0.0	0.0	0.0	0.0	0.0	0.0	0.0
hgt	1289	GCA.002345475.1.Bacteria.Firmicutes.H	2267.365	0.0	1133.6825	2466.28	2068.45	0.0	0.0	1233.14
los	None	dead	0.0	0.0	0.0	0.0	0.0	0.0	0.0	0.0
spe	1725	1724	3726.035	3611.965	3669.0	3848.26	3603.81	3732.72	3491.21	3669.735
los	1724	1723	3611.965	3457.54	3534.7525	3732.72	3491.21	3575.54	3339.54	3536.13
spe	1724	1642	3611.965	3511.74	3561.8525	3732.72	3491.21	3641.83	3381.65	3557.185
los	1642	1641	3511.74	3146.265	3329.0025	3641.83	3381.65	3319.13	2973.4	3307.615
spe	1642	1478	3511.74	3209.465	3360.6025	3641.83	3381.65	3376.81	3042.12	3341.975
los	1478	1396	3209.465	2023.82	2616.6425	3376.81	3042.12	2389.98	1657.66	2517.235
spe	1478	1477	3209.465	2951.08	3080.2725	3376.81	3042.12	3128.51	2773.65	3075.23
spe	1477	1476	2951.08	2705.185	2828.1325	3128.51	2773.65	2890.77	2519.6	2824.055
los	1476	1475	2705.185	2571.35	2638.2675	2890.77	2519.6	2771.01	2371.69	2631.23
spe	1476	1454	2705.185	2138.89	2422.0375	2890.77	2519.6	2343.0	1934.78	2412.775
los	1454	1446	2138.89	1892.56	2015.725	2343.0	1934.78	2094.3	1690.82	2016.91
spe	1454	1453	2138.89	2041.27	2090.08	2343.0	1934.78	2251.3	1831.24	2087.12
spe	1453	1452	2041.27	1560.03	1800.65	2251.3	1831.24	1846.56	1273.5	1762.4
hgt	None	dead	0.0	0.0	0.0	0.0	0.0	0.0	0.0	0.0
hgt	1444	GCA.003451595.1.Bacteria.Chloroflexota	1493.995	0.0	746.9975	1710.68	1277.31	0.0	0.0	855.34
los	None	dead	0.0	0.0	0.0	0.0	0.0	0.0	0.0	0.0
spe	1453	1449	2041.27	1825.905	1933.5875	2251.3	1831.24	2055.21	1596.6	1923.95
hgt	None	dead	0.0	0.0	0.0	0.0	0.0	0.0	0.0	0.0
los	1449	GCA.002366595.1.Bacteria.Chloroflexota	1825.905	0.0	912.9525	2055.21	1596.6	0.0	0.0	1027.605
hgt	1437	GCF.900066015.1.Bacteria.Chloroflexota	1179.4025	0.0	589.70125	1379.79	979.015	0.0	0.0	689.895
los	None	dead	0.0	0.0	0.0	0.0	0.0	0.0	0.0	0.0
hgt	None	dead	0.0	0.0	0.0	0.0	0.0	0.0	0.0	0.0
hgt	None	dead	0.0	0.0	0.0	0.0	0.0	0.0	0.0	0.0
dup	None	dead	0.0	0.0	0.0	0.0	0.0	0.0	0.0	0.0
hgt	1069	GCF.000378005.1.Bacteria.Coprothermobacterota	2029.205	0.0	1014.6025	2331.6	1726.81	0.0	0.0	1165.8
los	None	dead	0.0	0.0	0.0	0.0	0.0	0.0	0.0	0.0
hgt	65	GCA.001800745.1.Archaea.Thermoplasmatota	1254.445	0.0	627.2225	1446.91	1061.98	0.0	0.0	723.455
los	None	dead	0.0	0.0	0.0	0.0	0.0	0.0	0.0	0.0
hgt	None	dead	0.0	0.0	0.0	0.0	0.0	0.0	0.0	0.0
spe	1477	1431	2951.08	2599.01	2775.045	3128.51	2773.65	2813.21	2384.81	2756.66
los	1431	1430	2599.01	2141.86	2370.435	2813.21	2384.81	2460.53	1823.19	2318.2
spe	1431	1427	2599.01	2362.135	2480.5725	2813.21	2384.81	2573.24	2151.03	2482.12
spe	1427	1426	2362.135	2179.07	2270.6025	2573.24	2151.03	2402.77	1955.37	2264.305
los	1426	1425	2179.07	1957.375	2068.2225	2402.77	1955.37	2183.94	1730.81	2066.79
spe	1427	1413	2362.135	2076.485	2219.31	2573.24	2151.03	2295.25	1857.72	2215.48
los	1413	1399	2076.485	1765.22	1920.8525	2295.25	1857.72	2036.35	1494.09	1894.67
hgt	None	dead	0.0	0.0	0.0	0.0	0.0	0.0	0.0	0.0
spe	1413	1412	2076.485	1844.64	1960.5625	2295.25	1857.72	2055.17	1634.11	1964.68
los	1412	1408	1844.64	1782.47	1813.555	2055.17	1634.11	1994.32	1570.62	1812.895
spe	1412	1411	1844.64	1573.655	1709.1475	2055.17	1634.11	1810.87	1336.44	1695.805
los	1411	GCA.002450515.1.Bacteria.Chloroflexota	1573.655	0.0	786.8275	1810.87	1336.44	0.0	0.0	905.435
hgt	1016	GCA.002414865.1.Bacteria.Fermentibacterota	2340.795	0.0	1170.3975	2585.9	2095.69	0.0	0.0	1292.95
los	None	dead	0.0	0.0	0.0	0.0	0.0	0.0	0.0	0.0
dup	None	dead	0.0	0.0	0.0	0.0	0.0	0.0	0.0	0.0
hgt	88	87	1623.18	1522.785	1572.9825	1801.29	1445.07	1701.29	1344.28	1572.785
los	None	dead	0.0	0.0	0.0	0.0	0.0	0.0	0.0	0.0
spe	88	87	1623.18	1522.785	1572.9825	1801.29	1445.07	1701.29	1344.28	1572.785
spe	87	86	1522.785	1362.965	1442.875	1701.29	1344.28	1547.03	1178.9	1440.095
los	86	GCA.001412335.1.Archaea.Halobacteriota	1362.965	0.0	681.4825	1547.03	1178.9	0.0	0.0	773.515
spe	86	84	1362.965	1194.24	1278.6025	1547.03	1178.9	1377.79	1010.69	1278.86
los	84	GCF.000011005.1.Archaea.Euryarchaeota	1194.24	0.0	597.12	1377.79	1010.69	0.0	0.0	688.895
hgt	124	123	2144.515	2043.585	2094.05	2314.43	1974.6	2216.58	1870.59	2092.51
los	None	dead	0.0	0.0	0.0	0.0	0.0	0.0	0.0	0.0
spe	124	123	2144.515	2043.585	2094.05	2314.43	1974.6	2216.58	1870.59	2092.51
spe	123	122	2043.585	1894.935	1969.26	2216.58	1870.59	2081.81	1708.06	1962.32
spe	122	121	1894.935	1500.96	1697.9475	2081.81	1708.06	1721.42	1280.5	1681.155
los	121	GCA.001775995.1.Archaea.Thermoproteota	1500.96	0.0	750.48	1721.42	1280.5	0.0	0.0	860.71
hgt	None	dead	0.0	0.0	0.0	0.0	0.0	0.0	0.0	0.0
dup	None	dead	0.0	0.0	0.0	0.0	0.0	0.0	0.0	0.0
hgt	38	GCA.001515205.2.Archaea.Hadarchaeota	2097.27	0.0	1048.635	2336.37	1858.17	0.0	0.0	1168.185
los	None	dead	0.0	0.0	0.0	0.0	0.0	0.0	0.0	0.0
hgt	47	GCA.002494765.1.Archaea.Thermoplasmatota	1547.68	0.0	773.84	1769.19	1326.17	0.0	0.0	884.595
los	None	dead	0.0	0.0	0.0	0.0	0.0	0.0	0.0	0.0
spe	122	118	1894.935	1695.4	1795.1675	2081.81	1708.06	1909.26	1481.54	1781.675
spe	118	116	1695.4	1076.3105	1385.85525	1909.26	1481.54	1309.64	842.981	1376.1205
los	116	GCA.001593875.1.Archaea.Thermoproteota	1076.3105	0.0	538.15525	1309.64	842.981	0.0	0.0	654.82
spe	123	113	2043.585	1818.745	1931.165	2216.58	1870.59	2020.8	1616.69	1916.635
hgt	None	dead	0.0	0.0	0.0	0.0	0.0	0.0	0.0	0.0
los	113	GCA.002255025.1.Archaea.Thermoproteota	1818.745	0.0	909.3725	2020.8	1616.69	0.0	0.0	1010.4
hgt	130	128	1634.235	786.4855	1210.36025	1841.07	1427.4	988.339	584.632	1212.851
los	None	dead	0.0	0.0	0.0	0.0	0.0	0.0	0.0	0.0
spe	130	128	1634.235	786.4855	1210.36025	1841.07	1427.4	988.339	584.632	1212.851
dup	None	dead	0.0	0.0	0.0	0.0	0.0	0.0	0.0	0.0
hgt	898	897	2936.14	2852.85	2894.495	3088.09	2784.19	3010.8	2694.9	2891.495
los	None	dead	0.0	0.0	0.0	0.0	0.0	0.0	0.0	0.0
hgt	None	dead	0.0	0.0	0.0	0.0	0.0	0.0	0.0	0.0
hgt	702	GCA.003223635.1.Bacteria.Acidobacteriota	1307.095	0.0	653.5475	1523.49	1090.7	0.0	0.0	761.745
los	None	dead	0.0	0.0	0.0	0.0	0.0	0.0	0.0	0.0
spe	898	897	2936.14	2852.85	2894.495	3088.09	2784.19	3010.8	2694.9	2891.495
hgt	None	dead	0.0	0.0	0.0	0.0	0.0	0.0	0.0	0.0
hgt	1221	GCA.002375925.1.Bacteria.Firmicutes.E	2008.115	0.0	1004.0575	2274.35	1741.88	0.0	0.0	1137.175
los	None	dead	0.0	0.0	0.0	0.0	0.0	0.0	0.0	0.0
spe	897	896	2852.85	2619.11	2735.98	3010.8	2694.9	2824.05	2414.17	2712.485
los	896	895	2619.11	2183.84	2401.475	2824.05	2414.17	2461.79	1905.89	2364.97
hgt	None	dead	0.0	0.0	0.0	0.0	0.0	0.0	0.0	0.0
hgt	1216	GCF.000020005.1.Bacteria.Firmicutes.D	2236.855	0.0	1118.4275	2504.52	1969.19	0.0	0.0	1252.26
los	None	dead	0.0	0.0	0.0	0.0	0.0	0.0	0.0	0.0
hgt	None	dead	0.0	0.0	0.0	0.0	0.0	0.0	0.0	0.0
spe	896	892	2619.11	2105.205	2362.1575	2824.05	2414.17	2398.65	1811.76	2317.905
los	892	GCA.001873295.1.Bacteria.CG2.30.70.394	2105.205	0.0	1052.6025	2398.65	1811.76	0.0	0.0	1199.325
hgt	None	dead	0.0	0.0	0.0	0.0	0.0	0.0	0.0	0.0
hgt	866	GCA.002877985.1.Bacteria.Desulfobacterota	1370.345	0.0	685.1725	1577.25	1163.44	0.0	0.0	788.625
los	None	dead	0.0	0.0	0.0	0.0	0.0	0.0	0.0	0.0
hgt	738	737	2317.13	2105.695	2211.4125	2529.7	2104.56	2336.12	1875.27	2202.485
los	None	dead	0.0	0.0	0.0	0.0	0.0	0.0	0.0	0.0
dup	738	737	2317.13	2105.695	2211.4125	2529.7	2104.56	2336.12	1875.27	2202.485
spe	738	737	2317.13	2105.695	2211.4125	2529.7	2104.56	2336.12	1875.27	2202.485
los	737	733	2105.695	1608.54	1857.1175	2336.12	1875.27	1850.52	1366.56	1851.34
spe	737	736	2105.695	1826.19	1965.9425	2336.12	1875.27	2087.86	1564.52	1950.32
los	736	GCA.003454665.1.Bacteria.Nitrospirota	1826.19	0.0	913.095	2087.86	1564.52	0.0	0.0	1043.93
spe	738	737	2317.13	2105.695	2211.4125	2529.7	2104.56	2336.12	1875.27	2202.485
spe	737	736	2105.695	1826.19	1965.9425	2336.12	1875.27	2087.86	1564.52	1950.32
los	736	GCA.001803795.1.Bacteria.Nitrospirota	1826.19	0.0	913.095	2087.86	1564.52	0.0	0.0	1043.93
spe	737	733	2105.695	1608.54	1857.1175	2336.12	1875.27	1850.52	1366.56	1851.34
spe	733	732	1608.54	1363.035	1485.7875	1850.52	1366.56	1611.92	1114.15	1482.335
los	732	GCA.002011735.1.Bacteria.Nitrospirota	1363.035	0.0	681.5175	1611.92	1114.15	0.0	0.0	805.96
spe	897	889	2852.85	2620.3	2736.575	3010.8	2694.9	2780.76	2459.84	2735.32
hgt	None	dead	0.0	0.0	0.0	0.0	0.0	0.0	0.0	0.0
hgt	668	GCA.001775755.1.Bacteria.Acidobacteriota	1532.235	0.0	766.1175	1800.98	1263.49	0.0	0.0	900.49
los	None	dead	0.0	0.0	0.0	0.0	0.0	0.0	0.0	0.0
hgt	None	dead	0.0	0.0	0.0	0.0	0.0	0.0	0.0	0.0
hgt	None	dead	0.0	0.0	0.0	0.0	0.0	0.0	0.0	0.0
hgt	376	GCA.002418835.1.Bacteria.Spirochaetota	2123.16	0.0	1061.58	2358.98	1887.34	0.0	0.0	1179.49
los	None	dead	0.0	0.0	0.0	0.0	0.0	0.0	0.0	0.0
hgt	None	dead	0.0	0.0	0.0	0.0	0.0	0.0	0.0	0.0
hgt	1058	GCF.000233775.1.Bacteria.Synergistota	2584.325	0.0	1292.1625	2896.49	2272.16	0.0	0.0	1448.245
los	None	dead	0.0	0.0	0.0	0.0	0.0	0.0	0.0	0.0
spe	889	888	2620.3	2447.185	2533.7425	2780.76	2459.84	2620.46	2273.91	2527.335
spe	888	854	2447.185	2279.15	2363.1675	2620.46	2273.91	2472.51	2085.79	2353.125
los	854	853	2279.15	2005.945	2142.5475	2472.51	2085.79	2253.28	1758.61	2115.56
spe	854	850	2279.15	2241.395	2260.2725	2472.51	2085.79	2441.02	2041.77	2257.14
los	850	846	2241.395	1968.67	2105.0325	2441.02	2041.77	2201.27	1736.07	2088.545
spe	850	849	2241.395	1883.095	2062.245	2441.02	2041.77	2117.85	1648.34	2044.68
los	849	GCF.000266945.1.Bacteria.Desulfobacterota	1883.095	0.0	941.5475	2117.85	1648.34	0.0	0.0	1058.925
spe	888	887	2447.185	2263.805	2355.495	2620.46	2273.91	2439.03	2088.58	2354.52
los	887	863	2263.805	2054.51	2159.1575	2439.03	2088.58	2246.76	1862.26	2150.645
spe	887	886	2263.805	1999.475	2131.64	2439.03	2088.58	2174.59	1824.36	2131.695
spe	886	885	1999.475	1880.5	1939.9875	2174.59	1824.36	2064.03	1696.97	1935.78
los	885	884	1880.5	1765.875	1823.1875	2064.03	1696.97	1950.17	1581.58	1822.805
spe	885	877	1880.5	1769.305	1824.9025	2064.03	1696.97	1968.93	1569.68	1816.855
los	877	GCA.001797675.1.Bacteria.Desulfobacterota	1769.305	0.0	884.6525	1968.93	1569.68	0.0	0.0	984.465
spe	886	874	1999.475	1902.135	1950.805	2174.59	1824.36	2083.11	1721.16	1947.875
los	874	868	1902.135	1695.53	1798.8325	2083.11	1721.16	1892.42	1498.64	1790.875
hgt	None	dead	0.0	0.0	0.0	0.0	0.0	0.0	0.0	0.0
hgt	395	GCA.002402635.1.Bacteria.Deferribacterota	1495.105	0.0	747.5525	1791.3	1198.91	0.0	0.0	895.65
los	None	dead	0.0	0.0	0.0	0.0	0.0	0.0	0.0	0.0
spe	874	873	1902.135	1746.56	1824.3475	2083.11	1721.16	1934.16	1558.96	1821.035
los	873	GCA.002011835.1.Bacteria.Desulfobacterota	1746.56	0.0	873.28	1934.16	1558.96	0.0	0.0	967.08
spe	873	871	1746.56	1489.29	1617.925	1934.16	1558.96	1692.73	1285.85	1610.005
los	871	GCA.002899795.1.Bacteria.Desulfobacterota	1489.29	0.0	744.645	1692.73	1285.85	0.0	0.0	846.365
dup	None	dead	0.0	0.0	0.0	0.0	0.0	0.0	0.0	0.0
hgt	1178	GCA.002347645.1.Bacteria.Actinobacteriota	1623.895	0.0	811.9475	1870.86	1376.93	0.0	0.0	935.43
los	None	dead	0.0	0.0	0.0	0.0	0.0	0.0	0.0	0.0
hgt	143	GCA.001940655.1.Archaea.Asgardarchaeota	2114.17	0.0	1057.085	2330.65	1897.69	0.0	0.0	1165.325
los	None	dead	0.0	0.0	0.0	0.0	0.0	0.0	0.0	0.0
spe	889	843	2620.3	2513.665	2566.9825	2780.76	2459.84	2674.81	2352.52	2566.64
los	843	783	2513.665	2400.415	2457.04	2674.81	2352.52	2571.02	2229.81	2452.31
spe	843	842	2513.665	2402.255	2457.96	2674.81	2352.52	2569.39	2235.12	2454.965
spe	842	798	2402.255	2140.29	2271.2725	2569.39	2235.12	2320.21	1960.37	2264.88
los	798	786	2140.29	1731.36	1935.825	2320.21	1960.37	1963.83	1498.89	1909.55
spe	798	797	2140.29	1864.035	2002.1625	2320.21	1960.37	2051.89	1676.18	1998.195
los	797	GCA.002311335.1.Bacteria.Desulfobacterota.B	1864.035	0.0	932.0175	2051.89	1676.18	0.0	0.0	1025.945
spe	797	796	1864.035	1703.52	1783.7775	2051.89	1676.18	1897.12	1509.92	1780.905
los	796	GCA.002238415.1.Bacteria.Desulfobacterota.B	1703.52	0.0	851.76	1897.12	1509.92	0.0	0.0	948.56
spe	796	795	1703.52	1521.62	1612.57	1897.12	1509.92	1718.38	1324.86	1610.99
los	795	794	1521.62	1417.505	1469.5625	1718.38	1324.86	1621.04	1213.97	1466.175
spe	795	791	1521.62	1279.55	1400.585	1718.38	1324.86	1476.89	1082.21	1400.295
los	791	GCA.002050235.1.Bacteria.Desulfobacterota.B	1279.55	0.0	639.775	1476.89	1082.21	0.0	0.0	738.445
hgt	None	dead	0.0	0.0	0.0	0.0	0.0	0.0	0.0	0.0
hgt	1300	GCF.000620305.1.Bacteria.Firmicutes.B	1522.13	0.0	761.065	1724.92	1319.34	0.0	0.0	862.46
los	None	dead	0.0	0.0	0.0	0.0	0.0	0.0	0.0	0.0
hgt	None	dead	0.0	0.0	0.0	0.0	0.0	0.0	0.0	0.0
dup	None	dead	0.0	0.0	0.0	0.0	0.0	0.0	0.0	0.0
hgt	498	GCA.002731375.1.Bacteria.Proteobacteria	1100.442	0.0	550.221	1252.56	948.324	0.0	0.0	626.28
los	None	dead	0.0	0.0	0.0	0.0	0.0	0.0	0.0	0.0
hgt	515	514	1939.7	1792.55	1866.125	2073.68	1805.72	1924.0	1661.1	1867.39
los	None	dead	0.0	0.0	0.0	0.0	0.0	0.0	0.0	0.0
hgt	None	dead	0.0	0.0	0.0	0.0	0.0	0.0	0.0	0.0
dup	None	dead	0.0	0.0	0.0	0.0	0.0	0.0	0.0	0.0
hgt	462	GCF.000315795.1.Bacteria.Proteobacteria	1029.85	0.0	514.925	1187.35	872.35	0.0	0.0	593.675
los	None	dead	0.0	0.0	0.0	0.0	0.0	0.0	0.0	0.0
hgt	552	GCF.001614315.2.Bacteria.Proteobacteria	1355.9	0.0	677.95	1526.56	1185.24	0.0	0.0	763.28
los	None	dead	0.0	0.0	0.0	0.0	0.0	0.0	0.0	0.0
dup	515	514	1939.7	1792.55	1866.125	2073.68	1805.72	1924.0	1661.1	1867.39
spe	515	514	1939.7	1792.55	1866.125	2073.68	1805.72	1924.0	1661.1	1867.39
spe	514	513	1792.55	1728.66	1760.605	1924.0	1661.1	1860.39	1596.93	1760.465
spe	513	483	1728.66	1679.37	1704.015	1860.39	1596.93	1813.87	1544.87	1702.63
los	483	482	1679.37	1587.505	1633.4375	1813.87	1544.87	1722.49	1452.52	1633.195
spe	483	447	1679.37	1537.685	1608.5275	1813.87	1544.87	1679.47	1395.9	1604.885
spe	447	439	1537.685	1378.685	1458.185	1679.47	1395.9	1531.25	1226.12	1452.795
los	439	GCF.001613805.1.Bacteria.Proteobacteria	1378.685	0.0	689.3425	1531.25	1226.12	0.0	0.0	765.625
spe	447	446	1537.685	1337.995	1437.84	1679.47	1395.9	1490.2	1185.79	1432.63
los	446	GCA.002717185.1.Bacteria.Proteobacteria	1337.995	0.0	668.9975	1490.2	1185.79	0.0	0.0	745.1
hgt	None	dead	0.0	0.0	0.0	0.0	0.0	0.0	0.0	0.0
spe	446	445	1337.995	1219.785	1278.89	1490.2	1185.79	1382.11	1057.46	1273.83
los	445	444	1219.785	1051.014	1135.3995	1382.11	1057.46	1222.56	879.468	1130.789
hgt	542	GCA.002631715.1.Bacteria.Proteobacteria	1703.185	0.0	851.5925	1875.52	1530.85	0.0	0.0	937.76
los	None	dead	0.0	0.0	0.0	0.0	0.0	0.0	0.0	0.0
spe	513	512	1728.66	1614.755	1671.7075	1860.39	1596.93	1750.68	1478.83	1669.61
los	512	486	1614.755	1342.71	1478.7325	1750.68	1478.83	1498.9	1186.52	1468.6
dup	512	511	1614.755	1534.63	1574.6925	1750.68	1478.83	1667.04	1402.22	1576.45
spe	512	511	1614.755	1534.63	1574.6925	1750.68	1478.83	1667.04	1402.22	1576.45
los	511	489	1534.63	1174.55	1354.59	1667.04	1402.22	1332.19	1016.91	1341.975
spe	511	510	1534.63	1468.305	1501.4675	1667.04	1402.22	1603.84	1332.77	1499.905
los	510	509	1468.305	1371.54	1419.9225	1603.84	1332.77	1510.17	1232.91	1418.375
spe	510	492	1468.305	1215.16	1341.7325	1603.84	1332.77	1364.8	1065.52	1334.68
los	492	GCF.002798435.1.Bacteria.Proteobacteria	1215.16	0.0	607.58	1364.8	1065.52	0.0	0.0	682.4
spe	512	511	1614.755	1534.63	1574.6925	1750.68	1478.83	1667.04	1402.22	1576.45
spe	511	489	1534.63	1174.55	1354.59	1667.04	1402.22	1332.19	1016.91	1341.975
los	489	GCA.002701885.1.Bacteria.Proteobacteria	1174.55	0.0	587.275	1332.19	1016.91	0.0	0.0	666.095
spe	511	510	1534.63	1468.305	1501.4675	1667.04	1402.22	1603.84	1332.77	1499.905
los	510	509	1468.305	1371.54	1419.9225	1603.84	1332.77	1510.17	1232.91	1418.375
spe	510	492	1468.305	1215.16	1341.7325	1603.84	1332.77	1364.8	1065.52	1334.68
los	492	GCF.900172325.1.Bacteria.Proteobacteria	1215.16	0.0	607.58	1364.8	1065.52	0.0	0.0	682.4
hgt	None	dead	0.0	0.0	0.0	0.0	0.0	0.0	0.0	0.0
hgt	558	GCA.002386945.1.Bacteria.Proteobacteria	1383.43	0.0	691.715	1538.73	1228.13	0.0	0.0	769.365
los	None	dead	0.0	0.0	0.0	0.0	0.0	0.0	0.0	0.0
spe	514	436	1792.55	1682.45	1737.5	1924.0	1661.1	1827.26	1537.64	1730.82
hgt	None	dead	0.0	0.0	0.0	0.0	0.0	0.0	0.0	0.0
hgt	None	dead	0.0	0.0	0.0	0.0	0.0	0.0	0.0	0.0
hgt	454	453	825.9765	706.861	766.41875	984.66	667.293	859.917	553.805	769.2325
los	None	dead	0.0	0.0	0.0	0.0	0.0	0.0	0.0	0.0
spe	454	453	825.9765	706.861	766.41875	984.66	667.293	859.917	553.805	769.2325
hgt	None	dead	0.0	0.0	0.0	0.0	0.0	0.0	0.0	0.0
hgt	598	GCA.002292285.1.Bacteria.Proteobacteria	872.755	0.0	436.3775	1022.28	723.23	0.0	0.0	511.14
los	None	dead	0.0	0.0	0.0	0.0	0.0	0.0	0.0	0.0
dup	None	dead	0.0	0.0	0.0	0.0	0.0	0.0	0.0	0.0
hgt	581	GCA.002868855.1.Bacteria.Proteobacteria	1215.78	0.0	607.89	1373.53	1058.03	0.0	0.0	686.765
los	None	dead	0.0	0.0	0.0	0.0	0.0	0.0	0.0	0.0
dup	None	dead	0.0	0.0	0.0	0.0	0.0	0.0	0.0	0.0
hgt	551	GCA.002746645.1.Bacteria.Proteobacteria	1073.1825	0.0	536.59125	1248.71	897.655	0.0	0.0	624.355
los	None	dead	0.0	0.0	0.0	0.0	0.0	0.0	0.0	0.0
hgt	560	GCA.001735895.1.Bacteria.Proteobacteria	1548.725	0.0	774.3625	1698.95	1398.5	0.0	0.0	849.475
los	None	dead	0.0	0.0	0.0	0.0	0.0	0.0	0.0	0.0
spe	436	435	1682.45	1491.68	1587.065	1827.26	1537.64	1647.81	1335.55	1581.405
hgt	None	dead	0.0	0.0	0.0	0.0	0.0	0.0	0.0	0.0
los	435	434	1491.68	1283.94	1387.81	1647.81	1335.55	1452.9	1114.98	1381.395
hgt	796	GCA.002238415.1.Bacteria.Desulfobacterota.B	1703.52	0.0	851.76	1897.12	1509.92	0.0	0.0	948.56
los	None	dead	0.0	0.0	0.0	0.0	0.0	0.0	0.0	0.0
spe	515	514	1939.7	1792.55	1866.125	2073.68	1805.72	1924.0	1661.1	1867.39
los	514	436	1792.55	1682.45	1737.5	1924.0	1661.1	1827.26	1537.64	1730.82
spe	514	513	1792.55	1728.66	1760.605	1924.0	1661.1	1860.39	1596.93	1760.465
spe	513	483	1728.66	1679.37	1704.015	1860.39	1596.93	1813.87	1544.87	1702.63
spe	483	482	1679.37	1587.505	1633.4375	1813.87	1544.87	1722.49	1452.52	1633.195
los	482	458	1587.505	1466.17	1526.8375	1722.49	1452.52	1610.52	1321.82	1522.155
spe	482	481	1587.505	1510.43	1548.9675	1722.49	1452.52	1645.81	1375.05	1548.77
los	481	480	1510.43	1386.405	1448.4175	1645.81	1375.05	1534.03	1238.78	1442.295
spe	481	469	1510.43	1404.34	1457.385	1645.81	1375.05	1546.78	1261.9	1453.855
los	469	468	1404.34	1227.095	1315.7175	1546.78	1261.9	1373.3	1080.89	1313.835
spe	469	463	1404.34	1268.17	1336.255	1546.78	1261.9	1417.76	1118.58	1332.68
los	463	GCF.002251795.1.Bacteria.Proteobacteria	1268.17	0.0	634.085	1417.76	1118.58	0.0	0.0	708.88
spe	463	462	1268.17	1029.85	1149.01	1417.76	1118.58	1187.35	872.35	1145.055
los	462	GCF.000315795.1.Bacteria.Proteobacteria	1029.85	0.0	514.925	1187.35	872.35	0.0	0.0	593.675
hgt	None	dead	0.0	0.0	0.0	0.0	0.0	0.0	0.0	0.0
hgt	600	GCA.002007425.1.Bacteria.Proteobacteria	1178.33	0.0	589.165	1321.12	1035.54	0.0	0.0	660.56
los	None	dead	0.0	0.0	0.0	0.0	0.0	0.0	0.0	0.0
spe	483	447	1679.37	1537.685	1608.5275	1813.87	1544.87	1679.47	1395.9	1604.885
los	447	439	1537.685	1378.685	1458.185	1679.47	1395.9	1531.25	1226.12	1452.795
spe	447	446	1537.685	1337.995	1437.84	1679.47	1395.9	1490.2	1185.79	1432.63
spe	446	445	1337.995	1219.785	1278.89	1490.2	1185.79	1382.11	1057.46	1273.83
los	445	GCA.002717225.1.Bacteria.Proteobacteria	1219.785	0.0	609.8925	1382.11	1057.46	0.0	0.0	691.055
spe	445	444	1219.785	1051.014	1135.3995	1382.11	1057.46	1222.56	879.468	1130.789
los	444	GCA.002348425.1.Bacteria.Proteobacteria	1051.014	0.0	525.507	1222.56	879.468	0.0	0.0	611.28
hgt	None	dead	0.0	0.0	0.0	0.0	0.0	0.0	0.0	0.0
hgt	434	GCA.002898275.1.Bacteria.Proteobacteria	1283.94	0.0	641.97	1452.9	1114.98	0.0	0.0	726.45
los	None	dead	0.0	0.0	0.0	0.0	0.0	0.0	0.0	0.0
spe	513	512	1728.66	1614.755	1671.7075	1860.39	1596.93	1750.68	1478.83	1669.61
los	512	486	1614.755	1342.71	1478.7325	1750.68	1478.83	1498.9	1186.52	1468.6
spe	512	511	1614.755	1534.63	1574.6925	1750.68	1478.83	1667.04	1402.22	1576.45
los	511	489	1534.63	1174.55	1354.59	1667.04	1402.22	1332.19	1016.91	1341.975
spe	511	510	1534.63	1468.305	1501.4675	1667.04	1402.22	1603.84	1332.77	1499.905
los	510	492	1468.305	1215.16	1341.7325	1603.84	1332.77	1364.8	1065.52	1334.68
spe	510	509	1468.305	1371.54	1419.9225	1603.84	1332.77	1510.17	1232.91	1418.375
spe	509	495	1371.54	1115.4635	1243.50175	1510.17	1232.91	1268.36	962.567	1236.3685
los	495	GCF.003173035.1.Bacteria.Proteobacteria	1115.4635	0.0	557.73175	1268.36	962.567	0.0	0.0	634.18
spe	509	508	1371.54	1248.66	1310.1	1510.17	1232.91	1390.59	1106.73	1308.45
hgt	None	dead	0.0	0.0	0.0	0.0	0.0	0.0	0.0	0.0
los	508	498	1248.66	1100.442	1174.551	1390.59	1106.73	1252.56	948.324	1169.457
hgt	456	GCF.002148795.1.Bacteria.Proteobacteria	1288.015	0.0	644.0075	1439.86	1136.17	0.0	0.0	719.93
los	None	dead	0.0	0.0	0.0	0.0	0.0	0.0	0.0	0.0
spe	508	507	1248.66	1032.028	1140.344	1390.59	1106.73	1172.29	891.766	1141.178
los	507	503	1032.028	904.119	968.0735	1172.29	891.766	1050.27	757.968	965.129
hgt	None	dead	0.0	0.0	0.0	0.0	0.0	0.0	0.0	0.0
hgt	592	GCF.000024725.1.Bacteria.Proteobacteria	1238.975	0.0	619.4875	1390.11	1087.84	0.0	0.0	695.055
los	None	dead	0.0	0.0	0.0	0.0	0.0	0.0	0.0	0.0
spe	507	506	1032.028	986.4985	1009.26325	1172.29	891.766	1134.96	838.037	1005.1635
los	506	GCA.002480495.1.Bacteria.Proteobacteria	986.4985	0.0	493.24925	1134.96	838.037	0.0	0.0	567.48
hgt	None	dead	0.0	0.0	0.0	0.0	0.0	0.0	0.0	0.0
hgt	1288	GCA.002411145.1.Bacteria.Firmicutes.C	1693.72	0.0	846.86	1906.24	1481.2	0.0	0.0	953.12
los	None	dead	0.0	0.0	0.0	0.0	0.0	0.0	0.0	0.0
spe	842	841	2402.255	2321.855	2362.055	2569.39	2235.12	2490.49	2153.22	2361.305
spe	841	840	2321.855	2131.765	2226.81	2490.49	2153.22	2300.85	1962.68	2226.585
los	840	804	2131.765	1962.63	2047.1975	2300.85	1962.68	2181.42	1743.84	2022.345
spe	840	839	2131.765	2043.565	2087.665	2300.85	1962.68	2208.37	1878.76	2089.805
los	839	829	2043.565	1996.235	2019.9	2208.37	1878.76	2158.73	1833.74	2021.055
spe	839	838	2043.565	1875.06	1959.3125	2208.37	1878.76	2045.25	1704.87	1956.62
los	838	834	1875.06	1804.155	1839.6075	2045.25	1704.87	1986.48	1621.83	1833.54
spe	838	837	1875.06	1589.61	1732.335	2045.25	1704.87	1791.58	1387.64	1716.445
los	837	GCA.002309015.1.Bacteria.Myxococcota	1589.61	0.0	794.805	1791.58	1387.64	0.0	0.0	895.79
hgt	None	dead	0.0	0.0	0.0	0.0	0.0	0.0	0.0	0.0
hgt	861	GCA.002327985.1.Bacteria.Desulfobacterota	1594.73	0.0	797.365	1807.63	1381.83	0.0	0.0	903.815
los	None	dead	0.0	0.0	0.0	0.0	0.0	0.0	0.0	0.0
spe	841	801	2321.855	2014.795	2168.325	2490.49	2153.22	2227.16	1802.43	2146.46
los	801	GCA.001797815.1.Bacteria.RBG.13.61.14	2014.795	0.0	1007.3975	2227.16	1802.43	0.0	0.0	1113.58
hgt	None	dead	0.0	0.0	0.0	0.0	0.0	0.0	0.0	0.0
hgt	1227	GCA.003242675.1.Bacteria.Firmicutes.E	1913.92	0.0	956.96	2160.15	1667.69	0.0	0.0	1080.075
los	None	dead	0.0	0.0	0.0	0.0	0.0	0.0	0.0	0.0
dup	None	dead	0.0	0.0	0.0	0.0	0.0	0.0	0.0	0.0
hgt	1068	GCA.002428295.1.Bacteria.Caldisericota	1762.385	0.0	881.1925	2070.1	1454.67	0.0	0.0	1035.05
los	None	dead	0.0	0.0	0.0	0.0	0.0	0.0	0.0	0.0
hgt	1029	GCA.001777915.1.Bacteria.Edwardsbacteria	2028.8	0.0	1014.4	2272.61	1784.99	0.0	0.0	1136.305
los	None	dead	0.0	0.0	0.0	0.0	0.0	0.0	0.0	0.0
dup	1029	GCA.001777915.1.Bacteria.Edwardsbacteria	2028.8	0.0	1014.4	2272.61	1784.99	0.0	0.0	1136.305
hgt	None	dead	0.0	0.0	0.0	0.0	0.0	0.0	0.0	0.0
hgt	251	250	2026.765	1882.555	1954.66	2237.74	1815.79	2092.0	1673.11	1955.425
los	None	dead	0.0	0.0	0.0	0.0	0.0	0.0	0.0	0.0
spe	251	250	2026.765	1882.555	1954.66	2237.74	1815.79	2092.0	1673.11	1955.425
spe	250	249	1882.555	1761.99	1822.2725	2092.0	1673.11	1968.48	1555.5	1823.75
los	249	248	1761.99	1175.891	1468.9405	1968.48	1555.5	1390.74	961.042	1464.761
spe	249	245	1761.99	1672.99	1717.49	1968.48	1555.5	1877.93	1468.05	1718.265
los	245	244	1672.99	1459.21	1566.1	1877.93	1468.05	1673.69	1244.73	1561.33
spe	245	241	1672.99	1514.78	1593.885	1877.93	1468.05	1721.08	1308.48	1593.205
los	241	239	1514.78	1416.94	1465.86	1721.08	1308.48	1628.4	1205.48	1463.28
spe	250	236	1882.555	1711.295	1796.925	2092.0	1673.11	1934.56	1488.03	1790.015
hgt	None	dead	0.0	0.0	0.0	0.0	0.0	0.0	0.0	0.0
los	236	GCA.001800495.1.Bacteria.Elusimicrobiota	1711.295	0.0	855.6475	1934.56	1488.03	0.0	0.0	967.28
hgt	669	GCA.002335385.1.Bacteria.Acidobacteriota	1783.33	0.0	891.665	2057.34	1509.32	0.0	0.0	1028.67
los	None	dead	0.0	0.0	0.0	0.0	0.0	0.0	0.0	0.0
hgt	None	dead	0.0	0.0	0.0	0.0	0.0	0.0	0.0	0.0
hgt	198	GCA.001871015.1.Bacteria.Desantisbacteria	2391.375	0.0	1195.6875	2665.73	2117.02	0.0	0.0	1332.865
los	None	dead	0.0	0.0	0.0	0.0	0.0	0.0	0.0	0.0
hgt	None	dead	0.0	0.0	0.0	0.0	0.0	0.0	0.0	0.0
dup	None	dead	0.0	0.0	0.0	0.0	0.0	0.0	0.0	0.0
hgt	941	GCA.003477045.1.Bacteria.Delongbacteria	2279.38	0.0	1139.69	2492.79	2065.97	0.0	0.0	1246.395
los	None	dead	0.0	0.0	0.0	0.0	0.0	0.0	0.0	0.0
hgt	107	GCA.001717025.1.Archaea.Thermoproteota	1609.36	0.0	804.68	1848.64	1370.08	0.0	0.0	924.32
los	None	dead	0.0	0.0	0.0	0.0	0.0	0.0	0.0	0.0
