event	left_node	right_node	left_date	right_date	midpoint_date	left_date_lower	left_date_upper	right_date_lower	right_date_upper	midpoint_date_all
hgt	276	275	3066.185	2803.71	2934.9475	3264.58	2867.79	3083.32	2524.1	2894.34
spe	1128	1127	3110.52	2984.585	3047.5525	3301.89	2919.15	3182.1	2787.07	3044.48
spe	1127	1113	2984.585	2538.735	2761.66	3182.1	2787.07	2792.1	2285.37	2733.735
los	1113	1112	2538.735	2118.02	2328.3775	2792.1	2285.37	2447.88	1788.16	2290.13
spe	1113	1109	2538.735	2109.385	2324.06	2792.1	2285.37	2401.88	1816.89	2304.495
los	1109	1108	2109.385	1755.285	1932.335	2401.88	1816.89	2042.98	1467.59	1934.735
spe	1127	1126	2984.585	2761.99	2873.2875	3182.1	2787.07	2998.52	2525.46	2853.78
los	1126	1125	2761.99	2539.79	2650.89	2998.52	2525.46	2797.54	2282.04	2640.28
spe	1126	1116	2761.99	2323.38	2542.685	2998.52	2525.46	2645.15	2001.61	2500.065
los	1116	GCA.002435745.1.Bacteria.UBP15	2323.38	0.0	1161.69	2645.15	2001.61	0.0	0.0	1322.575
spe	276	275	3066.185	2803.71	2934.9475	3264.58	2867.79	3083.32	2524.1	2894.34
spe	275	274	2803.71	2054.16	2428.935	3083.32	2524.1	2418.12	1690.2	2386.76
hgt	326	GCF.900129635.1.Bacteria.Planctomycetota	1183.194	0.0	591.597	1405.44	960.948	0.0	0.0	702.72
los	274	GCA.002687025.1.Bacteria.Poribacteria	2054.16	0.0	1027.08	2418.12	1690.2	0.0	0.0	1209.06
hgt	None	dead	0.0	0.0	0.0	0.0	0.0	0.0	0.0	0.0
hgt	825	GCA.003170275.1.Bacteria.Myxococcota	1177.188	0.0	588.594	1364.83	989.546	0.0	0.0	682.415
los	None	dead	0.0	0.0	0.0	0.0	0.0	0.0	0.0	0.0
hgt	None	dead	0.0	0.0	0.0	0.0	0.0	0.0	0.0	0.0
hgt	794	GCA.003161515.1.Bacteria.Desulfobacterota.B	1417.505	0.0	708.7525	1621.04	1213.97	0.0	0.0	810.52
los	None	dead	0.0	0.0	0.0	0.0	0.0	0.0	0.0	0.0
hgt	None	dead	0.0	0.0	0.0	0.0	0.0	0.0	0.0	0.0
hgt	None	dead	0.0	0.0	0.0	0.0	0.0	0.0	0.0	0.0
hgt	668	GCA.001775755.1.Bacteria.Acidobacteriota	1532.235	0.0	766.1175	1800.98	1263.49	0.0	0.0	900.49
los	None	dead	0.0	0.0	0.0	0.0	0.0	0.0	0.0	0.0
hgt	None	dead	0.0	0.0	0.0	0.0	0.0	0.0	0.0	0.0
hgt	107	GCA.003019535.1.Archaea.Thermoproteota	1609.36	0.0	804.68	1848.64	1370.08	0.0	0.0	924.32
los	None	dead	0.0	0.0	0.0	0.0	0.0	0.0	0.0	0.0
hgt	1477	1476	2951.08	2705.185	2828.1325	3128.51	2773.65	2890.77	2519.6	2824.055
hgt	997	996	2492.33	2392.52	2442.425	2661.35	2323.31	2566.0	2219.04	2440.195
spe	997	996	2492.33	2392.52	2442.425	2661.35	2323.31	2566.0	2219.04	2440.195
hgt	None	dead	0.0	0.0	0.0	0.0	0.0	0.0	0.0	0.0
hgt	675	GCA.002789615.1.Bacteria.Acidobacteriota	2161.39	0.0	1080.695	2382.98	1939.8	0.0	0.0	1191.49
los	None	dead	0.0	0.0	0.0	0.0	0.0	0.0	0.0	0.0
spe	996	995	2392.52	2185.82	2289.17	2566.0	2219.04	2369.73	2001.91	2283.955
spe	995	989	2185.82	1901.17	2043.495	2369.73	2001.91	2106.56	1695.78	2032.755
los	989	987	1901.17	1549.045	1725.1075	2106.56	1695.78	1774.03	1324.06	1715.31
spe	995	994	2185.82	2025.62	2105.72	2369.73	2001.91	2232.44	1818.8	2094.265
los	994	GCA.001304035.1.Bacteria.SM23.31	2025.62	0.0	1012.81	2232.44	1818.8	0.0	0.0	1116.22
spe	994	992	2025.62	1675.73	1850.675	2232.44	1818.8	1903.04	1448.42	1840.43
los	992	GCA.002049825.1.Bacteria.Calditrichota	1675.73	0.0	837.865	1903.04	1448.42	0.0	0.0	951.52
spe	996	984	2392.52	2310.69	2351.605	2566.0	2219.04	2486.56	2134.82	2350.41
hgt	None	dead	0.0	0.0	0.0	0.0	0.0	0.0	0.0	0.0
los	984	950	2310.69	1845.34	2078.015	2486.56	2134.82	2039.03	1651.65	2069.105
hgt	1678	GCF.000017845.1.Bacteria.Cyanobacteria	881.825	0.0	440.9125	1106.31	657.34	0.0	0.0	553.155
los	None	dead	0.0	0.0	0.0	0.0	0.0	0.0	0.0	0.0
spe	984	983	2310.69	2109.45	2210.07	2486.56	2134.82	2288.54	1930.36	2208.46
hgt	None	dead	0.0	0.0	0.0	0.0	0.0	0.0	0.0	0.0
los	983	982	2109.45	1868.295	1988.8725	2288.54	1930.36	2047.24	1689.35	1988.945
hgt	282	GCF.900105685.1.Bacteria.Verrucomicrobiota	1352.755	0.0	676.3775	1605.89	1099.62	0.0	0.0	802.945
los	None	dead	0.0	0.0	0.0	0.0	0.0	0.0	0.0	0.0
spe	983	967	2109.45	1788.815	1949.1325	2288.54	1930.36	1981.03	1596.6	1942.57
hgt	612	GCF.003612015.1.Bacteria.Proteobacteria	1154.76	0.0	577.38	1302.07	1007.45	0.0	0.0	651.035
los	967	GCF.000013045.1.Bacteria.Bacteroidota	1788.815	0.0	894.4075	1981.03	1596.6	0.0	0.0	990.515
hgt	514	513	1792.55	1728.66	1760.605	1924.0	1661.1	1860.39	1596.93	1760.465
spe	967	966	1788.815	1413.085	1600.95	1981.03	1596.6	1615.79	1210.38	1595.705
spe	966	965	1413.085	1194.08	1303.5825	1615.79	1210.38	1381.47	1006.69	1311.24
los	965	964	1194.08	1047.5345	1120.80725	1381.47	1006.69	1230.36	864.709	1123.0895
spe	965	955	1194.08	1061.248	1127.664	1381.47	1006.69	1249.77	872.726	1127.098
los	955	GCA.001769655.1.Bacteria.Bacteroidota	1061.248	0.0	530.624	1249.77	872.726	0.0	0.0	624.885
dup	955	GCF.001280305.1.Bacteria.Bacteroidota	1061.248	0.0	530.624	1249.77	872.726	0.0	0.0	624.885
hgt	568	GCA.002862435.1.Bacteria.Proteobacteria	1421.955	0.0	710.9775	1583.57	1260.34	0.0	0.0	791.785
hgt	849	GCF.000266945.1.Bacteria.Desulfobacterota	1883.095	0.0	941.5475	2117.85	1648.34	0.0	0.0	1058.925
hgt	1667	GCA.003503675.1.Bacteria.Cyanobacteria	2867.145	0.0	1433.5725	3021.27	2713.02	0.0	0.0	1510.635
hgt	1695	GCF.000020025.1.Bacteria.Cyanobacteria	877.811	0.0	438.9055	1063.17	692.452	0.0	0.0	531.585
hgt	1119	GCF.002973605.1.Bacteria.Armatimonadota	1968.115	0.0	984.0575	2280.74	1655.49	0.0	0.0	1140.37
dup	1695	GCF.000020025.1.Bacteria.Cyanobacteria	877.811	0.0	438.9055	1063.17	692.452	0.0	0.0	531.585
spe	514	513	1792.55	1728.66	1760.605	1924.0	1661.1	1860.39	1596.93	1760.465
spe	513	512	1728.66	1614.755	1671.7075	1860.39	1596.93	1750.68	1478.83	1669.61
los	512	511	1614.755	1534.63	1574.6925	1750.68	1478.83	1667.04	1402.22	1576.45
spe	512	486	1614.755	1342.71	1478.7325	1750.68	1478.83	1498.9	1186.52	1468.6
hgt	467	GCF.003258945.1.Bacteria.Proteobacteria	1071.506	0.0	535.753	1222.83	920.182	0.0	0.0	611.415
spe	513	483	1728.66	1679.37	1704.015	1860.39	1596.93	1813.87	1544.87	1702.63
hgt	1167	1166	2045.68	1407.48	1726.58	2266.85	1824.51	1631.42	1183.54	1725.195
spe	483	482	1679.37	1587.505	1633.4375	1813.87	1544.87	1722.49	1452.52	1633.195
spe	482	481	1587.505	1510.43	1548.9675	1722.49	1452.52	1645.81	1375.05	1548.77
los	481	480	1510.43	1386.405	1448.4175	1645.81	1375.05	1534.03	1238.78	1442.295
spe	481	469	1510.43	1404.34	1457.385	1645.81	1375.05	1546.78	1261.9	1453.855
los	469	463	1404.34	1268.17	1336.255	1546.78	1261.9	1417.76	1118.58	1332.68
spe	469	468	1404.34	1227.095	1315.7175	1546.78	1261.9	1373.3	1080.89	1313.835
los	468	467	1227.095	1071.506	1149.3005	1373.3	1080.89	1222.83	920.182	1146.741
spe	482	458	1587.505	1466.17	1526.8375	1722.49	1452.52	1610.52	1321.82	1522.155
spe	458	456	1466.17	1288.015	1377.0925	1610.52	1321.82	1439.86	1136.17	1373.345
los	456	GCF.002148795.1.Bacteria.Proteobacteria	1288.015	0.0	644.0075	1439.86	1136.17	0.0	0.0	719.93
spe	456	455	1288.015	945.418	1116.7165	1439.86	1136.17	1105.62	785.216	1112.538
los	455	454	945.418	825.9765	885.69725	1105.62	785.216	984.66	667.293	886.4565
hgt	503	GCA.002280485.1.Bacteria.Proteobacteria	904.119	0.0	452.0595	1050.27	757.968	0.0	0.0	525.135
los	458	GCA.002340345.1.Bacteria.Proteobacteria	1466.17	0.0	733.085	1610.52	1321.82	0.0	0.0	805.26
spe	1167	1166	2045.68	1407.48	1726.58	2266.85	1824.51	1631.42	1183.54	1725.195
spe	1166	1165	1407.48	1265.28	1336.38	1631.42	1183.54	1482.81	1047.75	1339.585
spe	1165	1164	1265.28	1123.5635	1194.42175	1482.81	1047.75	1339.29	907.837	1195.3235
los	1164	1163	1123.5635	951.694	1037.62875	1339.29	907.837	1153.97	749.418	1044.354
spe	1164	1160	1123.5635	971.4955	1047.5295	1339.29	907.837	1182.5	760.491	1049.8905
los	1160	GCF.000015025.1.Bacteria.Actinobacteriota	971.4955	0.0	485.74775	1182.5	760.491	0.0	0.0	591.25
spe	1160	1158	971.4955	864.931	918.21325	1182.5	760.491	1069.94	659.922	921.211
los	1158	GCF.900106035.1.Bacteria.Actinobacteriota	864.931	0.0	432.4655	1069.94	659.922	0.0	0.0	534.97
spe	1165	1155	1265.28	1138.4215	1201.85075	1482.81	1047.75	1351.51	925.333	1204.0715
los	1155	1154	1138.4215	863.8915	1001.1565	1351.51	925.333	1069.86	657.923	1004.7165
dup	1155	GCF.003443735.1.Bacteria.Actinobacteriota	1138.4215	0.0	569.21075	1351.51	925.333	0.0	0.0	675.755
hgt	None	dead	0.0	0.0	0.0	0.0	0.0	0.0	0.0	0.0
los	483	447	1679.37	1537.685	1608.5275	1813.87	1544.87	1679.47	1395.9	1604.885
hgt	1166	1165	1407.48	1265.28	1336.38	1631.42	1183.54	1482.81	1047.75	1339.585
los	None	dead	0.0	0.0	0.0	0.0	0.0	0.0	0.0	0.0
spe	1166	1165	1407.48	1265.28	1336.38	1631.42	1183.54	1482.81	1047.75	1339.585
spe	1165	1155	1265.28	1138.4215	1201.85075	1482.81	1047.75	1351.51	925.333	1204.0715
los	1155	1154	1138.4215	863.8915	1001.1565	1351.51	925.333	1069.86	657.923	1004.7165
spe	1165	1164	1265.28	1123.5635	1194.42175	1482.81	1047.75	1339.29	907.837	1195.3235
spe	1164	1160	1123.5635	971.4955	1047.5295	1339.29	907.837	1182.5	760.491	1049.8905
los	1160	GCF.000015025.1.Bacteria.Actinobacteriota	971.4955	0.0	485.74775	1182.5	760.491	0.0	0.0	591.25
spe	1160	1158	971.4955	864.931	918.21325	1182.5	760.491	1069.94	659.922	921.211
los	1158	GCF.900106035.1.Bacteria.Actinobacteriota	864.931	0.0	432.4655	1069.94	659.922	0.0	0.0	534.97
hgt	403	GCF.900177345.1.Bacteria.Proteobacteria	2470.89	0.0	1235.445	2681.53	2260.25	0.0	0.0	1340.765
los	1164	1163	1123.5635	951.694	1037.62875	1339.29	907.837	1153.97	749.418	1044.354
hgt	None	dead	0.0	0.0	0.0	0.0	0.0	0.0	0.0	0.0
hgt	1226	GCA.003242195.1.Bacteria.Firmicutes.E	1761.44	0.0	880.72	2030.25	1492.63	0.0	0.0	1015.125
los	None	dead	0.0	0.0	0.0	0.0	0.0	0.0	0.0	0.0
spe	1477	1476	2951.08	2705.185	2828.1325	3128.51	2773.65	2890.77	2519.6	2824.055
spe	1476	1475	2705.185	2571.35	2638.2675	2890.77	2519.6	2771.01	2371.69	2631.23
los	1475	1474	2571.35	2422.145	2496.7475	2771.01	2371.69	2641.91	2202.38	2486.695
spe	1475	1463	2571.35	2342.68	2457.015	2771.01	2371.69	2569.78	2115.58	2443.295
los	1463	1457	2342.68	1912.015	2127.3475	2569.78	2115.58	2189.96	1634.07	2101.925
spe	1463	1462	2342.68	2240.595	2291.6375	2569.78	2115.58	2485.08	1996.11	2282.945
los	1462	1461	2240.595	1858.39	2049.4925	2485.08	1996.11	2155.55	1561.23	2023.155
spe	1476	1454	2705.185	2138.89	2422.0375	2890.77	2519.6	2343.0	1934.78	2412.775
spe	1454	1453	2138.89	2041.27	2090.08	2343.0	1934.78	2251.3	1831.24	2087.12
los	1453	1449	2041.27	1825.905	1933.5875	2251.3	1831.24	2055.21	1596.6	1923.95
spe	1453	1452	2041.27	1560.03	1800.65	2251.3	1831.24	1846.56	1273.5	1762.4
los	1452	GCA.002423325.1.Bacteria.Chloroflexota	1560.03	0.0	780.015	1846.56	1273.5	0.0	0.0	923.28
hgt	None	dead	0.0	0.0	0.0	0.0	0.0	0.0	0.0	0.0
los	1454	1446	2138.89	1892.56	2015.725	2343.0	1934.78	2094.3	1690.82	2016.91
hgt	1087	GCA.001778455.1.Bacteria.Bipolaricaulota	1296.36	0.0	648.18	1574.11	1018.61	0.0	0.0	787.055
los	None	dead	0.0	0.0	0.0	0.0	0.0	0.0	0.0	0.0
dup	None	dead	0.0	0.0	0.0	0.0	0.0	0.0	0.0	0.0
hgt	709	GCA.003223145.1.Bacteria.Acidobacteriota	1543.01	0.0	771.505	1779.22	1306.8	0.0	0.0	889.61
los	None	dead	0.0	0.0	0.0	0.0	0.0	0.0	0.0	0.0
hgt	994	GCA.001304035.1.Bacteria.SM23.31	2025.62	0.0	1012.81	2232.44	1818.8	0.0	0.0	1116.22
los	None	dead	0.0	0.0	0.0	0.0	0.0	0.0	0.0	0.0
