event	left_node	right_node	left_date	right_date	midpoint_date	left_date_lower	left_date_upper	right_date_lower	right_date_upper	midpoint_date_all
spe	1725	1724	3726.035	3611.965	3669.0	3848.26	3603.81	3732.72	3491.21	3669.735
spe	1724	1723	3611.965	3457.54	3534.7525	3732.72	3491.21	3575.54	3339.54	3536.13
los	1723	1657	3457.54	3284.32	3370.93	3575.54	3339.54	3430.31	3138.33	3356.935
spe	1723	1722	3457.54	3243.33	3350.435	3575.54	3339.54	3359.45	3127.21	3351.375
spe	1722	1664	3243.33	2786.595	3014.9625	3359.45	3127.21	2973.04	2600.15	2979.8
spe	1664	1663	2786.595	2465.64	2626.1175	2973.04	2600.15	2722.63	2208.65	2590.845
los	1663	GCA.001784555.1.Bacteria.Cyanobacteria	2465.64	0.0	1232.82	2722.63	2208.65	0.0	0.0	1361.315
spe	1664	1660	2786.595	2421.455	2604.025	2973.04	2600.15	2681.38	2161.53	2567.285
hgt	None	dead	0.0	0.0	0.0	0.0	0.0	0.0	0.0	0.0
hgt	168	167	1203.215	1031.0195	1117.11725	1278.55	1127.88	1134.18	927.859	1103.2045
los	None	dead	0.0	0.0	0.0	0.0	0.0	0.0	0.0	0.0
spe	168	167	1203.215	1031.0195	1117.11725	1278.55	1127.88	1134.18	927.859	1103.2045
hgt	170	GCA.000189635.1.Eukaryota.Ciliophora	1385.215	0.0	692.6075	1476.14	1294.29	0.0	0.0	738.07
spe	167	166	1031.0195	815.5625	923.291	1134.18	927.859	940.789	690.336	912.258
spe	166	165	815.5625	570.5515	693.057	940.789	690.336	716.091	425.012	682.9005
hgt	967	966	1788.815	1413.085	1600.95	1981.03	1596.6	1615.79	1210.38	1595.705
los	1660	GCA.900313115.1.Bacteria.Cyanobacteria	2421.455	0.0	1210.7275	2681.38	2161.53	0.0	0.0	1340.69
hgt	None	dead	0.0	0.0	0.0	0.0	0.0	0.0	0.0	0.0
hgt	930	GCA.002449765.1.Bacteria.Fibrobacterota	1384.095	0.0	692.0475	1646.95	1121.24	0.0	0.0	823.475
los	None	dead	0.0	0.0	0.0	0.0	0.0	0.0	0.0	0.0
spe	967	966	1788.815	1413.085	1600.95	1981.03	1596.6	1615.79	1210.38	1595.705
hgt	961	GCA.001769385.1.Bacteria.Bacteroidota	648.9575	0.0	324.47875	800.436	497.479	0.0	0.0	400.218
hgt	775	GCA.001797335.1.Bacteria.Bdellovibrionota.E	1808.405	0.0	904.2025	2005.79	1611.02	0.0	0.0	1002.895
spe	966	965	1413.085	1194.08	1303.5825	1615.79	1210.38	1381.47	1006.69	1311.24
hgt	767	GCA.002796325.1.Bacteria.UBA10199	1544.31	0.0	772.155	1743.72	1344.9	0.0	0.0	871.86
los	965	964	1194.08	1047.5345	1120.80725	1381.47	1006.69	1230.36	864.709	1123.0895
spe	965	955	1194.08	1061.248	1127.664	1381.47	1006.69	1249.77	872.726	1127.098
hgt	288	GCA.002382525.1.Bacteria.Verrucomicrobiota	1623.24	0.0	811.62	1880.16	1366.32	0.0	0.0	940.08
los	955	GCA.001769655.1.Bacteria.Bacteroidota	1061.248	0.0	530.624	1249.77	872.726	0.0	0.0	624.885
hgt	293	GCA.002429065.1.Bacteria.Verrucomicrobiota	1814.28	0.0	907.14	2062.54	1566.02	0.0	0.0	1031.27
dup	293	GCA.002429065.1.Bacteria.Verrucomicrobiota	1814.28	0.0	907.14	2062.54	1566.02	0.0	0.0	1031.27
hgt	None	dead	0.0	0.0	0.0	0.0	0.0	0.0	0.0	0.0
spe	1722	1721	3243.33	3160.365	3201.8475	3359.45	3127.21	3276.84	3043.89	3201.67
spe	1721	1720	3160.365	2612.48	2886.4225	3276.84	3043.89	2696.4	2528.56	2902.7
hgt	None	dead	0.0	0.0	0.0	0.0	0.0	0.0	0.0	0.0
spe	1720	1719	2612.48	2501.03	2556.755	2696.4	2528.56	2593.62	2408.44	2552.42
spe	1719	1718	2501.03	2361.38	2431.205	2593.62	2408.44	2453.23	2269.53	2431.575
spe	1718	1717	2361.38	2144.885	2253.1325	2453.23	2269.53	2273.85	2015.92	2234.575
los	1717	1716	2144.885	1743.295	1944.09	2273.85	2015.92	1898.83	1587.76	1930.805
spe	1718	1704	2361.38	2246.435	2303.9075	2453.23	2269.53	2332.27	2160.6	2306.915
los	1704	1672	2246.435	1997.32	2121.8775	2332.27	2160.6	2145.69	1848.95	2090.61
spe	1704	1703	2246.435	2154.635	2200.535	2332.27	2160.6	2238.99	2070.28	2201.275
spe	1703	1679	2154.635	1817.625	1986.13	2238.99	2070.28	1965.65	1669.6	1954.295
spe	1679	1678	1817.625	881.825	1349.725	1965.65	1669.6	1106.31	657.34	1311.495
los	1678	1676	881.825	239.787	560.806	1106.31	657.34	341.05	138.524	622.417
spe	1703	1702	2154.635	2080.605	2117.62	2238.99	2070.28	2162.02	1999.19	2119.09
los	1702	GCF.003838225.1.Bacteria.Cyanobacteria	2080.605	0.0	1040.3025	2162.02	1999.19	0.0	0.0	1081.01
dup	1702	1701	2080.605	2039.37	2059.9875	2162.02	1999.19	2114.89	1963.85	2062.935
spe	1702	1701	2080.605	2039.37	2059.9875	2162.02	1999.19	2114.89	1963.85	2062.935
spe	1701	1685	2039.37	1871.67	1955.52	2114.89	1963.85	1986.88	1756.46	1935.675
los	1685	GCF.000018105.1.Bacteria.Cyanobacteria	1871.67	0.0	935.835	1986.88	1756.46	0.0	0.0	993.44
spe	1685	1684	1871.67	1655.535	1763.6025	1986.88	1756.46	1804.69	1506.38	1746.63
los	1684	GCF.000316115.1.Bacteria.Cyanobacteria	1655.535	0.0	827.7675	1804.69	1506.38	0.0	0.0	902.345
spe	1701	1700	2039.37	1958.955	1999.1625	2114.89	1963.85	2030.15	1887.76	2001.325
los	1700	1688	1958.955	1633.475	1796.215	2030.15	1887.76	1770.82	1496.13	1763.14
spe	1700	1699	1958.955	1903.47	1931.2125	2030.15	1887.76	1968.87	1838.07	1934.11
los	1699	1698	1903.47	1614.69	1759.08	1968.87	1838.07	1629.18	1600.2	1784.535
spe	1702	1701	2080.605	2039.37	2059.9875	2162.02	1999.19	2114.89	1963.85	2062.935
spe	1701	1685	2039.37	1871.67	1955.52	2114.89	1963.85	1986.88	1756.46	1935.675
spe	1685	1684	1871.67	1655.535	1763.6025	1986.88	1756.46	1804.69	1506.38	1746.63
los	1684	GCA.001698445.1.Bacteria.Cyanobacteria	1655.535	0.0	827.7675	1804.69	1506.38	0.0	0.0	902.345
hgt	1702	GCF.003838225.1.Bacteria.Cyanobacteria	2080.605	0.0	1040.3025	2162.02	1999.19	0.0	0.0	1081.01
spe	1701	1700	2039.37	1958.955	1999.1625	2114.89	1963.85	2030.15	1887.76	2001.325
spe	1700	1699	1958.955	1903.47	1931.2125	2030.15	1887.76	1968.87	1838.07	1934.11
los	1699	GCF.000317045.1.Bacteria.Cyanobacteria	1903.47	0.0	951.735	1968.87	1838.07	0.0	0.0	984.435
spe	1699	1698	1903.47	1614.69	1759.08	1968.87	1838.07	1629.18	1600.2	1784.535
los	1698	1692	1614.69	177.05465	895.87233	1629.18	1600.2	285.411	68.6983	848.93915
spe	1698	1697	1614.69	1292.96	1453.825	1629.18	1600.2	1415.06	1170.86	1400.02
spe	1697	1695	1292.96	877.811	1085.3855	1415.06	1170.86	1063.17	692.452	1053.756
los	1695	Nostoc.sp.PCC7120	877.811	0.0	438.9055	1063.17	692.452	0.0	0.0	531.585
spe	1700	1688	1958.955	1633.475	1796.215	2030.15	1887.76	1770.82	1496.13	1763.14
hgt	1672	GCF.002251945.1.Bacteria.Cyanobacteria	1997.32	0.0	998.66	2145.69	1848.95	0.0	0.0	1072.845
hgt	840	839	2131.765	2043.565	2087.665	2300.85	1962.68	2208.37	1878.76	2089.805
los	None	dead	0.0	0.0	0.0	0.0	0.0	0.0	0.0	0.0
spe	840	839	2131.765	2043.565	2087.665	2300.85	1962.68	2208.37	1878.76	2089.805
spe	839	838	2043.565	1875.06	1959.3125	2208.37	1878.76	2045.25	1704.87	1956.62
los	838	837	1875.06	1589.61	1732.335	2045.25	1704.87	1791.58	1387.64	1716.445
spe	838	834	1875.06	1804.155	1839.6075	2045.25	1704.87	1986.48	1621.83	1833.54
los	834	GCA.001798605.1.Bacteria.Myxococcota	1804.155	0.0	902.0775	1986.48	1621.83	0.0	0.0	993.24
spe	834	832	1804.155	1570.54	1687.3475	1986.48	1621.83	1770.5	1370.58	1678.53
los	832	GCA.002696345.1.Bacteria.Myxococcota	1570.54	0.0	785.27	1770.5	1370.58	0.0	0.0	885.25
spe	839	829	2043.565	1996.235	2019.9	2208.37	1878.76	2158.73	1833.74	2021.055
los	829	828	1996.235	1753.18	1874.7075	2158.73	1833.74	1925.68	1580.68	1869.705
spe	829	817	1996.235	1842.425	1919.33	2158.73	1833.74	2008.5	1676.35	1917.54
spe	817	816	1842.425	1315.445	1578.935	2008.5	1676.35	1517.68	1113.21	1560.855
los	816	GCA.002724675.1.Bacteria.Myxococcota.A	1315.445	0.0	657.7225	1517.68	1113.21	0.0	0.0	758.84
spe	817	813	1842.425	1701.895	1772.16	2008.5	1676.35	1867.35	1536.44	1772.47
los	813	807	1701.895	1480.85	1591.3725	1867.35	1536.44	1670.67	1291.03	1579.19
spe	813	812	1701.895	1577.595	1639.745	1867.35	1536.44	1758.46	1396.73	1632.04
los	812	GCA.002863065.1.Bacteria.Myxococcota	1577.595	0.0	788.7975	1758.46	1396.73	0.0	0.0	879.23
spe	812	811	1577.595	1395.975	1486.785	1758.46	1396.73	1585.0	1206.95	1482.705
los	811	GCA.002726535.1.Bacteria.Myxococcota	1395.975	0.0	697.9875	1585.0	1206.95	0.0	0.0	792.5
hgt	None	dead	0.0	0.0	0.0	0.0	0.0	0.0	0.0	0.0
los	1721	1667	3160.365	2867.145	3013.755	3276.84	3043.89	3021.27	2713.02	2994.93
hgt	1169	1168	2330.49	2240.195	2285.3425	2541.69	2119.29	2457.79	2022.6	2282.145
hgt	1113	1109	2538.735	2109.385	2324.06	2792.1	2285.37	2401.88	1816.89	2304.495
hgt	1041	GCA.002686955.1.Bacteria.Gemmatimonadota.A	2636.74	0.0	1318.37	2813.51	2459.97	0.0	0.0	1406.755
hgt	326	GCA.002404095.1.Bacteria.Planctomycetota	1183.194	0.0	591.597	1405.44	960.948	0.0	0.0	702.72
hgt	244	GCA.001800095.1.Bacteria.Elusimicrobiota	1459.21	0.0	729.605	1673.69	1244.73	0.0	0.0	836.845
los	None	dead	0.0	0.0	0.0	0.0	0.0	0.0	0.0	0.0
hgt	983	982	2109.45	1868.295	1988.8725	2288.54	1930.36	2047.24	1689.35	1988.945
hgt	None	dead	0.0	0.0	0.0	0.0	0.0	0.0	0.0	0.0
hgt	1439	GCF.900187885.1.Bacteria.Chloroflexota	1503.92	0.0	751.96	1702.99	1304.85	0.0	0.0	851.495
los	None	dead	0.0	0.0	0.0	0.0	0.0	0.0	0.0	0.0
spe	983	982	2109.45	1868.295	1988.8725	2288.54	1930.36	2047.24	1689.35	1988.945
spe	982	981	1868.295	1743.505	1805.9	2047.24	1689.35	1935.86	1551.15	1799.195
los	981	GCA.003158365.1.Bacteria.Bacteroidota	1743.505	0.0	871.7525	1935.86	1551.15	0.0	0.0	967.93
spe	981	980	1743.505	1620.97	1682.2375	1935.86	1551.15	1806.12	1435.82	1685.84
los	980	972	1620.97	1270.04	1445.505	1806.12	1435.82	1470.78	1069.3	1437.71
spe	980	979	1620.97	1509.38	1565.175	1806.12	1435.82	1695.99	1322.77	1564.445
los	979	978	1509.38	1386.395	1447.8875	1695.99	1322.77	1578.79	1194.0	1444.995
spe	1113	1109	2538.735	2109.385	2324.06	2792.1	2285.37	2401.88	1816.89	2304.495
spe	1109	1108	2109.385	1755.285	1932.335	2401.88	1816.89	2042.98	1467.59	1934.735
los	1108	GCA.002431715.1.Bacteria.Armatimonadota	1755.285	0.0	877.6425	2042.98	1467.59	0.0	0.0	1021.49
spe	1108	1106	1755.285	1625.995	1690.64	2042.98	1467.59	1906.9	1345.09	1694.035
los	1106	GCA.003134215.1.Bacteria.Armatimonadota	1625.995	0.0	812.9975	1906.9	1345.09	0.0	0.0	953.45
hgt	692	GCA.003140235.1.Bacteria.Acidobacteriota	1105.2925	0.0	552.64625	1299.2	911.385	0.0	0.0	649.6
hgt	None	dead	0.0	0.0	0.0	0.0	0.0	0.0	0.0	0.0
hgt	692	GCA.003152325.1.Bacteria.Acidobacteriota	1105.2925	0.0	552.64625	1299.2	911.385	0.0	0.0	649.6
los	None	dead	0.0	0.0	0.0	0.0	0.0	0.0	0.0	0.0
spe	1169	1168	2330.49	2240.195	2285.3425	2541.69	2119.29	2457.79	2022.6	2282.145
spe	1168	1148	2240.195	1798.435	2019.315	2457.79	2022.6	2044.72	1552.15	2004.97
los	1148	GCA.003021615.1.Bacteria.Actinobacteriota	1798.435	0.0	899.2175	2044.72	1552.15	0.0	0.0	1022.36
spe	1168	1167	2240.195	2045.68	2142.9375	2457.79	2022.6	2266.85	1824.51	2141.15
los	1167	GCA.002413185.1.Bacteria.Actinobacteriota	2045.68	0.0	1022.84	2266.85	1824.51	0.0	0.0	1133.425
spe	1167	1166	2045.68	1407.48	1726.58	2266.85	1824.51	1631.42	1183.54	1725.195
spe	1166	1165	1407.48	1265.28	1336.38	1631.42	1183.54	1482.81	1047.75	1339.585
spe	1165	1164	1265.28	1123.5635	1194.42175	1482.81	1047.75	1339.29	907.837	1195.3235
spe	1164	1163	1123.5635	951.694	1037.62875	1339.29	907.837	1153.97	749.418	1044.354
los	1163	GCA.001437855.1.Bacteria.Actinobacteriota	951.694	0.0	475.847	1153.97	749.418	0.0	0.0	576.985
spe	1164	1160	1123.5635	971.4955	1047.5295	1339.29	907.837	1182.5	760.491	1049.8905
los	1160	GCF.000015025.1.Bacteria.Actinobacteriota	971.4955	0.0	485.74775	1182.5	760.491	0.0	0.0	591.25
spe	1160	1158	971.4955	864.931	918.21325	1182.5	760.491	1069.94	659.922	921.211
spe	1165	1155	1265.28	1138.4215	1201.85075	1482.81	1047.75	1351.51	925.333	1204.0715
spe	1155	1154	1138.4215	863.8915	1001.1565	1351.51	925.333	1069.86	657.923	1004.7165
los	1154	GCF.001591405.1.Bacteria.Actinobacteria	863.8915	0.0	431.94575	1069.86	657.923	0.0	0.0	534.93
hgt	1160	GCF.000015025.1.Bacteria.Actinobacteriota	971.4955	0.0	485.74775	1182.5	760.491	0.0	0.0	591.25
hgt	1022	1021	2556.01	2172.51	2364.26	2747.81	2364.21	2411.97	1933.05	2340.43
los	None	dead	0.0	0.0	0.0	0.0	0.0	0.0	0.0	0.0
spe	1022	1021	2556.01	2172.51	2364.26	2747.81	2364.21	2411.97	1933.05	2340.43
hgt	None	dead	0.0	0.0	0.0	0.0	0.0	0.0	0.0	0.0
spe	1021	1020	2172.51	1596.025	1884.2675	2411.97	1933.05	1872.6	1319.45	1865.71
los	1020	GCA.003235575.1.Bacteria.Eisenbacteria	1596.025	0.0	798.0125	1872.6	1319.45	0.0	0.0	936.3
hgt	926	924	2323.795	1818.875	2071.335	2580.04	2067.55	2151.84	1485.91	2032.975
hgt	48	GCA.003009755.1.Archaea.Thermoplasmatota	1706.4	0.0	853.2	1899.92	1512.88	0.0	0.0	949.96
hgt	702	GCA.003223635.1.Bacteria.Acidobacteriota	1307.095	0.0	653.5475	1523.49	1090.7	0.0	0.0	761.745
los	None	dead	0.0	0.0	0.0	0.0	0.0	0.0	0.0	0.0
hgt	967	GCF.000013045.1.Bacteria.Bacteroidota	1788.815	0.0	894.4075	1981.03	1596.6	0.0	0.0	990.515
spe	926	924	2323.795	1818.875	2071.335	2580.04	2067.55	2151.84	1485.91	2032.975
dup	924	GCA.003221825.1.Bacteria.Gemmatimonadota	1818.875	0.0	909.4375	2151.84	1485.91	0.0	0.0	1075.92
hgt	711	GCA.001664505.1.Bacteria.Acidobacteriota	1840.1	0.0	920.05	2042.75	1637.45	0.0	0.0	1021.375
hgt	None	dead	0.0	0.0	0.0	0.0	0.0	0.0	0.0	0.0
hgt	1226	GCA.003242195.1.Bacteria.Firmicutes.E	1761.44	0.0	880.72	2030.25	1492.63	0.0	0.0	1015.125
los	None	dead	0.0	0.0	0.0	0.0	0.0	0.0	0.0	0.0
spe	1724	1642	3611.965	3511.74	3561.8525	3732.72	3491.21	3641.83	3381.65	3557.185
los	1642	1641	3511.74	3146.265	3329.0025	3641.83	3381.65	3319.13	2973.4	3307.615
hgt	None	dead	0.0	0.0	0.0	0.0	0.0	0.0	0.0	0.0
hgt	265	GCA.003290465.1.Bacteria.Sumerlaeota	1925.84	0.0	962.92	2272.12	1579.56	0.0	0.0	1136.06
hgt	804	GCA.003247575.1.Bacteria.Myxococcota.A	1962.63	0.0	981.315	2181.42	1743.84	0.0	0.0	1090.71
los	None	dead	0.0	0.0	0.0	0.0	0.0	0.0	0.0	0.0
dup	1642	1478	3511.74	3209.465	3360.6025	3641.83	3381.65	3376.81	3042.12	3341.975
hgt	None	dead	0.0	0.0	0.0	0.0	0.0	0.0	0.0	0.0
hgt	None	dead	0.0	0.0	0.0	0.0	0.0	0.0	0.0	0.0
hgt	651	650	2202.31	2111.655	2156.9825	2336.11	2068.51	2245.39	1977.92	2157.015
los	None	dead	0.0	0.0	0.0	0.0	0.0	0.0	0.0	0.0
spe	651	650	2202.31	2111.655	2156.9825	2336.11	2068.51	2245.39	1977.92	2157.015
spe	650	536	2111.655	1835.635	1973.645	2245.39	1977.92	2001.99	1669.28	1957.335
los	536	GCF.900111015.1.Bacteria.Proteobacteria	1835.635	0.0	917.8175	2001.99	1669.28	0.0	0.0	1000.995
spe	650	649	2111.655	2046.605	2079.13	2245.39	1977.92	2179.57	1913.64	2079.515
los	649	543	2046.605	1880.315	1963.46	2179.57	1913.64	2032.2	1728.43	1954.0
spe	649	648	2046.605	1974.705	2010.655	2179.57	1913.64	2104.7	1844.71	2012.14
spe	648	562	1974.705	1813.695	1894.2	2104.7	1844.71	1949.37	1678.02	1891.36
spe	562	546	1813.695	1450.69	1632.1925	1949.37	1678.02	1616.84	1284.54	1616.955
los	546	GCA.002747435.1.Bacteria.Proteobacteria	1450.69	0.0	725.345	1616.84	1284.54	0.0	0.0	808.42
spe	562	561	1813.695	1737.62	1775.6575	1949.37	1678.02	1874.45	1600.79	1775.08
los	561	553	1737.62	1585.42	1661.52	1874.45	1600.79	1735.79	1435.05	1654.75
spe	561	560	1737.62	1548.725	1643.1725	1874.45	1600.79	1698.95	1398.5	1636.475
los	560	GCA.001735895.1.Bacteria.Proteobacteria	1548.725	0.0	774.3625	1698.95	1398.5	0.0	0.0	849.475
spe	560	558	1548.725	1383.43	1466.0775	1698.95	1398.5	1538.73	1228.13	1463.54
spe	558	557	1383.43	1159.506	1271.468	1538.73	1228.13	1333.32	985.692	1262.211
los	557	GCA.002728355.1.Bacteria.Proteobacteria	1159.506	0.0	579.753	1333.32	985.692	0.0	0.0	666.66
spe	648	647	1974.705	1898.035	1936.37	2104.7	1844.71	2027.5	1768.57	1936.635
los	647	571	1898.035	1737.025	1817.53	2027.5	1768.57	1877.08	1596.97	1812.235
dup	647	646	1898.035	1850.35	1874.1925	2027.5	1768.57	1979.31	1721.39	1874.445
dup	647	646	1898.035	1850.35	1874.1925	2027.5	1768.57	1979.31	1721.39	1874.445
spe	647	646	1898.035	1850.35	1874.1925	2027.5	1768.57	1979.31	1721.39	1874.445
spe	646	588	1850.35	1741.465	1795.9075	1979.31	1721.39	1880.38	1602.55	1790.93
los	588	587	1741.465	1367.14	1554.3025	1880.38	1602.55	1518.25	1216.03	1548.205
hgt	None	dead	0.0	0.0	0.0	0.0	0.0	0.0	0.0	0.0
hgt	542	GCA.002631715.1.Bacteria.Proteobacteria	1703.185	0.0	851.5925	1875.52	1530.85	0.0	0.0	937.76
los	None	dead	0.0	0.0	0.0	0.0	0.0	0.0	0.0	0.0
spe	588	576	1741.465	1593.015	1667.24	1880.38	1602.55	1746.04	1439.99	1660.185
los	576	574	1593.015	1337.465	1465.24	1746.04	1439.99	1503.53	1171.4	1458.72
spe	646	645	1850.35	1783.08	1816.715	1979.31	1721.39	1911.77	1654.39	1816.85
spe	645	644	1783.08	1640.815	1711.9475	1911.77	1654.39	1774.52	1507.11	1709.44
spe	644	643	1640.815	1460.61	1550.7125	1774.52	1507.11	1604.84	1316.38	1545.45
hgt	529	GCA.002420425.1.Bacteria.Proteobacteria	1776.585	0.0	888.2925	1957.62	1595.55	0.0	0.0	978.81
los	643	639	1460.61	1235.875	1348.2425	1604.84	1316.38	1397.92	1073.83	1339.335
spe	643	642	1460.61	1315.1	1387.855	1604.84	1316.38	1468.25	1161.95	1383.395
hgt	529	GCA.002451085.1.Bacteria.Proteobacteria	1776.585	0.0	888.2925	1957.62	1595.55	0.0	0.0	978.81
los	642	GCA.001447805.1.Bacteria.Proteobacteria	1315.1	0.0	657.55	1468.25	1161.95	0.0	0.0	734.125
spe	644	636	1640.815	1563.065	1601.94	1774.52	1507.11	1706.55	1419.58	1597.05
spe	636	634	1563.065	1398.775	1480.92	1706.55	1419.58	1567.28	1230.27	1468.41
los	634	GCF.001697225.1.Bacteria.Proteobacteria	1398.775	0.0	699.3875	1567.28	1230.27	0.0	0.0	783.64
spe	645	631	1783.08	1709.925	1746.5025	1911.77	1654.39	1841.09	1578.76	1745.265
los	631	630	1709.925	1575.32	1642.6225	1841.09	1578.76	1706.06	1444.58	1642.835
hgt	571	570	1737.025	1581.87	1659.4475	1877.08	1596.97	1730.52	1433.22	1655.15
spe	631	603	1709.925	1631.14	1670.5325	1841.09	1578.76	1761.43	1500.85	1670.97
los	603	602	1631.14	1545.47	1588.305	1761.43	1500.85	1675.86	1415.08	1588.255
spe	571	570	1737.025	1581.87	1659.4475	1877.08	1596.97	1730.52	1433.22	1655.15
spe	570	568	1581.87	1421.955	1501.9125	1730.52	1433.22	1583.57	1260.34	1495.43
los	568	GCA.002862435.1.Bacteria.Proteobacteria	1421.955	0.0	710.9775	1583.57	1260.34	0.0	0.0	791.785
spe	647	646	1898.035	1850.35	1874.1925	2027.5	1768.57	1979.31	1721.39	1874.445
hgt	None	dead	0.0	0.0	0.0	0.0	0.0	0.0	0.0	0.0
los	646	588	1850.35	1741.465	1795.9075	1979.31	1721.39	1880.38	1602.55	1790.93
hgt	519	GCF.002109495.1.Bacteria.Proteobacteria	2563.7	0.0	1281.85	2703.63	2423.77	0.0	0.0	1351.815
hgt	529	GCA.002451085.1.Bacteria.Proteobacteria	1776.585	0.0	888.2925	1957.62	1595.55	0.0	0.0	978.81
los	None	dead	0.0	0.0	0.0	0.0	0.0	0.0	0.0	0.0
spe	646	645	1850.35	1783.08	1816.715	1979.31	1721.39	1911.77	1654.39	1816.85
spe	645	644	1783.08	1640.815	1711.9475	1911.77	1654.39	1774.52	1507.11	1709.44
los	644	636	1640.815	1563.065	1601.94	1774.52	1507.11	1706.55	1419.58	1597.05
spe	644	643	1640.815	1460.61	1550.7125	1774.52	1507.11	1604.84	1316.38	1545.45
los	643	642	1460.61	1315.1	1387.855	1604.84	1316.38	1468.25	1161.95	1383.395
hgt	None	dead	0.0	0.0	0.0	0.0	0.0	0.0	0.0	0.0
spe	643	639	1460.61	1235.875	1348.2425	1604.84	1316.38	1397.92	1073.83	1339.335
los	639	GCA.003230085.1.Bacteria.Proteobacteria	1235.875	0.0	617.9375	1397.92	1073.83	0.0	0.0	698.96
hgt	600	GCA.002007425.1.Bacteria.Proteobacteria	1178.33	0.0	589.165	1321.12	1035.54	0.0	0.0	660.56
los	None	dead	0.0	0.0	0.0	0.0	0.0	0.0	0.0	0.0
spe	645	631	1783.08	1709.925	1746.5025	1911.77	1654.39	1841.09	1578.76	1745.265
los	631	603	1709.925	1631.14	1670.5325	1841.09	1578.76	1761.43	1500.85	1670.97
spe	631	630	1709.925	1575.32	1642.6225	1841.09	1578.76	1706.06	1444.58	1642.835
los	630	629	1575.32	1401.175	1488.2475	1706.06	1444.58	1536.66	1265.69	1485.875
spe	630	614	1575.32	1428.05	1501.685	1706.06	1444.58	1559.83	1296.27	1501.165
los	614	606	1428.05	1255.84	1341.945	1559.83	1296.27	1404.83	1106.85	1333.34
spe	614	613	1428.05	1308.6	1368.325	1559.83	1296.27	1448.11	1169.09	1364.46
los	613	GCF.003097315.1.Bacteria.Proteobacteria	1308.6	0.0	654.3	1448.11	1169.09	0.0	0.0	724.055
spe	613	612	1308.6	1154.76	1231.68	1448.11	1169.09	1302.07	1007.45	1227.78
spe	612	611	1154.76	873.257	1014.0085	1302.07	1007.45	1026.32	720.194	1011.132
los	611	GCF.003052605.1.Bacteria.Proteobacteria	873.257	0.0	436.6285	1026.32	720.194	0.0	0.0	513.16
spe	647	646	1898.035	1850.35	1874.1925	2027.5	1768.57	1979.31	1721.39	1874.445
spe	646	588	1850.35	1741.465	1795.9075	1979.31	1721.39	1880.38	1602.55	1790.93
los	588	587	1741.465	1367.14	1554.3025	1880.38	1602.55	1518.25	1216.03	1548.205
spe	588	576	1741.465	1593.015	1667.24	1880.38	1602.55	1746.04	1439.99	1660.185
los	576	GCA.002432655.1.Bacteria.Proteobacteria	1593.015	0.0	796.5075	1746.04	1439.99	0.0	0.0	873.02
spe	576	574	1593.015	1337.465	1465.24	1746.04	1439.99	1503.53	1171.4	1458.72
hgt	553	GCF.001641825.1.Bacteria.Proteobacteria	1585.42	0.0	792.71	1735.79	1435.05	0.0	0.0	867.895
spe	646	645	1850.35	1783.08	1816.715	1979.31	1721.39	1911.77	1654.39	1816.85
los	645	644	1783.08	1640.815	1711.9475	1911.77	1654.39	1774.52	1507.11	1709.44
spe	645	631	1783.08	1709.925	1746.5025	1911.77	1654.39	1841.09	1578.76	1745.265
los	631	630	1709.925	1575.32	1642.6225	1841.09	1578.76	1706.06	1444.58	1642.835
spe	631	603	1709.925	1631.14	1670.5325	1841.09	1578.76	1761.43	1500.85	1670.97
los	603	GCA.002085445.1.Bacteria.Proteobacteria	1631.14	0.0	815.57	1761.43	1500.85	0.0	0.0	880.715
spe	603	602	1631.14	1545.47	1588.305	1761.43	1500.85	1675.86	1415.08	1588.255
spe	602	592	1545.47	1238.975	1392.2225	1675.86	1415.08	1390.11	1087.84	1381.85
los	592	GCF.001720165.1.Bacteria.Proteobacteria	1238.975	0.0	619.4875	1390.11	1087.84	0.0	0.0	695.055
spe	602	601	1545.47	1388.16	1466.815	1675.86	1415.08	1524.4	1251.92	1463.89
spe	601	600	1388.16	1178.33	1283.245	1524.4	1251.92	1321.12	1035.54	1279.97
los	600	GCA.002007425.1.Bacteria.Proteobacteria	1178.33	0.0	589.165	1321.12	1035.54	0.0	0.0	660.56
spe	600	598	1178.33	872.755	1025.5425	1321.12	1035.54	1022.28	723.23	1022.175
los	598	GCA.002170535.1.Bacteria.Proteobacteria	872.755	0.0	436.3775	1022.28	723.23	0.0	0.0	511.14
hgt	568	GCA.002862435.1.Bacteria.Proteobacteria	1421.955	0.0	710.9775	1583.57	1260.34	0.0	0.0	791.785
spe	601	595	1388.16	1179.98	1284.07	1524.4	1251.92	1332.11	1027.85	1276.125
hgt	None	dead	0.0	0.0	0.0	0.0	0.0	0.0	0.0	0.0
hgt	1467	GCA.002440805.1.Bacteria.Chloroflexota	1752.37	0.0	876.185	2017.47	1487.27	0.0	0.0	1008.735
los	None	dead	0.0	0.0	0.0	0.0	0.0	0.0	0.0	0.0
hgt	None	dead	0.0	0.0	0.0	0.0	0.0	0.0	0.0	0.0
dup	None	dead	0.0	0.0	0.0	0.0	0.0	0.0	0.0	0.0
hgt	768	GCA.001798715.1.Bacteria.UBA10199	1703.165	0.0	851.5825	1903.86	1502.47	0.0	0.0	951.93
hgt	350	GCA.003509045.1.Bacteria.Planctomycetota	1478.92	0.0	739.46	1725.22	1232.62	0.0	0.0	862.61
los	None	dead	0.0	0.0	0.0	0.0	0.0	0.0	0.0	0.0
hgt	649	648	2046.605	1974.705	2010.655	2179.57	1913.64	2104.7	1844.71	2012.14
los	None	dead	0.0	0.0	0.0	0.0	0.0	0.0	0.0	0.0
hgt	None	dead	0.0	0.0	0.0	0.0	0.0	0.0	0.0	0.0
hgt	711	GCA.001664505.1.Bacteria.Acidobacteriota	1840.1	0.0	920.05	2042.75	1637.45	0.0	0.0	1021.375
los	None	dead	0.0	0.0	0.0	0.0	0.0	0.0	0.0	0.0
spe	649	648	2046.605	1974.705	2010.655	2179.57	1913.64	2104.7	1844.71	2012.14
spe	648	562	1974.705	1813.695	1894.2	2104.7	1844.71	1949.37	1678.02	1891.36
los	562	546	1813.695	1450.69	1632.1925	1949.37	1678.02	1616.84	1284.54	1616.955
spe	562	561	1813.695	1737.62	1775.6575	1949.37	1678.02	1874.45	1600.79	1775.08
los	561	560	1737.62	1548.725	1643.1725	1874.45	1600.79	1698.95	1398.5	1636.475
spe	561	553	1737.62	1585.42	1661.52	1874.45	1600.79	1735.79	1435.05	1654.75
los	553	GCF.001641825.1.Bacteria.Proteobacteria	1585.42	0.0	792.71	1735.79	1435.05	0.0	0.0	867.895
spe	553	552	1585.42	1355.9	1470.66	1735.79	1435.05	1526.56	1185.24	1460.515
los	552	551	1355.9	1073.1825	1214.54125	1526.56	1185.24	1248.71	897.655	1212.1075
spe	648	647	1974.705	1898.035	1936.37	2104.7	1844.71	2027.5	1768.57	1936.635
los	647	571	1898.035	1737.025	1817.53	2027.5	1768.57	1877.08	1596.97	1812.235
spe	647	646	1898.035	1850.35	1874.1925	2027.5	1768.57	1979.31	1721.39	1874.445
spe	646	588	1850.35	1741.465	1795.9075	1979.31	1721.39	1880.38	1602.55	1790.93
los	588	576	1741.465	1593.015	1667.24	1880.38	1602.55	1746.04	1439.99	1660.185
spe	588	587	1741.465	1367.14	1554.3025	1880.38	1602.55	1518.25	1216.03	1548.205
los	587	586	1367.14	1254.4	1310.77	1518.25	1216.03	1410.43	1098.37	1308.31
spe	587	581	1367.14	1215.78	1291.46	1518.25	1216.03	1373.53	1058.03	1288.14
los	581	579	1215.78	935.164	1075.472	1373.53	1058.03	1112.18	758.148	1065.839
spe	646	645	1850.35	1783.08	1816.715	1979.31	1721.39	1911.77	1654.39	1816.85
los	645	644	1783.08	1640.815	1711.9475	1911.77	1654.39	1774.52	1507.11	1709.44
spe	645	631	1783.08	1709.925	1746.5025	1911.77	1654.39	1841.09	1578.76	1745.265
los	631	630	1709.925	1575.32	1642.6225	1841.09	1578.76	1706.06	1444.58	1642.835
spe	631	603	1709.925	1631.14	1670.5325	1841.09	1578.76	1761.43	1500.85	1670.97
los	603	GCA.002085445.1.Bacteria.Proteobacteria	1631.14	0.0	815.57	1761.43	1500.85	0.0	0.0	880.715
spe	603	602	1631.14	1545.47	1588.305	1761.43	1500.85	1675.86	1415.08	1588.255
spe	602	592	1545.47	1238.975	1392.2225	1675.86	1415.08	1390.11	1087.84	1381.85
los	592	GCF.001720165.1.Bacteria.Proteobacteria	1238.975	0.0	619.4875	1390.11	1087.84	0.0	0.0	695.055
spe	602	601	1545.47	1388.16	1466.815	1675.86	1415.08	1524.4	1251.92	1463.89
los	601	595	1388.16	1179.98	1284.07	1524.4	1251.92	1332.11	1027.85	1276.125
spe	601	600	1388.16	1178.33	1283.245	1524.4	1251.92	1321.12	1035.54	1279.97
los	600	598	1178.33	872.755	1025.5425	1321.12	1035.54	1022.28	723.23	1022.175
hgt	None	dead	0.0	0.0	0.0	0.0	0.0	0.0	0.0	0.0
hgt	807	GCA.002789955.1.Bacteria.Myxococcota	1480.85	0.0	740.425	1670.67	1291.03	0.0	0.0	835.335
los	None	dead	0.0	0.0	0.0	0.0	0.0	0.0	0.0	0.0
hgt	None	dead	0.0	0.0	0.0	0.0	0.0	0.0	0.0	0.0
hgt	None	dead	0.0	0.0	0.0	0.0	0.0	0.0	0.0	0.0
hgt	829	828	1996.235	1753.18	1874.7075	2158.73	1833.74	1925.68	1580.68	1869.705
los	None	dead	0.0	0.0	0.0	0.0	0.0	0.0	0.0	0.0
spe	829	828	1996.235	1753.18	1874.7075	2158.73	1833.74	1925.68	1580.68	1869.705
spe	828	827	1753.18	1632.18	1692.68	1925.68	1580.68	1807.48	1456.88	1691.28
los	827	821	1632.18	1447.61	1539.895	1807.48	1456.88	1643.48	1251.74	1529.61
spe	827	826	1632.18	1472.31	1552.245	1807.48	1456.88	1647.9	1296.72	1552.1
los	826	GCA.002747355.1.Bacteria.Myxococcota	1472.31	0.0	736.155	1647.9	1296.72	0.0	0.0	823.95
spe	826	825	1472.31	1177.188	1324.749	1647.9	1296.72	1364.83	989.546	1318.723
hgt	821	GCF.000737335.2.Bacteria.Proteobacteria	1447.61	0.0	723.805	1643.48	1251.74	0.0	0.0	821.74
spe	1642	1478	3511.74	3209.465	3360.6025	3641.83	3381.65	3376.81	3042.12	3341.975
spe	1478	1396	3209.465	2023.82	2616.6425	3376.81	3042.12	2389.98	1657.66	2517.235
los	1396	GCA.003151665.1.Bacteria.Dormibacterota	2023.82	0.0	1011.91	2389.98	1657.66	0.0	0.0	1194.99
spe	1478	1477	3209.465	2951.08	3080.2725	3376.81	3042.12	3128.51	2773.65	3075.23
los	1477	1431	2951.08	2599.01	2775.045	3128.51	2773.65	2813.21	2384.81	2756.66
spe	1477	1476	2951.08	2705.185	2828.1325	3128.51	2773.65	2890.77	2519.6	2824.055
los	1476	1454	2705.185	2138.89	2422.0375	2890.77	2519.6	2343.0	1934.78	2412.775
spe	1476	1475	2705.185	2571.35	2638.2675	2890.77	2519.6	2771.01	2371.69	2631.23
los	1475	1463	2571.35	2342.68	2457.015	2771.01	2371.69	2569.78	2115.58	2443.295
spe	1475	1474	2571.35	2422.145	2496.7475	2771.01	2371.69	2641.91	2202.38	2486.695
spe	1474	1470	2422.145	2082.735	2252.44	2641.91	2202.38	2316.34	1849.13	2245.52
los	1470	GCF.000025005.1.Bacteria.Chloroflexota	2082.735	0.0	1041.3675	2316.34	1849.13	0.0	0.0	1158.17
spe	1470	1469	2082.735	1899.175	1990.955	2316.34	1849.13	2149.99	1648.36	1982.35
los	1469	1467	1899.175	1752.37	1825.7725	2149.99	1648.36	2017.47	1487.27	1818.63
spe	1474	1473	2422.145	1376.695	1899.42	2641.91	2202.38	1641.8	1111.59	1876.75
hgt	1186	1185	2887.55	2722.52	2805.035	3070.95	2704.15	2913.33	2531.71	2801.33
hgt	697	GCA.003222815.1.Bacteria.Acidobacteriota	1602.385	0.0	801.1925	1789.82	1414.95	0.0	0.0	894.91
los	None	dead	0.0	0.0	0.0	0.0	0.0	0.0	0.0	0.0
spe	1186	1185	2887.55	2722.52	2805.035	3070.95	2704.15	2913.33	2531.71	2801.33
spe	1185	1184	2722.52	2566.03	2644.275	2913.33	2531.71	2768.44	2363.62	2638.475
los	1184	1183	2566.03	1976.055	2271.0425	2768.44	2363.62	2250.56	1701.55	2234.995
spe	1184	1180	2566.03	2135.205	2350.6175	2768.44	2363.62	2374.94	1895.47	2331.955
los	1180	GCF.001029505.1.Bacteria.Actinobacteriota	2135.205	0.0	1067.6025	2374.94	1895.47	0.0	0.0	1187.47
spe	1180	1179	2135.205	1811.215	1973.21	2374.94	1895.47	2055.86	1566.57	1970.755
los	1179	1173	1811.215	1583.875	1697.545	2055.86	1566.57	1841.44	1326.31	1691.085
spe	1179	1178	1811.215	1623.895	1717.555	2055.86	1566.57	1870.86	1376.93	1716.395
los	1178	GCA.002347645.1.Bacteria.Actinobacteriota	1623.895	0.0	811.9475	1870.86	1376.93	0.0	0.0	935.43
spe	1178	1177	1623.895	1403.585	1513.74	1870.86	1376.93	1668.18	1138.99	1504.925
spe	1185	1169	2722.52	2330.49	2526.505	2913.33	2531.71	2541.69	2119.29	2516.31
los	1169	1168	2330.49	2240.195	2285.3425	2541.69	2119.29	2457.79	2022.6	2282.145
spe	1169	1145	2330.49	1977.205	2153.8475	2541.69	2119.29	2204.63	1749.78	2145.735
spe	1145	1143	1977.205	1774.67	1875.9375	2204.63	1749.78	2003.61	1545.73	1875.18
dup	1143	1141	1774.67	1400.775	1587.7225	2003.61	1545.73	1633.42	1168.13	1585.87
spe	1143	1141	1774.67	1400.775	1587.7225	2003.61	1545.73	1633.42	1168.13	1585.87
los	1141	GCA.003140175.1.Bacteria.Actinobacteriota	1400.775	0.0	700.3875	1633.42	1168.13	0.0	0.0	816.71
spe	1141	1140	1400.775	1175.5635	1288.16925	1633.42	1168.13	1408.09	943.037	1288.2285
los	1140	GCA.002722565.1.Bacteria.Actinobacteriota	1175.5635	0.0	587.78175	1408.09	943.037	0.0	0.0	704.045
spe	1143	1141	1774.67	1400.775	1587.7225	2003.61	1545.73	1633.42	1168.13	1585.87
spe	1141	1140	1400.775	1175.5635	1288.16925	1633.42	1168.13	1408.09	943.037	1288.2285
los	1140	GCA.003162395.1.Bacteria.Actinobacteriota	1175.5635	0.0	587.78175	1408.09	943.037	0.0	0.0	704.045
hgt	477	GCA.001897475.1.Bacteria.Proteobacteria	946.9555	0.0	473.47775	1106.86	787.051	0.0	0.0	553.43
hgt	1467	GCA.002292925.1.Bacteria.Chloroflexota	1752.37	0.0	876.185	2017.47	1487.27	0.0	0.0	1008.735
los	None	dead	0.0	0.0	0.0	0.0	0.0	0.0	0.0	0.0
hgt	1098	GCA.003167155.1.Bacteria.Eremiobacterota	1685.385	0.0	842.6925	2041.88	1328.89	0.0	0.0	1020.94
spe	1642	1478	3511.74	3209.465	3360.6025	3641.83	3381.65	3376.81	3042.12	3341.975
los	1478	1396	3209.465	2023.82	2616.6425	3376.81	3042.12	2389.98	1657.66	2517.235
hgt	None	dead	0.0	0.0	0.0	0.0	0.0	0.0	0.0	0.0
hgt	1154	GCF.001591405.1.Bacteria.Actinobacteria	863.8915	0.0	431.94575	1069.86	657.923	0.0	0.0	534.93
los	None	dead	0.0	0.0	0.0	0.0	0.0	0.0	0.0	0.0
hgt	None	dead	0.0	0.0	0.0	0.0	0.0	0.0	0.0	0.0
hgt	1312	GCF.002607855.1.Bacteria.Firmicutes.B	1489.285	0.0	744.6425	1697.39	1281.18	0.0	0.0	848.695
los	None	dead	0.0	0.0	0.0	0.0	0.0	0.0	0.0	0.0
hgt	None	dead	0.0	0.0	0.0	0.0	0.0	0.0	0.0	0.0
hgt	1292	GCF.000024605.1.Bacteria.Firmicutes.B	1918.11	0.0	959.055	2144.78	1691.44	0.0	0.0	1072.39
los	None	dead	0.0	0.0	0.0	0.0	0.0	0.0	0.0	0.0
spe	1478	1477	3209.465	2951.08	3080.2725	3376.81	3042.12	3128.51	2773.65	3075.23
hgt	None	dead	0.0	0.0	0.0	0.0	0.0	0.0	0.0	0.0
hgt	801	GCA.002328485.1.Bacteria.Desulfobacterota.G	2014.795	0.0	1007.3975	2227.16	1802.43	0.0	0.0	1113.58
los	None	dead	0.0	0.0	0.0	0.0	0.0	0.0	0.0	0.0
hgt	None	dead	0.0	0.0	0.0	0.0	0.0	0.0	0.0	0.0
hgt	128	GCA.002011085.1.Archaea.Thermoproteota	786.4855	0.0	393.24275	988.339	584.632	0.0	0.0	494.1695
hgt	837	GCA.001768075.1.Bacteria.Myxococcota	1589.61	0.0	794.805	1791.58	1387.64	0.0	0.0	895.79
hgt	668	GCA.002010665.1.Bacteria.Acidobacteriota	1532.235	0.0	766.1175	1800.98	1263.49	0.0	0.0	900.49
hgt	1240	GCA.002376045.1.Bacteria.Firmicutes.A	2176.58	0.0	1088.29	2395.16	1958.0	0.0	0.0	1197.58
los	None	dead	0.0	0.0	0.0	0.0	0.0	0.0	0.0	0.0
hgt	199	GCA.003527405.1.Bacteria.Atribacterota	2662.455	0.0	1331.2275	2884.72	2440.19	0.0	0.0	1442.36
hgt	None	dead	0.0	0.0	0.0	0.0	0.0	0.0	0.0	0.0
spe	1477	1476	2951.08	2705.185	2828.1325	3128.51	2773.65	2890.77	2519.6	2824.055
spe	1476	1454	2705.185	2138.89	2422.0375	2890.77	2519.6	2343.0	1934.78	2412.775
los	1454	1446	2138.89	1892.56	2015.725	2343.0	1934.78	2094.3	1690.82	2016.91
spe	1454	1453	2138.89	2041.27	2090.08	2343.0	1934.78	2251.3	1831.24	2087.12
los	1453	1452	2041.27	1560.03	1800.65	2251.3	1831.24	1846.56	1273.5	1762.4
spe	1453	1449	2041.27	1825.905	1933.5875	2251.3	1831.24	2055.21	1596.6	1923.95
los	1449	GCA.002400365.1.Bacteria.Chloroflexota	1825.905	0.0	912.9525	2055.21	1596.6	0.0	0.0	1027.605
spe	1476	1475	2705.185	2571.35	2638.2675	2890.77	2519.6	2771.01	2371.69	2631.23
spe	1475	1474	2571.35	2422.145	2496.7475	2771.01	2371.69	2641.91	2202.38	2486.695
los	1474	1473	2422.145	1376.695	1899.42	2641.91	2202.38	1641.8	1111.59	1876.75
spe	1474	1470	2422.145	2082.735	2252.44	2641.91	2202.38	2316.34	1849.13	2245.52
los	1470	GCF.000025005.1.Bacteria.Chloroflexota	2082.735	0.0	1041.3675	2316.34	1849.13	0.0	0.0	1158.17
spe	1470	1469	2082.735	1899.175	1990.955	2316.34	1849.13	2149.99	1648.36	1982.35
los	1469	1467	1899.175	1752.37	1825.7725	2149.99	1648.36	2017.47	1487.27	1818.63
spe	1475	1463	2571.35	2342.68	2457.015	2771.01	2371.69	2569.78	2115.58	2443.295
los	1463	1457	2342.68	1912.015	2127.3475	2569.78	2115.58	2189.96	1634.07	2101.925
spe	1463	1462	2342.68	2240.595	2291.6375	2569.78	2115.58	2485.08	1996.11	2282.945
los	1462	1461	2240.595	1858.39	2049.4925	2485.08	1996.11	2155.55	1561.23	2023.155
hgt	362	342	2406.61	2209.56	2308.085	2612.93	2200.29	2424.62	1994.5	2303.715
los	None	dead	0.0	0.0	0.0	0.0	0.0	0.0	0.0	0.0
spe	362	342	2406.61	2209.56	2308.085	2612.93	2200.29	2424.62	1994.5	2303.715
spe	342	328	2209.56	1796.445	2003.0025	2424.62	1994.5	2017.05	1575.84	2000.23
los	328	GCF.002277955.1.Bacteria.Planctomycetota	1796.445	0.0	898.2225	2017.05	1575.84	0.0	0.0	1008.525
spe	328	327	1796.445	1506.63	1651.5375	2017.05	1575.84	1727.92	1285.34	1651.195
los	327	GCA.003508595.1.Bacteria.Planctomycetota	1506.63	0.0	753.315	1727.92	1285.34	0.0	0.0	863.96
spe	327	326	1506.63	1183.194	1344.912	1727.92	1285.34	1405.44	960.948	1344.434
hgt	None	dead	0.0	0.0	0.0	0.0	0.0	0.0	0.0	0.0
dup	None	dead	0.0	0.0	0.0	0.0	0.0	0.0	0.0	0.0
hgt	1312	GCF.000019165.1.Bacteria.Firmicutes.B	1489.285	0.0	744.6425	1697.39	1281.18	0.0	0.0	848.695
los	None	dead	0.0	0.0	0.0	0.0	0.0	0.0	0.0	0.0
hgt	1385	1384	2448.17	2016.48	2232.325	2603.9	2292.44	2177.1	1855.86	2229.88
los	None	dead	0.0	0.0	0.0	0.0	0.0	0.0	0.0	0.0
hgt	None	dead	0.0	0.0	0.0	0.0	0.0	0.0	0.0	0.0
hgt	347	GCA.002683135.1.Bacteria.Planctomycetota	1965.575	0.0	982.7875	2194.16	1736.99	0.0	0.0	1097.08
los	None	dead	0.0	0.0	0.0	0.0	0.0	0.0	0.0	0.0
spe	1385	1384	2448.17	2016.48	2232.325	2603.9	2292.44	2177.1	1855.86	2229.88
spe	1384	1338	2016.48	1582.81	1799.645	2177.1	1855.86	1773.63	1391.99	1784.545
spe	1338	1337	1582.81	1327.38	1455.095	1773.63	1391.99	1542.2	1112.56	1443.095
los	1337	GCF.001399675.1.Bacteria.Firmicutes	1327.38	0.0	663.69	1542.2	1112.56	0.0	0.0	771.1
spe	1384	1383	2016.48	1891.44	1953.96	2177.1	1855.86	2053.21	1729.67	1953.385
spe	1383	1382	1891.44	1778.165	1834.8025	2053.21	1729.67	1935.03	1621.3	1837.255
los	1382	1381	1778.165	1661.335	1719.75	1935.03	1621.3	1818.35	1504.32	1719.675
spe	1382	1344	1778.165	1496.385	1637.275	1935.03	1621.3	1674.98	1317.79	1626.41
los	1344	GCF.000218765.1.Bacteria.Firmicutes	1496.385	0.0	748.1925	1674.98	1317.79	0.0	0.0	837.49
spe	1383	1341	1891.44	1532.885	1712.1625	2053.21	1729.67	1733.11	1332.66	1692.935
hgt	1355	GCF.004522215.1.Bacteria.Firmicutes	1246.46	0.0	623.23	1408.06	1084.86	0.0	0.0	704.03
spe	342	341	2209.56	1956.375	2082.9675	2424.62	1994.5	2170.86	1741.89	2083.255
spe	341	340	1956.375	1604.15	1780.2625	2170.86	1741.89	1818.45	1389.85	1780.355
los	340	339	1604.15	1460.73	1532.44	1818.45	1389.85	1676.51	1244.95	1531.7
spe	340	334	1604.15	1403.32	1503.735	1818.45	1389.85	1623.36	1183.28	1500.865
spe	334	332	1403.32	994.0835	1198.70175	1623.36	1183.28	1195.01	793.157	1208.2585
los	332	GCA.002364485.1.Bacteria.Planctomycetota	994.0835	0.0	497.04175	1195.01	793.157	0.0	0.0	597.505
hgt	699	698	2103.185	1863.875	1983.53	2288.62	1917.75	2049.06	1678.69	1983.655
los	341	GCA.003170085.1.Bacteria.Planctomycetota	1956.375	0.0	978.1875	2170.86	1741.89	0.0	0.0	1085.43
spe	699	698	2103.185	1863.875	1983.53	2288.62	1917.75	2049.06	1678.69	1983.655
spe	698	686	1863.875	1646.29	1755.0825	2049.06	1678.69	1843.93	1448.65	1748.855
los	686	GCA.002451015.1.Bacteria.Acidobacteriota	1646.29	0.0	823.145	1843.93	1448.65	0.0	0.0	921.965
spe	686	684	1646.29	1286.44	1466.365	1843.93	1448.65	1493.16	1079.72	1461.825
spe	698	697	1863.875	1602.385	1733.13	2049.06	1678.69	1789.82	1414.95	1732.005
spe	697	696	1602.385	1391.24	1496.8125	1789.82	1414.95	1578.29	1204.19	1497.005
los	696	GCA.003224665.1.Bacteria.Acidobacteriota	1391.24	0.0	695.62	1578.29	1204.19	0.0	0.0	789.145
spe	696	695	1391.24	1284.94	1338.09	1578.29	1204.19	1468.6	1101.28	1339.785
los	695	GCA.003131705.1.Bacteria.Acidobacteriota	1284.94	0.0	642.47	1468.6	1101.28	0.0	0.0	734.3
spe	695	694	1284.94	1206.005	1245.4725	1468.6	1101.28	1389.81	1022.2	1245.4
los	694	GCA.001767075.1.Bacteria.Acidobacteriota	1206.005	0.0	603.0025	1389.81	1022.2	0.0	0.0	694.905
spe	694	692	1206.005	1105.2925	1155.64875	1389.81	1022.2	1299.2	911.385	1150.5975
hgt	709	GCA.003223145.1.Bacteria.Acidobacteriota	1543.01	0.0	771.505	1779.22	1306.8	0.0	0.0	889.61
spe	1477	1431	2951.08	2599.01	2775.045	3128.51	2773.65	2813.21	2384.81	2756.66
los	1431	1430	2599.01	2141.86	2370.435	2813.21	2384.81	2460.53	1823.19	2318.2
spe	1431	1427	2599.01	2362.135	2480.5725	2813.21	2384.81	2573.24	2151.03	2482.12
los	1427	1413	2362.135	2076.485	2219.31	2573.24	2151.03	2295.25	1857.72	2215.48
hgt	None	dead	0.0	0.0	0.0	0.0	0.0	0.0	0.0	0.0
hgt	84	GCF.000011005.1.Archaea.Euryarchaeota	1194.24	0.0	597.12	1377.79	1010.69	0.0	0.0	688.895
los	None	dead	0.0	0.0	0.0	0.0	0.0	0.0	0.0	0.0
spe	1427	1426	2362.135	2179.07	2270.6025	2573.24	2151.03	2402.77	1955.37	2264.305
los	1426	GCF.001953175.1.Bacteria.Chloroflexota	2179.07	0.0	1089.535	2402.77	1955.37	0.0	0.0	1201.385
spe	1426	1425	2179.07	1957.375	2068.2225	2402.77	1955.37	2183.94	1730.81	2066.79
los	1425	GCA.003229915.1.Bacteria.Chloroflexota	1957.375	0.0	978.6875	2183.94	1730.81	0.0	0.0	1091.97
hgt	None	dead	0.0	0.0	0.0	0.0	0.0	0.0	0.0	0.0
spe	1425	1424	1957.375	1821.17	1889.2725	2183.94	1730.81	2044.52	1597.82	1890.88
los	1424	1422	1821.17	1675.19	1748.18	2044.52	1597.82	1898.81	1451.57	1748.045
hgt	113	GCA.001593865.1.Archaea.Thermoproteota	1818.745	0.0	909.3725	2020.8	1616.69	0.0	0.0	1010.4
hgt	1036	GCA.002059205.1.Bacteria.Latescibacterota	1783.715	0.0	891.8575	2020.21	1547.22	0.0	0.0	1010.105
los	None	dead	0.0	0.0	0.0	0.0	0.0	0.0	0.0	0.0
