event	left_node	right_node	left_date	right_date	midpoint_date
hgt	None	dead	0.0	0.0	0.0
hgt	1475	1463	2571.35	2342.68	2457.015
los	None	dead	0.0	0.0	0.0
spe	1475	1463	2571.35	2342.68	2457.015
spe	1463	1462	2342.68	2240.595	2291.6375
los	1462	GCA.002436065.1.Bacteria.Chloroflexota	2240.595	0.0	1120.2975
spe	1462	1461	2240.595	1858.39	2049.4925
los	1461	GCA.002347925.1.Bacteria.Chloroflexota	1858.39	0.0	929.195
spe	1463	1457	2342.68	1912.015	2127.3475
los	1457	GCA.002404055.1.Bacteria.Chloroflexota	1912.015	0.0	956.0075
hgt	1454	1446	2138.89	1892.56	2015.725
hgt	None	dead	0.0	0.0	0.0
hgt	1437	GCF.900066015.1.Bacteria.Chloroflexota	1179.4025	0.0	589.70125
los	None	dead	0.0	0.0	0.0
spe	1454	1446	2138.89	1892.56	2015.725
spe	1446	1440	1892.56	1749.24	1820.9
spe	1440	1439	1749.24	1503.92	1626.58
spe	1439	1438	1503.92	1310.445	1407.1825
hgt	1449	GCA.002400365.1.Bacteria.Chloroflexota	1825.905	0.0	912.9525
los	1438	1437	1310.445	1179.4025	1244.92375
spe	1446	1445	1892.56	1683.66	1788.11
spe	1445	1444	1683.66	1493.995	1588.8275
los	1444	GCA.003451595.1.Bacteria.Chloroflexota	1493.995	0.0	746.9975
hgt	None	dead	0.0	0.0	0.0
hgt	692	GCA.003152325.1.Bacteria.Acidobacteriota	1105.2925	0.0	552.64625
hgt	895	GCA.000739515.1.Bacteria.Moduliflexota	2183.84	0.0	1091.92
los	None	dead	0.0	0.0	0.0
dup	895	GCA.000739515.1.Bacteria.Moduliflexota	2183.84	0.0	1091.92
spe	1728	1727	0.0	3794.005	1897.0025
spe	1727	189	3794.005	3549.04	3671.5225
los	189	188	3549.04	3243.665	3396.3525
hgt	None	dead	0.0	0.0	0.0
spe	189	185	3549.04	3359.525	3454.2825
los	185	183	3359.525	2942.325	3150.925
hgt	1042	1041	2781.98	2636.74	2709.36
los	None	dead	0.0	0.0	0.0
spe	1042	1041	2781.98	2636.74	2709.36
spe	1041	1040	2636.74	2510.83	2573.785
los	1040	1039	2510.83	2466.405	2488.6175
spe	1040	1026	2510.83	2235.5	2373.165
los	1026	GCA.002084765.1.Bacteria.4572.55	2235.5	0.0	1117.75
hgt	807	GCA.002841945.1.Bacteria.Myxococcota	1480.85	0.0	740.425
spe	1727	1726	3794.005	3776.22	3785.1125
spe	1726	1725	3776.22	3726.035	3751.1275
los	1725	1724	3726.035	3611.965	3669.0
spe	1725	1393	3726.035	3573.7	3649.8675
los	1393	1392	3573.7	3456.59	3515.145
spe	1393	1129	3573.7	3300.21	3436.955
los	1129	1128	3300.21	3110.52	3205.365
spe	1129	1101	3300.21	3147.445	3223.8275
los	1101	GCA.002410925.1.Bacteria.UBP13	3147.445	0.0	1573.7225
spe	1101	1099	3147.445	2846.765	2997.105
hgt	674	GCA.002747255.1.Bacteria.Acidobacteriota	1880.64	0.0	940.32
hgt	807	GCA.002789955.1.Bacteria.Myxococcota	1480.85	0.0	740.425
hgt	None	dead	0.0	0.0	0.0
hgt	380	GCA.002406055.1.Bacteria.Spirochaetota	1331.005	0.0	665.5025
hgt	390	GCA.002780065.1.Bacteria.UBA8481	3073.69	0.0	1536.845
los	None	dead	0.0	0.0	0.0
hgt	613	GCF.003097315.1.Bacteria.Proteobacteria	1308.6	0.0	654.3
spe	1099	1098	2846.765	1685.385	2266.075
hgt	None	dead	0.0	0.0	0.0
los	1098	GCA.003244105.1.Bacteria.Eremiobacterota	1685.385	0.0	842.6925
hgt	1697	Fischerella.muscicola.CCMEE5323	1292.96	0.0	646.48
los	None	dead	0.0	0.0	0.0
spe	1726	1094	3776.22	3702.045	3739.1325
spe	1094	1048	3702.045	3522.85	3612.4475
los	1048	1047	3522.85	3506.08	3514.465
hgt	None	dead	0.0	0.0	0.0
hgt	151	150	2246.95	1673.05	1960.0
hgt	249	248	1761.99	1175.891	1468.9405
los	None	dead	0.0	0.0	0.0
spe	249	248	1761.99	1175.891	1468.9405
hgt	188	GCA.001787855.1.Bacteria.Riflebacteria	3243.665	0.0	1621.8325
hgt	None	dead	0.0	0.0	0.0
hgt	834	GCA.001798605.1.Bacteria.Myxococcota	1804.155	0.0	902.0775
hgt	821	GCA.002841825.1.Bacteria.Myxococcota	1447.61	0.0	723.805
los	None	dead	0.0	0.0	0.0
hgt	241	GCA.002841695.1.Bacteria.Elusimicrobiota	1514.78	0.0	757.39
spe	151	150	2246.95	1673.05	1960.0
hgt	147	GCA.001940725.1.Archaea.Asgardarchaeota	1821.225	0.0	910.6125
spe	1048	278	3522.85	3383.28	3453.065
los	278	262	3383.28	3129.85	3256.565
spe	278	277	3383.28	3121.045	3252.1625
spe	277	276	3121.045	3066.185	3093.615
los	276	270	3066.185	2744.13	2905.1575
hgt	None	dead	0.0	0.0	0.0
spe	276	275	3066.185	2803.71	2934.9475
los	275	274	2803.71	2054.16	2428.935
hgt	919	918	2640.785	2474.42	2557.6025
hgt	1245	GCA.002399285.1.Bacteria.Firmicutes.A	1582.345	0.0	791.1725
los	None	dead	0.0	0.0	0.0
spe	919	918	2640.785	2474.42	2557.6025
spe	918	916	2474.42	2336.225	2405.3225
los	916	GCA.002215665.1.Bacteria.WOR.3	2336.225	0.0	1168.1125
spe	916	914	2336.225	2081.445	2208.835
los	914	GCA.002256535.1.Bacteria.WOR.3	2081.445	0.0	1040.7225
hgt	None	dead	0.0	0.0	0.0
hgt	675	GCA.002789615.1.Bacteria.Acidobacteriota	2161.39	0.0	1080.695
hgt	946	GCA.002347855.1.Bacteria.Marinisomatota	1664.115	0.0	832.0575
los	None	dead	0.0	0.0	0.0
spe	277	267	3121.045	2714.255	2917.65
spe	267	265	2714.255	1925.84	2320.0475
los	265	GCA.003501375.1.Bacteria.Sumerlaeota	1925.84	0.0	962.92
hgt	38	GCA.001515205.2.Archaea.Hadarchaeota	2097.27	0.0	1048.635
hgt	284	GCA.003164675.1.Bacteria.Verrucomicrobiota	1735.725	0.0	867.8625
spe	1094	1093	3702.045	3523.93	3612.9875
los	1093	1055	3523.93	3144.785	3334.3575
spe	1093	1092	3523.93	3347.57	3435.75
los	1092	1058	3347.57	2584.325	2965.9475
spe	1092	1091	3347.57	3217.11	3282.34
spe	1091	1090	3217.11	2898.955	3058.0325
los	1090	GCA.000353875.1.Bacteria.Atribacterota	2898.955	0.0	1449.4775
spe	1090	1088	2898.955	1639.23	2269.0925
spe	1088	1087	1639.23	1296.36	1467.795
los	1087	GCA.001778455.1.Bacteria.Bipolaricaulota	1296.36	0.0	648.18
hgt	1145	GCA.001767695.1.Bacteria.Actinobacteriota	1977.205	0.0	988.6025
spe	1091	1083	3217.11	3012.98	3115.045
los	1083	1082	3012.98	2820.665	2916.8225
hgt	None	dead	0.0	0.0	0.0
hgt	47	GCA.002495235.1.Archaea.Thermoplasmatota	1547.68	0.0	773.84
los	None	dead	0.0	0.0	0.0
spe	1083	1071	3012.98	2762.345	2887.6625
los	1071	1070	2762.345	2441.355	2601.85
spe	1071	1063	2762.345	1761.17	2261.7575
dup	1063	1061	1761.17	1425.15	1593.16
spe	1063	1061	1761.17	1425.15	1593.16
los	1061	GCF.000021285.1.Bacteria.Thermotogota	1425.15	0.0	712.575
hgt	None	dead	0.0	0.0	0.0
spe	1063	1061	1761.17	1425.15	1593.16
los	1061	GCA.003538775.1.Bacteria.Thermotogota	1425.15	0.0	712.575
hgt	1015	GCA.002790835.1.Bacteria.Krumholzibacteriota	2028.76	0.0	1014.38
hgt	1259	1253	1790.12	1647.265	1718.6925
los	None	dead	0.0	0.0	0.0
spe	1259	1253	1790.12	1647.265	1718.6925
spe	1253	1252	1647.265	1454.05	1550.6575
los	1252	1251	1454.05	1274.235	1364.1425
hgt	None	dead	0.0	0.0	0.0
hgt	1315	GCF.002224645.1.Bacteria.Firmicutes.B	994.8405	0.0	497.42025
los	None	dead	0.0	0.0	0.0
hgt	1288	1287	1693.72	1417.98	1555.85
spe	1288	1287	1693.72	1417.98	1555.85
spe	1287	1285	1417.98	1310.93	1364.455
los	1285	1284	1310.93	1020.5295	1165.72975
spe	1285	1281	1310.93	1090.0515	1200.49075
spe	1281	1280	1090.0515	922.663	1006.35725
los	1280	GCF.900104455.1.Bacteria.Firmicutes.C	922.663	0.0	461.3315
hgt	1300	GCF.000620305.1.Bacteria.Firmicutes.B	1522.13	0.0	761.065
hgt	1319	GCF.900100785.1.Bacteria.Firmicutes.B	1887.42	0.0	943.71
