event	left_node	right_node	left_date	right_date	midpoint_date	left_date_lower	left_date_upper	right_date_lower	right_date_upper	midpoint_date_all
spe	179	178	3274.245	3153.655	3213.95	3465.96	3082.53	3350.0	2957.31	3211.635
hgt	None	dead	0.0	0.0	0.0	0.0	0.0	0.0	0.0	0.0
spe	178	32	3153.655	2402.345	2778.0	3350.0	2957.31	2862.85	1941.84	2645.92
spe	32	31	2402.345	1919.745	2161.045	2862.85	1941.84	2381.01	1458.48	2160.665
spe	31	29	1919.745	1492.545	1706.145	2381.01	1458.48	1899.36	1085.73	1733.37
los	29	GCA.002254565.1.Archaea.Altiarchaeota	1492.545	0.0	746.2725	1899.36	1085.73	0.0	0.0	949.68
hgt	None	dead	0.0	0.0	0.0	0.0	0.0	0.0	0.0	0.0
hgt	31	GCA.001723855.1.Archaea.Altiarchaeota	1919.745	0.0	959.8725	2381.01	1458.48	0.0	0.0	1190.505
los	None	dead	0.0	0.0	0.0	0.0	0.0	0.0	0.0	0.0
spe	32	26	2402.345	790.375	1596.36	2862.85	1941.84	1278.57	302.18	1582.515
hgt	91	90	2166.265	1969.495	2067.88	2401.72	1930.81	2197.74	1741.25	2071.485
los	None	dead	0.0	0.0	0.0	0.0	0.0	0.0	0.0	0.0
spe	91	90	2166.265	1969.495	2067.88	2401.72	1930.81	2197.74	1741.25	2071.485
hgt	None	dead	0.0	0.0	0.0	0.0	0.0	0.0	0.0	0.0
dup	None	dead	0.0	0.0	0.0	0.0	0.0	0.0	0.0	0.0
hgt	84	GCF.000970205.1.Archaea.Halobacteriota	1169.197	0.0	584.5985	1403.93	934.464	0.0	0.0	701.965
los	None	dead	0.0	0.0	0.0	0.0	0.0	0.0	0.0	0.0
hgt	84	GCF.000970205.1.Archaea.Halobacteriota	1169.197	0.0	584.5985	1403.93	934.464	0.0	0.0	701.965
los	None	dead	0.0	0.0	0.0	0.0	0.0	0.0	0.0	0.0
spe	90	74	1969.495	1616.7	1793.0975	2197.74	1741.25	1969.17	1264.23	1730.985
hgt	None	dead	0.0	0.0	0.0	0.0	0.0	0.0	0.0	0.0
hgt	89	77	1812.405	1412.42	1612.4125	2030.99	1593.82	1711.62	1113.22	1572.105
los	None	dead	0.0	0.0	0.0	0.0	0.0	0.0	0.0	0.0
spe	89	77	1812.405	1412.42	1612.4125	2030.99	1593.82	1711.62	1113.22	1572.105
spe	90	89	1969.495	1812.405	1890.95	2197.74	1741.25	2030.99	1593.82	1895.78
spe	89	88	1812.405	1663.625	1738.015	2030.99	1593.82	1881.51	1445.74	1738.365
los	88	80	1663.625	1371.305	1517.465	1881.51	1445.74	1640.83	1101.78	1491.645
spe	88	87	1663.625	1542.125	1602.875	1881.51	1445.74	1762.59	1321.66	1601.585
los	87	86	1542.125	1366.345	1454.235	1762.59	1321.66	1587.43	1145.26	1453.925
spe	89	77	1812.405	1412.42	1612.4125	2030.99	1593.82	1711.62	1113.22	1572.105
los	77	GCA.003194435.1.Archaea.Halobacteriota	1412.42	0.0	706.21	1711.62	1113.22	0.0	0.0	855.81
spe	178	177	3153.655	2975.235	3064.445	3350.0	2957.31	3172.02	2778.45	3064.225
spe	177	95	2975.235	2751.94	2863.5875	3172.02	2778.45	2968.59	2535.29	2853.655
spe	95	39	2751.94	2176.73	2464.335	2968.59	2535.29	2662.29	1691.17	2329.88
los	39	38	2176.73	1770.925	1973.8275	2662.29	1691.17	2300.92	1240.93	1951.61
spe	39	35	2176.73	1886.455	2031.5925	2662.29	1691.17	2412.29	1360.62	2011.455
los	35	GCA.001587715.1.Archaea.Methanobacteriota.B	1886.455	0.0	943.2275	2412.29	1360.62	0.0	0.0	1206.145
spe	95	94	2751.94	2705.465	2728.7025	2968.59	2535.29	2926.2	2484.73	2726.66
spe	94	42	2705.465	2027.525	2366.495	2926.2	2484.73	2532.54	1522.51	2224.355
los	42	GCA.002502135.1.Archaea.Undinarchaeota	2027.525	0.0	1013.7625	2532.54	1522.51	0.0	0.0	1266.27
spe	94	93	2705.465	2558.825	2632.145	2926.2	2484.73	2775.71	2341.94	2634.07
los	93	92	2558.825	2447.115	2502.97	2775.71	2341.94	2665.58	2228.65	2502.18
spe	177	176	2975.235	2798.9	2887.0675	3172.02	2778.45	2996.96	2600.84	2886.43
los	176	140	2798.9	2626.73	2712.815	2996.96	2600.84	2837.91	2415.55	2706.255
spe	176	175	2798.9	2653.515	2726.2075	2996.96	2600.84	2862.53	2444.5	2720.73
los	175	174	2653.515	2527.615	2590.565	2862.53	2444.5	2745.47	2309.76	2586.145
spe	175	143	2653.515	1902.65	2278.0825	2862.53	2444.5	2361.92	1443.38	2152.955
hgt	None	dead	0.0	0.0	0.0	0.0	0.0	0.0	0.0	0.0
hgt	143	GCA.001940655.1.Archaea.Asgardarchaeota	1902.65	0.0	951.325	2361.92	1443.38	0.0	0.0	1180.96
los	None	dead	0.0	0.0	0.0	0.0	0.0	0.0	0.0	0.0
hgt	None	dead	0.0	0.0	0.0	0.0	0.0	0.0	0.0	0.0
hgt	118	GCA.001593855.1.Archaea.Thermoproteota	1643.115	0.0	821.5575	1910.17	1376.06	0.0	0.0	955.085
los	None	dead	0.0	0.0	0.0	0.0	0.0	0.0	0.0	0.0
hgt	None	dead	0.0	0.0	0.0	0.0	0.0	0.0	0.0	0.0
hgt	861	GCA.002327985.1.Bacteria.Desulfobacterota	1399.46	0.0	699.73	1712.04	1086.88	0.0	0.0	856.02
los	None	dead	0.0	0.0	0.0	0.0	0.0	0.0	0.0	0.0
hgt	None	dead	0.0	0.0	0.0	0.0	0.0	0.0	0.0	0.0
hgt	1234	1233	1465.43	1196.4	1330.915	1741.67	1189.19	1500.76	892.04	1316.855
los	None	dead	0.0	0.0	0.0	0.0	0.0	0.0	0.0	0.0
spe	1234	1233	1465.43	1196.4	1330.915	1741.67	1189.19	1500.76	892.04	1316.855
hgt	None	dead	0.0	0.0	0.0	0.0	0.0	0.0	0.0	0.0
dup	None	dead	0.0	0.0	0.0	0.0	0.0	0.0	0.0	0.0
hgt	121	GCA.001273335.1.Archaea.Thermoproteota	1422.225	0.0	711.1125	1736.27	1108.18	0.0	0.0	868.135
los	None	dead	0.0	0.0	0.0	0.0	0.0	0.0	0.0	0.0
hgt	128	GCA.002011075.1.Archaea.Thermoproteota	925.9285	0.0	462.96425	1257.47	594.387	0.0	0.0	628.735
los	None	dead	0.0	0.0	0.0	0.0	0.0	0.0	0.0	0.0
hgt	None	dead	0.0	0.0	0.0	0.0	0.0	0.0	0.0	0.0
hgt	123	113	1998.805	1643.05	1820.9275	2251.98	1745.63	2015.58	1270.52	1761.25
los	None	dead	0.0	0.0	0.0	0.0	0.0	0.0	0.0	0.0
spe	123	113	1998.805	1643.05	1820.9275	2251.98	1745.63	2015.58	1270.52	1761.25
