event	left_node	right_node	left_date	right_date	midpoint_date	left_date_lower	left_date_upper	right_date_lower	right_date_upper	midpoint_date_all
spe	173	151	2445.14	2127.23	2286.185	2664.86	2225.42	2411.78	1842.68	2253.77
spe	151	150	2127.23	1481.835	1804.5325	2411.78	1842.68	1840.51	1123.16	1767.47
hgt	None	dead	0.0	0.0	0.0	0.0	0.0	0.0	0.0	0.0
los	150	GCA.003144275.1.Archaea.Asgardarchaeota	1481.835	0.0	740.9175	1840.51	1123.16	0.0	0.0	920.255
dup	None	dead	0.0	0.0	0.0	0.0	0.0	0.0	0.0	0.0
hgt	1457	GCA.002404055.1.Bacteria.Chloroflexota	1538.99	0.0	769.495	1931.07	1146.91	0.0	0.0	965.535
los	None	dead	0.0	0.0	0.0	0.0	0.0	0.0	0.0	0.0
hgt	1449	GCA.002400365.1.Bacteria.Chloroflexota	1589.82	0.0	794.91	1942.5	1237.14	0.0	0.0	971.25
los	None	dead	0.0	0.0	0.0	0.0	0.0	0.0	0.0	0.0
hgt	None	dead	0.0	0.0	0.0	0.0	0.0	0.0	0.0	0.0
spe	151	147	2127.23	1579.1	1853.165	2411.78	1842.68	1962.45	1195.75	1803.765
los	147	GCA.001940755.1.Archaea.Asgardarchaeota	1579.1	0.0	789.55	1962.45	1195.75	0.0	0.0	981.225
hgt	888	854	2336.71	2075.68	2206.195	2614.71	2058.71	2396.33	1755.03	2184.87
los	None	dead	0.0	0.0	0.0	0.0	0.0	0.0	0.0	0.0
spe	888	854	2336.71	2075.68	2206.195	2614.71	2058.71	2396.33	1755.03	2184.87
spe	854	853	2075.68	1743.175	1909.4275	2396.33	1755.03	2129.35	1357.0	1876.665
hgt	None	dead	0.0	0.0	0.0	0.0	0.0	0.0	0.0	0.0
los	853	GCA.003232385.1.Bacteria.SZUA.79	1743.175	0.0	871.5875	2129.35	1357.0	0.0	0.0	1064.675
hgt	728	727	1746.94	1484.11	1615.525	2055.81	1438.07	1827.43	1140.79	1598.3
los	None	dead	0.0	0.0	0.0	0.0	0.0	0.0	0.0	0.0
spe	728	727	1746.94	1484.11	1615.525	2055.81	1438.07	1827.43	1140.79	1598.3
hgt	None	dead	0.0	0.0	0.0	0.0	0.0	0.0	0.0	0.0
hgt	603	GCA.002085445.1.Bacteria.Proteobacteria	1696.92	0.0	848.46	1869.02	1524.82	0.0	0.0	934.51
los	None	dead	0.0	0.0	0.0	0.0	0.0	0.0	0.0	0.0
spe	854	850	2075.68	2017.715	2046.6975	2396.33	1755.03	2343.11	1692.32	2044.325
hgt	None	dead	0.0	0.0	0.0	0.0	0.0	0.0	0.0	0.0
hgt	None	dead	0.0	0.0	0.0	0.0	0.0	0.0	0.0	0.0
hgt	None	dead	0.0	0.0	0.0	0.0	0.0	0.0	0.0	0.0
hgt	108	GCF.000148385.1.Archaea.Thermoproteota	1863.195	0.0	931.5975	2170.45	1555.94	0.0	0.0	1085.225
los	None	dead	0.0	0.0	0.0	0.0	0.0	0.0	0.0	0.0
hgt	None	dead	0.0	0.0	0.0	0.0	0.0	0.0	0.0	0.0
spe	850	849	2017.715	1605.6	1811.6575	2343.11	1692.32	2007.54	1203.66	1773.385
hgt	None	dead	0.0	0.0	0.0	0.0	0.0	0.0	0.0	0.0
los	849	GCA.001896555.1.Bacteria.Desulfobacterota	1605.6	0.0	802.8	2007.54	1203.66	0.0	0.0	1003.77
dup	None	dead	0.0	0.0	0.0	0.0	0.0	0.0	0.0	0.0
dup	None	dead	0.0	0.0	0.0	0.0	0.0	0.0	0.0	0.0
hgt	1645	GCF.000212395.1.Bacteria.Thermodesulfobiota	2606.885	0.0	1303.4425	3195.61	2018.16	0.0	0.0	1597.805
los	None	dead	0.0	0.0	0.0	0.0	0.0	0.0	0.0	0.0
hgt	804	GCA.003247575.1.Bacteria.Myxococcota.A	1824.305	0.0	912.1525	2197.3	1451.31	0.0	0.0	1098.65
los	None	dead	0.0	0.0	0.0	0.0	0.0	0.0	0.0	0.0
dup	None	dead	0.0	0.0	0.0	0.0	0.0	0.0	0.0	0.0
dup	None	dead	0.0	0.0	0.0	0.0	0.0	0.0	0.0	0.0
hgt	515	GCA.002632265.1.Bacteria.Proteobacteria	2084.22	0.0	1042.11	2265.7	1902.74	0.0	0.0	1132.85
los	None	dead	0.0	0.0	0.0	0.0	0.0	0.0	0.0	0.0
hgt	None	dead	0.0	0.0	0.0	0.0	0.0	0.0	0.0	0.0
dup	None	dead	0.0	0.0	0.0	0.0	0.0	0.0	0.0	0.0
hgt	477	GCA.001897475.1.Bacteria.Proteobacteria	1066.3815	0.0	533.19075	1289.59	843.173	0.0	0.0	644.795
los	None	dead	0.0	0.0	0.0	0.0	0.0	0.0	0.0	0.0
hgt	518	GCA.002689455.1.Bacteria.Proteobacteria	2442.195	0.0	1221.0975	2659.56	2224.83	0.0	0.0	1329.78
los	None	dead	0.0	0.0	0.0	0.0	0.0	0.0	0.0	0.0
hgt	588	576	1773.33	1581.265	1677.2975	1953.51	1593.15	1817.5	1345.03	1649.27
los	None	dead	0.0	0.0	0.0	0.0	0.0	0.0	0.0	0.0
hgt	None	dead	0.0	0.0	0.0	0.0	0.0	0.0	0.0	0.0
hgt	512	486	1775.885	1397.735	1586.81	1942.07	1609.7	1700.16	1095.31	1518.69
los	None	dead	0.0	0.0	0.0	0.0	0.0	0.0	0.0	0.0
hgt	None	dead	0.0	0.0	0.0	0.0	0.0	0.0	0.0	0.0
hgt	434	GCA.002238885.1.Bacteria.Proteobacteria	1353.935	0.0	676.9675	1639.23	1068.64	0.0	0.0	819.615
los	None	dead	0.0	0.0	0.0	0.0	0.0	0.0	0.0	0.0
spe	512	486	1775.885	1397.735	1586.81	1942.07	1609.7	1700.16	1095.31	1518.69
hgt	None	dead	0.0	0.0	0.0	0.0	0.0	0.0	0.0	0.0
hgt	456	GCF.002148795.1.Bacteria.Proteobacteria	1476.57	0.0	738.285	1673.09	1280.05	0.0	0.0	836.545
los	None	dead	0.0	0.0	0.0	0.0	0.0	0.0	0.0	0.0
spe	588	576	1773.33	1581.265	1677.2975	1953.51	1593.15	1817.5	1345.03	1649.27
hgt	None	dead	0.0	0.0	0.0	0.0	0.0	0.0	0.0	0.0
hgt	595	GCA.002389045.1.Bacteria.Proteobacteria	1266.66	0.0	633.33	1469.01	1064.31	0.0	0.0	734.505
los	None	dead	0.0	0.0	0.0	0.0	0.0	0.0	0.0	0.0
spe	576	574	1581.265	1330.6	1455.9325	1817.5	1345.03	1590.49	1070.71	1444.105
hgt	None	dead	0.0	0.0	0.0	0.0	0.0	0.0	0.0	0.0
los	574	GCF.900112605.1.Bacteria.Proteobacteria	1330.6	0.0	665.3	1590.49	1070.71	0.0	0.0	795.245
dup	None	dead	0.0	0.0	0.0	0.0	0.0	0.0	0.0	0.0
hgt	653	GCF.001399755.1.Bacteria.Proteobacteria	2587.485	0.0	1293.7425	2815.0	2359.97	0.0	0.0	1407.5
los	None	dead	0.0	0.0	0.0	0.0	0.0	0.0	0.0	0.0
hgt	552	GCF.001614315.2.Bacteria.Proteobacteria	1380.83	0.0	690.415	1621.66	1140.0	0.0	0.0	810.83
los	None	dead	0.0	0.0	0.0	0.0	0.0	0.0	0.0	0.0
hgt	None	dead	0.0	0.0	0.0	0.0	0.0	0.0	0.0	0.0
hgt	613	612	1391.71	1256.25	1323.98	1592.53	1190.89	1460.33	1052.17	1322.35
los	None	dead	0.0	0.0	0.0	0.0	0.0	0.0	0.0	0.0
spe	613	612	1391.71	1256.25	1323.98	1592.53	1190.89	1460.33	1052.17	1322.35
spe	612	611	1256.25	936.1675	1096.20875	1460.33	1052.17	1239.98	632.355	1046.3425
los	611	GCF.003052605.1.Bacteria.Proteobacteria	936.1675	0.0	468.08375	1239.98	632.355	0.0	0.0	619.99
hgt	None	dead	0.0	0.0	0.0	0.0	0.0	0.0	0.0	0.0
hgt	568	GCF.001051235.1.Bacteria.Proteobacteria	1379.435	0.0	689.7175	1661.92	1096.95	0.0	0.0	830.96
los	None	dead	0.0	0.0	0.0	0.0	0.0	0.0	0.0	0.0
hgt	653	GCF.001399755.1.Bacteria.Proteobacteria	2587.485	0.0	1293.7425	2815.0	2359.97	0.0	0.0	1407.5
los	None	dead	0.0	0.0	0.0	0.0	0.0	0.0	0.0	0.0
hgt	None	dead	0.0	0.0	0.0	0.0	0.0	0.0	0.0	0.0
hgt	644	636	1647.11	1555.685	1601.3975	1863.23	1430.99	1786.38	1324.99	1594.11
los	None	dead	0.0	0.0	0.0	0.0	0.0	0.0	0.0	0.0
spe	644	636	1647.11	1555.685	1601.3975	1863.23	1430.99	1786.38	1324.99	1594.11
spe	636	634	1555.685	1386.92	1471.3025	1786.38	1324.99	1651.6	1122.24	1454.31
los	634	GCF.001697225.1.Bacteria.Proteobacteria	1386.92	0.0	693.46	1651.6	1122.24	0.0	0.0	825.8
hgt	None	dead	0.0	0.0	0.0	0.0	0.0	0.0	0.0	0.0
hgt	873	871	1600.675	1358.76	1479.7175	1876.83	1324.52	1643.54	1073.98	1475.405
los	None	dead	0.0	0.0	0.0	0.0	0.0	0.0	0.0	0.0
spe	873	871	1600.675	1358.76	1479.7175	1876.83	1324.52	1643.54	1073.98	1475.405
hgt	None	dead	0.0	0.0	0.0	0.0	0.0	0.0	0.0	0.0
hgt	883	GCA.000961655.1.Bacteria.Desulfobacterota	1311.85	0.0	655.925	1564.19	1059.51	0.0	0.0	782.095
los	None	dead	0.0	0.0	0.0	0.0	0.0	0.0	0.0	0.0
hgt	1384	1338	2049.01	1549.595	1799.3025	2270.99	1827.03	1917.57	1181.62	1726.305
los	None	dead	0.0	0.0	0.0	0.0	0.0	0.0	0.0	0.0
spe	1384	1338	2049.01	1549.595	1799.3025	2270.99	1827.03	1917.57	1181.62	1726.305
hgt	None	dead	0.0	0.0	0.0	0.0	0.0	0.0	0.0	0.0
hgt	1347	GCF.001561915.1.Bacteria.Firmicutes	1373.121	0.0	686.5605	1753.0	993.242	0.0	0.0	876.5
los	None	dead	0.0	0.0	0.0	0.0	0.0	0.0	0.0	0.0
hgt	None	dead	0.0	0.0	0.0	0.0	0.0	0.0	0.0	0.0
hgt	1341	GCF.001653195.1.Bacteria.Firmicutes	1523.81	0.0	761.905	1926.97	1120.65	0.0	0.0	963.485
los	None	dead	0.0	0.0	0.0	0.0	0.0	0.0	0.0	0.0
hgt	None	dead	0.0	0.0	0.0	0.0	0.0	0.0	0.0	0.0
hgt	1347	GCF.001561915.1.Bacteria.Firmicutes	1373.121	0.0	686.5605	1753.0	993.242	0.0	0.0	876.5
los	None	dead	0.0	0.0	0.0	0.0	0.0	0.0	0.0	0.0
hgt	None	dead	0.0	0.0	0.0	0.0	0.0	0.0	0.0	0.0
hgt	1360	GCF.002902625.1.Bacteria.Firmicutes	1258.375	0.0	629.1875	1500.04	1016.71	0.0	0.0	750.02
los	None	dead	0.0	0.0	0.0	0.0	0.0	0.0	0.0	0.0
hgt	None	dead	0.0	0.0	0.0	0.0	0.0	0.0	0.0	0.0
hgt	1284	GCF.001553315.1.Bacteria.Firmicutes.C	1065.8455	0.0	532.92275	1351.63	780.061	0.0	0.0	675.815
los	None	dead	0.0	0.0	0.0	0.0	0.0	0.0	0.0	0.0
hgt	None	dead	0.0	0.0	0.0	0.0	0.0	0.0	0.0	0.0
hgt	1180	GCF.001029505.1.Bacteria.Actinobacteriota	1876.995	0.0	938.4975	2165.65	1588.34	0.0	0.0	1082.825
los	None	dead	0.0	0.0	0.0	0.0	0.0	0.0	0.0	0.0
hgt	None	dead	0.0	0.0	0.0	0.0	0.0	0.0	0.0	0.0
hgt	1164	1160	1261.825	1110.64	1186.2325	1459.67	1063.98	1339.31	881.97	1170.82
los	None	dead	0.0	0.0	0.0	0.0	0.0	0.0	0.0	0.0
spe	1164	1160	1261.825	1110.64	1186.2325	1459.67	1063.98	1339.31	881.97	1170.82
hgt	None	dead	0.0	0.0	0.0	0.0	0.0	0.0	0.0	0.0
hgt	None	dead	0.0	0.0	0.0	0.0	0.0	0.0	0.0	0.0
hgt	1154	GCF.001591405.1.Bacteria.Actinobacteria	976.5785	0.0	488.28925	1290.8	662.357	0.0	0.0	645.4
los	None	dead	0.0	0.0	0.0	0.0	0.0	0.0	0.0	0.0
spe	1160	1158	1110.64	987.523	1049.0815	1339.31	881.97	1239.6	735.446	1037.378
hgt	None	dead	0.0	0.0	0.0	0.0	0.0	0.0	0.0	0.0
los	1158	GCF.001942305.1.Bacteria.Actinobacteriota	987.523	0.0	493.7615	1239.6	735.446	0.0	0.0	619.8
dup	None	dead	0.0	0.0	0.0	0.0	0.0	0.0	0.0	0.0
hgt	1163	GCF.000384115.1.Bacteria.Actinobacteriota	1087.464	0.0	543.732	1323.49	851.438	0.0	0.0	661.745
los	None	dead	0.0	0.0	0.0	0.0	0.0	0.0	0.0	0.0
hgt	1166	GCF.004348535.1.Bacteria.Actinobacteriota	1480.79	0.0	740.395	1697.07	1264.51	0.0	0.0	848.535
los	None	dead	0.0	0.0	0.0	0.0	0.0	0.0	0.0	0.0
dup	None	dead	0.0	0.0	0.0	0.0	0.0	0.0	0.0	0.0
hgt	1160	GCF.000015025.1.Bacteria.Actinobacteriota	1110.64	0.0	555.32	1339.31	881.97	0.0	0.0	669.655
los	None	dead	0.0	0.0	0.0	0.0	0.0	0.0	0.0	0.0
hgt	1178	GCA.002347645.1.Bacteria.Actinobacteriota	1434.165	0.0	717.0825	1689.01	1179.32	0.0	0.0	844.505
los	None	dead	0.0	0.0	0.0	0.0	0.0	0.0	0.0	0.0
spe	1338	1337	1549.595	1365.895	1457.745	1917.57	1181.62	1723.9	1007.89	1462.73
dup	None	dead	0.0	0.0	0.0	0.0	0.0	0.0	0.0	0.0
hgt	1112	GCA.002898555.1.Bacteria.Armatimonadota	1621.275	0.0	810.6375	2028.12	1214.43	0.0	0.0	1014.06
los	None	dead	0.0	0.0	0.0	0.0	0.0	0.0	0.0	0.0
dup	None	dead	0.0	0.0	0.0	0.0	0.0	0.0	0.0	0.0
hgt	444	GCA.002686135.1.Bacteria.Proteobacteria	1137.223	0.0	568.6115	1395.86	878.586	0.0	0.0	697.93
los	None	dead	0.0	0.0	0.0	0.0	0.0	0.0	0.0	0.0
hgt	529	GCA.002420425.1.Bacteria.Proteobacteria	1606.235	0.0	803.1175	2001.73	1210.74	0.0	0.0	1000.865
los	None	dead	0.0	0.0	0.0	0.0	0.0	0.0	0.0	0.0
dup	None	dead	0.0	0.0	0.0	0.0	0.0	0.0	0.0	0.0
hgt	989	GCA.002011685.1.Bacteria.JdFR.76	1691.135	0.0	845.5675	2043.3	1338.97	0.0	0.0	1021.65
los	None	dead	0.0	0.0	0.0	0.0	0.0	0.0	0.0	0.0
hgt	989	GCA.002011685.1.Bacteria.JdFR.76	1691.135	0.0	845.5675	2043.3	1338.97	0.0	0.0	1021.65
los	None	dead	0.0	0.0	0.0	0.0	0.0	0.0	0.0	0.0
spe	850	846	2017.715	1673.82	1845.7675	2343.11	1692.32	2082.2	1265.44	1804.275
hgt	None	dead	0.0	0.0	0.0	0.0	0.0	0.0	0.0	0.0
los	846	GCA.002327765.1.Bacteria.Desulfobacterota.E	1673.82	0.0	836.91	2082.2	1265.44	0.0	0.0	1041.1
dup	None	dead	0.0	0.0	0.0	0.0	0.0	0.0	0.0	0.0
dup	None	dead	0.0	0.0	0.0	0.0	0.0	0.0	0.0	0.0
hgt	955	GCA.001769655.1.Bacteria.Bacteroidota	1277.41	0.0	638.705	1498.37	1056.45	0.0	0.0	749.185
los	None	dead	0.0	0.0	0.0	0.0	0.0	0.0	0.0	0.0
hgt	769	GCA.001798135.1.Bacteria.UBA10199	1816.45	0.0	908.225	2071.96	1560.94	0.0	0.0	1035.98
los	None	dead	0.0	0.0	0.0	0.0	0.0	0.0	0.0	0.0
hgt	None	dead	0.0	0.0	0.0	0.0	0.0	0.0	0.0	0.0
dup	None	dead	0.0	0.0	0.0	0.0	0.0	0.0	0.0	0.0
hgt	585	GCA.002688175.1.Bacteria.Proteobacteria	1166.9135	0.0	583.45675	1423.99	909.837	0.0	0.0	711.995
los	None	dead	0.0	0.0	0.0	0.0	0.0	0.0	0.0	0.0
hgt	791	GCA.002050235.1.Bacteria.Desulfobacterota.B	1228.3465	0.0	614.17325	1482.5	974.193	0.0	0.0	741.25
los	None	dead	0.0	0.0	0.0	0.0	0.0	0.0	0.0	0.0
dup	None	dead	0.0	0.0	0.0	0.0	0.0	0.0	0.0	0.0
hgt	926	GCA.001780825.1.Bacteria.Gemmatimonadota	2022.635	0.0	1011.3175	2505.85	1539.42	0.0	0.0	1252.925
los	None	dead	0.0	0.0	0.0	0.0	0.0	0.0	0.0	0.0
hgt	None	dead	0.0	0.0	0.0	0.0	0.0	0.0	0.0	0.0
hgt	684	GCA.002483445.1.Bacteria.Acidobacteriota	1233.956	0.0	616.978	1519.9	948.012	0.0	0.0	759.95
los	None	dead	0.0	0.0	0.0	0.0	0.0	0.0	0.0	0.0
dup	None	dead	0.0	0.0	0.0	0.0	0.0	0.0	0.0	0.0
hgt	551	GCA.002699105.1.Bacteria.Bacteroidota	1067.6595	0.0	533.82975	1372.61	762.709	0.0	0.0	686.305
los	None	dead	0.0	0.0	0.0	0.0	0.0	0.0	0.0	0.0
hgt	1041	GCA.002686955.1.Bacteria.Gemmatimonadota.A	2350.395	0.0	1175.1975	2705.43	1995.36	0.0	0.0	1352.715
los	None	dead	0.0	0.0	0.0	0.0	0.0	0.0	0.0	0.0
hgt	None	dead	0.0	0.0	0.0	0.0	0.0	0.0	0.0	0.0
hgt	270	GCA.001567115.1.Bacteria.OLB16	2158.53	0.0	1079.265	2761.11	1555.95	0.0	0.0	1380.555
los	None	dead	0.0	0.0	0.0	0.0	0.0	0.0	0.0	0.0
hgt	None	dead	0.0	0.0	0.0	0.0	0.0	0.0	0.0	0.0
hgt	696	695	1431.49	1326.405	1378.9475	1637.29	1225.69	1521.67	1131.14	1384.215
los	None	dead	0.0	0.0	0.0	0.0	0.0	0.0	0.0	0.0
spe	696	695	1431.49	1326.405	1378.9475	1637.29	1225.69	1521.67	1131.14	1384.215
spe	695	694	1326.405	1256.385	1291.395	1521.67	1131.14	1449.85	1062.92	1292.295
los	694	692	1256.385	1113.508	1184.9465	1449.85	1062.92	1334.67	892.346	1171.098
hgt	None	dead	0.0	0.0	0.0	0.0	0.0	0.0	0.0	0.0
hgt	807	GCA.002841945.1.Bacteria.Myxococcota	1389.97	0.0	694.985	1659.67	1120.27	0.0	0.0	829.835
los	None	dead	0.0	0.0	0.0	0.0	0.0	0.0	0.0	0.0
hgt	None	dead	0.0	0.0	0.0	0.0	0.0	0.0	0.0	0.0
hgt	396	GCF.000177635.2.Bacteria.Chrysiogenota	2315.495	0.0	1157.7475	2856.45	1774.54	0.0	0.0	1428.225
los	None	dead	0.0	0.0	0.0	0.0	0.0	0.0	0.0	0.0
