event	left_node	right_node	left_date	right_date	midpoint_date	left_date_lower	left_date_upper	right_date_lower	right_date_upper	midpoint_date_all
spe	663	397	3210.05	2713.19	2961.62	3476.56	2943.54	3215.27	2211.11	2843.835
hgt	None	dead	0.0	0.0	0.0	0.0	0.0	0.0	0.0	0.0
dup	None	dead	0.0	0.0	0.0	0.0	0.0	0.0	0.0	0.0
dup	None	dead	0.0	0.0	0.0	0.0	0.0	0.0	0.0	0.0
hgt	332	GCA.002704825.1.Bacteria.Planctomycetota	1114.632	0.0	557.316	1388.09	841.174	0.0	0.0	694.045
los	None	dead	0.0	0.0	0.0	0.0	0.0	0.0	0.0	0.0
hgt	297	293	1989.305	1595.865	1792.585	2332.71	1645.9	2014.86	1176.87	1754.79
los	None	dead	0.0	0.0	0.0	0.0	0.0	0.0	0.0	0.0
spe	297	293	1989.305	1595.865	1792.585	2332.71	1645.9	2014.86	1176.87	1754.79
hgt	389	388	2648.15	2422.78	2535.465	2985.91	2310.39	2738.78	2106.78	2546.345
los	None	dead	0.0	0.0	0.0	0.0	0.0	0.0	0.0	0.0
hgt	None	dead	0.0	0.0	0.0	0.0	0.0	0.0	0.0	0.0
dup	None	dead	0.0	0.0	0.0	0.0	0.0	0.0	0.0	0.0
hgt	320	GCA.003245715.1.Bacteria.Planctomycetota	2045.545	0.0	1022.7725	2538.07	1553.02	0.0	0.0	1269.035
los	None	dead	0.0	0.0	0.0	0.0	0.0	0.0	0.0	0.0
hgt	239	GCA.003158755.1.Bacteria.Elusimicrobiota	1336.82	0.0	668.41	1587.29	1086.35	0.0	0.0	793.645
los	None	dead	0.0	0.0	0.0	0.0	0.0	0.0	0.0	0.0
spe	389	388	2648.15	2422.78	2535.465	2985.91	2310.39	2738.78	2106.78	2546.345
spe	388	376	2422.78	1994.345	2208.5625	2738.78	2106.78	2379.5	1609.19	2173.985
los	376	374	1994.345	1504.65	1749.4975	2379.5	1609.19	1879.98	1129.32	1754.41
spe	388	387	2422.78	2192.38	2307.58	2738.78	2106.78	2512.33	1872.43	2305.605
spe	387	383	2192.38	1799.86	1996.12	2512.33	1872.43	2104.95	1494.77	2003.55
los	383	381	1799.86	1432.255	1616.0575	2104.95	1494.77	1711.82	1152.69	1628.82
hgt	None	dead	0.0	0.0	0.0	0.0	0.0	0.0	0.0	0.0
hgt	1651	GCA.003242895.1.Bacteria.Margulisbacteria	1776.02	0.0	888.01	2230.5	1321.54	0.0	0.0	1115.25
los	None	dead	0.0	0.0	0.0	0.0	0.0	0.0	0.0	0.0
spe	387	386	2192.38	1753.72	1973.05	2512.33	1872.43	2160.86	1346.58	1929.455
hgt	None	dead	0.0	0.0	0.0	0.0	0.0	0.0	0.0	0.0
los	386	GCA.002450905.1.Bacteria.Spirochaetota	1753.72	0.0	876.86	2160.86	1346.58	0.0	0.0	1080.43
dup	None	dead	0.0	0.0	0.0	0.0	0.0	0.0	0.0	0.0
hgt	895	GCA.000739515.1.Bacteria.Moduliflexota	1810.42	0.0	905.21	2358.35	1262.49	0.0	0.0	1179.175
los	None	dead	0.0	0.0	0.0	0.0	0.0	0.0	0.0	0.0
hgt	883	GCA.000961655.1.Bacteria.Desulfobacterota	1311.85	0.0	655.925	1564.19	1059.51	0.0	0.0	782.095
los	None	dead	0.0	0.0	0.0	0.0	0.0	0.0	0.0	0.0
hgt	None	dead	0.0	0.0	0.0	0.0	0.0	0.0	0.0	0.0
dup	None	dead	0.0	0.0	0.0	0.0	0.0	0.0	0.0	0.0
hgt	849	GCF.000266945.1.Bacteria.Desulfobacterota	1605.6	0.0	802.8	2007.54	1203.66	0.0	0.0	1003.77
los	None	dead	0.0	0.0	0.0	0.0	0.0	0.0	0.0	0.0
dup	None	dead	0.0	0.0	0.0	0.0	0.0	0.0	0.0	0.0
hgt	868	GCA.002347095.1.Bacteria.Desulfobacterota	1587.525	0.0	793.7625	1838.99	1336.06	0.0	0.0	919.495
los	None	dead	0.0	0.0	0.0	0.0	0.0	0.0	0.0	0.0
dup	None	dead	0.0	0.0	0.0	0.0	0.0	0.0	0.0	0.0
hgt	880	GCF.000195295.1.Bacteria.Desulfobacterota	1365.41	0.0	682.705	1637.86	1092.96	0.0	0.0	818.93
los	None	dead	0.0	0.0	0.0	0.0	0.0	0.0	0.0	0.0
hgt	871	GCA.007244385.1.Bacteria.Desulfobacterota	1358.76	0.0	679.38	1643.54	1073.98	0.0	0.0	821.77
los	None	dead	0.0	0.0	0.0	0.0	0.0	0.0	0.0	0.0
hgt	None	dead	0.0	0.0	0.0	0.0	0.0	0.0	0.0	0.0
hgt	932	GCA.002414805.1.Bacteria.Fibrobacterota	1559.44	0.0	779.72	1863.79	1255.09	0.0	0.0	931.895
los	None	dead	0.0	0.0	0.0	0.0	0.0	0.0	0.0	0.0
hgt	None	dead	0.0	0.0	0.0	0.0	0.0	0.0	0.0	0.0
hgt	None	dead	0.0	0.0	0.0	0.0	0.0	0.0	0.0	0.0
dup	None	dead	0.0	0.0	0.0	0.0	0.0	0.0	0.0	0.0
hgt	880	GCF.000195295.1.Bacteria.Desulfobacterota	1365.41	0.0	682.705	1637.86	1092.96	0.0	0.0	818.93
los	None	dead	0.0	0.0	0.0	0.0	0.0	0.0	0.0	0.0
dup	None	dead	0.0	0.0	0.0	0.0	0.0	0.0	0.0	0.0
hgt	686	GCA.002451015.1.Bacteria.Acidobacteriota	1587.93	0.0	793.965	1852.98	1322.88	0.0	0.0	926.49
los	None	dead	0.0	0.0	0.0	0.0	0.0	0.0	0.0	0.0
hgt	873	GCA.002011835.1.Bacteria.Desulfobacterota	1600.675	0.0	800.3375	1876.83	1324.52	0.0	0.0	938.415
los	None	dead	0.0	0.0	0.0	0.0	0.0	0.0	0.0	0.0
hgt	None	dead	0.0	0.0	0.0	0.0	0.0	0.0	0.0	0.0
dup	None	dead	0.0	0.0	0.0	0.0	0.0	0.0	0.0	0.0
dup	None	dead	0.0	0.0	0.0	0.0	0.0	0.0	0.0	0.0
hgt	48	47	1716.14	1480.595	1598.3675	1982.66	1449.62	1786.51	1174.68	1578.67
los	None	dead	0.0	0.0	0.0	0.0	0.0	0.0	0.0	0.0
spe	48	47	1716.14	1480.595	1598.3675	1982.66	1449.62	1786.51	1174.68	1578.67
hgt	None	dead	0.0	0.0	0.0	0.0	0.0	0.0	0.0	0.0
dup	None	dead	0.0	0.0	0.0	0.0	0.0	0.0	0.0	0.0
hgt	87	GCA.002256595.1.Archaea.Halobacteriota	1542.125	0.0	771.0625	1762.59	1321.66	0.0	0.0	881.295
los	None	dead	0.0	0.0	0.0	0.0	0.0	0.0	0.0	0.0
hgt	77	GCA.001766825.1.Archaea.Halobacteriota	1412.42	0.0	706.21	1711.62	1113.22	0.0	0.0	855.81
los	None	dead	0.0	0.0	0.0	0.0	0.0	0.0	0.0	0.0
hgt	None	dead	0.0	0.0	0.0	0.0	0.0	0.0	0.0	0.0
hgt	753	GCA.001803565.1.Bacteria.Nitrospinota.B	1778.33	0.0	889.165	2125.97	1430.69	0.0	0.0	1062.985
los	None	dead	0.0	0.0	0.0	0.0	0.0	0.0	0.0	0.0
hgt	None	dead	0.0	0.0	0.0	0.0	0.0	0.0	0.0	0.0
dup	None	dead	0.0	0.0	0.0	0.0	0.0	0.0	0.0	0.0
hgt	80	GCA.003158275.1.Archaea.Halobacteriota	1371.305	0.0	685.6525	1640.83	1101.78	0.0	0.0	820.415
los	None	dead	0.0	0.0	0.0	0.0	0.0	0.0	0.0	0.0
hgt	86	GCA.001412335.1.Archaea.Halobacteriota	1366.345	0.0	683.1725	1587.43	1145.26	0.0	0.0	793.715
los	None	dead	0.0	0.0	0.0	0.0	0.0	0.0	0.0	0.0
dup	None	dead	0.0	0.0	0.0	0.0	0.0	0.0	0.0	0.0
hgt	84	GCF.000970205.1.Archaea.Halobacteriota	1169.197	0.0	584.5985	1403.93	934.464	0.0	0.0	701.965
los	None	dead	0.0	0.0	0.0	0.0	0.0	0.0	0.0	0.0
hgt	84	GCF.000970205.1.Archaea.Halobacteriota	1169.197	0.0	584.5985	1403.93	934.464	0.0	0.0	701.965
los	None	dead	0.0	0.0	0.0	0.0	0.0	0.0	0.0	0.0
hgt	39	35	2176.73	1886.455	2031.5925	2662.29	1691.17	2412.29	1360.62	2011.455
los	None	dead	0.0	0.0	0.0	0.0	0.0	0.0	0.0	0.0
spe	39	35	2176.73	1886.455	2031.5925	2662.29	1691.17	2412.29	1360.62	2011.455
hgt	None	dead	0.0	0.0	0.0	0.0	0.0	0.0	0.0	0.0
hgt	93	GCF.000025525.1.Archaea.Methanobacteriota.A	2558.825	0.0	1279.4125	2775.71	2341.94	0.0	0.0	1387.855
los	None	dead	0.0	0.0	0.0	0.0	0.0	0.0	0.0	0.0
hgt	None	dead	0.0	0.0	0.0	0.0	0.0	0.0	0.0	0.0
dup	None	dead	0.0	0.0	0.0	0.0	0.0	0.0	0.0	0.0
hgt	1305	GCF.002207765.1.Bacteria.Firmicutes.B	1336.995	0.0	668.4975	1578.59	1095.4	0.0	0.0	789.295
los	None	dead	0.0	0.0	0.0	0.0	0.0	0.0	0.0	0.0
hgt	1292	GCF.001950325.1.Bacteria.Firmicutes.B	1516.66	0.0	758.33	1936.55	1096.77	0.0	0.0	968.275
los	None	dead	0.0	0.0	0.0	0.0	0.0	0.0	0.0	0.0
hgt	None	dead	0.0	0.0	0.0	0.0	0.0	0.0	0.0	0.0
dup	None	dead	0.0	0.0	0.0	0.0	0.0	0.0	0.0	0.0
hgt	1280	GCF.000430605.1.Bacteria.Firmicutes.C	950.2895	0.0	475.14475	1302.52	598.059	0.0	0.0	651.26
los	None	dead	0.0	0.0	0.0	0.0	0.0	0.0	0.0	0.0
dup	None	dead	0.0	0.0	0.0	0.0	0.0	0.0	0.0	0.0
hgt	1264	GCA.900317035.1.Bacteria.Firmicutes.A	1360.255	0.0	680.1275	1585.16	1135.35	0.0	0.0	792.58
los	None	dead	0.0	0.0	0.0	0.0	0.0	0.0	0.0	0.0
hgt	239	GCF.001027545.1.Bacteria.Elusimicrobiota	1336.82	0.0	668.41	1587.29	1086.35	0.0	0.0	793.645
los	None	dead	0.0	0.0	0.0	0.0	0.0	0.0	0.0	0.0
hgt	None	dead	0.0	0.0	0.0	0.0	0.0	0.0	0.0	0.0
hgt	721	GCA.003230535.1.Bacteria.SZUA.182	2277.575	0.0	1138.7875	2744.86	1810.29	0.0	0.0	1372.43
los	None	dead	0.0	0.0	0.0	0.0	0.0	0.0	0.0	0.0
hgt	None	dead	0.0	0.0	0.0	0.0	0.0	0.0	0.0	0.0
hgt	1421	1419	1474.28	1336.415	1405.3475	1734.39	1214.17	1593.44	1079.39	1406.89
los	None	dead	0.0	0.0	0.0	0.0	0.0	0.0	0.0	0.0
spe	1421	1419	1474.28	1336.415	1405.3475	1734.39	1214.17	1593.44	1079.39	1406.89
hgt	None	dead	0.0	0.0	0.0	0.0	0.0	0.0	0.0	0.0
hgt	118	GCA.001593855.1.Archaea.Thermoproteota	1643.115	0.0	821.5575	1910.17	1376.06	0.0	0.0	955.085
los	None	dead	0.0	0.0	0.0	0.0	0.0	0.0	0.0	0.0
hgt	None	dead	0.0	0.0	0.0	0.0	0.0	0.0	0.0	0.0
dup	None	dead	0.0	0.0	0.0	0.0	0.0	0.0	0.0	0.0
hgt	107	GCA.001717025.1.Archaea.Thermoproteota	1515.18	0.0	757.59	1853.29	1177.07	0.0	0.0	926.645
los	None	dead	0.0	0.0	0.0	0.0	0.0	0.0	0.0	0.0
hgt	84	GCF.000011005.1.Archaea.Euryarchaeota	1169.197	0.0	584.5985	1403.93	934.464	0.0	0.0	701.965
los	None	dead	0.0	0.0	0.0	0.0	0.0	0.0	0.0	0.0
hgt	None	dead	0.0	0.0	0.0	0.0	0.0	0.0	0.0	0.0
hgt	None	dead	0.0	0.0	0.0	0.0	0.0	0.0	0.0	0.0
hgt	733	GCA.003235715.1.Bacteria.Nitrospirota	1467.515	0.0	733.7575	1757.8	1177.23	0.0	0.0	878.9
los	None	dead	0.0	0.0	0.0	0.0	0.0	0.0	0.0	0.0
dup	None	dead	0.0	0.0	0.0	0.0	0.0	0.0	0.0	0.0
hgt	846	GCF.001611275.1.Bacteria.Desulfobacterota	1673.82	0.0	836.91	2082.2	1265.44	0.0	0.0	1041.1
los	None	dead	0.0	0.0	0.0	0.0	0.0	0.0	0.0	0.0
dup	None	dead	0.0	0.0	0.0	0.0	0.0	0.0	0.0	0.0
hgt	1319	GCF.900100785.1.Bacteria.Firmicutes.B	1607.725	0.0	803.8625	1817.85	1397.6	0.0	0.0	908.925
los	None	dead	0.0	0.0	0.0	0.0	0.0	0.0	0.0	0.0
hgt	1312	GCF.000019165.1.Bacteria.Firmicutes.B	1284.875	0.0	642.4375	1547.99	1021.76	0.0	0.0	773.995
los	None	dead	0.0	0.0	0.0	0.0	0.0	0.0	0.0	0.0
hgt	None	dead	0.0	0.0	0.0	0.0	0.0	0.0	0.0	0.0
hgt	853	GCA.003232385.1.Bacteria.SZUA.79	1743.175	0.0	871.5875	2129.35	1357.0	0.0	0.0	1064.675
los	None	dead	0.0	0.0	0.0	0.0	0.0	0.0	0.0	0.0
hgt	None	dead	0.0	0.0	0.0	0.0	0.0	0.0	0.0	0.0
dup	None	dead	0.0	0.0	0.0	0.0	0.0	0.0	0.0	0.0
hgt	67	GCA.001421185.1.Archaea.Thermoplasmatota	1500.29	0.0	750.145	1746.66	1253.92	0.0	0.0	873.33
los	None	dead	0.0	0.0	0.0	0.0	0.0	0.0	0.0	0.0
hgt	None	dead	0.0	0.0	0.0	0.0	0.0	0.0	0.0	0.0
hgt	1350	GCF.001742305.1.Bacteria.Firmicutes	1481.1	0.0	740.55	1809.84	1152.36	0.0	0.0	904.92
los	None	dead	0.0	0.0	0.0	0.0	0.0	0.0	0.0	0.0
hgt	None	dead	0.0	0.0	0.0	0.0	0.0	0.0	0.0	0.0
dup	None	dead	0.0	0.0	0.0	0.0	0.0	0.0	0.0	0.0
dup	None	dead	0.0	0.0	0.0	0.0	0.0	0.0	0.0	0.0
dup	None	dead	0.0	0.0	0.0	0.0	0.0	0.0	0.0	0.0
hgt	1312	GCF.002607855.1.Bacteria.Firmicutes.B	1284.875	0.0	642.4375	1547.99	1021.76	0.0	0.0	773.995
los	None	dead	0.0	0.0	0.0	0.0	0.0	0.0	0.0	0.0
hgt	1288	GCA.002411145.1.Bacteria.Firmicutes.C	1620.075	0.0	810.0375	1888.5	1351.65	0.0	0.0	944.25
los	None	dead	0.0	0.0	0.0	0.0	0.0	0.0	0.0	0.0
hgt	1285	1281	1338.6	1109.4215	1224.01075	1586.21	1090.99	1419.04	799.803	1193.0065
los	None	dead	0.0	0.0	0.0	0.0	0.0	0.0	0.0	0.0
hgt	None	dead	0.0	0.0	0.0	0.0	0.0	0.0	0.0	0.0
hgt	1288	GCA.002411145.1.Bacteria.Firmicutes.C	1620.075	0.0	810.0375	1888.5	1351.65	0.0	0.0	944.25
los	None	dead	0.0	0.0	0.0	0.0	0.0	0.0	0.0	0.0
hgt	None	dead	0.0	0.0	0.0	0.0	0.0	0.0	0.0	0.0
hgt	1285	1281	1338.6	1109.4215	1224.01075	1586.21	1090.99	1419.04	799.803	1193.0065
los	None	dead	0.0	0.0	0.0	0.0	0.0	0.0	0.0	0.0
hgt	None	dead	0.0	0.0	0.0	0.0	0.0	0.0	0.0	0.0
hgt	1280	GCF.900104455.1.Bacteria.Firmicutes.C	950.2895	0.0	475.14475	1302.52	598.059	0.0	0.0	651.26
los	None	dead	0.0	0.0	0.0	0.0	0.0	0.0	0.0	0.0
spe	1285	1281	1338.6	1109.4215	1224.01075	1586.21	1090.99	1419.04	799.803	1193.0065
spe	1281	1280	1109.4215	950.2895	1029.8555	1419.04	799.803	1302.52	598.059	1008.5495
los	1280	GCF.000430605.1.Bacteria.Firmicutes.C	950.2895	0.0	475.14475	1302.52	598.059	0.0	0.0	651.26
spe	1285	1281	1338.6	1109.4215	1224.01075	1586.21	1090.99	1419.04	799.803	1193.0065
hgt	None	dead	0.0	0.0	0.0	0.0	0.0	0.0	0.0	0.0
hgt	1281	GCF.002257705.1.Bacteria.Firmicutes.C	1109.4215	0.0	554.71075	1419.04	799.803	0.0	0.0	709.52
los	None	dead	0.0	0.0	0.0	0.0	0.0	0.0	0.0	0.0
spe	1281	1280	1109.4215	950.2895	1029.8555	1419.04	799.803	1302.52	598.059	1008.5495
dup	None	dead	0.0	0.0	0.0	0.0	0.0	0.0	0.0	0.0
hgt	880	GCA.001577715.1.Bacteria.Desulfobacterota	1365.41	0.0	682.705	1637.86	1092.96	0.0	0.0	818.93
los	None	dead	0.0	0.0	0.0	0.0	0.0	0.0	0.0	0.0
hgt	1269	GCF.002252565.1.Bacteria.Firmicutes.A	1451.62	0.0	725.81	1671.19	1232.05	0.0	0.0	835.595
los	None	dead	0.0	0.0	0.0	0.0	0.0	0.0	0.0	0.0
hgt	1720	1719	2510.455	2371.88	2441.1675	2678.67	2342.24	2533.31	2210.45	2444.56
los	None	dead	0.0	0.0	0.0	0.0	0.0	0.0	0.0	0.0
hgt	None	dead	0.0	0.0	0.0	0.0	0.0	0.0	0.0	0.0
hgt	None	dead	0.0	0.0	0.0	0.0	0.0	0.0	0.0	0.0
spe	1720	1719	2510.455	2371.88	2441.1675	2678.67	2342.24	2533.31	2210.45	2444.56
spe	1719	1718	2371.88	2232.24	2302.06	2533.31	2210.45	2378.44	2086.04	2309.675
los	1718	1717	2232.24	2064.395	2148.3175	2378.44	2086.04	2238.25	1890.54	2134.49
spe	1718	1704	2232.24	2105.22	2168.73	2378.44	2086.04	2238.26	1972.18	2175.31
spe	1704	1672	2105.22	1717.695	1911.4575	2238.26	1972.18	2070.17	1365.22	1801.74
los	1672	GCF.000015965.1.Bacteria.Cyanobacteria	1717.695	0.0	858.8475	2070.17	1365.22	0.0	0.0	1035.085
spe	1704	1703	2105.22	2001.35	2053.285	2238.26	1972.18	2116.53	1886.17	2062.215
spe	1703	1679	2001.35	1509.135	1755.2425	2116.53	1886.17	1896.29	1121.98	1619.255
los	1679	GCF.000473895.1.Bacteria.Cyanobacteria	1509.135	0.0	754.5675	1896.29	1121.98	0.0	0.0	948.145
spe	1679	1678	1509.135	796.3525	1152.74375	1896.29	1121.98	1296.27	296.435	1096.3625
spe	1678	1676	796.3525	163.12655	479.73952	1296.27	296.435	232.712	93.5411	694.90555
los	1676	UCYNA2	163.12655	0.0	81.56328	232.712	93.5411	0.0	0.0	116.356
spe	1703	1702	2001.35	1938.175	1969.7625	2116.53	1886.17	2044.36	1831.99	1974.26
spe	1702	1701	1938.175	1887.235	1912.705	2044.36	1831.99	1985.34	1789.13	1916.745
spe	1701	1685	1887.235	1635.52	1761.3775	1985.34	1789.13	1883.48	1387.56	1686.45
los	1685	GCF.000018105.1.Bacteria.Cyanobacteria	1635.52	0.0	817.76	1883.48	1387.56	0.0	0.0	941.74
spe	1685	1684	1635.52	1444.79	1540.155	1883.48	1387.56	1759.1	1130.48	1506.98
los	1684	GCA.001698445.1.Bacteria.Cyanobacteria	1444.79	0.0	722.395	1759.1	1130.48	0.0	0.0	879.55
spe	1701	1700	1887.235	1825.65	1856.4425	1985.34	1789.13	1915.11	1736.19	1860.765
spe	1700	1699	1825.65	1773.275	1799.4625	1915.11	1736.19	1850.15	1696.4	1805.755
los	1699	GCF.000317045.1.Bacteria.Cyanobacteria	1773.275	0.0	886.6375	1850.15	1696.4	0.0	0.0	925.075
spe	1699	1698	1773.275	1634.795	1704.035	1850.15	1696.4	1669.04	1600.55	1725.35
los	1698	1692	1634.795	34.435	834.615	1669.04	1600.55	57.4215	11.4485	840.24425
spe	1698	1697	1634.795	920.2075	1277.50125	1669.04	1600.55	1581.01	259.405	964.2225
spe	1697	1695	920.2075	795.37	857.78875	1581.01	259.405	1453.6	137.14	859.075
hgt	None	dead	0.0	0.0	0.0	0.0	0.0	0.0	0.0	0.0
hgt	1692	Richelia.intracellularis.HH01	34.435	0.0	17.2175	57.4215	11.4485	0.0	0.0	28.71075
los	None	dead	0.0	0.0	0.0	0.0	0.0	0.0	0.0	0.0
spe	1700	1688	1825.65	1436.775	1631.2125	1915.11	1736.19	1766.73	1106.82	1510.965
dup	None	dead	0.0	0.0	0.0	0.0	0.0	0.0	0.0	0.0
dup	None	dead	0.0	0.0	0.0	0.0	0.0	0.0	0.0	0.0
hgt	837	GCA.001768075.1.Bacteria.Myxococcota	1472.175	0.0	736.0875	1791.61	1152.74	0.0	0.0	895.805
los	None	dead	0.0	0.0	0.0	0.0	0.0	0.0	0.0	0.0
hgt	736	GCA.001803795.1.Bacteria.Nitrospirota	1526.965	0.0	763.4825	1902.65	1151.28	0.0	0.0	951.325
los	None	dead	0.0	0.0	0.0	0.0	0.0	0.0	0.0	0.0
hgt	644	636	1647.11	1555.685	1601.3975	1863.23	1430.99	1786.38	1324.99	1594.11
los	None	dead	0.0	0.0	0.0	0.0	0.0	0.0	0.0	0.0
spe	644	636	1647.11	1555.685	1601.3975	1863.23	1430.99	1786.38	1324.99	1594.11
hgt	None	dead	0.0	0.0	0.0	0.0	0.0	0.0	0.0	0.0
hgt	498	GCF.000192575.1.Bacteria.Proteobacteria	1261.48	0.0	630.74	1455.41	1067.55	0.0	0.0	727.705
los	None	dead	0.0	0.0	0.0	0.0	0.0	0.0	0.0	0.0
hgt	None	dead	0.0	0.0	0.0	0.0	0.0	0.0	0.0	0.0
hgt	536	GCF.900111015.1.Bacteria.Proteobacteria	1675.53	0.0	837.765	2101.36	1249.7	0.0	0.0	1050.68
los	None	dead	0.0	0.0	0.0	0.0	0.0	0.0	0.0	0.0
spe	636	634	1555.685	1386.92	1471.3025	1786.38	1324.99	1651.6	1122.24	1454.31
hgt	None	dead	0.0	0.0	0.0	0.0	0.0	0.0	0.0	0.0
los	634	GCF.002020875.1.Bacteria.Proteobacteria	1386.92	0.0	693.46	1651.6	1122.24	0.0	0.0	825.8
hgt	568	GCA.002862435.1.Bacteria.Proteobacteria	1379.435	0.0	689.7175	1661.92	1096.95	0.0	0.0	830.96
los	None	dead	0.0	0.0	0.0	0.0	0.0	0.0	0.0	0.0
hgt	None	dead	0.0	0.0	0.0	0.0	0.0	0.0	0.0	0.0
hgt	458	GCA.002340345.1.Bacteria.Proteobacteria	1624.365	0.0	812.1825	1810.7	1438.03	0.0	0.0	905.35
los	None	dead	0.0	0.0	0.0	0.0	0.0	0.0	0.0	0.0
hgt	None	dead	0.0	0.0	0.0	0.0	0.0	0.0	0.0	0.0
hgt	495	GCF.003173035.1.Bacteria.Proteobacteria	1237.1635	0.0	618.58175	1474.36	999.967	0.0	0.0	737.18
los	None	dead	0.0	0.0	0.0	0.0	0.0	0.0	0.0	0.0
hgt	None	dead	0.0	0.0	0.0	0.0	0.0	0.0	0.0	0.0
hgt	463	462	1394.155	1117.2015	1255.67825	1606.24	1182.07	1403.11	831.293	1218.7665
los	None	dead	0.0	0.0	0.0	0.0	0.0	0.0	0.0	0.0
spe	463	462	1394.155	1117.2015	1255.67825	1606.24	1182.07	1403.11	831.293	1218.7665
hgt	None	dead	0.0	0.0	0.0	0.0	0.0	0.0	0.0	0.0
hgt	None	dead	0.0	0.0	0.0	0.0	0.0	0.0	0.0	0.0
hgt	565	GCF.002958735.1.Bacteria.Proteobacteria	1414.39	0.0	707.195	1716.39	1112.39	0.0	0.0	858.195
los	None	dead	0.0	0.0	0.0	0.0	0.0	0.0	0.0	0.0
hgt	None	dead	0.0	0.0	0.0	0.0	0.0	0.0	0.0	0.0
hgt	406	GCA.001872725.1.Bacteria.Proteobacteria	2159.8	0.0	1079.9	2741.58	1578.02	0.0	0.0	1370.79
los	None	dead	0.0	0.0	0.0	0.0	0.0	0.0	0.0	0.0
hgt	None	dead	0.0	0.0	0.0	0.0	0.0	0.0	0.0	0.0
hgt	542	GCA.002352565.1.Bacteria.Proteobacteria	1583.705	0.0	791.8525	1912.35	1255.06	0.0	0.0	956.175
los	None	dead	0.0	0.0	0.0	0.0	0.0	0.0	0.0	0.0
dup	None	dead	0.0	0.0	0.0	0.0	0.0	0.0	0.0	0.0
hgt	659	GCA.000830255.1.Bacteria.Campylobacterota	1329.6085	0.0	664.80425	1758.41	900.807	0.0	0.0	879.205
los	None	dead	0.0	0.0	0.0	0.0	0.0	0.0	0.0	0.0
hgt	519	GCF.002109495.1.Bacteria.Proteobacteria	2611.035	0.0	1305.5175	2836.91	2385.16	0.0	0.0	1418.455
los	None	dead	0.0	0.0	0.0	0.0	0.0	0.0	0.0	0.0
dup	None	dead	0.0	0.0	0.0	0.0	0.0	0.0	0.0	0.0
hgt	749	GCA.003229375.1.Bacteria.Nitrospinota	1448.555	0.0	724.2775	1782.86	1114.25	0.0	0.0	891.43
los	None	dead	0.0	0.0	0.0	0.0	0.0	0.0	0.0	0.0
hgt	720	GCA.002347965.1.Bacteria.UBA2233	1930.555	0.0	965.2775	2446.78	1414.33	0.0	0.0	1223.39
los	None	dead	0.0	0.0	0.0	0.0	0.0	0.0	0.0	0.0
spe	397	396	2713.19	2315.495	2514.3425	3215.27	2211.11	2856.45	1774.54	2494.905
spe	396	395	2315.495	1504.32	1909.9075	2856.45	1774.54	1938.87	1069.77	1963.11
hgt	None	dead	0.0	0.0	0.0	0.0	0.0	0.0	0.0	0.0
los	395	GCF.000487995.1.Bacteria.Deferribacterota	1504.32	0.0	752.16	1938.87	1069.77	0.0	0.0	969.435
hgt	143	GCA.001563325.1.Archaea.Asgardarchaeota	1902.65	0.0	951.325	2361.92	1443.38	0.0	0.0	1180.96
los	None	dead	0.0	0.0	0.0	0.0	0.0	0.0	0.0	0.0
dup	None	dead	0.0	0.0	0.0	0.0	0.0	0.0	0.0	0.0
hgt	1284	GCF.001553315.1.Bacteria.Firmicutes.C	1065.8455	0.0	532.92275	1351.63	780.061	0.0	0.0	675.815
los	None	dead	0.0	0.0	0.0	0.0	0.0	0.0	0.0	0.0
hgt	1173	GCA.002897715.1.Bacteria.Actinobacteriota	1376.77	0.0	688.385	1664.76	1088.78	0.0	0.0	832.38
los	None	dead	0.0	0.0	0.0	0.0	0.0	0.0	0.0	0.0
