event	left_node	right_node	left_date	right_date	midpoint_date	left_date_lower	left_date_upper	right_date_lower	right_date_upper	midpoint_date_all
spe	1390	1218	2692.555	2397.09	2544.8225	2961.03	2424.08	2801.39	1992.79	2476.91
spe	1218	1216	2397.09	1902.285	2149.6875	2801.39	1992.79	2352.8	1451.77	2126.58
hgt	1221	GCA.002375925.1.Bacteria.Firmicutes.E	1546.995	0.0	773.4975	1982.53	1111.46	0.0	0.0	991.265
hgt	None	dead	0.0	0.0	0.0	0.0	0.0	0.0	0.0	0.0
hgt	1347	GCF.900099895.1.Bacteria.Firmicutes	1373.121	0.0	686.5605	1753.0	993.242	0.0	0.0	876.5
los	None	dead	0.0	0.0	0.0	0.0	0.0	0.0	0.0	0.0
hgt	1379	1355	1743.235	1426.77	1585.0025	1945.76	1540.71	1769.44	1084.1	1514.93
los	1216	1215	1902.285	1418.775	1660.53	2352.8	1451.77	1822.09	1015.46	1684.13
spe	1379	1355	1743.235	1426.77	1585.0025	1945.76	1540.71	1769.44	1084.1	1514.93
hgt	1258	GCA.003527145.1.Bacteria.Firmicutes.A	1451.145	0.0	725.5725	1683.97	1218.32	0.0	0.0	841.985
hgt	1318	1317	1519.645	1148.381	1334.013	1736.35	1302.94	1413.4	883.362	1309.856
spe	1318	1317	1519.645	1148.381	1334.013	1736.35	1302.94	1413.4	883.362	1309.856
spe	1317	1315	1148.381	955.8	1052.0905	1413.4	883.362	1256.7	654.9	1034.15
hgt	1347	GCF.001561915.1.Bacteria.Firmicutes	1373.121	0.0	686.5605	1753.0	993.242	0.0	0.0	876.5
los	1315	GCA.002482535.1.Bacteria.Firmicutes.B	955.8	0.0	477.9	1256.7	654.9	0.0	0.0	628.35
hgt	1251	GCA.900066305.1.Bacteria.Firmicutes.A	1206.9915	0.0	603.49575	1436.79	977.193	0.0	0.0	718.395
hgt	None	dead	0.0	0.0	0.0	0.0	0.0	0.0	0.0	0.0
hgt	1322	GCA.000961765.1.Bacteria.Firmicutes.B	1384.555	0.0	692.2775	1682.41	1086.7	0.0	0.0	841.205
los	None	dead	0.0	0.0	0.0	0.0	0.0	0.0	0.0	0.0
hgt	None	dead	0.0	0.0	0.0	0.0	0.0	0.0	0.0	0.0
hgt	198	GCA.002478245.1.Bacteria.UBP18	1971.4	0.0	985.7	2575.64	1367.16	0.0	0.0	1287.82
los	None	dead	0.0	0.0	0.0	0.0	0.0	0.0	0.0	0.0
hgt	1476	1454	2416.915	1996.555	2206.735	2708.83	2125.0	2245.89	1747.22	2228.025
hgt	1216	GCF.000020005.1.Bacteria.Firmicutes.D	1902.285	0.0	951.1425	2352.8	1451.77	0.0	0.0	1176.4
hgt	1289	GCA.002345475.1.Bacteria.Firmicutes.H	1989.36	0.0	994.68	2274.49	1704.23	0.0	0.0	1137.245
spe	1476	1454	2416.915	1996.555	2206.735	2708.83	2125.0	2245.89	1747.22	2228.025
hgt	123	122	1998.805	1853.335	1926.07	2251.98	1745.63	2102.13	1604.54	1928.26
hgt	801	GCA.001797815.1.Bacteria.RBG.13.61.14	1810.17	0.0	905.085	2217.42	1402.92	0.0	0.0	1108.71
hgt	None	dead	0.0	0.0	0.0	0.0	0.0	0.0	0.0	0.0
spe	1454	1446	1996.555	1803.385	1899.97	2245.89	1747.22	2040.01	1566.76	1906.325
spe	1446	1445	1803.385	1577.91	1690.6475	2040.01	1566.76	1848.3	1307.52	1673.765
hgt	None	dead	0.0	0.0	0.0	0.0	0.0	0.0	0.0	0.0
los	1445	1444	1577.91	1386.06	1481.985	1848.3	1307.52	1673.58	1098.54	1473.42
hgt	794	GCA.001798565.1.Bacteria.Desulfobacterota.B	1350.25	0.0	675.125	1609.55	1090.95	0.0	0.0	804.775
los	None	dead	0.0	0.0	0.0	0.0	0.0	0.0	0.0	0.0
hgt	1325	1324	1862.485	1779.53	1821.0075	2083.02	1641.95	1989.46	1569.6	1826.31
spe	1446	1440	1803.385	1679.715	1741.55	2040.01	1566.76	1908.42	1451.01	1745.51
los	1440	1439	1679.715	1492.005	1585.86	1908.42	1451.01	1713.37	1270.64	1589.53
spe	1325	1324	1862.485	1779.53	1821.0075	2083.02	1641.95	1989.46	1569.6	1826.31
spe	1324	1308	1779.53	1606.55	1693.04	1989.46	1569.6	1832.18	1380.92	1685.19
spe	1308	1300	1606.55	1333.34	1469.945	1832.18	1380.92	1595.67	1071.01	1451.595
hgt	1178	GCA.002347645.1.Bacteria.Actinobacteriota	1434.165	0.0	717.0825	1689.01	1179.32	0.0	0.0	844.505
los	1300	GCF.000620305.1.Bacteria.Firmicutes.B	1333.34	0.0	666.67	1595.67	1071.01	0.0	0.0	797.835
hgt	1227	GCA.003242675.1.Bacteria.Firmicutes.E	1509.365	0.0	754.6825	1811.9	1206.83	0.0	0.0	905.95
hgt	1210	1209	1896.845	1584.4	1740.6225	2224.85	1568.84	1929.85	1238.95	1731.9
spe	1308	1307	1606.55	1451.1	1528.825	1832.18	1380.92	1682.57	1219.63	1525.905
los	1307	1305	1451.1	1336.995	1394.0475	1682.57	1219.63	1578.59	1095.4	1388.985
spe	1210	1209	1896.845	1584.4	1740.6225	2224.85	1568.84	1929.85	1238.95	1731.9
spe	1209	1208	1584.4	1446.125	1515.2625	1929.85	1238.95	1790.14	1102.11	1515.98
los	1208	GCA.900016865.1.Bacteria.Firmicutes.G	1446.125	0.0	723.0625	1790.14	1102.11	0.0	0.0	895.07
spe	1324	1323	1779.53	1708.06	1743.795	1989.46	1569.6	1917.5	1498.62	1744.04
los	1323	1322	1708.06	1384.555	1546.3075	1917.5	1498.62	1682.41	1086.7	1502.1
spe	1323	1319	1708.06	1607.725	1657.8925	1917.5	1498.62	1817.85	1397.6	1657.55
spe	1319	1318	1607.725	1519.645	1563.685	1817.85	1397.6	1736.35	1302.94	1560.395
los	1318	1317	1519.645	1148.381	1334.013	1736.35	1302.94	1413.4	883.362	1309.856
spe	1318	1312	1519.645	1284.875	1402.26	1736.35	1302.94	1547.99	1021.76	1379.055
los	1312	GCF.002607855.1.Bacteria.Firmicutes.B	1284.875	0.0	642.4375	1547.99	1021.76	0.0	0.0	773.995
hgt	1240	GCF.900142995.1.Bacteria.Firmicutes.A	1697.815	0.0	848.9075	2230.68	1164.95	0.0	0.0	1115.34
hgt	1380	GCF.001049895.1.Bacteria.Firmicutes	1785.675	0.0	892.8375	1991.06	1580.29	0.0	0.0	995.53
hgt	1344	GCF.000218765.1.Bacteria.Firmicutes	1520.89	0.0	760.445	1933.44	1108.34	0.0	0.0	966.72
hgt	1338	GCF.002335525.1.Bacteria.Firmicutes	1549.595	0.0	774.7975	1917.57	1181.62	0.0	0.0	958.785
hgt	873	871	1600.675	1358.76	1479.7175	1876.83	1324.52	1643.54	1073.98	1475.405
los	None	dead	0.0	0.0	0.0	0.0	0.0	0.0	0.0	0.0
spe	873	871	1600.675	1358.76	1479.7175	1876.83	1324.52	1643.54	1073.98	1475.405
hgt	359	GCA.001302825.1.Bacteria.Planctomycetota	1653.55	0.0	826.775	2053.94	1253.16	0.0	0.0	1026.97
hgt	756	GCA.001790645.1.Bacteria.Schekmanbacteria	2320.99	0.0	1160.495	2718.41	1923.57	0.0	0.0	1359.205
hgt	1058	GCF.000233775.1.Bacteria.Synergistota	1931.1	0.0	965.55	2676.3	1185.9	0.0	0.0	1338.15
hgt	877	GCF.000620765.1.Bacteria.Desulfobacterota.I	1616.13	0.0	808.065	1882.89	1349.37	0.0	0.0	941.445
hgt	746	GCF.900079095.1.Bacteria.Tectomicrobia	1667.435	0.0	833.7175	2098.35	1236.52	0.0	0.0	1049.175
hgt	857	GCA.002010915.1.Bacteria.Desulfobacterota	1680.31	0.0	840.155	2026.99	1333.63	0.0	0.0	1013.495
hgt	1036	GCA.002059205.1.Bacteria.Latescibacterota	1475.96	0.0	737.98	1815.69	1136.23	0.0	0.0	907.845
spe	123	122	1998.805	1853.335	1926.07	2251.98	1745.63	2102.13	1604.54	1928.26
hgt	None	dead	0.0	0.0	0.0	0.0	0.0	0.0	0.0	0.0
hgt	514	436	1954.11	1751.05	1852.58	2125.97	1782.25	1998.82	1503.28	1814.625
spe	122	118	1853.335	1643.115	1748.225	2102.13	1604.54	1910.17	1376.06	1739.095
spe	118	116	1643.115	1108.5585	1375.83675	1910.17	1376.06	1411.12	805.997	1358.0835
los	116	GCA.001593875.1.Archaea.Thermoproteota	1108.5585	0.0	554.27925	1411.12	805.997	0.0	0.0	705.56
hgt	None	dead	0.0	0.0	0.0	0.0	0.0	0.0	0.0	0.0
hgt	510	492	1636.78	1312.7	1474.74	1799.17	1474.39	1571.16	1054.24	1426.705
los	None	dead	0.0	0.0	0.0	0.0	0.0	0.0	0.0	0.0
spe	510	492	1636.78	1312.7	1474.74	1799.17	1474.39	1571.16	1054.24	1426.705
hgt	495	GCA.002796975.1.Bacteria.Proteobacteria	1237.1635	0.0	618.58175	1474.36	999.967	0.0	0.0	737.18
hgt	439	GCA.002723345.1.Bacteria.Proteobacteria	1422.265	0.0	711.1325	1693.15	1151.38	0.0	0.0	846.575
hgt	None	dead	0.0	0.0	0.0	0.0	0.0	0.0	0.0	0.0
hgt	489	GCA.002348365.1.Bacteria.Proteobacteria	1316.195	0.0	658.0975	1571.14	1061.25	0.0	0.0	785.57
los	None	dead	0.0	0.0	0.0	0.0	0.0	0.0	0.0	0.0
spe	514	436	1954.11	1751.05	1852.58	2125.97	1782.25	1998.82	1503.28	1814.625
hgt	592	GCF.000024725.1.Bacteria.Proteobacteria	1273.215	0.0	636.6075	1530.36	1016.07	0.0	0.0	765.18
hgt	456	GCF.002148795.1.Bacteria.Proteobacteria	1476.57	0.0	738.285	1673.09	1280.05	0.0	0.0	836.545
spe	436	435	1751.05	1536.91	1643.98	1998.82	1503.28	1809.13	1264.69	1631.755
hgt	447	446	1643.315	1453.89	1548.6025	1842.47	1444.16	1664.75	1243.03	1542.75
spe	435	434	1536.91	1353.935	1445.4225	1809.13	1264.69	1639.23	1068.64	1438.885
hgt	542	GCA.002631715.1.Bacteria.Proteobacteria	1583.705	0.0	791.8525	1912.35	1255.06	0.0	0.0	956.175
hgt	552	GCF.001614315.2.Bacteria.Proteobacteria	1380.83	0.0	690.415	1621.66	1140.0	0.0	0.0	810.83
los	434	GCA.002238885.1.Bacteria.Proteobacteria	1353.935	0.0	676.9675	1639.23	1068.64	0.0	0.0	819.615
hgt	796	GCA.002238415.1.Bacteria.Desulfobacterota.B	1652.795	0.0	826.3975	1900.16	1405.43	0.0	0.0	950.08
hgt	581	GCA.002868855.1.Bacteria.Proteobacteria	1344.875	0.0	672.4375	1554.57	1135.18	0.0	0.0	777.285
hgt	None	dead	0.0	0.0	0.0	0.0	0.0	0.0	0.0	0.0
spe	447	446	1643.315	1453.89	1548.6025	1842.47	1444.16	1664.75	1243.03	1542.75
hgt	None	dead	0.0	0.0	0.0	0.0	0.0	0.0	0.0	0.0
hgt	498	GCA.002731375.1.Bacteria.Proteobacteria	1261.48	0.0	630.74	1455.41	1067.55	0.0	0.0	727.705
los	None	dead	0.0	0.0	0.0	0.0	0.0	0.0	0.0	0.0
spe	446	445	1453.89	1339.17	1396.53	1664.75	1243.03	1557.66	1120.68	1392.715
spe	445	444	1339.17	1137.223	1238.1965	1557.66	1120.68	1395.86	878.586	1218.123
los	444	GCA.002348425.1.Bacteria.Proteobacteria	1137.223	0.0	568.6115	1395.86	878.586	0.0	0.0	697.93
hgt	600	GCA.002007425.1.Bacteria.Proteobacteria	1276.255	0.0	638.1275	1480.95	1071.56	0.0	0.0	740.475
dup	None	dead	0.0	0.0	0.0	0.0	0.0	0.0	0.0	0.0
hgt	506	GCA.001464215.1.Bacteria.Proteobacteria	1217.64	0.0	608.82	1393.38	1041.9	0.0	0.0	696.69
los	None	dead	0.0	0.0	0.0	0.0	0.0	0.0	0.0	0.0
hgt	463	462	1394.155	1117.2015	1255.67825	1606.24	1182.07	1403.11	831.293	1218.7665
los	None	dead	0.0	0.0	0.0	0.0	0.0	0.0	0.0	0.0
spe	463	462	1394.155	1117.2015	1255.67825	1606.24	1182.07	1403.11	831.293	1218.7665
dup	None	dead	0.0	0.0	0.0	0.0	0.0	0.0	0.0	0.0
hgt	1088	GCA.002010365.1.Bacteria.Bipolaricaulota	1715.27	0.0	857.635	2079.93	1350.61	0.0	0.0	1039.965
los	None	dead	0.0	0.0	0.0	0.0	0.0	0.0	0.0	0.0
hgt	38	GCA.001515205.2.Archaea.Hadarchaeota	1770.925	0.0	885.4625	2300.92	1240.93	0.0	0.0	1150.46
los	None	dead	0.0	0.0	0.0	0.0	0.0	0.0	0.0	0.0
spe	122	121	1853.335	1422.225	1637.78	2102.13	1604.54	1736.27	1108.18	1605.155
hgt	31	GCA.001723855.1.Archaea.Altiarchaeota	1919.745	0.0	959.8725	2381.01	1458.48	0.0	0.0	1190.505
hgt	174	GCA.001940665.1.Archaea.Asgardarchaeota	2527.615	0.0	1263.8075	2745.47	2309.76	0.0	0.0	1372.735
hgt	87	GCA.002256595.1.Archaea.Halobacteriota	1542.125	0.0	771.0625	1762.59	1321.66	0.0	0.0	881.295
hgt	143	GCA.001940655.1.Archaea.Asgardarchaeota	1902.65	0.0	951.325	2361.92	1443.38	0.0	0.0	1180.96
hgt	236	GCA.002412545.1.Bacteria.Elusimicrobiota	1629.965	0.0	814.9825	1963.74	1296.19	0.0	0.0	981.87
hgt	84	GCF.000970205.1.Archaea.Halobacteriota	1169.197	0.0	584.5985	1403.93	934.464	0.0	0.0	701.965
hgt	1426	GCF.001953175.1.Bacteria.Chloroflexota	1994.025	0.0	997.0125	2287.24	1700.81	0.0	0.0	1143.62
hgt	107	GCA.001717025.1.Archaea.Thermoproteota	1515.18	0.0	757.59	1853.29	1177.07	0.0	0.0	926.645
hgt	736	GCA.001803795.1.Bacteria.Nitrospirota	1526.965	0.0	763.4825	1902.65	1151.28	0.0	0.0	951.325
hgt	1087	GCA.003535305.1.Bacteria.Bipolaricaulota	1366.82	0.0	683.41	1685.2	1048.44	0.0	0.0	842.6
hgt	892	GCA.001873285.1.Bacteria.CG2.30.53.67	1770.59	0.0	885.295	2290.19	1250.99	0.0	0.0	1145.095
hgt	84	GCF.000011005.1.Archaea.Euryarchaeota	1169.197	0.0	584.5985	1403.93	934.464	0.0	0.0	701.965
hgt	80	GCF.002114285.1.Archaea.Halobacteriota	1371.305	0.0	685.6525	1640.83	1101.78	0.0	0.0	820.415
hgt	65	GCA.001800745.1.Archaea.Thermoplasmatota	1261.09	0.0	630.545	1500.52	1021.66	0.0	0.0	750.26
hgt	None	dead	0.0	0.0	0.0	0.0	0.0	0.0	0.0	0.0
hgt	1437	GCF.900066015.1.Bacteria.Chloroflexota	1158.264	0.0	579.132	1381.67	934.858	0.0	0.0	690.835
los	None	dead	0.0	0.0	0.0	0.0	0.0	0.0	0.0	0.0
hgt	None	dead	0.0	0.0	0.0	0.0	0.0	0.0	0.0	0.0
hgt	1444	GCA.003451595.1.Bacteria.Chloroflexota	1386.06	0.0	693.03	1673.58	1098.54	0.0	0.0	836.79
los	None	dead	0.0	0.0	0.0	0.0	0.0	0.0	0.0	0.0
spe	1454	1453	1996.555	1862.655	1929.605	2245.89	1747.22	2140.61	1584.7	1915.295
spe	1453	1449	1862.655	1589.82	1726.2375	2140.61	1584.7	1942.5	1237.14	1688.875
los	1449	GCA.002366595.1.Bacteria.Chloroflexota	1589.82	0.0	794.91	1942.5	1237.14	0.0	0.0	971.25
spe	1453	1452	1862.655	1430.125	1646.39	2140.61	1584.7	1777.81	1082.44	1611.525
