event	left_node	right_node	left_date	right_date	midpoint_date	left_date_lower	left_date_upper	right_date_lower	right_date_upper	midpoint_date_all
spe	1704	1703	2105.22	2001.35	2053.285	2238.26	1972.18	2116.53	1886.17	2062.215
spe	1703	1679	2001.35	1509.135	1755.2425	2116.53	1886.17	1896.29	1121.98	1619.255
spe	1679	1678	1509.135	796.3525	1152.74375	1896.29	1121.98	1296.27	296.435	1096.3625
los	1678	1676	796.3525	163.12655	479.73952	1296.27	296.435	232.712	93.5411	694.90555
spe	1703	1702	2001.35	1938.175	1969.7625	2116.53	1886.17	2044.36	1831.99	1974.26
spe	1702	1701	1938.175	1887.235	1912.705	2044.36	1831.99	1985.34	1789.13	1916.745
spe	1701	1700	1887.235	1825.65	1856.4425	1985.34	1789.13	1915.11	1736.19	1860.765
spe	1700	1688	1825.65	1436.775	1631.2125	1915.11	1736.19	1766.73	1106.82	1510.965
los	1688	GCF.000353285.1.Bacteria.Cyanobacteria	1436.775	0.0	718.3875	1766.73	1106.82	0.0	0.0	883.365
spe	1700	1699	1825.65	1773.275	1799.4625	1915.11	1736.19	1850.15	1696.4	1805.755
los	1699	1698	1773.275	1634.795	1704.035	1850.15	1696.4	1669.04	1600.55	1725.35
hgt	None	dead	0.0	0.0	0.0	0.0	0.0	0.0	0.0	0.0
dup	None	dead	0.0	0.0	0.0	0.0	0.0	0.0	0.0	0.0
hgt	270	GCA.002746185.1.Bacteria.Hydrogenedentota	2158.53	0.0	1079.265	2761.11	1555.95	0.0	0.0	1380.555
hgt	1032	GCA.002727195.1.Bacteria.Latescibacterota	1430.62	0.0	715.31	1762.83	1098.41	0.0	0.0	881.415
los	None	dead	0.0	0.0	0.0	0.0	0.0	0.0	0.0	0.0
dup	None	dead	0.0	0.0	0.0	0.0	0.0	0.0	0.0	0.0
dup	None	dead	0.0	0.0	0.0	0.0	0.0	0.0	0.0	0.0
hgt	274	GCA.000406005.1.Bacteria.Poribacteria	1625.32	0.0	812.66	2112.15	1138.49	0.0	0.0	1056.075
hgt	1020	GCA.001780165.1.Bacteria.Eisenbacteria	1410.39	0.0	705.195	1757.86	1062.92	0.0	0.0	878.93
hgt	709	GCA.003223995.1.Bacteria.Acidobacteriota	1397.765	0.0	698.8825	1717.19	1078.34	0.0	0.0	858.595
los	None	dead	0.0	0.0	0.0	0.0	0.0	0.0	0.0	0.0
hgt	853	GCA.001797415.1.Bacteria.Desulfobacterota	1743.175	0.0	871.5875	2129.35	1357.0	0.0	0.0	1064.675
hgt	796	GCA.002238415.1.Bacteria.Desulfobacterota.B	1652.795	0.0	826.3975	1900.16	1405.43	0.0	0.0	950.08
hgt	514	436	1954.11	1751.05	1852.58	2125.97	1782.25	1998.82	1503.28	1814.625
hgt	397	GCF.000526155.1.Bacteria.Desulfobacterota	2713.19	0.0	1356.595	3215.27	2211.11	0.0	0.0	1607.635
hgt	326	GCA.002404095.1.Bacteria.Planctomycetota	1208.648	0.0	604.324	1527.79	889.506	0.0	0.0	763.895
los	None	dead	0.0	0.0	0.0	0.0	0.0	0.0	0.0	0.0
hgt	1672	GCF.002251945.1.Bacteria.Cyanobacteria	1717.695	0.0	858.8475	2070.17	1365.22	0.0	0.0	1035.085
hgt	694	GCA.001767075.1.Bacteria.Acidobacteriota	1256.385	0.0	628.1925	1449.85	1062.92	0.0	0.0	724.925
hgt	334	GCA.002338715.1.Bacteria.Planctomycetota	1547.105	0.0	773.5525	1802.02	1292.19	0.0	0.0	901.01
hgt	749	GCA.002705185.1.Bacteria.Nitrospinota	1448.555	0.0	724.2775	1782.86	1114.25	0.0	0.0	891.43
hgt	None	dead	0.0	0.0	0.0	0.0	0.0	0.0	0.0	0.0
hgt	749	GCA.002705185.1.Bacteria.Nitrospinota	1448.555	0.0	724.2775	1782.86	1114.25	0.0	0.0	891.43
los	None	dead	0.0	0.0	0.0	0.0	0.0	0.0	0.0	0.0
hgt	754	746	2042.42	1667.435	1854.9275	2408.05	1676.79	2098.35	1236.52	1822.285
spe	514	436	1954.11	1751.05	1852.58	2125.97	1782.25	1998.82	1503.28	1814.625
hgt	None	dead	0.0	0.0	0.0	0.0	0.0	0.0	0.0	0.0
hgt	506	GCA.001464215.1.Bacteria.Proteobacteria	1217.64	0.0	608.82	1393.38	1041.9	0.0	0.0	696.69
hgt	498	GCA.002731375.1.Bacteria.Proteobacteria	1261.48	0.0	630.74	1455.41	1067.55	0.0	0.0	727.705
hgt	444	GCA.002348425.1.Bacteria.Proteobacteria	1137.223	0.0	568.6115	1395.86	878.586	0.0	0.0	697.93
los	None	dead	0.0	0.0	0.0	0.0	0.0	0.0	0.0	0.0
hgt	517	GCA.002937675.1.Bacteria.Proteobacteria	2290.125	0.0	1145.0625	2498.47	2081.78	0.0	0.0	1249.235
hgt	None	dead	0.0	0.0	0.0	0.0	0.0	0.0	0.0	0.0
spe	436	435	1751.05	1536.91	1643.98	1998.82	1503.28	1809.13	1264.69	1631.755
hgt	None	dead	0.0	0.0	0.0	0.0	0.0	0.0	0.0	0.0
hgt	512	486	1775.885	1397.735	1586.81	1942.07	1609.7	1700.16	1095.31	1518.69
spe	435	434	1536.91	1353.935	1445.4225	1809.13	1264.69	1639.23	1068.64	1438.885
hgt	None	dead	0.0	0.0	0.0	0.0	0.0	0.0	0.0	0.0
los	434	GCA.002898275.1.Bacteria.Proteobacteria	1353.935	0.0	676.9675	1639.23	1068.64	0.0	0.0	819.615
hgt	453	GCA.002457765.1.Bacteria.Proteobacteria	948.5585	0.0	474.27925	1217.04	680.077	0.0	0.0	608.52
los	None	dead	0.0	0.0	0.0	0.0	0.0	0.0	0.0	0.0
spe	512	486	1775.885	1397.735	1586.81	1942.07	1609.7	1700.16	1095.31	1518.69
hgt	510	492	1636.78	1312.7	1474.74	1799.17	1474.39	1571.16	1054.24	1426.705
spe	510	492	1636.78	1312.7	1474.74	1799.17	1474.39	1571.16	1054.24	1426.705
hgt	467	GCF.003258945.1.Bacteria.Proteobacteria	1181.4985	0.0	590.74925	1405.48	957.517	0.0	0.0	702.74
hgt	501	GCA.003454415.1.Bacteria.Proteobacteria	884.6055	0.0	442.30275	1159.88	609.331	0.0	0.0	579.94
hgt	456	455	1476.57	1226.72	1351.645	1673.09	1280.05	1447.93	1005.51	1339.3
hgt	447	446	1643.315	1453.89	1548.6025	1842.47	1444.16	1664.75	1243.03	1542.75
los	None	dead	0.0	0.0	0.0	0.0	0.0	0.0	0.0	0.0
spe	447	446	1643.315	1453.89	1548.6025	1842.47	1444.16	1664.75	1243.03	1542.75
spe	446	445	1453.89	1339.17	1396.53	1664.75	1243.03	1557.66	1120.68	1392.715
hgt	None	dead	0.0	0.0	0.0	0.0	0.0	0.0	0.0	0.0
los	445	444	1339.17	1137.223	1238.1965	1557.66	1120.68	1395.86	878.586	1218.123
hgt	489	GCA.002348365.1.Bacteria.Proteobacteria	1316.195	0.0	658.0975	1571.14	1061.25	0.0	0.0	785.57
los	None	dead	0.0	0.0	0.0	0.0	0.0	0.0	0.0	0.0
hgt	468	GCF.900167455.1.Bacteria.Proteobacteria	1359.195	0.0	679.5975	1556.34	1162.05	0.0	0.0	778.17
spe	456	455	1476.57	1226.72	1351.645	1673.09	1280.05	1447.93	1005.51	1339.3
hgt	456	GCF.002148795.1.Bacteria.Proteobacteria	1476.57	0.0	738.285	1673.09	1280.05	0.0	0.0	836.545
hgt	458	GCA.002340345.1.Bacteria.Proteobacteria	1624.365	0.0	812.1825	1810.7	1438.03	0.0	0.0	905.35
hgt	439	GCF.001613805.1.Bacteria.Proteobacteria	1422.265	0.0	711.1325	1693.15	1151.38	0.0	0.0	846.575
spe	455	454	1226.72	1094.241	1160.4805	1447.93	1005.51	1336.59	851.892	1149.911
spe	454	453	1094.241	948.5585	1021.39975	1336.59	851.892	1217.04	680.077	1008.3335
los	453	GCA.002457765.1.Bacteria.Proteobacteria	948.5585	0.0	474.27925	1217.04	680.077	0.0	0.0	608.52
hgt	509	495	1544.73	1237.1635	1390.94675	1706.12	1383.34	1474.36	999.967	1353.0435
los	None	dead	0.0	0.0	0.0	0.0	0.0	0.0	0.0	0.0
spe	509	495	1544.73	1237.1635	1390.94675	1706.12	1383.34	1474.36	999.967	1353.0435
hgt	486	GCA.002721365.1.Bacteria.Proteobacteria	1397.735	0.0	698.8675	1700.16	1095.31	0.0	0.0	850.08
hgt	None	dead	0.0	0.0	0.0	0.0	0.0	0.0	0.0	0.0
hgt	434	GCA.002898275.1.Bacteria.Proteobacteria	1353.935	0.0	676.9675	1639.23	1068.64	0.0	0.0	819.615
hgt	160	GCA.015473125.1.Eukaryota.Viridiplantae	1269.475	0.0	634.7375	1420.16	1118.79	0.0	0.0	710.08
los	None	dead	0.0	0.0	0.0	0.0	0.0	0.0	0.0	0.0
spe	754	746	2042.42	1667.435	1854.9275	2408.05	1676.79	2098.35	1236.52	1822.285
dup	None	dead	0.0	0.0	0.0	0.0	0.0	0.0	0.0	0.0
hgt	804	GCA.002731275.1.Bacteria.Myxococcota	1824.305	0.0	912.1525	2197.3	1451.31	0.0	0.0	1098.65
hgt	352	GCA.002167285.1.Bacteria.Planctomycetota	1705.385	0.0	852.6925	2030.4	1380.37	0.0	0.0	1015.2
los	None	dead	0.0	0.0	0.0	0.0	0.0	0.0	0.0	0.0
hgt	825	GCA.003170275.1.Bacteria.Myxococcota	1134.553	0.0	567.2765	1400.01	869.096	0.0	0.0	700.005
dup	None	dead	0.0	0.0	0.0	0.0	0.0	0.0	0.0	0.0
hgt	828	GCA.002699025.1.Bacteria.Myxococcota	1750.53	0.0	875.265	1966.78	1534.28	0.0	0.0	983.39
los	None	dead	0.0	0.0	0.0	0.0	0.0	0.0	0.0	0.0
dup	None	dead	0.0	0.0	0.0	0.0	0.0	0.0	0.0	0.0
hgt	816	GCA.002724675.1.Bacteria.Myxococcota.A	1328.145	0.0	664.0725	1593.25	1063.04	0.0	0.0	796.625
los	None	dead	0.0	0.0	0.0	0.0	0.0	0.0	0.0	0.0
hgt	699	698	2048.45	1837.19	1942.82	2283.99	1812.91	2057.82	1616.56	1950.275
hgt	303	GCA.003477185.1.Bacteria.Verrucomicrobiota	1506.615	0.0	753.3075	1786.55	1226.68	0.0	0.0	893.275
los	None	dead	0.0	0.0	0.0	0.0	0.0	0.0	0.0	0.0
hgt	None	dead	0.0	0.0	0.0	0.0	0.0	0.0	0.0	0.0
hgt	650	536	2175.61	1675.53	1925.57	2365.28	1985.94	2101.36	1249.7	1807.49
spe	699	698	2048.45	1837.19	1942.82	2283.99	1812.91	2057.82	1616.56	1950.275
hgt	None	dead	0.0	0.0	0.0	0.0	0.0	0.0	0.0	0.0
hgt	1446	1445	1803.385	1577.91	1690.6475	2040.01	1566.76	1848.3	1307.52	1673.765
hgt	1467	GCA.002292925.1.Bacteria.Chloroflexota	1431.56	0.0	715.78	1750.93	1112.19	0.0	0.0	875.465
los	None	dead	0.0	0.0	0.0	0.0	0.0	0.0	0.0	0.0
spe	1446	1445	1803.385	1577.91	1690.6475	2040.01	1566.76	1848.3	1307.52	1673.765
spe	1445	1444	1577.91	1386.06	1481.985	1848.3	1307.52	1673.58	1098.54	1473.42
los	1444	GCA.002366755.1.Bacteria.Chloroflexota	1386.06	0.0	693.03	1673.58	1098.54	0.0	0.0	836.79
hgt	1461	GCA.002347925.1.Bacteria.Chloroflexota	1519.02	0.0	759.51	1882.58	1155.46	0.0	0.0	941.29
hgt	1453	1452	1862.655	1430.125	1646.39	2140.61	1584.7	1777.81	1082.44	1611.525
hgt	1438	GCA.002841995.1.Bacteria.Chloroflexota	1317.205	0.0	658.6025	1528.24	1106.17	0.0	0.0	764.12
spe	1453	1452	1862.655	1430.125	1646.39	2140.61	1584.7	1777.81	1082.44	1611.525
hgt	1462	GCA.002436065.1.Bacteria.Chloroflexota	1858.705	0.0	929.3525	2184.36	1533.05	0.0	0.0	1092.18
hgt	1439	1438	1492.005	1317.205	1404.605	1713.37	1270.64	1528.24	1106.17	1409.77
spe	1439	1438	1492.005	1317.205	1404.605	1713.37	1270.64	1528.24	1106.17	1409.77
spe	1438	1437	1317.205	1158.264	1237.7345	1528.24	1106.17	1381.67	934.858	1231.549
los	1437	GCA.002702065.1.Bacteria.Chloroflexota	1158.264	0.0	579.132	1381.67	934.858	0.0	0.0	690.835
spe	698	686	1837.19	1587.93	1712.56	2057.82	1616.56	1852.98	1322.88	1690.35
los	686	GCA.002451015.1.Bacteria.Acidobacteriota	1587.93	0.0	793.965	1852.98	1322.88	0.0	0.0	926.49
hgt	386	GCA.002450905.1.Bacteria.Spirochaetota	1753.72	0.0	876.86	2160.86	1346.58	0.0	0.0	1080.43
hgt	None	dead	0.0	0.0	0.0	0.0	0.0	0.0	0.0	0.0
hgt	327	GCA.003508595.1.Bacteria.Planctomycetota	1556.09	0.0	778.045	1868.81	1243.37	0.0	0.0	934.405
los	None	dead	0.0	0.0	0.0	0.0	0.0	0.0	0.0	0.0
spe	686	684	1587.93	1233.956	1410.943	1852.98	1322.88	1519.9	948.012	1400.496
spe	698	697	1837.19	1624.47	1730.83	2057.82	1616.56	1840.22	1408.72	1733.27
hgt	807	GCA.002841945.1.Bacteria.Myxococcota	1389.97	0.0	694.985	1659.67	1120.27	0.0	0.0	829.835
spe	697	696	1624.47	1431.49	1527.98	1840.22	1408.72	1637.29	1225.69	1532.955
spe	696	695	1431.49	1326.405	1378.9475	1637.29	1225.69	1521.67	1131.14	1384.215
los	695	694	1326.405	1256.385	1291.395	1521.67	1131.14	1449.85	1062.92	1292.295
spe	650	536	2175.61	1675.53	1925.57	2365.28	1985.94	2101.36	1249.7	1807.49
hgt	553	GCF.001641825.1.Bacteria.Proteobacteria	1596.945	0.0	798.4725	1821.5	1372.39	0.0	0.0	910.75
hgt	498	GCF.000192575.1.Bacteria.Proteobacteria	1261.48	0.0	630.74	1455.41	1067.55	0.0	0.0	727.705
hgt	612	GCF.003612015.1.Bacteria.Proteobacteria	1256.25	0.0	628.125	1460.33	1052.17	0.0	0.0	730.165
hgt	533	532	1932.55	1529.075	1730.8125	2227.11	1637.99	1880.57	1177.58	1702.345
hgt	529	GCA.002451085.1.Bacteria.Proteobacteria	1606.235	0.0	803.1175	2001.73	1210.74	0.0	0.0	1000.865
hgt	644	636	1647.11	1555.685	1601.3975	1863.23	1430.99	1786.38	1324.99	1594.11
hgt	463	462	1394.155	1117.2015	1255.67825	1606.24	1182.07	1403.11	831.293	1218.7665
spe	463	462	1394.155	1117.2015	1255.67825	1606.24	1182.07	1403.11	831.293	1218.7665
hgt	681	GCA.002712885.1.Bacteria.Acidobacteriota	1727.015	0.0	863.5075	2032.78	1421.25	0.0	0.0	1016.39
hgt	1051	GCA.002501535.1.Bacteria.UBP7	2340.635	0.0	1170.3175	2893.95	1787.32	0.0	0.0	1446.975
hgt	None	dead	0.0	0.0	0.0	0.0	0.0	0.0	0.0	0.0
hgt	944	GCA.002712165.1.Bacteria.Proteobacteria	1373.315	0.0	686.6575	1652.74	1093.89	0.0	0.0	826.37
hgt	944	GCA.002712165.1.Bacteria.Proteobacteria	1373.315	0.0	686.6575	1652.74	1093.89	0.0	0.0	826.37
los	None	dead	0.0	0.0	0.0	0.0	0.0	0.0	0.0	0.0
hgt	576	GCA.002432655.1.Bacteria.Proteobacteria	1581.265	0.0	790.6325	1817.5	1345.03	0.0	0.0	908.75
hgt	804	GCA.003247575.1.Bacteria.Myxococcota.A	1824.305	0.0	912.1525	2197.3	1451.31	0.0	0.0	1098.65
hgt	924	GCA.002348465.1.Bacteria.Gemmatimonadota	1568.375	0.0	784.1875	2038.32	1098.43	0.0	0.0	1019.16
hgt	592	GCF.001720165.1.Bacteria.Proteobacteria	1273.215	0.0	636.6075	1530.36	1016.07	0.0	0.0	765.18
spe	644	636	1647.11	1555.685	1601.3975	1863.23	1430.99	1786.38	1324.99	1594.11
hgt	570	568	1535.435	1379.435	1457.435	1809.94	1260.93	1661.92	1096.95	1453.445
hgt	588	587	1773.33	1495.94	1634.635	1953.51	1593.15	1691.37	1300.51	1627.01
hgt	574	GCF.900112605.1.Bacteria.Proteobacteria	1330.6	0.0	665.3	1590.49	1070.71	0.0	0.0	795.245
spe	588	587	1773.33	1495.94	1634.635	1953.51	1593.15	1691.37	1300.51	1627.01
hgt	614	613	1511.555	1391.71	1451.6325	1698.12	1324.99	1592.53	1190.89	1444.505
hgt	403	GCF.900177345.1.Bacteria.Proteobacteria	2061.575	0.0	1030.7875	2630.37	1492.78	0.0	0.0	1315.185
spe	587	586	1495.94	1375.33	1435.635	1691.37	1300.51	1584.13	1166.53	1428.95
hgt	557	GCA.002007405.1.Bacteria.Proteobacteria	1225.2445	0.0	612.62225	1451.49	998.999	0.0	0.0	725.745
spe	586	585	1375.33	1166.9135	1271.12175	1584.13	1166.53	1423.99	909.837	1246.9835
hgt	579	GCA.003155415.1.Bacteria.Proteobacteria	1079.9275	0.0	539.96375	1322.47	837.385	0.0	0.0	661.235
spe	614	613	1511.555	1391.71	1451.6325	1698.12	1324.99	1592.53	1190.89	1444.505
spe	613	612	1391.71	1256.25	1323.98	1592.53	1190.89	1460.33	1052.17	1322.35
los	612	GCF.003612015.1.Bacteria.Proteobacteria	1256.25	0.0	628.125	1460.33	1052.17	0.0	0.0	730.165
spe	612	611	1256.25	936.1675	1096.20875	1460.33	1052.17	1239.98	632.355	1046.3425
hgt	634	GCF.002020875.1.Bacteria.Proteobacteria	1386.92	0.0	693.46	1651.6	1122.24	0.0	0.0	825.8
spe	587	581	1495.94	1344.875	1420.4075	1691.37	1300.51	1554.57	1135.18	1413.275
hgt	439	GCA.002723345.1.Bacteria.Proteobacteria	1422.265	0.0	711.1325	1693.15	1151.38	0.0	0.0	846.575
los	581	579	1344.875	1079.9275	1212.40125	1554.57	1135.18	1322.47	837.385	1195.9775
spe	570	568	1535.435	1379.435	1457.435	1809.94	1260.93	1661.92	1096.95	1453.445
hgt	642	GCA.001464965.1.Bacteria.Proteobacteria	1332.36	0.0	666.18	1580.86	1083.86	0.0	0.0	790.43
hgt	560	GCA.001735895.1.Bacteria.Proteobacteria	1588.765	0.0	794.3825	1792.9	1384.63	0.0	0.0	896.45
hgt	595	GCA.002454015.1.Bacteria.Proteobacteria	1266.66	0.0	633.33	1469.01	1064.31	0.0	0.0	734.505
spe	636	634	1555.685	1386.92	1471.3025	1786.38	1324.99	1651.6	1122.24	1454.31
hgt	546	GCF.000021985.1.Bacteria.Proteobacteria	1417.275	0.0	708.6375	1742.85	1091.7	0.0	0.0	871.425
los	634	GCF.002020875.1.Bacteria.Proteobacteria	1386.92	0.0	693.46	1651.6	1122.24	0.0	0.0	825.8
hgt	653	GCF.001399755.1.Bacteria.Proteobacteria	2587.485	0.0	1293.7425	2815.0	2359.97	0.0	0.0	1407.5
hgt	551	GCA.002746645.1.Bacteria.Proteobacteria	1067.6595	0.0	533.82975	1372.61	762.709	0.0	0.0	686.305
hgt	797	GCA.002311335.1.Bacteria.Desulfobacterota.B	1832.825	0.0	916.4125	2092.41	1573.24	0.0	0.0	1046.205
hgt	542	GCA.002631715.1.Bacteria.Proteobacteria	1583.705	0.0	791.8525	1912.35	1255.06	0.0	0.0	956.175
hgt	519	GCF.002109495.1.Bacteria.Proteobacteria	2611.035	0.0	1305.5175	2836.91	2385.16	0.0	0.0	1418.455
spe	533	532	1932.55	1529.075	1730.8125	2227.11	1637.99	1880.57	1177.58	1702.345
hgt	557	GCA.002728355.1.Bacteria.Proteobacteria	1225.2445	0.0	612.62225	1451.49	998.999	0.0	0.0	725.745
hgt	406	GCA.001872725.1.Bacteria.Proteobacteria	2159.8	0.0	1079.9	2741.58	1578.02	0.0	0.0	1370.79
hgt	None	dead	0.0	0.0	0.0	0.0	0.0	0.0	0.0	0.0
hgt	741	GCA.003220615.1.Bacteria.Methylomirabilota	1693.345	0.0	846.6725	2199.48	1187.21	0.0	0.0	1099.74
hgt	463	GCF.002251795.1.Bacteria.Proteobacteria	1394.155	0.0	697.0775	1606.24	1182.07	0.0	0.0	803.12
los	None	dead	0.0	0.0	0.0	0.0	0.0	0.0	0.0	0.0
hgt	816	GCA.002724675.1.Bacteria.Myxococcota.A	1328.145	0.0	664.0725	1593.25	1063.04	0.0	0.0	796.625
hgt	634	GCF.002020875.1.Bacteria.Proteobacteria	1386.92	0.0	693.46	1651.6	1122.24	0.0	0.0	825.8
los	None	dead	0.0	0.0	0.0	0.0	0.0	0.0	0.0	0.0
spe	1701	1685	1887.235	1635.52	1761.3775	1985.34	1789.13	1883.48	1387.56	1686.45
spe	1685	1684	1635.52	1444.79	1540.155	1883.48	1387.56	1759.1	1130.48	1506.98
