event	left_node	right_node	left_date	right_date	midpoint_date	left_date_lower	left_date_upper	right_date_lower	right_date_upper	midpoint_date_all
spe	996	995	2366.93	1991.73	2179.33	2607.93	2125.93	2330.77	1652.69	2130.31
spe	995	989	1991.73	1691.135	1841.4325	2330.77	1652.69	2043.3	1338.97	1834.87
hgt	None	dead	0.0	0.0	0.0	0.0	0.0	0.0	0.0	0.0
los	989	987	1691.135	1406.395	1548.765	2043.3	1338.97	1742.49	1070.3	1556.8
hgt	675	GCA.002789615.1.Bacteria.Acidobacteriota	1949.475	0.0	974.7375	2381.51	1517.44	0.0	0.0	1190.755
los	None	dead	0.0	0.0	0.0	0.0	0.0	0.0	0.0	0.0
spe	995	994	1991.73	1793.76	1892.745	2330.77	1652.69	2154.86	1432.66	1881.715
spe	994	992	1793.76	1458.26	1626.01	2154.86	1432.66	1829.68	1086.84	1620.85
los	992	GCA.002049825.1.Bacteria.Calditrichota	1458.26	0.0	729.13	1829.68	1086.84	0.0	0.0	914.84
hgt	None	dead	0.0	0.0	0.0	0.0	0.0	0.0	0.0	0.0
dup	None	dead	0.0	0.0	0.0	0.0	0.0	0.0	0.0	0.0
hgt	967	966	1879.385	1606.29	1742.8375	2109.43	1649.34	1831.14	1381.44	1745.435
los	None	dead	0.0	0.0	0.0	0.0	0.0	0.0	0.0	0.0
hgt	None	dead	0.0	0.0	0.0	0.0	0.0	0.0	0.0	0.0
hgt	None	dead	0.0	0.0	0.0	0.0	0.0	0.0	0.0	0.0
hgt	1155	GCF.003443735.1.Bacteria.Actinobacteriota	1276.115	0.0	638.0575	1486.51	1065.72	0.0	0.0	743.255
los	None	dead	0.0	0.0	0.0	0.0	0.0	0.0	0.0	0.0
spe	967	966	1879.385	1606.29	1742.8375	2109.43	1649.34	1831.14	1381.44	1745.435
spe	966	965	1606.29	1429.675	1517.9825	1831.14	1381.44	1647.7	1211.65	1521.395
spe	965	955	1429.675	1277.41	1353.5425	1647.7	1211.65	1498.37	1056.45	1352.075
los	955	GCA.001769655.1.Bacteria.Bacteroidota	1277.41	0.0	638.705	1498.37	1056.45	0.0	0.0	749.185
hgt	None	dead	0.0	0.0	0.0	0.0	0.0	0.0	0.0	0.0
los	965	964	1429.675	1306.425	1368.05	1647.7	1211.65	1524.94	1087.91	1367.805
dup	None	dead	0.0	0.0	0.0	0.0	0.0	0.0	0.0	0.0
hgt	568	GCA.002862435.1.Bacteria.Proteobacteria	1379.435	0.0	689.7175	1661.92	1096.95	0.0	0.0	830.96
los	None	dead	0.0	0.0	0.0	0.0	0.0	0.0	0.0	0.0
hgt	849	GCF.000266945.1.Bacteria.Desulfobacterota	1605.6	0.0	802.8	2007.54	1203.66	0.0	0.0	1003.77
los	None	dead	0.0	0.0	0.0	0.0	0.0	0.0	0.0	0.0
hgt	1667	GCA.003503675.1.Bacteria.Cyanobacteria	2112.65	0.0	1056.325	2842.8	1382.5	0.0	0.0	1421.4
los	None	dead	0.0	0.0	0.0	0.0	0.0	0.0	0.0	0.0
hgt	None	dead	0.0	0.0	0.0	0.0	0.0	0.0	0.0	0.0
hgt	1695	GCF.000020025.1.Bacteria.Cyanobacteria	795.37	0.0	397.685	1453.6	137.14	0.0	0.0	726.8
los	None	dead	0.0	0.0	0.0	0.0	0.0	0.0	0.0	0.0
hgt	None	dead	0.0	0.0	0.0	0.0	0.0	0.0	0.0	0.0
dup	None	dead	0.0	0.0	0.0	0.0	0.0	0.0	0.0	0.0
hgt	955	GCF.001280305.1.Bacteria.Bacteroidota	1277.41	0.0	638.705	1498.37	1056.45	0.0	0.0	749.185
los	None	dead	0.0	0.0	0.0	0.0	0.0	0.0	0.0	0.0
hgt	1695	GCF.000020025.1.Bacteria.Cyanobacteria	795.37	0.0	397.685	1453.6	137.14	0.0	0.0	726.8
los	None	dead	0.0	0.0	0.0	0.0	0.0	0.0	0.0	0.0
dup	None	dead	0.0	0.0	0.0	0.0	0.0	0.0	0.0	0.0
dup	None	dead	0.0	0.0	0.0	0.0	0.0	0.0	0.0	0.0
hgt	1678	GCF.000017845.1.Bacteria.Cyanobacteria	796.3525	0.0	398.17625	1296.27	296.435	0.0	0.0	648.135
los	None	dead	0.0	0.0	0.0	0.0	0.0	0.0	0.0	0.0
hgt	512	486	1775.885	1397.735	1586.81	1942.07	1609.7	1700.16	1095.31	1518.69
los	None	dead	0.0	0.0	0.0	0.0	0.0	0.0	0.0	0.0
hgt	None	dead	0.0	0.0	0.0	0.0	0.0	0.0	0.0	0.0
hgt	612	GCF.003612015.1.Bacteria.Proteobacteria	1256.25	0.0	628.125	1460.33	1052.17	0.0	0.0	730.165
los	None	dead	0.0	0.0	0.0	0.0	0.0	0.0	0.0	0.0
hgt	None	dead	0.0	0.0	0.0	0.0	0.0	0.0	0.0	0.0
hgt	282	GCF.900105685.1.Bacteria.Verrucomicrobiota	1342.065	0.0	671.0325	1637.54	1046.59	0.0	0.0	818.77
los	None	dead	0.0	0.0	0.0	0.0	0.0	0.0	0.0	0.0
hgt	None	dead	0.0	0.0	0.0	0.0	0.0	0.0	0.0	0.0
hgt	467	GCF.003258945.1.Bacteria.Proteobacteria	1181.4985	0.0	590.74925	1405.48	957.517	0.0	0.0	702.74
los	None	dead	0.0	0.0	0.0	0.0	0.0	0.0	0.0	0.0
spe	512	486	1775.885	1397.735	1586.81	1942.07	1609.7	1700.16	1095.31	1518.69
dup	None	dead	0.0	0.0	0.0	0.0	0.0	0.0	0.0	0.0
hgt	1166	GCF.004348535.1.Bacteria.Actinobacteriota	1480.79	0.0	740.395	1697.07	1264.51	0.0	0.0	848.535
los	None	dead	0.0	0.0	0.0	0.0	0.0	0.0	0.0	0.0
hgt	None	dead	0.0	0.0	0.0	0.0	0.0	0.0	0.0	0.0
hgt	None	dead	0.0	0.0	0.0	0.0	0.0	0.0	0.0	0.0
hgt	1155	GCF.003443735.1.Bacteria.Actinobacteriota	1276.115	0.0	638.0575	1486.51	1065.72	0.0	0.0	743.255
los	None	dead	0.0	0.0	0.0	0.0	0.0	0.0	0.0	0.0
dup	None	dead	0.0	0.0	0.0	0.0	0.0	0.0	0.0	0.0
hgt	1155	GCF.003443735.1.Bacteria.Actinobacteriota	1276.115	0.0	638.0575	1486.51	1065.72	0.0	0.0	743.255
los	None	dead	0.0	0.0	0.0	0.0	0.0	0.0	0.0	0.0
hgt	1158	GCF.001942305.1.Bacteria.Actinobacteriota	987.523	0.0	493.7615	1239.6	735.446	0.0	0.0	619.8
los	None	dead	0.0	0.0	0.0	0.0	0.0	0.0	0.0	0.0
dup	None	dead	0.0	0.0	0.0	0.0	0.0	0.0	0.0	0.0
hgt	1158	GCF.001942305.1.Bacteria.Actinobacteriota	987.523	0.0	493.7615	1239.6	735.446	0.0	0.0	619.8
los	None	dead	0.0	0.0	0.0	0.0	0.0	0.0	0.0	0.0
hgt	None	dead	0.0	0.0	0.0	0.0	0.0	0.0	0.0	0.0
hgt	468	GCF.900167455.1.Bacteria.Proteobacteria	1359.195	0.0	679.5975	1556.34	1162.05	0.0	0.0	778.17
los	None	dead	0.0	0.0	0.0	0.0	0.0	0.0	0.0	0.0
hgt	None	dead	0.0	0.0	0.0	0.0	0.0	0.0	0.0	0.0
dup	None	dead	0.0	0.0	0.0	0.0	0.0	0.0	0.0	0.0
hgt	455	GCF.900102465.1.Bacteria.Proteobacteria	1226.72	0.0	613.36	1447.93	1005.51	0.0	0.0	723.965
los	None	dead	0.0	0.0	0.0	0.0	0.0	0.0	0.0	0.0
hgt	503	GCA.002280485.1.Bacteria.Proteobacteria	1116.0495	0.0	558.02475	1312.6	919.499	0.0	0.0	656.3
los	None	dead	0.0	0.0	0.0	0.0	0.0	0.0	0.0	0.0
dup	None	dead	0.0	0.0	0.0	0.0	0.0	0.0	0.0	0.0
hgt	403	GCF.900177345.1.Bacteria.Proteobacteria	2061.575	0.0	1030.7875	2630.37	1492.78	0.0	0.0	1315.185
los	None	dead	0.0	0.0	0.0	0.0	0.0	0.0	0.0	0.0
hgt	1119	GCF.002973605.1.Bacteria.Armatimonadota	1519.685	0.0	759.8425	1896.55	1142.82	0.0	0.0	948.275
los	None	dead	0.0	0.0	0.0	0.0	0.0	0.0	0.0	0.0
hgt	None	dead	0.0	0.0	0.0	0.0	0.0	0.0	0.0	0.0
hgt	275	GCA.001784175.1.Bacteria.Lindowbacteria	2298.405	0.0	1149.2025	2814.32	1782.49	0.0	0.0	1407.16
los	None	dead	0.0	0.0	0.0	0.0	0.0	0.0	0.0	0.0
hgt	None	dead	0.0	0.0	0.0	0.0	0.0	0.0	0.0	0.0
hgt	None	dead	0.0	0.0	0.0	0.0	0.0	0.0	0.0	0.0
hgt	668	GCA.001775755.1.Bacteria.Acidobacteriota	1417.72	0.0	708.86	1767.6	1067.84	0.0	0.0	883.8
los	None	dead	0.0	0.0	0.0	0.0	0.0	0.0	0.0	0.0
dup	None	dead	0.0	0.0	0.0	0.0	0.0	0.0	0.0	0.0
dup	None	dead	0.0	0.0	0.0	0.0	0.0	0.0	0.0	0.0
dup	None	dead	0.0	0.0	0.0	0.0	0.0	0.0	0.0	0.0
hgt	1462	GCA.002436065.1.Bacteria.Chloroflexota	1858.705	0.0	929.3525	2184.36	1533.05	0.0	0.0	1092.18
los	None	dead	0.0	0.0	0.0	0.0	0.0	0.0	0.0	0.0
hgt	1226	GCA.003242195.1.Bacteria.Firmicutes.E	1388.78	0.0	694.39	1687.37	1090.19	0.0	0.0	843.685
los	None	dead	0.0	0.0	0.0	0.0	0.0	0.0	0.0	0.0
hgt	1452	GCA.002348045.1.Bacteria.Chloroflexota	1430.125	0.0	715.0625	1777.81	1082.44	0.0	0.0	888.905
los	None	dead	0.0	0.0	0.0	0.0	0.0	0.0	0.0	0.0
hgt	None	dead	0.0	0.0	0.0	0.0	0.0	0.0	0.0	0.0
dup	None	dead	0.0	0.0	0.0	0.0	0.0	0.0	0.0	0.0
hgt	1087	GCA.001778455.1.Bacteria.Bipolaricaulota	1366.82	0.0	683.41	1685.2	1048.44	0.0	0.0	842.6
los	None	dead	0.0	0.0	0.0	0.0	0.0	0.0	0.0	0.0
hgt	107	GCA.003019535.1.Archaea.Thermoproteota	1515.18	0.0	757.59	1853.29	1177.07	0.0	0.0	926.645
los	None	dead	0.0	0.0	0.0	0.0	0.0	0.0	0.0	0.0
dup	None	dead	0.0	0.0	0.0	0.0	0.0	0.0	0.0	0.0
dup	None	dead	0.0	0.0	0.0	0.0	0.0	0.0	0.0	0.0
hgt	825	GCA.003170275.1.Bacteria.Myxococcota	1134.553	0.0	567.2765	1400.01	869.096	0.0	0.0	700.005
los	None	dead	0.0	0.0	0.0	0.0	0.0	0.0	0.0	0.0
hgt	794	GCA.003161515.1.Bacteria.Desulfobacterota.B	1350.25	0.0	675.125	1609.55	1090.95	0.0	0.0	804.775
los	None	dead	0.0	0.0	0.0	0.0	0.0	0.0	0.0	0.0
hgt	709	GCA.003223145.1.Bacteria.Acidobacteriota	1397.765	0.0	698.8825	1717.19	1078.34	0.0	0.0	858.595
los	None	dead	0.0	0.0	0.0	0.0	0.0	0.0	0.0	0.0
hgt	None	dead	0.0	0.0	0.0	0.0	0.0	0.0	0.0	0.0
dup	None	dead	0.0	0.0	0.0	0.0	0.0	0.0	0.0	0.0
dup	None	dead	0.0	0.0	0.0	0.0	0.0	0.0	0.0	0.0
hgt	274	GCA.000406005.1.Bacteria.Poribacteria	1625.32	0.0	812.66	2112.15	1138.49	0.0	0.0	1056.075
los	None	dead	0.0	0.0	0.0	0.0	0.0	0.0	0.0	0.0
hgt	1109	GCA.002898895.1.Bacteria.Armatimonadota	1709.425	0.0	854.7125	2037.53	1381.32	0.0	0.0	1018.765
los	None	dead	0.0	0.0	0.0	0.0	0.0	0.0	0.0	0.0
dup	None	dead	0.0	0.0	0.0	0.0	0.0	0.0	0.0	0.0
hgt	326	GCF.900129635.1.Bacteria.Planctomycetota	1208.648	0.0	604.324	1527.79	889.506	0.0	0.0	763.895
los	None	dead	0.0	0.0	0.0	0.0	0.0	0.0	0.0	0.0
hgt	1116	GCA.002898575.1.Bacteria.Armatimonadota	1799.18	0.0	899.59	2205.43	1392.93	0.0	0.0	1102.715
los	None	dead	0.0	0.0	0.0	0.0	0.0	0.0	0.0	0.0
