event	left_node	right_node	left_date	right_date	midpoint_date	left_date_lower	left_date_upper	right_date_lower	right_date_upper	midpoint_date_all
hgt	None	dead	0.0	0.0	0.0	0.0	0.0	0.0	0.0	0.0
dup	None	dead	0.0	0.0	0.0	0.0	0.0	0.0	0.0	0.0
hgt	832	GCA.002721815.1.Bacteria.Myxococcota	1444.88	0.0	722.44	1737.65	1152.11	0.0	0.0	868.825
los	None	dead	0.0	0.0	0.0	0.0	0.0	0.0	0.0	0.0
hgt	811	GCA.002728755.1.Bacteria.Myxococcota	1313.225	0.0	656.6125	1553.88	1072.57	0.0	0.0	776.94
los	None	dead	0.0	0.0	0.0	0.0	0.0	0.0	0.0	0.0
hgt	None	dead	0.0	0.0	0.0	0.0	0.0	0.0	0.0	0.0
hgt	816	GCA.002707085.1.Bacteria.Myxococcota.A	1328.145	0.0	664.0725	1593.25	1063.04	0.0	0.0	796.625
los	None	dead	0.0	0.0	0.0	0.0	0.0	0.0	0.0	0.0
spe	1721	1720	2916.245	2510.455	2713.35	3154.47	2678.02	2678.67	2342.24	2748.355
spe	1720	1719	2510.455	2371.88	2441.1675	2678.67	2342.24	2533.31	2210.45	2444.56
spe	1719	1718	2371.88	2232.24	2302.06	2533.31	2210.45	2378.44	2086.04	2309.675
spe	1718	1717	2232.24	2064.395	2148.3175	2378.44	2086.04	2238.25	1890.54	2134.49
los	1717	1716	2064.395	1811.985	1938.19	2238.25	1890.54	1996.42	1627.55	1932.9
spe	1718	1704	2232.24	2105.22	2168.73	2378.44	2086.04	2238.26	1972.18	2175.31
los	1704	1672	2105.22	1717.695	1911.4575	2238.26	1972.18	2070.17	1365.22	1801.74
spe	1704	1703	2105.22	2001.35	2053.285	2238.26	1972.18	2116.53	1886.17	2062.215
spe	1703	1679	2001.35	1509.135	1755.2425	2116.53	1886.17	1896.29	1121.98	1619.255
spe	1679	1678	1509.135	796.3525	1152.74375	1896.29	1121.98	1296.27	296.435	1096.3625
los	1678	1676	796.3525	163.12655	479.73952	1296.27	296.435	232.712	93.5411	694.90555
spe	1703	1702	2001.35	1938.175	1969.7625	2116.53	1886.17	2044.36	1831.99	1974.26
spe	1702	1701	1938.175	1887.235	1912.705	2044.36	1831.99	1985.34	1789.13	1916.745
spe	1701	1685	1887.235	1635.52	1761.3775	1985.34	1789.13	1883.48	1387.56	1686.45
los	1685	1684	1635.52	1444.79	1540.155	1883.48	1387.56	1759.1	1130.48	1506.98
hgt	None	dead	0.0	0.0	0.0	0.0	0.0	0.0	0.0	0.0
hgt	1698	1697	1634.795	920.2075	1277.50125	1669.04	1600.55	1581.01	259.405	964.2225
los	None	dead	0.0	0.0	0.0	0.0	0.0	0.0	0.0	0.0
spe	1698	1697	1634.795	920.2075	1277.50125	1669.04	1600.55	1581.01	259.405	964.2225
spe	1697	1695	920.2075	795.37	857.78875	1581.01	259.405	1453.6	137.14	859.075
los	1695	Nostoc.sp.PCC7120	795.37	0.0	397.685	1453.6	137.14	0.0	0.0	726.8
hgt	None	dead	0.0	0.0	0.0	0.0	0.0	0.0	0.0	0.0
hgt	1684	GCA.001698445.1.Bacteria.Cyanobacteria	1444.79	0.0	722.395	1759.1	1130.48	0.0	0.0	879.55
los	None	dead	0.0	0.0	0.0	0.0	0.0	0.0	0.0	0.0
spe	1701	1700	1887.235	1825.65	1856.4425	1985.34	1789.13	1915.11	1736.19	1860.765
spe	1700	1699	1825.65	1773.275	1799.4625	1915.11	1736.19	1850.15	1696.4	1805.755
los	1699	1698	1773.275	1634.795	1704.035	1850.15	1696.4	1669.04	1600.55	1725.35
spe	1700	1688	1825.65	1436.775	1631.2125	1915.11	1736.19	1766.73	1106.82	1510.965
hgt	None	dead	0.0	0.0	0.0	0.0	0.0	0.0	0.0	0.0
hgt	1684	GCF.000316115.1.Bacteria.Cyanobacteria	1444.79	0.0	722.395	1759.1	1130.48	0.0	0.0	879.55
los	None	dead	0.0	0.0	0.0	0.0	0.0	0.0	0.0	0.0
hgt	None	dead	0.0	0.0	0.0	0.0	0.0	0.0	0.0	0.0
hgt	1672	GCF.002251945.1.Bacteria.Cyanobacteria	1717.695	0.0	858.8475	2070.17	1365.22	0.0	0.0	1035.085
los	None	dead	0.0	0.0	0.0	0.0	0.0	0.0	0.0	0.0
hgt	None	dead	0.0	0.0	0.0	0.0	0.0	0.0	0.0	0.0
hgt	1185	1169	2405.805	2113.35	2259.5775	2675.17	2136.44	2359.96	1866.74	2270.955
los	None	dead	0.0	0.0	0.0	0.0	0.0	0.0	0.0	0.0
hgt	None	dead	0.0	0.0	0.0	0.0	0.0	0.0	0.0	0.0
hgt	694	692	1256.385	1113.508	1184.9465	1449.85	1062.92	1334.67	892.346	1171.098
los	None	dead	0.0	0.0	0.0	0.0	0.0	0.0	0.0	0.0
spe	694	692	1256.385	1113.508	1184.9465	1449.85	1062.92	1334.67	892.346	1171.098
hgt	None	dead	0.0	0.0	0.0	0.0	0.0	0.0	0.0	0.0
dup	None	dead	0.0	0.0	0.0	0.0	0.0	0.0	0.0	0.0
hgt	326	GCA.002404095.1.Bacteria.Planctomycetota	1208.648	0.0	604.324	1527.79	889.506	0.0	0.0	763.895
los	None	dead	0.0	0.0	0.0	0.0	0.0	0.0	0.0	0.0
hgt	244	GCA.001800095.1.Bacteria.Elusimicrobiota	1375.91	0.0	687.955	1646.78	1105.04	0.0	0.0	823.39
los	None	dead	0.0	0.0	0.0	0.0	0.0	0.0	0.0	0.0
hgt	None	dead	0.0	0.0	0.0	0.0	0.0	0.0	0.0	0.0
hgt	None	dead	0.0	0.0	0.0	0.0	0.0	0.0	0.0	0.0
hgt	1106	GCF.000427095.1.Bacteria.Armatimonadota	1340.34	0.0	670.17	1623.95	1056.73	0.0	0.0	811.975
los	None	dead	0.0	0.0	0.0	0.0	0.0	0.0	0.0	0.0
hgt	None	dead	0.0	0.0	0.0	0.0	0.0	0.0	0.0	0.0
hgt	1109	GCA.002898895.1.Bacteria.Armatimonadota	1709.425	0.0	854.7125	2037.53	1381.32	0.0	0.0	1018.765
los	None	dead	0.0	0.0	0.0	0.0	0.0	0.0	0.0	0.0
dup	None	dead	0.0	0.0	0.0	0.0	0.0	0.0	0.0	0.0
hgt	982	GCF.001535965.1.Bacteria.Bacteroidota	1900.265	0.0	950.1325	2132.12	1668.41	0.0	0.0	1066.06
los	None	dead	0.0	0.0	0.0	0.0	0.0	0.0	0.0	0.0
hgt	979	GCA.002763895.1.Bacteria.Bacteroidota	1531.79	0.0	765.895	1752.93	1310.65	0.0	0.0	876.465
los	None	dead	0.0	0.0	0.0	0.0	0.0	0.0	0.0	0.0
spe	1185	1169	2405.805	2113.35	2259.5775	2675.17	2136.44	2359.96	1866.74	2270.955
hgt	None	dead	0.0	0.0	0.0	0.0	0.0	0.0	0.0	0.0
hgt	None	dead	0.0	0.0	0.0	0.0	0.0	0.0	0.0	0.0
hgt	None	dead	0.0	0.0	0.0	0.0	0.0	0.0	0.0	0.0
dup	None	dead	0.0	0.0	0.0	0.0	0.0	0.0	0.0	0.0
hgt	265	GCA.003290465.1.Bacteria.Sumerlaeota	1568.825	0.0	784.4125	2039.56	1098.09	0.0	0.0	1019.78
los	None	dead	0.0	0.0	0.0	0.0	0.0	0.0	0.0	0.0
dup	None	dead	0.0	0.0	0.0	0.0	0.0	0.0	0.0	0.0
hgt	804	GCA.003247575.1.Bacteria.Myxococcota.A	1824.305	0.0	912.1525	2197.3	1451.31	0.0	0.0	1098.65
los	None	dead	0.0	0.0	0.0	0.0	0.0	0.0	0.0	0.0
hgt	1226	GCA.003242195.1.Bacteria.Firmicutes.E	1388.78	0.0	694.39	1687.37	1090.19	0.0	0.0	843.685
los	None	dead	0.0	0.0	0.0	0.0	0.0	0.0	0.0	0.0
hgt	None	dead	0.0	0.0	0.0	0.0	0.0	0.0	0.0	0.0
hgt	None	dead	0.0	0.0	0.0	0.0	0.0	0.0	0.0	0.0
hgt	826	825	1444.855	1134.553	1289.704	1661.37	1228.34	1400.01	869.096	1265.233
los	None	dead	0.0	0.0	0.0	0.0	0.0	0.0	0.0	0.0
spe	826	825	1444.855	1134.553	1289.704	1661.37	1228.34	1400.01	869.096	1265.233
hgt	None	dead	0.0	0.0	0.0	0.0	0.0	0.0	0.0	0.0
hgt	821	GCF.000737335.2.Bacteria.Proteobacteria	1377.535	0.0	688.7675	1637.42	1117.65	0.0	0.0	818.71
los	None	dead	0.0	0.0	0.0	0.0	0.0	0.0	0.0	0.0
hgt	None	dead	0.0	0.0	0.0	0.0	0.0	0.0	0.0	0.0
hgt	1470	1469	1749.085	1574.225	1661.655	2065.21	1432.96	1892.87	1255.58	1660.395
los	None	dead	0.0	0.0	0.0	0.0	0.0	0.0	0.0	0.0
spe	1470	1469	1749.085	1574.225	1661.655	2065.21	1432.96	1892.87	1255.58	1660.395
hgt	None	dead	0.0	0.0	0.0	0.0	0.0	0.0	0.0	0.0
dup	None	dead	0.0	0.0	0.0	0.0	0.0	0.0	0.0	0.0
hgt	768	GCA.001798715.1.Bacteria.UBA10199	1657.32	0.0	828.66	1909.7	1404.94	0.0	0.0	954.85
los	None	dead	0.0	0.0	0.0	0.0	0.0	0.0	0.0	0.0
hgt	350	GCA.003509045.1.Bacteria.Planctomycetota	1417.255	0.0	708.6275	1750.54	1083.97	0.0	0.0	875.27
los	None	dead	0.0	0.0	0.0	0.0	0.0	0.0	0.0	0.0
spe	1469	1467	1574.225	1431.56	1502.8925	1892.87	1255.58	1750.93	1112.19	1502.53
hgt	None	dead	0.0	0.0	0.0	0.0	0.0	0.0	0.0	0.0
los	1467	GCA.002292925.1.Bacteria.Chloroflexota	1431.56	0.0	715.78	1750.93	1112.19	0.0	0.0	875.465
dup	None	dead	0.0	0.0	0.0	0.0	0.0	0.0	0.0	0.0
hgt	600	GCA.002007425.1.Bacteria.Proteobacteria	1276.255	0.0	638.1275	1480.95	1071.56	0.0	0.0	740.475
los	None	dead	0.0	0.0	0.0	0.0	0.0	0.0	0.0	0.0
hgt	711	GCA.001664505.1.Bacteria.Acidobacteriota	1691.09	0.0	845.545	1998.68	1383.5	0.0	0.0	999.34
los	None	dead	0.0	0.0	0.0	0.0	0.0	0.0	0.0	0.0
hgt	None	dead	0.0	0.0	0.0	0.0	0.0	0.0	0.0	0.0
hgt	552	GCF.001614315.2.Bacteria.Proteobacteria	1380.83	0.0	690.415	1621.66	1140.0	0.0	0.0	810.83
los	None	dead	0.0	0.0	0.0	0.0	0.0	0.0	0.0	0.0
hgt	None	dead	0.0	0.0	0.0	0.0	0.0	0.0	0.0	0.0
hgt	536	GCF.002940605.1.Bacteria.Proteobacteria	1675.53	0.0	837.765	2101.36	1249.7	0.0	0.0	1050.68
los	None	dead	0.0	0.0	0.0	0.0	0.0	0.0	0.0	0.0
hgt	None	dead	0.0	0.0	0.0	0.0	0.0	0.0	0.0	0.0
dup	None	dead	0.0	0.0	0.0	0.0	0.0	0.0	0.0	0.0
hgt	581	GCA.002868855.1.Bacteria.Proteobacteria	1344.875	0.0	672.4375	1554.57	1135.18	0.0	0.0	777.285
los	None	dead	0.0	0.0	0.0	0.0	0.0	0.0	0.0	0.0
hgt	592	GCF.000024725.1.Bacteria.Proteobacteria	1273.215	0.0	636.6075	1530.36	1016.07	0.0	0.0	765.18
los	None	dead	0.0	0.0	0.0	0.0	0.0	0.0	0.0	0.0
hgt	None	dead	0.0	0.0	0.0	0.0	0.0	0.0	0.0	0.0
hgt	828	GCA.002699025.1.Bacteria.Myxococcota	1750.53	0.0	875.265	1966.78	1534.28	0.0	0.0	983.39
los	None	dead	0.0	0.0	0.0	0.0	0.0	0.0	0.0	0.0
hgt	None	dead	0.0	0.0	0.0	0.0	0.0	0.0	0.0	0.0
hgt	1474	1473	2094.15	1294.4735	1694.31175	2398.35	1789.95	1671.97	916.977	1657.6635
los	None	dead	0.0	0.0	0.0	0.0	0.0	0.0	0.0	0.0
spe	1474	1473	2094.15	1294.4735	1694.31175	2398.35	1789.95	1671.97	916.977	1657.6635
hgt	None	dead	0.0	0.0	0.0	0.0	0.0	0.0	0.0	0.0
hgt	1396	GCA.003244045.1.Bacteria.Dormibacterota	1723.235	0.0	861.6175	2334.25	1112.22	0.0	0.0	1167.125
los	None	dead	0.0	0.0	0.0	0.0	0.0	0.0	0.0	0.0
hgt	None	dead	0.0	0.0	0.0	0.0	0.0	0.0	0.0	0.0
hgt	697	GCA.003222815.1.Bacteria.Acidobacteriota	1624.47	0.0	812.235	1840.22	1408.72	0.0	0.0	920.11
los	None	dead	0.0	0.0	0.0	0.0	0.0	0.0	0.0	0.0
hgt	None	dead	0.0	0.0	0.0	0.0	0.0	0.0	0.0	0.0
hgt	1178	1177	1434.165	1221.364	1327.7645	1689.01	1179.32	1491.65	951.078	1320.044
los	None	dead	0.0	0.0	0.0	0.0	0.0	0.0	0.0	0.0
spe	1178	1177	1434.165	1221.364	1327.7645	1689.01	1179.32	1491.65	951.078	1320.044
hgt	None	dead	0.0	0.0	0.0	0.0	0.0	0.0	0.0	0.0
hgt	807	GCA.002789955.1.Bacteria.Myxococcota	1389.97	0.0	694.985	1659.67	1120.27	0.0	0.0	829.835
los	None	dead	0.0	0.0	0.0	0.0	0.0	0.0	0.0	0.0
spe	1169	1145	2113.35	1788.28	1950.815	2359.96	1866.74	2061.89	1514.67	1937.315
spe	1145	1143	1788.28	1606.47	1697.375	2061.89	1514.67	1865.47	1347.47	1704.68
spe	1143	1141	1606.47	1323.465	1464.9675	1865.47	1347.47	1574.65	1072.28	1468.875
spe	1141	1140	1323.465	1082.515	1202.99	1574.65	1072.28	1376.91	788.12	1181.385
los	1140	GCA.002722565.1.Bacteria.Actinobacteriota	1082.515	0.0	541.2575	1376.91	788.12	0.0	0.0	688.455
hgt	None	dead	0.0	0.0	0.0	0.0	0.0	0.0	0.0	0.0
hgt	1140	GCA.002722565.1.Bacteria.Actinobacteriota	1082.515	0.0	541.2575	1376.91	788.12	0.0	0.0	688.455
los	None	dead	0.0	0.0	0.0	0.0	0.0	0.0	0.0	0.0
hgt	926	924	2022.635	1568.375	1795.505	2505.85	1539.42	2038.32	1098.43	1802.14
los	None	dead	0.0	0.0	0.0	0.0	0.0	0.0	0.0	0.0
hgt	None	dead	0.0	0.0	0.0	0.0	0.0	0.0	0.0	0.0
hgt	924	GCA.003221825.1.Bacteria.Gemmatimonadota	1568.375	0.0	784.1875	2038.32	1098.43	0.0	0.0	1019.16
los	None	dead	0.0	0.0	0.0	0.0	0.0	0.0	0.0	0.0
spe	926	924	2022.635	1568.375	1795.505	2505.85	1539.42	2038.32	1098.43	1802.14
hgt	983	967	2135.355	1879.385	2007.37	2367.02	1903.69	2109.43	1649.34	2008.18
los	None	dead	0.0	0.0	0.0	0.0	0.0	0.0	0.0	0.0
hgt	None	dead	0.0	0.0	0.0	0.0	0.0	0.0	0.0	0.0
dup	None	dead	0.0	0.0	0.0	0.0	0.0	0.0	0.0	0.0
hgt	1020	GCA.001780165.1.Bacteria.Eisenbacteria	1410.39	0.0	705.195	1757.86	1062.92	0.0	0.0	878.93
los	None	dead	0.0	0.0	0.0	0.0	0.0	0.0	0.0	0.0
hgt	702	GCA.003223635.1.Bacteria.Acidobacteriota	1226.544	0.0	613.272	1494.48	958.608	0.0	0.0	747.24
los	None	dead	0.0	0.0	0.0	0.0	0.0	0.0	0.0	0.0
spe	983	967	2135.355	1879.385	2007.37	2367.02	1903.69	2109.43	1649.34	2008.18
hgt	None	dead	0.0	0.0	0.0	0.0	0.0	0.0	0.0	0.0
hgt	48	GCA.003009755.1.Archaea.Thermoplasmatota	1716.14	0.0	858.07	1982.66	1449.62	0.0	0.0	991.33
los	None	dead	0.0	0.0	0.0	0.0	0.0	0.0	0.0	0.0
hgt	None	dead	0.0	0.0	0.0	0.0	0.0	0.0	0.0	0.0
hgt	961	GCA.001769385.1.Bacteria.Bacteroidota	860.4425	0.0	430.22125	1138.96	581.925	0.0	0.0	569.48
los	None	dead	0.0	0.0	0.0	0.0	0.0	0.0	0.0	0.0
spe	967	966	1879.385	1606.29	1742.8375	2109.43	1649.34	1831.14	1381.44	1745.435
hgt	None	dead	0.0	0.0	0.0	0.0	0.0	0.0	0.0	0.0
los	966	965	1606.29	1429.675	1517.9825	1831.14	1381.44	1647.7	1211.65	1521.395
hgt	775	GCA.001797335.1.Bacteria.Bdellovibrionota.E	1721.205	0.0	860.6025	2009.3	1433.11	0.0	0.0	1004.65
los	None	dead	0.0	0.0	0.0	0.0	0.0	0.0	0.0	0.0
dup	None	dead	0.0	0.0	0.0	0.0	0.0	0.0	0.0	0.0
dup	None	dead	0.0	0.0	0.0	0.0	0.0	0.0	0.0	0.0
hgt	1021	GCA.002686915.1.Bacteria.ARS69	1900.685	0.0	950.3425	2296.58	1504.79	0.0	0.0	1148.29
los	None	dead	0.0	0.0	0.0	0.0	0.0	0.0	0.0	0.0
dup	None	dead	0.0	0.0	0.0	0.0	0.0	0.0	0.0	0.0
hgt	711	GCA.001664505.1.Bacteria.Acidobacteriota	1691.09	0.0	845.545	1998.68	1383.5	0.0	0.0	999.34
los	None	dead	0.0	0.0	0.0	0.0	0.0	0.0	0.0	0.0
hgt	1098	GCA.003167155.1.Bacteria.Eremiobacterota	1440.925	0.0	720.4625	1845.37	1036.48	0.0	0.0	922.685
los	None	dead	0.0	0.0	0.0	0.0	0.0	0.0	0.0	0.0
dup	None	dead	0.0	0.0	0.0	0.0	0.0	0.0	0.0	0.0
dup	None	dead	0.0	0.0	0.0	0.0	0.0	0.0	0.0	0.0
hgt	930	GCA.002449765.1.Bacteria.Fibrobacterota	1300.89	0.0	650.445	1599.69	1002.09	0.0	0.0	799.845
los	None	dead	0.0	0.0	0.0	0.0	0.0	0.0	0.0	0.0
dup	None	dead	0.0	0.0	0.0	0.0	0.0	0.0	0.0	0.0
hgt	1660	GCA.003149375.1.Bacteria.Cyanobacteria	1690.83	0.0	845.415	2217.83	1163.83	0.0	0.0	1108.915
los	None	dead	0.0	0.0	0.0	0.0	0.0	0.0	0.0	0.0
dup	None	dead	0.0	0.0	0.0	0.0	0.0	0.0	0.0	0.0
dup	None	dead	0.0	0.0	0.0	0.0	0.0	0.0	0.0	0.0
hgt	955	GCF.001280305.1.Bacteria.Bacteroidota	1277.41	0.0	638.705	1498.37	1056.45	0.0	0.0	749.185
los	None	dead	0.0	0.0	0.0	0.0	0.0	0.0	0.0	0.0
hgt	288	GCA.002382525.1.Bacteria.Verrucomicrobiota	1496.535	0.0	748.2675	1838.77	1154.3	0.0	0.0	919.385
los	None	dead	0.0	0.0	0.0	0.0	0.0	0.0	0.0	0.0
hgt	None	dead	0.0	0.0	0.0	0.0	0.0	0.0	0.0	0.0
dup	None	dead	0.0	0.0	0.0	0.0	0.0	0.0	0.0	0.0
hgt	293	GCA.002429065.1.Bacteria.Verrucomicrobiota	1595.865	0.0	797.9325	2014.86	1176.87	0.0	0.0	1007.43
los	None	dead	0.0	0.0	0.0	0.0	0.0	0.0	0.0	0.0
hgt	293	GCA.002429065.1.Bacteria.Verrucomicrobiota	1595.865	0.0	797.9325	2014.86	1176.87	0.0	0.0	1007.43
los	None	dead	0.0	0.0	0.0	0.0	0.0	0.0	0.0	0.0
dup	None	dead	0.0	0.0	0.0	0.0	0.0	0.0	0.0	0.0
dup	None	dead	0.0	0.0	0.0	0.0	0.0	0.0	0.0	0.0
hgt	1312	GCF.002607855.1.Bacteria.Firmicutes.B	1284.875	0.0	642.4375	1547.99	1021.76	0.0	0.0	773.995
los	None	dead	0.0	0.0	0.0	0.0	0.0	0.0	0.0	0.0
hgt	1292	GCF.000024605.1.Bacteria.Firmicutes.B	1516.66	0.0	758.33	1936.55	1096.77	0.0	0.0	968.275
los	None	dead	0.0	0.0	0.0	0.0	0.0	0.0	0.0	0.0
dup	None	dead	0.0	0.0	0.0	0.0	0.0	0.0	0.0	0.0
dup	None	dead	0.0	0.0	0.0	0.0	0.0	0.0	0.0	0.0
hgt	560	558	1588.765	1434.31	1511.5375	1792.9	1384.63	1652.56	1216.06	1504.48
los	None	dead	0.0	0.0	0.0	0.0	0.0	0.0	0.0	0.0
spe	560	558	1588.765	1434.31	1511.5375	1792.9	1384.63	1652.56	1216.06	1504.48
spe	558	557	1434.31	1225.2445	1329.77725	1652.56	1216.06	1451.49	998.999	1325.7795
los	557	GCA.002728355.1.Bacteria.Proteobacteria	1225.2445	0.0	612.62225	1451.49	998.999	0.0	0.0	725.745
dup	None	dead	0.0	0.0	0.0	0.0	0.0	0.0	0.0	0.0
hgt	546	GCF.000021985.1.Bacteria.Proteobacteria	1417.275	0.0	708.6375	1742.85	1091.7	0.0	0.0	871.425
los	None	dead	0.0	0.0	0.0	0.0	0.0	0.0	0.0	0.0
hgt	631	603	1777.47	1696.92	1737.195	1936.32	1618.62	1869.02	1524.82	1730.57
los	None	dead	0.0	0.0	0.0	0.0	0.0	0.0	0.0	0.0
hgt	None	dead	0.0	0.0	0.0	0.0	0.0	0.0	0.0	0.0
spe	631	603	1777.47	1696.92	1737.195	1936.32	1618.62	1869.02	1524.82	1730.57
hgt	None	dead	0.0	0.0	0.0	0.0	0.0	0.0	0.0	0.0
dup	None	dead	0.0	0.0	0.0	0.0	0.0	0.0	0.0	0.0
hgt	542	GCA.002631715.1.Bacteria.Proteobacteria	1583.705	0.0	791.8525	1912.35	1255.06	0.0	0.0	956.175
los	None	dead	0.0	0.0	0.0	0.0	0.0	0.0	0.0	0.0
hgt	None	dead	0.0	0.0	0.0	0.0	0.0	0.0	0.0	0.0
hgt	571	570	1706.635	1535.435	1621.035	1950.26	1463.01	1809.94	1260.93	1605.595
los	None	dead	0.0	0.0	0.0	0.0	0.0	0.0	0.0	0.0
spe	571	570	1706.635	1535.435	1621.035	1950.26	1463.01	1809.94	1260.93	1605.595
spe	570	568	1535.435	1379.435	1457.435	1809.94	1260.93	1661.92	1096.95	1453.445
los	568	GCA.002862435.1.Bacteria.Proteobacteria	1379.435	0.0	689.7175	1661.92	1096.95	0.0	0.0	830.96
hgt	644	636	1647.11	1555.685	1601.3975	1863.23	1430.99	1786.38	1324.99	1594.11
los	None	dead	0.0	0.0	0.0	0.0	0.0	0.0	0.0	0.0
hgt	None	dead	0.0	0.0	0.0	0.0	0.0	0.0	0.0	0.0
hgt	533	529	1932.55	1606.235	1769.3925	2227.11	1637.99	2001.73	1210.74	1718.925
los	None	dead	0.0	0.0	0.0	0.0	0.0	0.0	0.0	0.0
spe	533	529	1932.55	1606.235	1769.3925	2227.11	1637.99	2001.73	1210.74	1718.925
hgt	None	dead	0.0	0.0	0.0	0.0	0.0	0.0	0.0	0.0
hgt	642	GCA.001464965.1.Bacteria.Proteobacteria	1332.36	0.0	666.18	1580.86	1083.86	0.0	0.0	790.43
los	None	dead	0.0	0.0	0.0	0.0	0.0	0.0	0.0	0.0
spe	644	636	1647.11	1555.685	1601.3975	1863.23	1430.99	1786.38	1324.99	1594.11
spe	636	634	1555.685	1386.92	1471.3025	1786.38	1324.99	1651.6	1122.24	1454.31
los	634	GCF.001697225.1.Bacteria.Proteobacteria	1386.92	0.0	693.46	1651.6	1122.24	0.0	0.0	825.8
spe	603	602	1696.92	1612.41	1654.665	1869.02	1524.82	1790.83	1433.99	1651.505
hgt	None	dead	0.0	0.0	0.0	0.0	0.0	0.0	0.0	0.0
spe	602	601	1612.41	1475.48	1543.945	1790.83	1433.99	1662.78	1288.18	1539.505
spe	601	595	1475.48	1266.66	1371.07	1662.78	1288.18	1469.01	1064.31	1363.545
hgt	None	dead	0.0	0.0	0.0	0.0	0.0	0.0	0.0	0.0
hgt	598	GCA.002292285.1.Bacteria.Proteobacteria	953.337	0.0	476.6685	1225.19	681.484	0.0	0.0	612.595
los	None	dead	0.0	0.0	0.0	0.0	0.0	0.0	0.0	0.0
spe	601	600	1475.48	1276.255	1375.8675	1662.78	1288.18	1480.95	1071.56	1367.17
hgt	None	dead	0.0	0.0	0.0	0.0	0.0	0.0	0.0	0.0
los	600	598	1276.255	953.337	1114.796	1480.95	1071.56	1225.19	681.484	1081.217
hgt	568	GCA.002862435.1.Bacteria.Proteobacteria	1379.435	0.0	689.7175	1661.92	1096.95	0.0	0.0	830.96
los	None	dead	0.0	0.0	0.0	0.0	0.0	0.0	0.0	0.0
hgt	588	576	1773.33	1581.265	1677.2975	1953.51	1593.15	1817.5	1345.03	1649.27
los	None	dead	0.0	0.0	0.0	0.0	0.0	0.0	0.0	0.0
spe	588	576	1773.33	1581.265	1677.2975	1953.51	1593.15	1817.5	1345.03	1649.27
hgt	None	dead	0.0	0.0	0.0	0.0	0.0	0.0	0.0	0.0
hgt	639	GCA.002400775.1.Bacteria.Proteobacteria	1269.845	0.0	634.9225	1517.47	1022.22	0.0	0.0	758.735
los	None	dead	0.0	0.0	0.0	0.0	0.0	0.0	0.0	0.0
spe	576	574	1581.265	1330.6	1455.9325	1817.5	1345.03	1590.49	1070.71	1444.105
hgt	None	dead	0.0	0.0	0.0	0.0	0.0	0.0	0.0	0.0
hgt	553	GCF.001641825.1.Bacteria.Proteobacteria	1596.945	0.0	798.4725	1821.5	1372.39	0.0	0.0	910.75
los	None	dead	0.0	0.0	0.0	0.0	0.0	0.0	0.0	0.0
hgt	None	dead	0.0	0.0	0.0	0.0	0.0	0.0	0.0	0.0
hgt	519	GCF.002109495.1.Bacteria.Proteobacteria	2611.035	0.0	1305.5175	2836.91	2385.16	0.0	0.0	1418.455
los	None	dead	0.0	0.0	0.0	0.0	0.0	0.0	0.0	0.0
spe	602	592	1612.41	1273.215	1442.8125	1790.83	1433.99	1530.36	1016.07	1403.45
hgt	None	dead	0.0	0.0	0.0	0.0	0.0	0.0	0.0	0.0
los	592	GCF.001720165.1.Bacteria.Proteobacteria	1273.215	0.0	636.6075	1530.36	1016.07	0.0	0.0	765.18
hgt	529	GCA.002451085.1.Bacteria.Proteobacteria	1606.235	0.0	803.1175	2001.73	1210.74	0.0	0.0	1000.865
los	None	dead	0.0	0.0	0.0	0.0	0.0	0.0	0.0	0.0
hgt	613	612	1391.71	1256.25	1323.98	1592.53	1190.89	1460.33	1052.17	1322.35
los	None	dead	0.0	0.0	0.0	0.0	0.0	0.0	0.0	0.0
spe	613	612	1391.71	1256.25	1323.98	1592.53	1190.89	1460.33	1052.17	1322.35
spe	612	611	1256.25	936.1675	1096.20875	1460.33	1052.17	1239.98	632.355	1046.3425
los	611	GCF.003052605.1.Bacteria.Proteobacteria	936.1675	0.0	468.08375	1239.98	632.355	0.0	0.0	619.99
hgt	1385	1384	2240.33	2049.01	2144.67	2474.59	2006.07	2270.99	1827.03	2150.81
los	None	dead	0.0	0.0	0.0	0.0	0.0	0.0	0.0	0.0
hgt	None	dead	0.0	0.0	0.0	0.0	0.0	0.0	0.0	0.0
hgt	None	dead	0.0	0.0	0.0	0.0	0.0	0.0	0.0	0.0
hgt	801	GCA.002328485.1.Bacteria.Desulfobacterota.G	1810.17	0.0	905.085	2217.42	1402.92	0.0	0.0	1108.71
los	None	dead	0.0	0.0	0.0	0.0	0.0	0.0	0.0	0.0
hgt	None	dead	0.0	0.0	0.0	0.0	0.0	0.0	0.0	0.0
hgt	1469	GCA.001898225.1.Bacteria.Chloroflexota	1574.225	0.0	787.1125	1892.87	1255.58	0.0	0.0	946.435
los	None	dead	0.0	0.0	0.0	0.0	0.0	0.0	0.0	0.0
hgt	None	dead	0.0	0.0	0.0	0.0	0.0	0.0	0.0	0.0
hgt	327	326	1556.09	1208.648	1382.369	1868.81	1243.37	1527.79	889.506	1379.158
los	None	dead	0.0	0.0	0.0	0.0	0.0	0.0	0.0	0.0
spe	327	326	1556.09	1208.648	1382.369	1868.81	1243.37	1527.79	889.506	1379.158
hgt	None	dead	0.0	0.0	0.0	0.0	0.0	0.0	0.0	0.0
hgt	None	dead	0.0	0.0	0.0	0.0	0.0	0.0	0.0	0.0
hgt	1312	GCF.000019165.1.Bacteria.Firmicutes.B	1284.875	0.0	642.4375	1547.99	1021.76	0.0	0.0	773.995
los	None	dead	0.0	0.0	0.0	0.0	0.0	0.0	0.0	0.0
hgt	None	dead	0.0	0.0	0.0	0.0	0.0	0.0	0.0	0.0
spe	1385	1384	2240.33	2049.01	2144.67	2474.59	2006.07	2270.99	1827.03	2150.81
spe	1384	1338	2049.01	1549.595	1799.3025	2270.99	1827.03	1917.57	1181.62	1726.305
spe	1338	1337	1549.595	1365.895	1457.745	1917.57	1181.62	1723.9	1007.89	1462.73
los	1337	GCF.001399675.1.Bacteria.Firmicutes	1365.895	0.0	682.9475	1723.9	1007.89	0.0	0.0	861.95
spe	1384	1383	2049.01	1971.49	2010.25	2270.99	1827.03	2185.06	1757.92	2014.455
spe	1383	1382	1971.49	1907.445	1939.4675	2185.06	1757.92	2119.76	1695.13	1940.095
los	1382	1381	1907.445	1843.345	1875.395	2119.76	1695.13	2050.47	1636.22	1877.99
spe	1382	1344	1907.445	1520.89	1714.1675	2119.76	1695.13	1933.44	1108.34	1614.05
los	1344	GCF.000218765.1.Bacteria.Firmicutes	1520.89	0.0	760.445	1933.44	1108.34	0.0	0.0	966.72
spe	1383	1341	1971.49	1523.81	1747.65	2185.06	1757.92	1926.97	1120.65	1652.855
hgt	None	dead	0.0	0.0	0.0	0.0	0.0	0.0	0.0	0.0
hgt	1355	GCF.004522215.1.Bacteria.Firmicutes	1426.77	0.0	713.385	1769.44	1084.1	0.0	0.0	884.72
los	None	dead	0.0	0.0	0.0	0.0	0.0	0.0	0.0	0.0
dup	None	dead	0.0	0.0	0.0	0.0	0.0	0.0	0.0	0.0
hgt	340	334	1767.265	1547.105	1657.185	2012.49	1522.04	1802.02	1292.19	1652.34
los	None	dead	0.0	0.0	0.0	0.0	0.0	0.0	0.0	0.0
spe	340	334	1767.265	1547.105	1657.185	2012.49	1522.04	1802.02	1292.19	1652.34
spe	334	332	1547.105	1114.632	1330.8685	1802.02	1292.19	1388.09	841.174	1321.597
los	332	GCA.002364485.1.Bacteria.Planctomycetota	1114.632	0.0	557.316	1388.09	841.174	0.0	0.0	694.045
hgt	697	GCA.003222815.1.Bacteria.Acidobacteriota	1624.47	0.0	812.235	1840.22	1408.72	0.0	0.0	920.11
los	None	dead	0.0	0.0	0.0	0.0	0.0	0.0	0.0	0.0
hgt	None	dead	0.0	0.0	0.0	0.0	0.0	0.0	0.0	0.0
hgt	347	GCA.002683135.1.Bacteria.Planctomycetota	1905.8	0.0	952.9	2230.18	1581.42	0.0	0.0	1115.09
los	None	dead	0.0	0.0	0.0	0.0	0.0	0.0	0.0	0.0
hgt	None	dead	0.0	0.0	0.0	0.0	0.0	0.0	0.0	0.0
hgt	709	GCA.003223145.1.Bacteria.Acidobacteriota	1397.765	0.0	698.8825	1717.19	1078.34	0.0	0.0	858.595
los	None	dead	0.0	0.0	0.0	0.0	0.0	0.0	0.0	0.0
hgt	None	dead	0.0	0.0	0.0	0.0	0.0	0.0	0.0	0.0
hgt	686	684	1587.93	1233.956	1410.943	1852.98	1322.88	1519.9	948.012	1400.496
los	None	dead	0.0	0.0	0.0	0.0	0.0	0.0	0.0	0.0
hgt	None	dead	0.0	0.0	0.0	0.0	0.0	0.0	0.0	0.0
hgt	694	692	1256.385	1113.508	1184.9465	1449.85	1062.92	1334.67	892.346	1171.098
los	None	dead	0.0	0.0	0.0	0.0	0.0	0.0	0.0	0.0
spe	694	692	1256.385	1113.508	1184.9465	1449.85	1062.92	1334.67	892.346	1171.098
spe	686	684	1587.93	1233.956	1410.943	1852.98	1322.88	1519.9	948.012	1400.496
dup	None	dead	0.0	0.0	0.0	0.0	0.0	0.0	0.0	0.0
hgt	1449	GCA.002366595.1.Bacteria.Chloroflexota	1589.82	0.0	794.91	1942.5	1237.14	0.0	0.0	971.25
los	None	dead	0.0	0.0	0.0	0.0	0.0	0.0	0.0	0.0
hgt	1462	GCA.002436065.1.Bacteria.Chloroflexota	1858.705	0.0	929.3525	2184.36	1533.05	0.0	0.0	1092.18
los	None	dead	0.0	0.0	0.0	0.0	0.0	0.0	0.0	0.0
hgt	None	dead	0.0	0.0	0.0	0.0	0.0	0.0	0.0	0.0
hgt	128	GCA.002011085.1.Archaea.Thermoproteota	925.9285	0.0	462.96425	1257.47	594.387	0.0	0.0	628.735
los	None	dead	0.0	0.0	0.0	0.0	0.0	0.0	0.0	0.0
hgt	None	dead	0.0	0.0	0.0	0.0	0.0	0.0	0.0	0.0
hgt	837	GCA.001768075.1.Bacteria.Myxococcota	1472.175	0.0	736.0875	1791.61	1152.74	0.0	0.0	895.805
los	None	dead	0.0	0.0	0.0	0.0	0.0	0.0	0.0	0.0
hgt	None	dead	0.0	0.0	0.0	0.0	0.0	0.0	0.0	0.0
hgt	1240	GCA.002376045.1.Bacteria.Firmicutes.A	1697.815	0.0	848.9075	2230.68	1164.95	0.0	0.0	1115.34
los	None	dead	0.0	0.0	0.0	0.0	0.0	0.0	0.0	0.0
hgt	None	dead	0.0	0.0	0.0	0.0	0.0	0.0	0.0	0.0
dup	None	dead	0.0	0.0	0.0	0.0	0.0	0.0	0.0	0.0
hgt	199	GCA.003527405.1.Bacteria.Atribacterota	2238.68	0.0	1119.34	2831.12	1646.24	0.0	0.0	1415.56
los	None	dead	0.0	0.0	0.0	0.0	0.0	0.0	0.0	0.0
hgt	668	GCA.002010665.1.Bacteria.Acidobacteriota	1417.72	0.0	708.86	1767.6	1067.84	0.0	0.0	883.8
los	None	dead	0.0	0.0	0.0	0.0	0.0	0.0	0.0	0.0
dup	None	dead	0.0	0.0	0.0	0.0	0.0	0.0	0.0	0.0
hgt	84	GCF.000011005.1.Archaea.Euryarchaeota	1169.197	0.0	584.5985	1403.93	934.464	0.0	0.0	701.965
los	None	dead	0.0	0.0	0.0	0.0	0.0	0.0	0.0	0.0
dup	None	dead	0.0	0.0	0.0	0.0	0.0	0.0	0.0	0.0
hgt	1424	GCA.002011475.1.Bacteria.Chloroflexota	1648.125	0.0	824.0625	1911.17	1385.08	0.0	0.0	955.585
los	None	dead	0.0	0.0	0.0	0.0	0.0	0.0	0.0	0.0
dup	None	dead	0.0	0.0	0.0	0.0	0.0	0.0	0.0	0.0
hgt	1036	GCA.002059205.1.Bacteria.Latescibacterota	1475.96	0.0	737.98	1815.69	1136.23	0.0	0.0	907.845
los	None	dead	0.0	0.0	0.0	0.0	0.0	0.0	0.0	0.0
hgt	113	GCA.001593865.1.Archaea.Thermoproteota	1643.05	0.0	821.525	2015.58	1270.52	0.0	0.0	1007.79
los	None	dead	0.0	0.0	0.0	0.0	0.0	0.0	0.0	0.0
dup	None	dead	0.0	0.0	0.0	0.0	0.0	0.0	0.0	0.0
hgt	168	167	1389.275	1219.565	1304.42	1542.83	1235.72	1386.02	1053.11	1297.97
los	None	dead	0.0	0.0	0.0	0.0	0.0	0.0	0.0	0.0
spe	168	167	1389.275	1219.565	1304.42	1542.83	1235.72	1386.02	1053.11	1297.97
hgt	None	dead	0.0	0.0	0.0	0.0	0.0	0.0	0.0	0.0
hgt	170	GCA.000189635.1.Eukaryota.Ciliophora	1645.265	0.0	822.6325	1822.17	1468.36	0.0	0.0	911.085
los	None	dead	0.0	0.0	0.0	0.0	0.0	0.0	0.0	0.0
spe	167	166	1219.565	946.8465	1083.20575	1386.02	1053.11	1204.72	688.973	1037.4965
spe	166	165	946.8465	694.719	820.78275	1204.72	688.973	1000.39	389.048	796.884
dup	None	dead	0.0	0.0	0.0	0.0	0.0	0.0	0.0	0.0
hgt	477	GCA.001897475.1.Bacteria.Proteobacteria	1066.3815	0.0	533.19075	1289.59	843.173	0.0	0.0	644.795
los	None	dead	0.0	0.0	0.0	0.0	0.0	0.0	0.0	0.0
hgt	1663	GCA.001464165.1.Bacteria.Cyanobacteria	1748.05	0.0	874.025	2269.88	1226.22	0.0	0.0	1134.94
los	None	dead	0.0	0.0	0.0	0.0	0.0	0.0	0.0	0.0
hgt	None	dead	0.0	0.0	0.0	0.0	0.0	0.0	0.0	0.0
hgt	767	GCA.002796325.1.Bacteria.UBA10199	1475.25	0.0	737.625	1721.88	1228.62	0.0	0.0	860.94
los	None	dead	0.0	0.0	0.0	0.0	0.0	0.0	0.0	0.0
hgt	None	dead	0.0	0.0	0.0	0.0	0.0	0.0	0.0	0.0
hgt	1467	GCA.002292925.1.Bacteria.Chloroflexota	1431.56	0.0	715.78	1750.93	1112.19	0.0	0.0	875.465
los	None	dead	0.0	0.0	0.0	0.0	0.0	0.0	0.0	0.0
hgt	None	dead	0.0	0.0	0.0	0.0	0.0	0.0	0.0	0.0
spe	1169	1168	2113.35	2012.51	2062.93	2359.96	1866.74	2255.75	1769.27	2064.615
spe	1168	1148	2012.51	1487.92	1750.215	2255.75	1769.27	1860.52	1115.32	1685.535
los	1148	GCA.003021615.1.Bacteria.Actinobacteriota	1487.92	0.0	743.96	1860.52	1115.32	0.0	0.0	930.26
spe	1168	1167	2012.51	1838.915	1925.7125	2255.75	1769.27	2077.7	1600.13	1927.94
hgt	None	dead	0.0	0.0	0.0	0.0	0.0	0.0	0.0	0.0
los	1167	GCA.002413185.1.Bacteria.Actinobacteriota	1838.915	0.0	919.4575	2077.7	1600.13	0.0	0.0	1038.85
hgt	1154	GCF.001591405.1.Bacteria.Actinobacteria	976.5785	0.0	488.28925	1290.8	662.357	0.0	0.0	645.4
los	None	dead	0.0	0.0	0.0	0.0	0.0	0.0	0.0	0.0
spe	1167	1166	1838.915	1480.79	1659.8525	2077.7	1600.13	1697.07	1264.51	1671.105
spe	1166	1165	1480.79	1370.47	1425.63	1697.07	1264.51	1577.59	1163.35	1430.21
spe	1165	1164	1370.47	1261.825	1316.1475	1577.59	1163.35	1459.67	1063.98	1320.785
spe	1164	1163	1261.825	1087.464	1174.6445	1459.67	1063.98	1323.49	851.438	1155.554
los	1163	GCA.001437855.1.Bacteria.Actinobacteriota	1087.464	0.0	543.732	1323.49	851.438	0.0	0.0	661.745
spe	1164	1160	1261.825	1110.64	1186.2325	1459.67	1063.98	1339.31	881.97	1170.82
los	1160	GCF.000015025.1.Bacteria.Actinobacteriota	1110.64	0.0	555.32	1339.31	881.97	0.0	0.0	669.655
spe	1160	1158	1110.64	987.523	1049.0815	1339.31	881.97	1239.6	735.446	1037.378
spe	1165	1155	1370.47	1276.115	1323.2925	1577.59	1163.35	1486.51	1065.72	1321.655
spe	1155	1154	1276.115	976.5785	1126.34675	1486.51	1065.72	1290.8	662.357	1074.4335
los	1154	GCF.001591405.1.Bacteria.Actinobacteria	976.5785	0.0	488.28925	1290.8	662.357	0.0	0.0	645.4
hgt	None	dead	0.0	0.0	0.0	0.0	0.0	0.0	0.0	0.0
hgt	1160	GCF.000015025.1.Bacteria.Actinobacteriota	1110.64	0.0	555.32	1339.31	881.97	0.0	0.0	669.655
los	None	dead	0.0	0.0	0.0	0.0	0.0	0.0	0.0	0.0
dup	None	dead	0.0	0.0	0.0	0.0	0.0	0.0	0.0	0.0
hgt	1439	GCF.900187885.1.Bacteria.Chloroflexota	1492.005	0.0	746.0025	1713.37	1270.64	0.0	0.0	856.685
los	None	dead	0.0	0.0	0.0	0.0	0.0	0.0	0.0	0.0
hgt	1041	GCA.002686955.1.Bacteria.Gemmatimonadota.A	2350.395	0.0	1175.1975	2705.43	1995.36	0.0	0.0	1352.715
los	None	dead	0.0	0.0	0.0	0.0	0.0	0.0	0.0	0.0
