event	left_node	right_node	left_date	right_date	midpoint_date	left_date_lower	left_date_upper	right_date_lower	right_date_upper	midpoint_date_all
spe	94	93	2705.465	2558.825	2632.145	2926.2	2484.73	2775.71	2341.94	2634.07
spe	93	92	2558.825	2447.115	2502.97	2775.71	2341.94	2665.58	2228.65	2502.18
los	92	70	2447.115	2126.625	2286.87	2665.58	2228.65	2338.09	1915.16	2290.37
spe	92	91	2447.115	2166.265	2306.69	2665.58	2228.65	2401.72	1930.81	2298.195
spe	91	90	2166.265	1969.495	2067.88	2401.72	1930.81	2197.74	1741.25	2071.485
spe	90	89	1969.495	1812.405	1890.95	2197.74	1741.25	2030.99	1593.82	1895.78
los	89	88	1812.405	1663.625	1738.015	2030.99	1593.82	1881.51	1445.74	1738.365
spe	89	77	1812.405	1412.42	1612.4125	2030.99	1593.82	1711.62	1113.22	1572.105
los	77	GCA.003194435.1.Archaea.Halobacteriota	1412.42	0.0	706.21	1711.62	1113.22	0.0	0.0	855.81
spe	90	74	1969.495	1616.7	1793.0975	2197.74	1741.25	1969.17	1264.23	1730.985
hgt	None	dead	0.0	0.0	0.0	0.0	0.0	0.0	0.0	0.0
dup	None	dead	0.0	0.0	0.0	0.0	0.0	0.0	0.0	0.0
hgt	35	GCA.001587715.1.Archaea.Methanobacteriota.B	1886.455	0.0	943.2275	2412.29	1360.62	0.0	0.0	1206.145
los	None	dead	0.0	0.0	0.0	0.0	0.0	0.0	0.0	0.0
hgt	86	GCA.001412335.1.Archaea.Halobacteriota	1366.345	0.0	683.1725	1587.43	1145.26	0.0	0.0	793.715
los	None	dead	0.0	0.0	0.0	0.0	0.0	0.0	0.0	0.0
hgt	None	dead	0.0	0.0	0.0	0.0	0.0	0.0	0.0	0.0
hgt	77	GCA.003194435.1.Archaea.Halobacteriota	1412.42	0.0	706.21	1711.62	1113.22	0.0	0.0	855.81
los	None	dead	0.0	0.0	0.0	0.0	0.0	0.0	0.0	0.0
hgt	None	dead	0.0	0.0	0.0	0.0	0.0	0.0	0.0	0.0
hgt	None	dead	0.0	0.0	0.0	0.0	0.0	0.0	0.0	0.0
hgt	None	dead	0.0	0.0	0.0	0.0	0.0	0.0	0.0	0.0
dup	None	dead	0.0	0.0	0.0	0.0	0.0	0.0	0.0	0.0
hgt	99	GCF.001481685.1.Archaea.Thermoproteota	1356.82	0.0	678.41	1642.61	1071.03	0.0	0.0	821.305
los	None	dead	0.0	0.0	0.0	0.0	0.0	0.0	0.0	0.0
hgt	140	GCF.000019605.1.Archaea.Thermoproteota	2626.73	0.0	1313.365	2837.91	2415.55	0.0	0.0	1418.955
los	None	dead	0.0	0.0	0.0	0.0	0.0	0.0	0.0	0.0
hgt	None	dead	0.0	0.0	0.0	0.0	0.0	0.0	0.0	0.0
dup	None	dead	0.0	0.0	0.0	0.0	0.0	0.0	0.0	0.0
hgt	1058	GCA.001443005.1.Bacteria.Synergistota	1931.1	0.0	965.55	2676.3	1185.9	0.0	0.0	1338.15
los	None	dead	0.0	0.0	0.0	0.0	0.0	0.0	0.0	0.0
hgt	38	GCF.002214485.1.Archaea.Methanobacteriota.B	1770.925	0.0	885.4625	2300.92	1240.93	0.0	0.0	1150.46
los	None	dead	0.0	0.0	0.0	0.0	0.0	0.0	0.0	0.0
dup	None	dead	0.0	0.0	0.0	0.0	0.0	0.0	0.0	0.0
hgt	137	GCA.002255045.1.Archaea.Thermoproteota	2168.41	0.0	1084.205	2408.53	1928.29	0.0	0.0	1204.265
los	None	dead	0.0	0.0	0.0	0.0	0.0	0.0	0.0	0.0
hgt	1068	GCA.002877955.1.Bacteria.Caldisericota	1488.73	0.0	744.365	1829.99	1147.47	0.0	0.0	914.995
los	None	dead	0.0	0.0	0.0	0.0	0.0	0.0	0.0	0.0
hgt	108	107	1863.195	1515.18	1689.1875	2170.45	1555.94	1853.29	1177.07	1673.76
los	None	dead	0.0	0.0	0.0	0.0	0.0	0.0	0.0	0.0
spe	108	107	1863.195	1515.18	1689.1875	2170.45	1555.94	1853.29	1177.07	1673.76
hgt	None	dead	0.0	0.0	0.0	0.0	0.0	0.0	0.0	0.0
dup	None	dead	0.0	0.0	0.0	0.0	0.0	0.0	0.0	0.0
hgt	1424	GCA.002011475.1.Bacteria.Chloroflexota	1648.125	0.0	824.0625	1911.17	1385.08	0.0	0.0	955.585
los	None	dead	0.0	0.0	0.0	0.0	0.0	0.0	0.0	0.0
hgt	113	GCA.002255025.1.Archaea.Thermoproteota	1643.05	0.0	821.525	2015.58	1270.52	0.0	0.0	1007.79
los	None	dead	0.0	0.0	0.0	0.0	0.0	0.0	0.0	0.0
hgt	None	dead	0.0	0.0	0.0	0.0	0.0	0.0	0.0	0.0
hgt	None	dead	0.0	0.0	0.0	0.0	0.0	0.0	0.0	0.0
hgt	None	dead	0.0	0.0	0.0	0.0	0.0	0.0	0.0	0.0
hgt	None	dead	0.0	0.0	0.0	0.0	0.0	0.0	0.0	0.0
dup	None	dead	0.0	0.0	0.0	0.0	0.0	0.0	0.0	0.0
hgt	101	GCF.000011205.1.Archaea.Thermoproteota	1577.935	0.0	788.9675	1881.51	1274.36	0.0	0.0	940.755
los	None	dead	0.0	0.0	0.0	0.0	0.0	0.0	0.0	0.0
hgt	124	GCA.002495485.1.Archaea.Thermoproteota	2123.145	0.0	1061.5725	2381.0	1865.29	0.0	0.0	1190.5
los	None	dead	0.0	0.0	0.0	0.0	0.0	0.0	0.0	0.0
hgt	108	GCF.000148385.1.Archaea.Thermoproteota	1863.195	0.0	931.5975	2170.45	1555.94	0.0	0.0	1085.225
los	None	dead	0.0	0.0	0.0	0.0	0.0	0.0	0.0	0.0
hgt	None	dead	0.0	0.0	0.0	0.0	0.0	0.0	0.0	0.0
dup	None	dead	0.0	0.0	0.0	0.0	0.0	0.0	0.0	0.0
dup	None	dead	0.0	0.0	0.0	0.0	0.0	0.0	0.0	0.0
hgt	600	GCA.002007425.1.Bacteria.Proteobacteria	1276.255	0.0	638.1275	1480.95	1071.56	0.0	0.0	740.475
los	None	dead	0.0	0.0	0.0	0.0	0.0	0.0	0.0	0.0
hgt	1337	GCF.001399675.1.Bacteria.Firmicutes	1365.895	0.0	682.9475	1723.9	1007.89	0.0	0.0	861.95
los	None	dead	0.0	0.0	0.0	0.0	0.0	0.0	0.0	0.0
hgt	1461	GCA.002413265.1.Bacteria.Chloroflexota	1519.02	0.0	759.51	1882.58	1155.46	0.0	0.0	941.29
los	None	dead	0.0	0.0	0.0	0.0	0.0	0.0	0.0	0.0
hgt	None	dead	0.0	0.0	0.0	0.0	0.0	0.0	0.0	0.0
hgt	692	GCA.003140235.1.Bacteria.Acidobacteriota	1113.508	0.0	556.754	1334.67	892.346	0.0	0.0	667.335
los	None	dead	0.0	0.0	0.0	0.0	0.0	0.0	0.0	0.0
hgt	None	dead	0.0	0.0	0.0	0.0	0.0	0.0	0.0	0.0
dup	None	dead	0.0	0.0	0.0	0.0	0.0	0.0	0.0	0.0
hgt	612	GCF.003612015.1.Bacteria.Proteobacteria	1256.25	0.0	628.125	1460.33	1052.17	0.0	0.0	730.165
los	None	dead	0.0	0.0	0.0	0.0	0.0	0.0	0.0	0.0
hgt	1228	GCA.003023725.1.Bacteria.Firmicutes.E	1712.115	0.0	856.0575	2011.29	1412.94	0.0	0.0	1005.645
los	None	dead	0.0	0.0	0.0	0.0	0.0	0.0	0.0	0.0
dup	None	dead	0.0	0.0	0.0	0.0	0.0	0.0	0.0	0.0
hgt	1645	GCF.000212395.1.Bacteria.Thermodesulfobiota	2606.885	0.0	1303.4425	3195.61	2018.16	0.0	0.0	1597.805
los	None	dead	0.0	0.0	0.0	0.0	0.0	0.0	0.0	0.0
dup	None	dead	0.0	0.0	0.0	0.0	0.0	0.0	0.0	0.0
hgt	108	GCF.000148385.1.Archaea.Thermoproteota	1863.195	0.0	931.5975	2170.45	1555.94	0.0	0.0	1085.225
los	None	dead	0.0	0.0	0.0	0.0	0.0	0.0	0.0	0.0
hgt	59	GCA.002878135.1.Archaea.Thermoplasmatota	1276.445	0.0	638.2225	1522.67	1030.22	0.0	0.0	761.335
los	None	dead	0.0	0.0	0.0	0.0	0.0	0.0	0.0	0.0
dup	None	dead	0.0	0.0	0.0	0.0	0.0	0.0	0.0	0.0
dup	None	dead	0.0	0.0	0.0	0.0	0.0	0.0	0.0	0.0
dup	None	dead	0.0	0.0	0.0	0.0	0.0	0.0	0.0	0.0
hgt	1444	GCA.002366755.1.Bacteria.Chloroflexota	1386.06	0.0	693.03	1673.58	1098.54	0.0	0.0	836.79
los	None	dead	0.0	0.0	0.0	0.0	0.0	0.0	0.0	0.0
hgt	1449	GCA.002366595.1.Bacteria.Chloroflexota	1589.82	0.0	794.91	1942.5	1237.14	0.0	0.0	971.25
los	None	dead	0.0	0.0	0.0	0.0	0.0	0.0	0.0	0.0
dup	None	dead	0.0	0.0	0.0	0.0	0.0	0.0	0.0	0.0
dup	None	dead	0.0	0.0	0.0	0.0	0.0	0.0	0.0	0.0
hgt	1281	GCF.002257705.1.Bacteria.Firmicutes.C	1109.4215	0.0	554.71075	1419.04	799.803	0.0	0.0	709.52
los	None	dead	0.0	0.0	0.0	0.0	0.0	0.0	0.0	0.0
hgt	1281	GCF.002257705.1.Bacteria.Firmicutes.C	1109.4215	0.0	554.71075	1419.04	799.803	0.0	0.0	709.52
los	None	dead	0.0	0.0	0.0	0.0	0.0	0.0	0.0	0.0
hgt	1419	GCA.002367275.1.Bacteria.Chloroflexota	1336.415	0.0	668.2075	1593.44	1079.39	0.0	0.0	796.72
los	None	dead	0.0	0.0	0.0	0.0	0.0	0.0	0.0	0.0
hgt	None	dead	0.0	0.0	0.0	0.0	0.0	0.0	0.0	0.0
hgt	1292	GCF.000024605.1.Bacteria.Firmicutes.B	1516.66	0.0	758.33	1936.55	1096.77	0.0	0.0	968.275
los	None	dead	0.0	0.0	0.0	0.0	0.0	0.0	0.0	0.0
hgt	None	dead	0.0	0.0	0.0	0.0	0.0	0.0	0.0	0.0
hgt	216	GCA.001805575.1.Bacteria.Omnitrophota	1386.785	0.0	693.3925	1642.34	1131.23	0.0	0.0	821.17
los	None	dead	0.0	0.0	0.0	0.0	0.0	0.0	0.0	0.0
hgt	None	dead	0.0	0.0	0.0	0.0	0.0	0.0	0.0	0.0
hgt	834	GCA.001798605.1.Bacteria.Myxococcota	1729.09	0.0	864.545	1988.09	1470.09	0.0	0.0	994.045
los	None	dead	0.0	0.0	0.0	0.0	0.0	0.0	0.0	0.0
hgt	None	dead	0.0	0.0	0.0	0.0	0.0	0.0	0.0	0.0
hgt	216	GCA.001805575.1.Bacteria.Omnitrophota	1386.785	0.0	693.3925	1642.34	1131.23	0.0	0.0	821.17
los	None	dead	0.0	0.0	0.0	0.0	0.0	0.0	0.0	0.0
hgt	None	dead	0.0	0.0	0.0	0.0	0.0	0.0	0.0	0.0
dup	None	dead	0.0	0.0	0.0	0.0	0.0	0.0	0.0	0.0
hgt	1312	GCF.002607855.1.Bacteria.Firmicutes.B	1284.875	0.0	642.4375	1547.99	1021.76	0.0	0.0	773.995
los	None	dead	0.0	0.0	0.0	0.0	0.0	0.0	0.0	0.0
hgt	1319	GCF.900100785.1.Bacteria.Firmicutes.B	1607.725	0.0	803.8625	1817.85	1397.6	0.0	0.0	908.925
los	None	dead	0.0	0.0	0.0	0.0	0.0	0.0	0.0	0.0
dup	None	dead	0.0	0.0	0.0	0.0	0.0	0.0	0.0	0.0
hgt	861	GCA.001304105.1.Bacteria.Desulfobacterota	1399.46	0.0	699.73	1712.04	1086.88	0.0	0.0	856.02
los	None	dead	0.0	0.0	0.0	0.0	0.0	0.0	0.0	0.0
hgt	None	dead	0.0	0.0	0.0	0.0	0.0	0.0	0.0	0.0
dup	None	dead	0.0	0.0	0.0	0.0	0.0	0.0	0.0	0.0
hgt	883	GCA.001751085.1.Bacteria.Desulfobacterota	1311.85	0.0	655.925	1564.19	1059.51	0.0	0.0	782.095
los	None	dead	0.0	0.0	0.0	0.0	0.0	0.0	0.0	0.0
hgt	877	GCF.000620765.1.Bacteria.Desulfobacterota.I	1616.13	0.0	808.065	1882.89	1349.37	0.0	0.0	941.445
los	None	dead	0.0	0.0	0.0	0.0	0.0	0.0	0.0	0.0
dup	None	dead	0.0	0.0	0.0	0.0	0.0	0.0	0.0	0.0
hgt	721	GCA.003230535.1.Bacteria.SZUA.182	2277.575	0.0	1138.7875	2744.86	1810.29	0.0	0.0	1372.43
los	None	dead	0.0	0.0	0.0	0.0	0.0	0.0	0.0	0.0
hgt	None	dead	0.0	0.0	0.0	0.0	0.0	0.0	0.0	0.0
hgt	935	GCA.001789205.1.Bacteria.Fibrobacterota	1990.115	0.0	995.0575	2340.64	1639.59	0.0	0.0	1170.32
los	None	dead	0.0	0.0	0.0	0.0	0.0	0.0	0.0	0.0
hgt	None	dead	0.0	0.0	0.0	0.0	0.0	0.0	0.0	0.0
dup	None	dead	0.0	0.0	0.0	0.0	0.0	0.0	0.0	0.0
hgt	1651	GCA.003242895.1.Bacteria.Margulisbacteria	1776.02	0.0	888.01	2230.5	1321.54	0.0	0.0	1115.25
los	None	dead	0.0	0.0	0.0	0.0	0.0	0.0	0.0	0.0
hgt	659	GCF.000021725.1.Bacteria.Campylobacterota	1329.6085	0.0	664.80425	1758.41	900.807	0.0	0.0	879.205
los	None	dead	0.0	0.0	0.0	0.0	0.0	0.0	0.0	0.0
hgt	1133	GCA.002366545.1.Bacteria.Actinobacteriota	1803.285	0.0	901.6425	2441.81	1164.76	0.0	0.0	1220.905
los	None	dead	0.0	0.0	0.0	0.0	0.0	0.0	0.0	0.0
hgt	None	dead	0.0	0.0	0.0	0.0	0.0	0.0	0.0	0.0
dup	None	dead	0.0	0.0	0.0	0.0	0.0	0.0	0.0	0.0
hgt	270	GCA.002746185.1.Bacteria.Hydrogenedentota	2158.53	0.0	1079.265	2761.11	1555.95	0.0	0.0	1380.555
los	None	dead	0.0	0.0	0.0	0.0	0.0	0.0	0.0	0.0
hgt	390	GCA.002780065.1.Bacteria.UBA8481	3029.745	0.0	1514.8725	3379.02	2680.47	0.0	0.0	1689.51
los	None	dead	0.0	0.0	0.0	0.0	0.0	0.0	0.0	0.0
hgt	None	dead	0.0	0.0	0.0	0.0	0.0	0.0	0.0	0.0
dup	None	dead	0.0	0.0	0.0	0.0	0.0	0.0	0.0	0.0
hgt	905	GCA.001412425.1.Bacteria.Cloacimonadota	1765.605	0.0	882.8025	2311.11	1220.1	0.0	0.0	1155.555
los	None	dead	0.0	0.0	0.0	0.0	0.0	0.0	0.0	0.0
hgt	86	GCA.001412335.1.Archaea.Halobacteriota	1366.345	0.0	683.1725	1587.43	1145.26	0.0	0.0	793.715
los	None	dead	0.0	0.0	0.0	0.0	0.0	0.0	0.0	0.0
hgt	None	dead	0.0	0.0	0.0	0.0	0.0	0.0	0.0	0.0
dup	None	dead	0.0	0.0	0.0	0.0	0.0	0.0	0.0	0.0
hgt	1452	GCA.002423325.1.Bacteria.Chloroflexota	1430.125	0.0	715.0625	1777.81	1082.44	0.0	0.0	888.905
los	None	dead	0.0	0.0	0.0	0.0	0.0	0.0	0.0	0.0
hgt	1444	GCA.002366755.1.Bacteria.Chloroflexota	1386.06	0.0	693.03	1673.58	1098.54	0.0	0.0	836.79
los	None	dead	0.0	0.0	0.0	0.0	0.0	0.0	0.0	0.0
hgt	None	dead	0.0	0.0	0.0	0.0	0.0	0.0	0.0	0.0
hgt	32	26	2402.345	790.375	1596.36	2862.85	1941.84	1278.57	302.18	1582.515
los	None	dead	0.0	0.0	0.0	0.0	0.0	0.0	0.0	0.0
spe	32	26	2402.345	790.375	1596.36	2862.85	1941.84	1278.57	302.18	1582.515
