event	left_node	right_node	left_date	right_date	midpoint_date	left_date_lower	left_date_upper	right_date_lower	right_date_upper	midpoint_date_all
hgt	None	dead	0.0	0.0	0.0	0.0	0.0	0.0	0.0	0.0
dup	None	dead	0.0	0.0	0.0	0.0	0.0	0.0	0.0	0.0
hgt	1457	GCA.002404055.1.Bacteria.Chloroflexota	1538.99	0.0	769.495	1931.07	1146.91	0.0	0.0	965.535
los	None	dead	0.0	0.0	0.0	0.0	0.0	0.0	0.0	0.0
dup	None	dead	0.0	0.0	0.0	0.0	0.0	0.0	0.0	0.0
hgt	1439	GCF.900187885.1.Bacteria.Chloroflexota	1492.005	0.0	746.0025	1713.37	1270.64	0.0	0.0	856.685
los	None	dead	0.0	0.0	0.0	0.0	0.0	0.0	0.0	0.0
hgt	816	GCA.002724675.1.Bacteria.Myxococcota.A	1328.145	0.0	664.0725	1593.25	1063.04	0.0	0.0	796.625
los	None	dead	0.0	0.0	0.0	0.0	0.0	0.0	0.0	0.0
hgt	None	dead	0.0	0.0	0.0	0.0	0.0	0.0	0.0	0.0
hgt	1444	GCA.003451595.1.Bacteria.Chloroflexota	1386.06	0.0	693.03	1673.58	1098.54	0.0	0.0	836.79
los	None	dead	0.0	0.0	0.0	0.0	0.0	0.0	0.0	0.0
spe	902	901	3405.845	3300.53	3353.1875	3689.17	3122.52	3575.42	3025.64	3357.405
hgt	None	dead	0.0	0.0	0.0	0.0	0.0	0.0	0.0	0.0
hgt	74	GCA.002011165.1.Archaea.Halobacteriota	1616.7	0.0	808.35	1969.17	1264.23	0.0	0.0	984.585
los	None	dead	0.0	0.0	0.0	0.0	0.0	0.0	0.0	0.0
spe	901	663	3300.53	3210.05	3255.29	3575.42	3025.64	3476.56	2943.54	3259.48
hgt	None	dead	0.0	0.0	0.0	0.0	0.0	0.0	0.0	0.0
dup	None	dead	0.0	0.0	0.0	0.0	0.0	0.0	0.0	0.0
dup	None	dead	0.0	0.0	0.0	0.0	0.0	0.0	0.0	0.0
hgt	1396	GCA.003151665.1.Bacteria.Dormibacterota	1723.235	0.0	861.6175	2334.25	1112.22	0.0	0.0	1167.125
los	None	dead	0.0	0.0	0.0	0.0	0.0	0.0	0.0	0.0
hgt	709	GCA.003223995.1.Bacteria.Acidobacteriota	1397.765	0.0	698.8825	1717.19	1078.34	0.0	0.0	858.595
los	None	dead	0.0	0.0	0.0	0.0	0.0	0.0	0.0	0.0
hgt	1099	1098	2247.565	1440.925	1844.245	2713.46	1781.67	1845.37	1036.48	1874.97
los	None	dead	0.0	0.0	0.0	0.0	0.0	0.0	0.0	0.0
spe	1099	1098	2247.565	1440.925	1844.245	2713.46	1781.67	1845.37	1036.48	1874.97
hgt	None	dead	0.0	0.0	0.0	0.0	0.0	0.0	0.0	0.0
hgt	807	GCA.002789955.1.Bacteria.Myxococcota	1389.97	0.0	694.985	1659.67	1120.27	0.0	0.0	829.835
los	None	dead	0.0	0.0	0.0	0.0	0.0	0.0	0.0	0.0
hgt	None	dead	0.0	0.0	0.0	0.0	0.0	0.0	0.0	0.0
hgt	None	dead	0.0	0.0	0.0	0.0	0.0	0.0	0.0	0.0
dup	None	dead	0.0	0.0	0.0	0.0	0.0	0.0	0.0	0.0
hgt	940	GCA.002898195.1.Bacteria.AABM5.125.24	1607.495	0.0	803.7475	2043.23	1171.76	0.0	0.0	1021.615
los	None	dead	0.0	0.0	0.0	0.0	0.0	0.0	0.0	0.0
hgt	None	dead	0.0	0.0	0.0	0.0	0.0	0.0	0.0	0.0
hgt	1006	1004	1512.585	1319.595	1416.09	1814.55	1210.62	1615.1	1024.09	1419.32
los	None	dead	0.0	0.0	0.0	0.0	0.0	0.0	0.0	0.0
spe	1006	1004	1512.585	1319.595	1416.09	1814.55	1210.62	1615.1	1024.09	1419.32
dup	None	dead	0.0	0.0	0.0	0.0	0.0	0.0	0.0	0.0
hgt	1141	GCA.003140175.1.Bacteria.Actinobacteriota	1323.465	0.0	661.7325	1574.65	1072.28	0.0	0.0	787.325
los	None	dead	0.0	0.0	0.0	0.0	0.0	0.0	0.0	0.0
dup	None	dead	0.0	0.0	0.0	0.0	0.0	0.0	0.0	0.0
hgt	1167	1166	1838.915	1480.79	1659.8525	2077.7	1600.13	1697.07	1264.51	1671.105
los	None	dead	0.0	0.0	0.0	0.0	0.0	0.0	0.0	0.0
hgt	None	dead	0.0	0.0	0.0	0.0	0.0	0.0	0.0	0.0
dup	None	dead	0.0	0.0	0.0	0.0	0.0	0.0	0.0	0.0
hgt	924	GCA.002348465.1.Bacteria.Gemmatimonadota	1568.375	0.0	784.1875	2038.32	1098.43	0.0	0.0	1019.16
los	None	dead	0.0	0.0	0.0	0.0	0.0	0.0	0.0	0.0
hgt	1180	GCF.001029505.1.Bacteria.Actinobacteriota	1876.995	0.0	938.4975	2165.65	1588.34	0.0	0.0	1082.825
los	None	dead	0.0	0.0	0.0	0.0	0.0	0.0	0.0	0.0
hgt	None	dead	0.0	0.0	0.0	0.0	0.0	0.0	0.0	0.0
hgt	1473	GCA.001443375.1.Bacteria.Chloroflexota	1294.4735	0.0	647.23675	1671.97	916.977	0.0	0.0	835.985
los	None	dead	0.0	0.0	0.0	0.0	0.0	0.0	0.0	0.0
hgt	None	dead	0.0	0.0	0.0	0.0	0.0	0.0	0.0	0.0
hgt	817	813	1835.155	1676.35	1755.7525	2046.73	1623.58	1896.42	1456.28	1751.505
los	None	dead	0.0	0.0	0.0	0.0	0.0	0.0	0.0	0.0
spe	817	813	1835.155	1676.35	1755.7525	2046.73	1623.58	1896.42	1456.28	1751.505
spe	813	812	1676.35	1516.905	1596.6275	1896.42	1456.28	1751.13	1282.68	1589.55
los	812	GCA.002863065.1.Bacteria.Myxococcota	1516.905	0.0	758.4525	1751.13	1282.68	0.0	0.0	875.565
spe	812	811	1516.905	1313.225	1415.065	1751.13	1282.68	1553.88	1072.57	1411.85
los	811	GCA.002726535.1.Bacteria.Myxococcota	1313.225	0.0	656.6125	1553.88	1072.57	0.0	0.0	776.94
spe	813	807	1676.35	1389.97	1533.16	1896.42	1456.28	1659.67	1120.27	1508.345
los	807	GCA.002789955.1.Bacteria.Myxococcota	1389.97	0.0	694.985	1659.67	1120.27	0.0	0.0	829.835
spe	1167	1166	1838.915	1480.79	1659.8525	2077.7	1600.13	1697.07	1264.51	1671.105
spe	1166	1165	1480.79	1370.47	1425.63	1697.07	1264.51	1577.59	1163.35	1430.21
spe	1165	1164	1370.47	1261.825	1316.1475	1577.59	1163.35	1459.67	1063.98	1320.785
los	1164	1163	1261.825	1087.464	1174.6445	1459.67	1063.98	1323.49	851.438	1155.554
spe	1164	1160	1261.825	1110.64	1186.2325	1459.67	1063.98	1339.31	881.97	1170.82
spe	1160	1158	1110.64	987.523	1049.0815	1339.31	881.97	1239.6	735.446	1037.378
los	1158	GCF.001942305.1.Bacteria.Actinobacteriota	987.523	0.0	493.7615	1239.6	735.446	0.0	0.0	619.8
spe	1165	1155	1370.47	1276.115	1323.2925	1577.59	1163.35	1486.51	1065.72	1321.655
spe	1155	1154	1276.115	976.5785	1126.34675	1486.51	1065.72	1290.8	662.357	1074.4335
los	1154	GCF.001591405.1.Bacteria.Actinobacteria	976.5785	0.0	488.28925	1290.8	662.357	0.0	0.0	645.4
hgt	1338	1337	1549.595	1365.895	1457.745	1917.57	1181.62	1723.9	1007.89	1462.73
los	None	dead	0.0	0.0	0.0	0.0	0.0	0.0	0.0	0.0
spe	1338	1337	1549.595	1365.895	1457.745	1917.57	1181.62	1723.9	1007.89	1462.73
hgt	None	dead	0.0	0.0	0.0	0.0	0.0	0.0	0.0	0.0
hgt	1344	GCA.002159075.1.Bacteria.Firmicutes	1520.89	0.0	760.445	1933.44	1108.34	0.0	0.0	966.72
los	None	dead	0.0	0.0	0.0	0.0	0.0	0.0	0.0	0.0
spe	663	397	3210.05	2713.19	2961.62	3476.56	2943.54	3215.27	2211.11	2843.835
hgt	None	dead	0.0	0.0	0.0	0.0	0.0	0.0	0.0	0.0
hgt	834	GCA.001798605.1.Bacteria.Myxococcota	1729.09	0.0	864.545	1988.09	1470.09	0.0	0.0	994.045
los	None	dead	0.0	0.0	0.0	0.0	0.0	0.0	0.0	0.0
hgt	None	dead	0.0	0.0	0.0	0.0	0.0	0.0	0.0	0.0
hgt	812	GCA.002863065.1.Bacteria.Myxococcota	1516.905	0.0	758.4525	1751.13	1282.68	0.0	0.0	875.565
los	None	dead	0.0	0.0	0.0	0.0	0.0	0.0	0.0	0.0
hgt	None	dead	0.0	0.0	0.0	0.0	0.0	0.0	0.0	0.0
hgt	1721	1720	2916.245	2510.455	2713.35	3154.47	2678.02	2678.67	2342.24	2748.355
los	None	dead	0.0	0.0	0.0	0.0	0.0	0.0	0.0	0.0
spe	1721	1720	2916.245	2510.455	2713.35	3154.47	2678.02	2678.67	2342.24	2748.355
spe	1720	1719	2510.455	2371.88	2441.1675	2678.67	2342.24	2533.31	2210.45	2444.56
los	1719	GCF.000013205.1.Bacteria.Cyanobacteria	2371.88	0.0	1185.94	2533.31	2210.45	0.0	0.0	1266.655
spe	1719	1718	2371.88	2232.24	2302.06	2533.31	2210.45	2378.44	2086.04	2309.675
los	1718	1717	2232.24	2064.395	2148.3175	2378.44	2086.04	2238.25	1890.54	2134.49
spe	1718	1704	2232.24	2105.22	2168.73	2378.44	2086.04	2238.26	1972.18	2175.31
los	1704	1672	2105.22	1717.695	1911.4575	2238.26	1972.18	2070.17	1365.22	1801.74
spe	1704	1703	2105.22	2001.35	2053.285	2238.26	1972.18	2116.53	1886.17	2062.215
spe	1703	1679	2001.35	1509.135	1755.2425	2116.53	1886.17	1896.29	1121.98	1619.255
los	1679	1678	1509.135	796.3525	1152.74375	1896.29	1121.98	1296.27	296.435	1096.3625
spe	1703	1702	2001.35	1938.175	1969.7625	2116.53	1886.17	2044.36	1831.99	1974.26
spe	1702	1701	1938.175	1887.235	1912.705	2044.36	1831.99	1985.34	1789.13	1916.745
spe	1701	1685	1887.235	1635.52	1761.3775	1985.34	1789.13	1883.48	1387.56	1686.45
los	1685	GCF.000018105.1.Bacteria.Cyanobacteria	1635.52	0.0	817.76	1883.48	1387.56	0.0	0.0	941.74
spe	1685	1684	1635.52	1444.79	1540.155	1883.48	1387.56	1759.1	1130.48	1506.98
los	1684	GCA.001698445.1.Bacteria.Cyanobacteria	1444.79	0.0	722.395	1759.1	1130.48	0.0	0.0	879.55
spe	1701	1700	1887.235	1825.65	1856.4425	1985.34	1789.13	1915.11	1736.19	1860.765
spe	1700	1688	1825.65	1436.775	1631.2125	1915.11	1736.19	1766.73	1106.82	1510.965
hgt	None	dead	0.0	0.0	0.0	0.0	0.0	0.0	0.0	0.0
los	1688	GCF.000353285.1.Bacteria.Cyanobacteria	1436.775	0.0	718.3875	1766.73	1106.82	0.0	0.0	883.365
hgt	1672	GCF.002251945.1.Bacteria.Cyanobacteria	1717.695	0.0	858.8475	2070.17	1365.22	0.0	0.0	1035.085
los	None	dead	0.0	0.0	0.0	0.0	0.0	0.0	0.0	0.0
spe	1700	1699	1825.65	1773.275	1799.4625	1915.11	1736.19	1850.15	1696.4	1805.755
spe	1699	1698	1773.275	1634.795	1704.035	1850.15	1696.4	1669.04	1600.55	1725.35
los	1698	1692	1634.795	34.435	834.615	1669.04	1600.55	57.4215	11.4485	840.24425
spe	1698	1697	1634.795	920.2075	1277.50125	1669.04	1600.55	1581.01	259.405	964.2225
spe	1697	1695	920.2075	795.37	857.78875	1581.01	259.405	1453.6	137.14	859.075
hgt	None	dead	0.0	0.0	0.0	0.0	0.0	0.0	0.0	0.0
dup	None	dead	0.0	0.0	0.0	0.0	0.0	0.0	0.0	0.0
hgt	1688	GCF.000353285.1.Bacteria.Cyanobacteria	1436.775	0.0	718.3875	1766.73	1106.82	0.0	0.0	883.365
los	None	dead	0.0	0.0	0.0	0.0	0.0	0.0	0.0	0.0
hgt	1678	GCF.000017845.1.Bacteria.Cyanobacteria	796.3525	0.0	398.17625	1296.27	296.435	0.0	0.0	648.135
los	None	dead	0.0	0.0	0.0	0.0	0.0	0.0	0.0	0.0
hgt	None	dead	0.0	0.0	0.0	0.0	0.0	0.0	0.0	0.0
hgt	1701	1685	1887.235	1635.52	1761.3775	1985.34	1789.13	1883.48	1387.56	1686.45
los	None	dead	0.0	0.0	0.0	0.0	0.0	0.0	0.0	0.0
spe	1701	1685	1887.235	1635.52	1761.3775	1985.34	1789.13	1883.48	1387.56	1686.45
spe	1685	1684	1635.52	1444.79	1540.155	1883.48	1387.56	1759.1	1130.48	1506.98
los	1684	GCF.000316115.1.Bacteria.Cyanobacteria	1444.79	0.0	722.395	1759.1	1130.48	0.0	0.0	879.55
hgt	None	dead	0.0	0.0	0.0	0.0	0.0	0.0	0.0	0.0
hgt	321	GCA.003136555.1.Bacteria.Planctomycetota	2381.485	0.0	1190.7425	2804.33	1958.64	0.0	0.0	1402.165
los	None	dead	0.0	0.0	0.0	0.0	0.0	0.0	0.0	0.0
hgt	None	dead	0.0	0.0	0.0	0.0	0.0	0.0	0.0	0.0
dup	None	dead	0.0	0.0	0.0	0.0	0.0	0.0	0.0	0.0
hgt	1119	GCF.002973605.1.Bacteria.Armatimonadota	1519.685	0.0	759.8425	1896.55	1142.82	0.0	0.0	948.275
los	None	dead	0.0	0.0	0.0	0.0	0.0	0.0	0.0	0.0
dup	None	dead	0.0	0.0	0.0	0.0	0.0	0.0	0.0	0.0
hgt	1106	GCA.003134215.1.Bacteria.Armatimonadota	1340.34	0.0	670.17	1623.95	1056.73	0.0	0.0	811.975
los	None	dead	0.0	0.0	0.0	0.0	0.0	0.0	0.0	0.0
hgt	977	GCA.001567195.1.Bacteria.Bacteroidota	1110.455	0.0	555.2275	1368.61	852.3	0.0	0.0	684.305
los	None	dead	0.0	0.0	0.0	0.0	0.0	0.0	0.0	0.0
hgt	None	dead	0.0	0.0	0.0	0.0	0.0	0.0	0.0	0.0
hgt	840	804	2147.98	1824.305	1986.1425	2361.31	1934.65	2197.3	1451.31	1906.31
los	None	dead	0.0	0.0	0.0	0.0	0.0	0.0	0.0	0.0
spe	840	804	2147.98	1824.305	1986.1425	2361.31	1934.65	2197.3	1451.31	1906.31
hgt	None	dead	0.0	0.0	0.0	0.0	0.0	0.0	0.0	0.0
dup	None	dead	0.0	0.0	0.0	0.0	0.0	0.0	0.0	0.0
hgt	866	GCA.003194485.1.Bacteria.Desulfobacterota	1297.81	0.0	648.905	1547.62	1048.0	0.0	0.0	773.81
los	None	dead	0.0	0.0	0.0	0.0	0.0	0.0	0.0	0.0
hgt	334	GCA.002338715.1.Bacteria.Planctomycetota	1547.105	0.0	773.5525	1802.02	1292.19	0.0	0.0	901.01
los	None	dead	0.0	0.0	0.0	0.0	0.0	0.0	0.0	0.0
hgt	None	dead	0.0	0.0	0.0	0.0	0.0	0.0	0.0	0.0
hgt	1145	GCA.001767695.1.Bacteria.Actinobacteriota	1788.28	0.0	894.14	2061.89	1514.67	0.0	0.0	1030.945
los	None	dead	0.0	0.0	0.0	0.0	0.0	0.0	0.0	0.0
hgt	None	dead	0.0	0.0	0.0	0.0	0.0	0.0	0.0	0.0
hgt	328	GCF.002277955.1.Bacteria.Planctomycetota	1867.775	0.0	933.8875	2192.2	1543.35	0.0	0.0	1096.1
los	None	dead	0.0	0.0	0.0	0.0	0.0	0.0	0.0	0.0
hgt	None	dead	0.0	0.0	0.0	0.0	0.0	0.0	0.0	0.0
hgt	274	GCA.002687025.1.Bacteria.Poribacteria	1625.32	0.0	812.66	2112.15	1138.49	0.0	0.0	1056.075
los	None	dead	0.0	0.0	0.0	0.0	0.0	0.0	0.0	0.0
hgt	None	dead	0.0	0.0	0.0	0.0	0.0	0.0	0.0	0.0
hgt	1041	GCA.002686955.1.Bacteria.Gemmatimonadota.A	2350.395	0.0	1175.1975	2705.43	1995.36	0.0	0.0	1352.715
los	None	dead	0.0	0.0	0.0	0.0	0.0	0.0	0.0	0.0
hgt	None	dead	0.0	0.0	0.0	0.0	0.0	0.0	0.0	0.0
hgt	712	706	1951.73	1682.815	1817.2725	2205.61	1697.85	1951.22	1414.41	1810.01
los	None	dead	0.0	0.0	0.0	0.0	0.0	0.0	0.0	0.0
spe	712	706	1951.73	1682.815	1817.2725	2205.61	1697.85	1951.22	1414.41	1810.01
spe	706	704	1682.815	1483.83	1583.3225	1951.22	1414.41	1742.45	1225.21	1588.215
los	704	GCA.003133645.1.Bacteria.Acidobacteriota	1483.83	0.0	741.915	1742.45	1225.21	0.0	0.0	871.225
spe	704	702	1483.83	1226.544	1355.187	1742.45	1225.21	1494.48	958.608	1350.529
hgt	None	dead	0.0	0.0	0.0	0.0	0.0	0.0	0.0	0.0
hgt	714	GCA.002731215.1.Bacteria.Acidobacteriota	2337.43	0.0	1168.715	2594.41	2080.45	0.0	0.0	1297.205
los	None	dead	0.0	0.0	0.0	0.0	0.0	0.0	0.0	0.0
hgt	None	dead	0.0	0.0	0.0	0.0	0.0	0.0	0.0	0.0
hgt	None	dead	0.0	0.0	0.0	0.0	0.0	0.0	0.0	0.0
hgt	None	dead	0.0	0.0	0.0	0.0	0.0	0.0	0.0	0.0
hgt	None	dead	0.0	0.0	0.0	0.0	0.0	0.0	0.0	0.0
dup	None	dead	0.0	0.0	0.0	0.0	0.0	0.0	0.0	0.0
hgt	568	GCA.002862435.1.Bacteria.Proteobacteria	1379.435	0.0	689.7175	1661.92	1096.95	0.0	0.0	830.96
los	None	dead	0.0	0.0	0.0	0.0	0.0	0.0	0.0	0.0
hgt	345	GCA.002746235.1.Bacteria.Planctomycetota	1540.73	0.0	770.365	1889.75	1191.71	0.0	0.0	944.875
los	None	dead	0.0	0.0	0.0	0.0	0.0	0.0	0.0	0.0
hgt	None	dead	0.0	0.0	0.0	0.0	0.0	0.0	0.0	0.0
dup	None	dead	0.0	0.0	0.0	0.0	0.0	0.0	0.0	0.0
hgt	613	GCF.003097315.1.Bacteria.Proteobacteria	1391.71	0.0	695.855	1592.53	1190.89	0.0	0.0	796.265
los	None	dead	0.0	0.0	0.0	0.0	0.0	0.0	0.0	0.0
dup	None	dead	0.0	0.0	0.0	0.0	0.0	0.0	0.0	0.0
hgt	832	GCA.002721815.1.Bacteria.Myxococcota	1444.88	0.0	722.44	1737.65	1152.11	0.0	0.0	868.825
los	None	dead	0.0	0.0	0.0	0.0	0.0	0.0	0.0	0.0
dup	None	dead	0.0	0.0	0.0	0.0	0.0	0.0	0.0	0.0
hgt	1228	GCA.003023725.1.Bacteria.Firmicutes.E	1712.115	0.0	856.0575	2011.29	1412.94	0.0	0.0	1005.645
los	None	dead	0.0	0.0	0.0	0.0	0.0	0.0	0.0	0.0
hgt	780	GCA.001769805.1.Bacteria.Bdellovibrionota	1693.33	0.0	846.665	1987.08	1399.58	0.0	0.0	993.54
los	None	dead	0.0	0.0	0.0	0.0	0.0	0.0	0.0	0.0
hgt	None	dead	0.0	0.0	0.0	0.0	0.0	0.0	0.0	0.0
spe	397	396	2713.19	2315.495	2514.3425	3215.27	2211.11	2856.45	1774.54	2494.905
hgt	None	dead	0.0	0.0	0.0	0.0	0.0	0.0	0.0	0.0
los	396	395	2315.495	1504.32	1909.9075	2856.45	1774.54	1938.87	1069.77	1963.11
dup	None	dead	0.0	0.0	0.0	0.0	0.0	0.0	0.0	0.0
hgt	288	GCA.002323895.1.Bacteria.Verrucomicrobiota	1496.535	0.0	748.2675	1838.77	1154.3	0.0	0.0	919.385
los	None	dead	0.0	0.0	0.0	0.0	0.0	0.0	0.0	0.0
dup	None	dead	0.0	0.0	0.0	0.0	0.0	0.0	0.0	0.0
dup	None	dead	0.0	0.0	0.0	0.0	0.0	0.0	0.0	0.0
hgt	1026	GCA.002084765.1.Bacteria.4572.55	1817.455	0.0	908.7275	2257.94	1376.97	0.0	0.0	1128.97
los	None	dead	0.0	0.0	0.0	0.0	0.0	0.0	0.0	0.0
dup	None	dead	0.0	0.0	0.0	0.0	0.0	0.0	0.0	0.0
dup	None	dead	0.0	0.0	0.0	0.0	0.0	0.0	0.0	0.0
hgt	303	GCA.003477185.1.Bacteria.Verrucomicrobiota	1506.615	0.0	753.3075	1786.55	1226.68	0.0	0.0	893.275
los	None	dead	0.0	0.0	0.0	0.0	0.0	0.0	0.0	0.0
hgt	778	GCA.002715375.1.Bacteria.Bdellovibrionota	1459.395	0.0	729.6975	1758.75	1160.04	0.0	0.0	879.375
los	None	dead	0.0	0.0	0.0	0.0	0.0	0.0	0.0	0.0
hgt	276	270	2570.7	2158.53	2364.615	3089.06	2052.34	2761.11	1555.95	2322.505
los	None	dead	0.0	0.0	0.0	0.0	0.0	0.0	0.0	0.0
hgt	None	dead	0.0	0.0	0.0	0.0	0.0	0.0	0.0	0.0
hgt	293	GCA.002429065.1.Bacteria.Verrucomicrobiota	1595.865	0.0	797.9325	2014.86	1176.87	0.0	0.0	1007.43
los	None	dead	0.0	0.0	0.0	0.0	0.0	0.0	0.0	0.0
hgt	None	dead	0.0	0.0	0.0	0.0	0.0	0.0	0.0	0.0
hgt	979	GCA.002763895.1.Bacteria.Bacteroidota	1531.79	0.0	765.895	1752.93	1310.65	0.0	0.0	876.465
los	None	dead	0.0	0.0	0.0	0.0	0.0	0.0	0.0	0.0
hgt	None	dead	0.0	0.0	0.0	0.0	0.0	0.0	0.0	0.0
hgt	955	GCF.001280305.1.Bacteria.Bacteroidota	1277.41	0.0	638.705	1498.37	1056.45	0.0	0.0	749.185
los	None	dead	0.0	0.0	0.0	0.0	0.0	0.0	0.0	0.0
spe	276	270	2570.7	2158.53	2364.615	3089.06	2052.34	2761.11	1555.95	2322.505
hgt	581	579	1344.875	1079.9275	1212.40125	1554.57	1135.18	1322.47	837.385	1195.9775
los	None	dead	0.0	0.0	0.0	0.0	0.0	0.0	0.0	0.0
spe	581	579	1344.875	1079.9275	1212.40125	1554.57	1135.18	1322.47	837.385	1195.9775
hgt	None	dead	0.0	0.0	0.0	0.0	0.0	0.0	0.0	0.0
hgt	220	GCA.001805375.1.Bacteria.Omnitrophota	1229.222	0.0	614.611	1461.7	996.744	0.0	0.0	730.85
los	None	dead	0.0	0.0	0.0	0.0	0.0	0.0	0.0	0.0
hgt	None	dead	0.0	0.0	0.0	0.0	0.0	0.0	0.0	0.0
hgt	585	GCA.002688175.1.Bacteria.Proteobacteria	1166.9135	0.0	583.45675	1423.99	909.837	0.0	0.0	711.995
los	None	dead	0.0	0.0	0.0	0.0	0.0	0.0	0.0	0.0
hgt	None	dead	0.0	0.0	0.0	0.0	0.0	0.0	0.0	0.0
hgt	551	GCA.002699105.1.Bacteria.Bacteroidota	1067.6595	0.0	533.82975	1372.61	762.709	0.0	0.0	686.305
los	None	dead	0.0	0.0	0.0	0.0	0.0	0.0	0.0	0.0
hgt	None	dead	0.0	0.0	0.0	0.0	0.0	0.0	0.0	0.0
hgt	1284	GCF.001553315.1.Bacteria.Firmicutes.C	1065.8455	0.0	532.92275	1351.63	780.061	0.0	0.0	675.815
los	None	dead	0.0	0.0	0.0	0.0	0.0	0.0	0.0	0.0
dup	None	dead	0.0	0.0	0.0	0.0	0.0	0.0	0.0	0.0
dup	None	dead	0.0	0.0	0.0	0.0	0.0	0.0	0.0	0.0
hgt	1020	GCA.001780165.1.Bacteria.Eisenbacteria	1410.39	0.0	705.195	1757.86	1062.92	0.0	0.0	878.93
los	None	dead	0.0	0.0	0.0	0.0	0.0	0.0	0.0	0.0
hgt	711	GCA.001664505.1.Bacteria.Acidobacteriota	1691.09	0.0	845.545	1998.68	1383.5	0.0	0.0	999.34
los	None	dead	0.0	0.0	0.0	0.0	0.0	0.0	0.0	0.0
dup	None	dead	0.0	0.0	0.0	0.0	0.0	0.0	0.0	0.0
hgt	400	GCA.002707655.1.Bacteria.SAR324	1933.765	0.0	966.8825	2579.57	1287.96	0.0	0.0	1289.785
los	None	dead	0.0	0.0	0.0	0.0	0.0	0.0	0.0	0.0
hgt	None	dead	0.0	0.0	0.0	0.0	0.0	0.0	0.0	0.0
dup	None	dead	0.0	0.0	0.0	0.0	0.0	0.0	0.0	0.0
hgt	674	GCA.002747255.1.Bacteria.Acidobacteriota	1626.005	0.0	813.0025	2061.09	1190.92	0.0	0.0	1030.545
los	None	dead	0.0	0.0	0.0	0.0	0.0	0.0	0.0	0.0
hgt	639	GCA.003230085.1.Bacteria.Proteobacteria	1269.845	0.0	634.9225	1517.47	1022.22	0.0	0.0	758.735
los	None	dead	0.0	0.0	0.0	0.0	0.0	0.0	0.0	0.0
dup	None	dead	0.0	0.0	0.0	0.0	0.0	0.0	0.0	0.0
hgt	227	GCA.001804315.1.Bacteria.Omnitrophota	2241.54	0.0	1120.77	2512.64	1970.44	0.0	0.0	1256.32
los	None	dead	0.0	0.0	0.0	0.0	0.0	0.0	0.0	0.0
hgt	220	GCA.001805375.1.Bacteria.Omnitrophota	1229.222	0.0	614.611	1461.7	996.744	0.0	0.0	730.85
los	None	dead	0.0	0.0	0.0	0.0	0.0	0.0	0.0	0.0
dup	None	dead	0.0	0.0	0.0	0.0	0.0	0.0	0.0	0.0
hgt	332	GCA.002364485.1.Bacteria.Planctomycetota	1114.632	0.0	557.316	1388.09	841.174	0.0	0.0	694.045
los	None	dead	0.0	0.0	0.0	0.0	0.0	0.0	0.0	0.0
hgt	828	GCA.002699025.1.Bacteria.Myxococcota	1750.53	0.0	875.265	1966.78	1534.28	0.0	0.0	983.39
los	None	dead	0.0	0.0	0.0	0.0	0.0	0.0	0.0	0.0
dup	None	dead	0.0	0.0	0.0	0.0	0.0	0.0	0.0	0.0
hgt	498	GCF.000192575.1.Bacteria.Proteobacteria	1261.48	0.0	630.74	1455.41	1067.55	0.0	0.0	727.705
los	None	dead	0.0	0.0	0.0	0.0	0.0	0.0	0.0	0.0
hgt	654	520	2847.715	2756.655	2802.185	3085.46	2609.97	2992.66	2520.65	2803.055
los	None	dead	0.0	0.0	0.0	0.0	0.0	0.0	0.0	0.0
hgt	None	dead	0.0	0.0	0.0	0.0	0.0	0.0	0.0	0.0
spe	654	520	2847.715	2756.655	2802.185	3085.46	2609.97	2992.66	2520.65	2803.055
hgt	None	dead	0.0	0.0	0.0	0.0	0.0	0.0	0.0	0.0
hgt	347	GCA.002683135.1.Bacteria.Planctomycetota	1905.8	0.0	952.9	2230.18	1581.42	0.0	0.0	1115.09
los	None	dead	0.0	0.0	0.0	0.0	0.0	0.0	0.0	0.0
hgt	None	dead	0.0	0.0	0.0	0.0	0.0	0.0	0.0	0.0
hgt	542	GCA.002352565.1.Bacteria.Proteobacteria	1583.705	0.0	791.8525	1912.35	1255.06	0.0	0.0	956.175
los	None	dead	0.0	0.0	0.0	0.0	0.0	0.0	0.0	0.0
hgt	None	dead	0.0	0.0	0.0	0.0	0.0	0.0	0.0	0.0
hgt	612	611	1256.25	936.1675	1096.20875	1460.33	1052.17	1239.98	632.355	1046.3425
los	None	dead	0.0	0.0	0.0	0.0	0.0	0.0	0.0	0.0
spe	612	611	1256.25	936.1675	1096.20875	1460.33	1052.17	1239.98	632.355	1046.3425
hgt	None	dead	0.0	0.0	0.0	0.0	0.0	0.0	0.0	0.0
dup	None	dead	0.0	0.0	0.0	0.0	0.0	0.0	0.0	0.0
hgt	568	GCF.001051235.1.Bacteria.Proteobacteria	1379.435	0.0	689.7175	1661.92	1096.95	0.0	0.0	830.96
los	None	dead	0.0	0.0	0.0	0.0	0.0	0.0	0.0	0.0
hgt	598	GCA.002292285.1.Bacteria.Proteobacteria	953.337	0.0	476.6685	1225.19	681.484	0.0	0.0	612.595
los	None	dead	0.0	0.0	0.0	0.0	0.0	0.0	0.0	0.0
spe	520	519	2756.655	2611.035	2683.845	2992.66	2520.65	2836.91	2385.16	2688.91
hgt	None	dead	0.0	0.0	0.0	0.0	0.0	0.0	0.0	0.0
hgt	None	dead	0.0	0.0	0.0	0.0	0.0	0.0	0.0	0.0
hgt	532	GCA.002405475.1.Bacteria.Proteobacteria	1529.075	0.0	764.5375	1880.57	1177.58	0.0	0.0	940.285
los	None	dead	0.0	0.0	0.0	0.0	0.0	0.0	0.0	0.0
hgt	576	574	1581.265	1330.6	1455.9325	1817.5	1345.03	1590.49	1070.71	1444.105
los	None	dead	0.0	0.0	0.0	0.0	0.0	0.0	0.0	0.0
spe	576	574	1581.265	1330.6	1455.9325	1817.5	1345.03	1590.49	1070.71	1444.105
hgt	None	dead	0.0	0.0	0.0	0.0	0.0	0.0	0.0	0.0
hgt	570	GCA.002255365.1.Bacteria.Proteobacteria	1535.435	0.0	767.7175	1809.94	1260.93	0.0	0.0	904.97
los	None	dead	0.0	0.0	0.0	0.0	0.0	0.0	0.0	0.0
hgt	None	dead	0.0	0.0	0.0	0.0	0.0	0.0	0.0	0.0
hgt	529	GCA.002420425.1.Bacteria.Proteobacteria	1606.235	0.0	803.1175	2001.73	1210.74	0.0	0.0	1000.865
los	None	dead	0.0	0.0	0.0	0.0	0.0	0.0	0.0	0.0
hgt	None	dead	0.0	0.0	0.0	0.0	0.0	0.0	0.0	0.0
hgt	None	dead	0.0	0.0	0.0	0.0	0.0	0.0	0.0	0.0
hgt	529	GCA.002451085.1.Bacteria.Proteobacteria	1606.235	0.0	803.1175	2001.73	1210.74	0.0	0.0	1000.865
los	None	dead	0.0	0.0	0.0	0.0	0.0	0.0	0.0	0.0
hgt	None	dead	0.0	0.0	0.0	0.0	0.0	0.0	0.0	0.0
hgt	None	dead	0.0	0.0	0.0	0.0	0.0	0.0	0.0	0.0
dup	None	dead	0.0	0.0	0.0	0.0	0.0	0.0	0.0	0.0
hgt	486	GCF.000264455.2.Bacteria.Proteobacteria	1397.735	0.0	698.8675	1700.16	1095.31	0.0	0.0	850.08
los	None	dead	0.0	0.0	0.0	0.0	0.0	0.0	0.0	0.0
hgt	439	GCF.001613805.1.Bacteria.Proteobacteria	1422.265	0.0	711.1325	1693.15	1151.38	0.0	0.0	846.575
los	None	dead	0.0	0.0	0.0	0.0	0.0	0.0	0.0	0.0
spe	519	518	2611.035	2442.195	2526.615	2836.91	2385.16	2659.56	2224.83	2530.87
los	518	GCA.002689455.1.Bacteria.Proteobacteria	2442.195	0.0	1221.0975	2659.56	2224.83	0.0	0.0	1329.78
spe	518	517	2442.195	2290.125	2366.16	2659.56	2224.83	2498.47	2081.78	2370.67
spe	517	516	2290.125	2206.765	2248.445	2498.47	2081.78	2397.94	2015.59	2257.03
los	516	428	2206.765	2086.245	2146.505	2397.94	2015.59	2284.48	1888.01	2142.975
spe	516	515	2206.765	2084.22	2145.4925	2397.94	2015.59	2265.7	1902.74	2150.34
los	515	GCA.002632265.1.Bacteria.Proteobacteria	2084.22	0.0	1042.11	2265.7	1902.74	0.0	0.0	1132.85
spe	515	514	2084.22	1954.11	2019.165	2265.7	1902.74	2125.97	1782.25	2023.975
spe	514	513	1954.11	1885.97	1920.04	2125.97	1782.25	2049.09	1722.85	1924.41
hgt	None	dead	0.0	0.0	0.0	0.0	0.0	0.0	0.0	0.0
hgt	455	GCF.900102465.1.Bacteria.Proteobacteria	1226.72	0.0	613.36	1447.93	1005.51	0.0	0.0	723.965
los	None	dead	0.0	0.0	0.0	0.0	0.0	0.0	0.0	0.0
spe	513	512	1885.97	1775.885	1830.9275	2049.09	1722.85	1942.07	1609.7	1829.395
los	512	511	1775.885	1694.565	1735.225	1942.07	1609.7	1858.49	1530.64	1736.355
spe	512	486	1775.885	1397.735	1586.81	1942.07	1609.7	1700.16	1095.31	1518.69
hgt	None	dead	0.0	0.0	0.0	0.0	0.0	0.0	0.0	0.0
los	486	GCF.000264455.2.Bacteria.Proteobacteria	1397.735	0.0	698.8675	1700.16	1095.31	0.0	0.0	850.08
hgt	501	GCA.003454415.1.Bacteria.Proteobacteria	884.6055	0.0	442.30275	1159.88	609.331	0.0	0.0	579.94
los	None	dead	0.0	0.0	0.0	0.0	0.0	0.0	0.0	0.0
spe	513	483	1885.97	1836.685	1861.3275	2049.09	1722.85	1999.79	1673.58	1861.335
spe	483	447	1836.685	1643.315	1740.0	1999.79	1673.58	1842.47	1444.16	1721.975
spe	447	439	1643.315	1422.265	1532.79	1842.47	1444.16	1693.15	1151.38	1496.925
hgt	None	dead	0.0	0.0	0.0	0.0	0.0	0.0	0.0	0.0
los	439	GCF.001613805.1.Bacteria.Proteobacteria	1422.265	0.0	711.1325	1693.15	1151.38	0.0	0.0	846.575
hgt	489	GCA.002348365.1.Bacteria.Proteobacteria	1316.195	0.0	658.0975	1571.14	1061.25	0.0	0.0	785.57
los	None	dead	0.0	0.0	0.0	0.0	0.0	0.0	0.0	0.0
spe	447	446	1643.315	1453.89	1548.6025	1842.47	1444.16	1664.75	1243.03	1542.75
spe	446	445	1453.89	1339.17	1396.53	1664.75	1243.03	1557.66	1120.68	1392.715
spe	445	444	1339.17	1137.223	1238.1965	1557.66	1120.68	1395.86	878.586	1218.123
los	444	GCA.002348425.1.Bacteria.Proteobacteria	1137.223	0.0	568.6115	1395.86	878.586	0.0	0.0	697.93
hgt	None	dead	0.0	0.0	0.0	0.0	0.0	0.0	0.0	0.0
hgt	436	GCA.002722885.1.Bacteria.Proteobacteria	1751.05	0.0	875.525	1998.82	1503.28	0.0	0.0	999.41
los	None	dead	0.0	0.0	0.0	0.0	0.0	0.0	0.0	0.0
spe	483	482	1836.685	1750.105	1793.395	1999.79	1673.58	1912.36	1587.85	1793.82
spe	482	481	1750.105	1674.98	1712.5425	1912.36	1587.85	1835.32	1514.64	1713.5
los	481	480	1674.98	1549.46	1612.22	1835.32	1514.64	1716.36	1382.56	1608.94
spe	481	469	1674.98	1543.27	1609.125	1835.32	1514.64	1718.34	1368.2	1601.76
los	469	468	1543.27	1359.195	1451.2325	1718.34	1368.2	1556.34	1162.05	1440.195
spe	469	463	1543.27	1394.155	1468.7125	1718.34	1368.2	1606.24	1182.07	1450.205
los	463	GCF.002251795.1.Bacteria.Proteobacteria	1394.155	0.0	697.0775	1606.24	1182.07	0.0	0.0	803.12
spe	463	462	1394.155	1117.2015	1255.67825	1606.24	1182.07	1403.11	831.293	1218.7665
los	462	GCF.000315795.1.Bacteria.Proteobacteria	1117.2015	0.0	558.60075	1403.11	831.293	0.0	0.0	701.555
spe	482	458	1750.105	1624.365	1687.235	1912.36	1587.85	1810.7	1438.03	1675.195
los	458	GCA.002340345.1.Bacteria.Proteobacteria	1624.365	0.0	812.1825	1810.7	1438.03	0.0	0.0	905.35
spe	458	456	1624.365	1476.57	1550.4675	1810.7	1438.03	1673.09	1280.05	1545.375
spe	456	455	1476.57	1226.72	1351.645	1673.09	1280.05	1447.93	1005.51	1339.3
los	455	GCF.900102465.1.Bacteria.Proteobacteria	1226.72	0.0	613.36	1447.93	1005.51	0.0	0.0	723.965
spe	455	454	1226.72	1094.241	1160.4805	1447.93	1005.51	1336.59	851.892	1149.911
los	454	GCA.002709155.1.Bacteria.Proteobacteria	1094.241	0.0	547.1205	1336.59	851.892	0.0	0.0	668.295
spe	454	453	1094.241	948.5585	1021.39975	1336.59	851.892	1217.04	680.077	1008.3335
los	453	GCA.003280605.1.Bacteria.Proteobacteria	948.5585	0.0	474.27925	1217.04	680.077	0.0	0.0	608.52
spe	514	436	1954.11	1751.05	1852.58	2125.97	1782.25	1998.82	1503.28	1814.625
los	436	GCA.002722885.1.Bacteria.Proteobacteria	1751.05	0.0	875.525	1998.82	1503.28	0.0	0.0	999.41
spe	436	435	1751.05	1536.91	1643.98	1998.82	1503.28	1809.13	1264.69	1631.755
hgt	None	dead	0.0	0.0	0.0	0.0	0.0	0.0	0.0	0.0
spe	435	434	1536.91	1353.935	1445.4225	1809.13	1264.69	1639.23	1068.64	1438.885
los	434	GCA.002238885.1.Bacteria.Proteobacteria	1353.935	0.0	676.9675	1639.23	1068.64	0.0	0.0	819.615
hgt	None	dead	0.0	0.0	0.0	0.0	0.0	0.0	0.0	0.0
hgt	455	454	1226.72	1094.241	1160.4805	1447.93	1005.51	1336.59	851.892	1149.911
los	None	dead	0.0	0.0	0.0	0.0	0.0	0.0	0.0	0.0
spe	455	454	1226.72	1094.241	1160.4805	1447.93	1005.51	1336.59	851.892	1149.911
spe	454	453	1094.241	948.5585	1021.39975	1336.59	851.892	1217.04	680.077	1008.3335
los	453	GCA.002457765.1.Bacteria.Proteobacteria	948.5585	0.0	474.27925	1217.04	680.077	0.0	0.0	608.52
hgt	510	492	1636.78	1312.7	1474.74	1799.17	1474.39	1571.16	1054.24	1426.705
los	None	dead	0.0	0.0	0.0	0.0	0.0	0.0	0.0	0.0
spe	510	492	1636.78	1312.7	1474.74	1799.17	1474.39	1571.16	1054.24	1426.705
hgt	None	dead	0.0	0.0	0.0	0.0	0.0	0.0	0.0	0.0
hgt	None	dead	0.0	0.0	0.0	0.0	0.0	0.0	0.0	0.0
hgt	462	GCF.000315795.1.Bacteria.Proteobacteria	1117.2015	0.0	558.60075	1403.11	831.293	0.0	0.0	701.555
los	None	dead	0.0	0.0	0.0	0.0	0.0	0.0	0.0	0.0
hgt	510	509	1636.78	1544.73	1590.755	1799.17	1474.39	1706.12	1383.34	1591.255
los	None	dead	0.0	0.0	0.0	0.0	0.0	0.0	0.0	0.0
spe	510	509	1636.78	1544.73	1590.755	1799.17	1474.39	1706.12	1383.34	1591.255
spe	509	495	1544.73	1237.1635	1390.94675	1706.12	1383.34	1474.36	999.967	1353.0435
los	495	GCF.003173035.1.Bacteria.Proteobacteria	1237.1635	0.0	618.58175	1474.36	999.967	0.0	0.0	737.18
spe	509	508	1544.73	1436.825	1490.7775	1706.12	1383.34	1601.19	1272.46	1489.29
los	508	507	1436.825	1269.025	1352.925	1601.19	1272.46	1436.85	1101.2	1351.195
spe	508	498	1436.825	1261.48	1349.1525	1601.19	1272.46	1455.41	1067.55	1334.37
los	498	GCF.000192575.1.Bacteria.Proteobacteria	1261.48	0.0	630.74	1455.41	1067.55	0.0	0.0	727.705
hgt	None	dead	0.0	0.0	0.0	0.0	0.0	0.0	0.0	0.0
hgt	434	GCA.002238885.1.Bacteria.Proteobacteria	1353.935	0.0	676.9675	1639.23	1068.64	0.0	0.0	819.615
los	None	dead	0.0	0.0	0.0	0.0	0.0	0.0	0.0	0.0
hgt	481	469	1674.98	1543.27	1609.125	1835.32	1514.64	1718.34	1368.2	1601.76
los	None	dead	0.0	0.0	0.0	0.0	0.0	0.0	0.0	0.0
spe	481	469	1674.98	1543.27	1609.125	1835.32	1514.64	1718.34	1368.2	1601.76
spe	469	463	1543.27	1394.155	1468.7125	1718.34	1368.2	1606.24	1182.07	1450.205
los	463	462	1394.155	1117.2015	1255.67825	1606.24	1182.07	1403.11	831.293	1218.7665
spe	469	468	1543.27	1359.195	1451.2325	1718.34	1368.2	1556.34	1162.05	1440.195
spe	468	467	1359.195	1181.4985	1270.34675	1556.34	1162.05	1405.48	957.517	1256.9285
los	467	GCA.002291925.1.Bacteria.Proteobacteria	1181.4985	0.0	590.74925	1405.48	957.517	0.0	0.0	702.74
hgt	None	dead	0.0	0.0	0.0	0.0	0.0	0.0	0.0	0.0
hgt	495	GCF.003173035.1.Bacteria.Proteobacteria	1237.1635	0.0	618.58175	1474.36	999.967	0.0	0.0	737.18
los	None	dead	0.0	0.0	0.0	0.0	0.0	0.0	0.0	0.0
hgt	None	dead	0.0	0.0	0.0	0.0	0.0	0.0	0.0	0.0
hgt	458	GCA.002340345.1.Bacteria.Proteobacteria	1624.365	0.0	812.1825	1810.7	1438.03	0.0	0.0	905.35
los	None	dead	0.0	0.0	0.0	0.0	0.0	0.0	0.0	0.0
hgt	649	648	2098.745	2020.585	2059.665	2281.8	1915.69	2196.19	1844.98	2063.39
los	None	dead	0.0	0.0	0.0	0.0	0.0	0.0	0.0	0.0
spe	649	648	2098.745	2020.585	2059.665	2281.8	1915.69	2196.19	1844.98	2063.39
spe	648	647	2020.585	1948.805	1984.695	2196.19	1844.98	2118.06	1779.55	1987.87
spe	647	571	1948.805	1706.635	1827.72	2118.06	1779.55	1950.26	1463.01	1790.535
los	571	570	1706.635	1535.435	1621.035	1950.26	1463.01	1809.94	1260.93	1605.595
spe	571	565	1706.635	1414.39	1560.5125	1950.26	1463.01	1716.39	1112.39	1531.325
los	565	GCF.000239355.1.Bacteria.Proteobacteria	1414.39	0.0	707.195	1716.39	1112.39	0.0	0.0	858.195
hgt	None	dead	0.0	0.0	0.0	0.0	0.0	0.0	0.0	0.0
spe	647	646	1948.805	1902.685	1925.745	2118.06	1779.55	2069.61	1735.76	1926.91
hgt	None	dead	0.0	0.0	0.0	0.0	0.0	0.0	0.0	0.0
hgt	600	GCA.002007425.1.Bacteria.Proteobacteria	1276.255	0.0	638.1275	1480.95	1071.56	0.0	0.0	740.475
los	None	dead	0.0	0.0	0.0	0.0	0.0	0.0	0.0	0.0
spe	646	588	1902.685	1773.33	1838.0075	2069.61	1735.76	1953.51	1593.15	1831.38
los	588	576	1773.33	1581.265	1677.2975	1953.51	1593.15	1817.5	1345.03	1649.27
hgt	None	dead	0.0	0.0	0.0	0.0	0.0	0.0	0.0	0.0
spe	588	587	1773.33	1495.94	1634.635	1953.51	1593.15	1691.37	1300.51	1627.01
los	587	586	1495.94	1375.33	1435.635	1691.37	1300.51	1584.13	1166.53	1428.95
spe	587	581	1495.94	1344.875	1420.4075	1691.37	1300.51	1554.57	1135.18	1413.275
hgt	None	dead	0.0	0.0	0.0	0.0	0.0	0.0	0.0	0.0
los	581	579	1344.875	1079.9275	1212.40125	1554.57	1135.18	1322.47	837.385	1195.9775
hgt	542	GCA.002631715.1.Bacteria.Proteobacteria	1583.705	0.0	791.8525	1912.35	1255.06	0.0	0.0	956.175
los	None	dead	0.0	0.0	0.0	0.0	0.0	0.0	0.0	0.0
hgt	553	552	1596.945	1380.83	1488.8875	1821.5	1372.39	1621.66	1140.0	1480.75
los	None	dead	0.0	0.0	0.0	0.0	0.0	0.0	0.0	0.0
spe	553	552	1596.945	1380.83	1488.8875	1821.5	1372.39	1621.66	1140.0	1480.75
spe	552	551	1380.83	1067.6595	1224.24475	1621.66	1140.0	1372.61	762.709	1192.1845
los	551	GCA.002699105.1.Bacteria.Bacteroidota	1067.6595	0.0	533.82975	1372.61	762.709	0.0	0.0	686.305
spe	646	645	1902.685	1840.255	1871.47	2069.61	1735.76	2005.54	1674.97	1872.29
spe	645	644	1840.255	1647.11	1743.6825	2005.54	1674.97	1863.23	1430.99	1718.265
spe	644	636	1647.11	1555.685	1601.3975	1863.23	1430.99	1786.38	1324.99	1594.11
los	636	634	1555.685	1386.92	1471.3025	1786.38	1324.99	1651.6	1122.24	1454.31
spe	644	643	1647.11	1467.95	1557.53	1863.23	1430.99	1701.45	1234.45	1548.84
los	643	639	1467.95	1269.845	1368.8975	1701.45	1234.45	1517.47	1022.22	1361.835
spe	643	642	1467.95	1332.36	1400.155	1701.45	1234.45	1580.86	1083.86	1392.655
spe	645	631	1840.255	1777.47	1808.8625	2005.54	1674.97	1936.32	1618.62	1812.08
los	631	630	1777.47	1673.23	1725.35	1936.32	1618.62	1832.02	1514.44	1725.38
hgt	None	dead	0.0	0.0	0.0	0.0	0.0	0.0	0.0	0.0
spe	631	603	1777.47	1696.92	1737.195	1936.32	1618.62	1869.02	1524.82	1730.57
los	603	GCA.002085445.1.Bacteria.Proteobacteria	1696.92	0.0	848.46	1869.02	1524.82	0.0	0.0	934.51
spe	603	602	1696.92	1612.41	1654.665	1869.02	1524.82	1790.83	1433.99	1651.505
spe	602	592	1612.41	1273.215	1442.8125	1790.83	1433.99	1530.36	1016.07	1403.45
los	592	GCF.001720165.1.Bacteria.Proteobacteria	1273.215	0.0	636.6075	1530.36	1016.07	0.0	0.0	765.18
spe	602	601	1612.41	1475.48	1543.945	1790.83	1433.99	1662.78	1288.18	1539.505
los	601	600	1475.48	1276.255	1375.8675	1662.78	1288.18	1480.95	1071.56	1367.17
spe	601	595	1475.48	1266.66	1371.07	1662.78	1288.18	1469.01	1064.31	1363.545
los	595	GCA.002454015.1.Bacteria.Proteobacteria	1266.66	0.0	633.33	1469.01	1064.31	0.0	0.0	734.505
dup	None	dead	0.0	0.0	0.0	0.0	0.0	0.0	0.0	0.0
hgt	576	GCA.002432655.1.Bacteria.Proteobacteria	1581.265	0.0	790.6325	1817.5	1345.03	0.0	0.0	908.75
los	None	dead	0.0	0.0	0.0	0.0	0.0	0.0	0.0	0.0
hgt	653	GCF.001399755.1.Bacteria.Proteobacteria	2587.485	0.0	1293.7425	2815.0	2359.97	0.0	0.0	1407.5
los	None	dead	0.0	0.0	0.0	0.0	0.0	0.0	0.0	0.0
dup	None	dead	0.0	0.0	0.0	0.0	0.0	0.0	0.0	0.0
hgt	634	GCF.002020875.1.Bacteria.Proteobacteria	1386.92	0.0	693.46	1651.6	1122.24	0.0	0.0	825.8
los	None	dead	0.0	0.0	0.0	0.0	0.0	0.0	0.0	0.0
hgt	561	560	1768.445	1588.765	1678.605	1961.68	1575.21	1792.9	1384.63	1673.155
los	None	dead	0.0	0.0	0.0	0.0	0.0	0.0	0.0	0.0
spe	561	560	1768.445	1588.765	1678.605	1961.68	1575.21	1792.9	1384.63	1673.155
spe	560	558	1588.765	1434.31	1511.5375	1792.9	1384.63	1652.56	1216.06	1504.48
los	558	557	1434.31	1225.2445	1329.77725	1652.56	1216.06	1451.49	998.999	1325.7795
spe	648	562	2020.585	1844.995	1932.79	2196.19	1844.98	2036.09	1653.9	1925.045
spe	562	561	1844.995	1768.445	1806.72	2036.09	1653.9	1961.68	1575.21	1805.65
los	561	560	1768.445	1588.765	1678.605	1961.68	1575.21	1792.9	1384.63	1673.155
spe	561	553	1768.445	1596.945	1682.695	1961.68	1575.21	1821.5	1372.39	1667.035
los	553	552	1596.945	1380.83	1488.8875	1821.5	1372.39	1621.66	1140.0	1480.75
spe	562	546	1844.995	1417.275	1631.135	2036.09	1653.9	1742.85	1091.7	1563.895
hgt	None	dead	0.0	0.0	0.0	0.0	0.0	0.0	0.0	0.0
los	546	GCA.002747435.1.Bacteria.Proteobacteria	1417.275	0.0	708.6375	1742.85	1091.7	0.0	0.0	871.425
dup	None	dead	0.0	0.0	0.0	0.0	0.0	0.0	0.0	0.0
dup	None	dead	0.0	0.0	0.0	0.0	0.0	0.0	0.0	0.0
hgt	568	GCA.002862435.1.Bacteria.Proteobacteria	1379.435	0.0	689.7175	1661.92	1096.95	0.0	0.0	830.96
los	None	dead	0.0	0.0	0.0	0.0	0.0	0.0	0.0	0.0
hgt	634	GCF.001697225.1.Bacteria.Proteobacteria	1386.92	0.0	693.46	1651.6	1122.24	0.0	0.0	825.8
los	None	dead	0.0	0.0	0.0	0.0	0.0	0.0	0.0	0.0
dup	None	dead	0.0	0.0	0.0	0.0	0.0	0.0	0.0	0.0
hgt	536	GCF.900111015.1.Bacteria.Proteobacteria	1675.53	0.0	837.765	2101.36	1249.7	0.0	0.0	1050.68
los	None	dead	0.0	0.0	0.0	0.0	0.0	0.0	0.0	0.0
hgt	612	GCF.003612015.1.Bacteria.Proteobacteria	1256.25	0.0	628.125	1460.33	1052.17	0.0	0.0	730.165
los	None	dead	0.0	0.0	0.0	0.0	0.0	0.0	0.0	0.0
spe	520	406	2756.655	2159.8	2458.2275	2992.66	2520.65	2741.58	1578.02	2285.34
hgt	None	dead	0.0	0.0	0.0	0.0	0.0	0.0	0.0	0.0
los	406	GCF.002795805.1.Bacteria.Proteobacteria	2159.8	0.0	1079.9	2741.58	1578.02	0.0	0.0	1370.79
hgt	536	GCF.002940605.1.Bacteria.Proteobacteria	1675.53	0.0	837.765	2101.36	1249.7	0.0	0.0	1050.68
los	None	dead	0.0	0.0	0.0	0.0	0.0	0.0	0.0	0.0
dup	None	dead	0.0	0.0	0.0	0.0	0.0	0.0	0.0	0.0
hgt	1140	GCA.002722565.1.Bacteria.Actinobacteriota	1082.515	0.0	541.2575	1376.91	788.12	0.0	0.0	688.455
los	None	dead	0.0	0.0	0.0	0.0	0.0	0.0	0.0	0.0
hgt	265	GCA.003290465.1.Bacteria.Sumerlaeota	1568.825	0.0	784.4125	2039.56	1098.09	0.0	0.0	1019.78
los	None	dead	0.0	0.0	0.0	0.0	0.0	0.0	0.0	0.0
dup	None	dead	0.0	0.0	0.0	0.0	0.0	0.0	0.0	0.0
hgt	873	GCA.002011835.1.Bacteria.Desulfobacterota	1600.675	0.0	800.3375	1876.83	1324.52	0.0	0.0	938.415
los	None	dead	0.0	0.0	0.0	0.0	0.0	0.0	0.0	0.0
hgt	None	dead	0.0	0.0	0.0	0.0	0.0	0.0	0.0	0.0
hgt	1177	GCA.001464275.1.Bacteria.Actinobacteriota	1221.364	0.0	610.682	1491.65	951.078	0.0	0.0	745.825
los	None	dead	0.0	0.0	0.0	0.0	0.0	0.0	0.0	0.0
hgt	797	GCA.002311335.1.Bacteria.Desulfobacterota.B	1832.825	0.0	916.4125	2092.41	1573.24	0.0	0.0	1046.205
los	None	dead	0.0	0.0	0.0	0.0	0.0	0.0	0.0	0.0
hgt	None	dead	0.0	0.0	0.0	0.0	0.0	0.0	0.0	0.0
hgt	284	282	1696.525	1342.065	1519.295	2015.71	1377.34	1637.54	1046.59	1531.15
los	None	dead	0.0	0.0	0.0	0.0	0.0	0.0	0.0	0.0
spe	284	282	1696.525	1342.065	1519.295	2015.71	1377.34	1637.54	1046.59	1531.15
hgt	698	697	1837.19	1624.47	1730.83	2057.82	1616.56	1840.22	1408.72	1733.27
los	None	dead	0.0	0.0	0.0	0.0	0.0	0.0	0.0	0.0
spe	698	697	1837.19	1624.47	1730.83	2057.82	1616.56	1840.22	1408.72	1733.27
hgt	None	dead	0.0	0.0	0.0	0.0	0.0	0.0	0.0	0.0
hgt	1235	GCA.002376005.1.Bacteria.Firmicutes.E	1667.965	0.0	833.9825	1952.79	1383.14	0.0	0.0	976.395
los	None	dead	0.0	0.0	0.0	0.0	0.0	0.0	0.0	0.0
spe	697	696	1624.47	1431.49	1527.98	1840.22	1408.72	1637.29	1225.69	1532.955
spe	696	695	1431.49	1326.405	1378.9475	1637.29	1225.69	1521.67	1131.14	1384.215
spe	695	694	1326.405	1256.385	1291.395	1521.67	1131.14	1449.85	1062.92	1292.295
los	694	692	1256.385	1113.508	1184.9465	1449.85	1062.92	1334.67	892.346	1171.098
hgt	None	dead	0.0	0.0	0.0	0.0	0.0	0.0	0.0	0.0
dup	None	dead	0.0	0.0	0.0	0.0	0.0	0.0	0.0	0.0
hgt	684	GCA.002483445.1.Bacteria.Acidobacteriota	1233.956	0.0	616.978	1519.9	948.012	0.0	0.0	759.95
los	None	dead	0.0	0.0	0.0	0.0	0.0	0.0	0.0	0.0
hgt	692	GCA.003140235.1.Bacteria.Acidobacteriota	1113.508	0.0	556.754	1334.67	892.346	0.0	0.0	667.335
los	None	dead	0.0	0.0	0.0	0.0	0.0	0.0	0.0	0.0
hgt	None	dead	0.0	0.0	0.0	0.0	0.0	0.0	0.0	0.0
hgt	692	GCA.003152325.1.Bacteria.Acidobacteriota	1113.508	0.0	556.754	1334.67	892.346	0.0	0.0	667.335
los	None	dead	0.0	0.0	0.0	0.0	0.0	0.0	0.0	0.0
hgt	None	dead	0.0	0.0	0.0	0.0	0.0	0.0	0.0	0.0
hgt	210	GCA.002796105.1.Bacteria.Omnitrophota	1576.255	0.0	788.1275	1897.25	1255.26	0.0	0.0	948.625
los	None	dead	0.0	0.0	0.0	0.0	0.0	0.0	0.0	0.0
hgt	None	dead	0.0	0.0	0.0	0.0	0.0	0.0	0.0	0.0
hgt	188	GCA.001787855.1.Bacteria.Riflebacteria	2641.665	0.0	1320.8325	3499.21	1784.12	0.0	0.0	1749.605
los	None	dead	0.0	0.0	0.0	0.0	0.0	0.0	0.0	0.0
hgt	None	dead	0.0	0.0	0.0	0.0	0.0	0.0	0.0	0.0
hgt	None	dead	0.0	0.0	0.0	0.0	0.0	0.0	0.0	0.0
hgt	1129	1128	2723.85	2537.965	2630.9075	3115.19	2332.51	2911.99	2163.94	2639.565
los	None	dead	0.0	0.0	0.0	0.0	0.0	0.0	0.0	0.0
hgt	None	dead	0.0	0.0	0.0	0.0	0.0	0.0	0.0	0.0
hgt	1143	GCA.002352645.1.Bacteria.Actinobacteriota	1606.47	0.0	803.235	1865.47	1347.47	0.0	0.0	932.735
los	None	dead	0.0	0.0	0.0	0.0	0.0	0.0	0.0	0.0
spe	1129	1128	2723.85	2537.965	2630.9075	3115.19	2332.51	2911.99	2163.94	2639.565
spe	1128	1127	2537.965	2426.2	2482.0825	2911.99	2163.94	2768.99	2083.41	2497.7
los	1127	1126	2426.2	2238.98	2332.59	2768.99	2083.41	2575.29	1902.67	2335.83
spe	1127	1113	2426.2	2045.295	2235.7475	2768.99	2083.41	2385.32	1705.27	2237.13
los	1113	1109	2045.295	1709.425	1877.36	2385.32	1705.27	2037.53	1381.32	1883.32
spe	1113	1112	2045.295	1621.275	1833.285	2385.32	1705.27	2028.12	1214.43	1799.875
los	1112	GCA.002352215.1.Bacteria.Armatimonadota	1621.275	0.0	810.6375	2028.12	1214.43	0.0	0.0	1014.06
spe	663	662	3210.05	3126.015	3168.0325	3476.56	2943.54	3383.83	2868.2	3172.38
los	662	661	3126.015	3067.985	3097.0	3383.83	2868.2	3322.98	2812.99	3098.41
hgt	None	dead	0.0	0.0	0.0	0.0	0.0	0.0	0.0	0.0
spe	662	400	3126.015	1933.765	2529.89	3383.83	2868.2	2579.57	1287.96	2335.895
los	400	GCA.002707655.1.Bacteria.SAR324	1933.765	0.0	966.8825	2579.57	1287.96	0.0	0.0	1289.785
hgt	None	dead	0.0	0.0	0.0	0.0	0.0	0.0	0.0	0.0
hgt	345	GCA.002748355.1.Bacteria.Planctomycetota	1540.73	0.0	770.365	1889.75	1191.71	0.0	0.0	944.875
los	None	dead	0.0	0.0	0.0	0.0	0.0	0.0	0.0	0.0
hgt	797	796	1832.825	1652.795	1742.81	2092.41	1573.24	1900.16	1405.43	1748.92
los	None	dead	0.0	0.0	0.0	0.0	0.0	0.0	0.0	0.0
spe	797	796	1832.825	1652.795	1742.81	2092.41	1573.24	1900.16	1405.43	1748.92
hgt	None	dead	0.0	0.0	0.0	0.0	0.0	0.0	0.0	0.0
spe	796	795	1652.795	1481.005	1566.9	1900.16	1405.43	1717.52	1244.49	1572.325
spe	795	791	1481.005	1228.3465	1354.67575	1717.52	1244.49	1482.5	974.193	1345.8565
los	791	GCA.002898795.1.Bacteria.Desulfobacterota.B	1228.3465	0.0	614.17325	1482.5	974.193	0.0	0.0	741.25
spe	795	794	1481.005	1350.25	1415.6275	1717.52	1244.49	1609.55	1090.95	1404.235
hgt	None	dead	0.0	0.0	0.0	0.0	0.0	0.0	0.0	0.0
los	794	GCA.001798565.1.Bacteria.Desulfobacterota.B	1350.25	0.0	675.125	1609.55	1090.95	0.0	0.0	804.775
hgt	1032	GCA.002727195.1.Bacteria.Latescibacterota	1430.62	0.0	715.31	1762.83	1098.41	0.0	0.0	881.415
los	None	dead	0.0	0.0	0.0	0.0	0.0	0.0	0.0	0.0
hgt	328	327	1867.775	1556.09	1711.9325	2192.2	1543.35	1868.81	1243.37	1717.785
los	None	dead	0.0	0.0	0.0	0.0	0.0	0.0	0.0	0.0
hgt	None	dead	0.0	0.0	0.0	0.0	0.0	0.0	0.0	0.0
hgt	821	GCF.000737335.2.Bacteria.Proteobacteria	1377.535	0.0	688.7675	1637.42	1117.65	0.0	0.0	818.71
los	None	dead	0.0	0.0	0.0	0.0	0.0	0.0	0.0	0.0
spe	328	327	1867.775	1556.09	1711.9325	2192.2	1543.35	1868.81	1243.37	1717.785
spe	327	326	1556.09	1208.648	1382.369	1868.81	1243.37	1527.79	889.506	1379.158
hgt	None	dead	0.0	0.0	0.0	0.0	0.0	0.0	0.0	0.0
hgt	1163	GCF.000384115.1.Bacteria.Actinobacteriota	1087.464	0.0	543.732	1323.49	851.438	0.0	0.0	661.745
los	None	dead	0.0	0.0	0.0	0.0	0.0	0.0	0.0	0.0
hgt	1386	1385	2312.805	2240.33	2276.5675	2552.07	2073.54	2474.59	2006.07	2279.07
los	None	dead	0.0	0.0	0.0	0.0	0.0	0.0	0.0	0.0
spe	1386	1385	2312.805	2240.33	2276.5675	2552.07	2073.54	2474.59	2006.07	2279.07
hgt	None	dead	0.0	0.0	0.0	0.0	0.0	0.0	0.0	0.0
dup	None	dead	0.0	0.0	0.0	0.0	0.0	0.0	0.0	0.0
hgt	1457	GCF.003967555.1.Bacteria.Chloroflexota	1538.99	0.0	769.495	1931.07	1146.91	0.0	0.0	965.535
los	None	dead	0.0	0.0	0.0	0.0	0.0	0.0	0.0	0.0
hgt	1051	GCA.002501535.1.Bacteria.UBP7	2340.635	0.0	1170.3175	2893.95	1787.32	0.0	0.0	1446.975
los	None	dead	0.0	0.0	0.0	0.0	0.0	0.0	0.0	0.0
hgt	None	dead	0.0	0.0	0.0	0.0	0.0	0.0	0.0	0.0
hgt	1344	GCF.000218765.1.Bacteria.Firmicutes	1520.89	0.0	760.445	1933.44	1108.34	0.0	0.0	966.72
los	None	dead	0.0	0.0	0.0	0.0	0.0	0.0	0.0	0.0
hgt	None	dead	0.0	0.0	0.0	0.0	0.0	0.0	0.0	0.0
dup	None	dead	0.0	0.0	0.0	0.0	0.0	0.0	0.0	0.0
hgt	1078	GCA.002898315.1.Bacteria.Calescibacterota	1701.455	0.0	850.7275	2026.85	1376.06	0.0	0.0	1013.425
los	None	dead	0.0	0.0	0.0	0.0	0.0	0.0	0.0	0.0
dup	None	dead	0.0	0.0	0.0	0.0	0.0	0.0	0.0	0.0
hgt	1082	GCA.002011615.1.Bacteria.WOR.3	2433.75	0.0	1216.875	2808.36	2059.14	0.0	0.0	1404.18
los	None	dead	0.0	0.0	0.0	0.0	0.0	0.0	0.0	0.0
hgt	477	GCA.001897475.1.Bacteria.Proteobacteria	1066.3815	0.0	533.19075	1289.59	843.173	0.0	0.0	644.795
los	None	dead	0.0	0.0	0.0	0.0	0.0	0.0	0.0	0.0
spe	1385	1333	2240.33	1678.19	1959.26	2474.59	2006.07	2199.0	1157.38	1815.985
los	1333	GCF.900111575.1.Bacteria.Firmicutes.D	1678.19	0.0	839.095	2199.0	1157.38	0.0	0.0	1099.5
hgt	None	dead	0.0	0.0	0.0	0.0	0.0	0.0	0.0	0.0
hgt	768	767	1657.32	1475.25	1566.285	1909.7	1404.94	1721.88	1228.62	1569.16
los	None	dead	0.0	0.0	0.0	0.0	0.0	0.0	0.0	0.0
spe	768	767	1657.32	1475.25	1566.285	1909.7	1404.94	1721.88	1228.62	1569.16
spe	767	766	1475.25	1283.665	1379.4575	1721.88	1228.62	1510.4	1056.93	1389.405
hgt	None	dead	0.0	0.0	0.0	0.0	0.0	0.0	0.0	0.0
hgt	768	GCA.001798715.1.Bacteria.UBA10199	1657.32	0.0	828.66	1909.7	1404.94	0.0	0.0	954.85
los	None	dead	0.0	0.0	0.0	0.0	0.0	0.0	0.0	0.0
spe	1385	1384	2240.33	2049.01	2144.67	2474.59	2006.07	2270.99	1827.03	2150.81
los	1384	1338	2049.01	1549.595	1799.3025	2270.99	1827.03	1917.57	1181.62	1726.305
spe	1384	1383	2049.01	1971.49	2010.25	2270.99	1827.03	2185.06	1757.92	2014.455
hgt	None	dead	0.0	0.0	0.0	0.0	0.0	0.0	0.0	0.0
hgt	1109	GCA.002898895.1.Bacteria.Armatimonadota	1709.425	0.0	854.7125	2037.53	1381.32	0.0	0.0	1018.765
los	None	dead	0.0	0.0	0.0	0.0	0.0	0.0	0.0	0.0
hgt	None	dead	0.0	0.0	0.0	0.0	0.0	0.0	0.0	0.0
hgt	80	GCF.002114285.1.Archaea.Halobacteriota	1371.305	0.0	685.6525	1640.83	1101.78	0.0	0.0	820.415
los	None	dead	0.0	0.0	0.0	0.0	0.0	0.0	0.0	0.0
spe	1383	1341	1971.49	1523.81	1747.65	2185.06	1757.92	1926.97	1120.65	1652.855
los	1341	GCF.001311905.1.Bacteria.Firmicutes	1523.81	0.0	761.905	1926.97	1120.65	0.0	0.0	963.485
hgt	None	dead	0.0	0.0	0.0	0.0	0.0	0.0	0.0	0.0
hgt	350	GCA.003509045.1.Bacteria.Planctomycetota	1417.255	0.0	708.6275	1750.54	1083.97	0.0	0.0	875.27
los	None	dead	0.0	0.0	0.0	0.0	0.0	0.0	0.0	0.0
hgt	None	dead	0.0	0.0	0.0	0.0	0.0	0.0	0.0	0.0
spe	1383	1382	1971.49	1907.445	1939.4675	2185.06	1757.92	2119.76	1695.13	1940.095
spe	1382	1344	1907.445	1520.89	1714.1675	2119.76	1695.13	1933.44	1108.34	1614.05
hgt	None	dead	0.0	0.0	0.0	0.0	0.0	0.0	0.0	0.0
los	1344	GCA.002159075.1.Bacteria.Firmicutes	1520.89	0.0	760.445	1933.44	1108.34	0.0	0.0	966.72
hgt	1347	GCF.900099895.1.Bacteria.Firmicutes	1373.121	0.0	686.5605	1753.0	993.242	0.0	0.0	876.5
los	None	dead	0.0	0.0	0.0	0.0	0.0	0.0	0.0	0.0
spe	1382	1381	1907.445	1843.345	1875.395	2119.76	1695.13	2050.47	1636.22	1877.99
spe	1381	1351	1843.345	1688.26	1765.8025	2050.47	1636.22	1952.2	1424.32	1737.395
los	1351	1350	1688.26	1481.1	1584.68	1952.2	1424.32	1809.84	1152.36	1552.28
spe	1351	1347	1688.26	1373.121	1530.6905	1952.2	1424.32	1753.0	993.242	1472.721
los	1347	GCF.001561915.1.Bacteria.Firmicutes	1373.121	0.0	686.5605	1753.0	993.242	0.0	0.0	876.5
spe	1381	1380	1843.345	1785.675	1814.51	2050.47	1636.22	1991.06	1580.29	1815.38
los	1380	GCF.001049895.1.Bacteria.Firmicutes	1785.675	0.0	892.8375	1991.06	1580.29	0.0	0.0	995.53
hgt	None	dead	0.0	0.0	0.0	0.0	0.0	0.0	0.0	0.0
hgt	659	GCA.000830255.1.Bacteria.Campylobacterota	1329.6085	0.0	664.80425	1758.41	900.807	0.0	0.0	879.205
los	None	dead	0.0	0.0	0.0	0.0	0.0	0.0	0.0	0.0
spe	1380	1379	1785.675	1743.235	1764.455	1991.06	1580.29	1945.76	1540.71	1765.885
los	1379	1378	1743.235	1618.42	1680.8275	1945.76	1540.71	1816.1	1420.74	1683.25
spe	1379	1355	1743.235	1426.77	1585.0025	1945.76	1540.71	1769.44	1084.1	1514.93
los	1355	GCF.004522215.1.Bacteria.Firmicutes	1426.77	0.0	713.385	1769.44	1084.1	0.0	0.0	884.72
hgt	826	825	1444.855	1134.553	1289.704	1661.37	1228.34	1400.01	869.096	1265.233
los	None	dead	0.0	0.0	0.0	0.0	0.0	0.0	0.0	0.0
spe	826	825	1444.855	1134.553	1289.704	1661.37	1228.34	1400.01	869.096	1265.233
spe	901	900	3300.53	3098.985	3199.7575	3575.42	3025.64	3380.82	2817.15	3196.285
spe	900	716	3098.985	2659.235	2879.11	3380.82	2817.15	2943.59	2374.88	2877.85
los	716	715	2659.235	2473.255	2566.245	2943.59	2374.88	2740.33	2206.18	2574.885
hgt	None	dead	0.0	0.0	0.0	0.0	0.0	0.0	0.0	0.0
hgt	720	GCA.002347965.1.Bacteria.UBA2233	1930.555	0.0	965.2775	2446.78	1414.33	0.0	0.0	1223.39
los	None	dead	0.0	0.0	0.0	0.0	0.0	0.0	0.0	0.0
spe	716	670	2659.235	2196.425	2427.83	2943.59	2374.88	2589.19	1803.66	2373.625
los	670	GCA.002898535.1.Bacteria.Acidobacteriota	2196.425	0.0	1098.2125	2589.19	1803.66	0.0	0.0	1294.595
spe	670	669	2196.425	1665.14	1930.7825	2589.19	1803.66	2042.02	1288.26	1938.725
hgt	None	dead	0.0	0.0	0.0	0.0	0.0	0.0	0.0	0.0
hgt	949	GCA.001872685.1.Bacteria.Marinisomatota	1478.665	0.0	739.3325	1825.71	1131.62	0.0	0.0	912.855
los	None	dead	0.0	0.0	0.0	0.0	0.0	0.0	0.0	0.0
spe	669	668	1665.14	1417.72	1541.43	2042.02	1288.26	1767.6	1067.84	1554.93
hgt	None	dead	0.0	0.0	0.0	0.0	0.0	0.0	0.0	0.0
los	668	GCA.002010665.1.Bacteria.Acidobacteriota	1417.72	0.0	708.86	1767.6	1067.84	0.0	0.0	883.8
dup	None	dead	0.0	0.0	0.0	0.0	0.0	0.0	0.0	0.0
hgt	390	GCA.002780065.1.Bacteria.UBA8481	3029.745	0.0	1514.8725	3379.02	2680.47	0.0	0.0	1689.51
los	None	dead	0.0	0.0	0.0	0.0	0.0	0.0	0.0	0.0
hgt	935	GCA.001789205.1.Bacteria.Fibrobacterota	1990.115	0.0	995.0575	2340.64	1639.59	0.0	0.0	1170.32
los	None	dead	0.0	0.0	0.0	0.0	0.0	0.0	0.0	0.0
hgt	None	dead	0.0	0.0	0.0	0.0	0.0	0.0	0.0	0.0
hgt	1058	GCF.000233775.1.Bacteria.Synergistota	1931.1	0.0	965.55	2676.3	1185.9	0.0	0.0	1338.15
los	None	dead	0.0	0.0	0.0	0.0	0.0	0.0	0.0	0.0
hgt	None	dead	0.0	0.0	0.0	0.0	0.0	0.0	0.0	0.0
hgt	None	dead	0.0	0.0	0.0	0.0	0.0	0.0	0.0	0.0
dup	None	dead	0.0	0.0	0.0	0.0	0.0	0.0	0.0	0.0
dup	None	dead	0.0	0.0	0.0	0.0	0.0	0.0	0.0	0.0
hgt	1438	GCA.002841995.1.Bacteria.Chloroflexota	1317.205	0.0	658.6025	1528.24	1106.17	0.0	0.0	764.12
los	None	dead	0.0	0.0	0.0	0.0	0.0	0.0	0.0	0.0
dup	None	dead	0.0	0.0	0.0	0.0	0.0	0.0	0.0	0.0
hgt	274	GCA.000406005.1.Bacteria.Poribacteria	1625.32	0.0	812.66	2112.15	1138.49	0.0	0.0	1056.075
los	None	dead	0.0	0.0	0.0	0.0	0.0	0.0	0.0	0.0
hgt	1470	GCF.000025005.1.Bacteria.Chloroflexota	1749.085	0.0	874.5425	2065.21	1432.96	0.0	0.0	1032.605
los	None	dead	0.0	0.0	0.0	0.0	0.0	0.0	0.0	0.0
hgt	850	849	2017.715	1605.6	1811.6575	2343.11	1692.32	2007.54	1203.66	1773.385
los	None	dead	0.0	0.0	0.0	0.0	0.0	0.0	0.0	0.0
spe	850	849	2017.715	1605.6	1811.6575	2343.11	1692.32	2007.54	1203.66	1773.385
hgt	None	dead	0.0	0.0	0.0	0.0	0.0	0.0	0.0	0.0
hgt	895	GCA.002897695.1.Bacteria.BMS3Abin14	1810.42	0.0	905.21	2358.35	1262.49	0.0	0.0	1179.175
los	None	dead	0.0	0.0	0.0	0.0	0.0	0.0	0.0	0.0
dup	895	GCA.002897695.1.Bacteria.BMS3Abin14	1810.42	0.0	905.21	2358.35	1262.49	0.0	0.0	1179.175
hgt	None	dead	0.0	0.0	0.0	0.0	0.0	0.0	0.0	0.0
hgt	846	GCA.002327765.1.Bacteria.Desulfobacterota.E	1673.82	0.0	836.91	2082.2	1265.44	0.0	0.0	1041.1
los	None	dead	0.0	0.0	0.0	0.0	0.0	0.0	0.0	0.0
hgt	None	dead	0.0	0.0	0.0	0.0	0.0	0.0	0.0	0.0
hgt	837	GCA.001768075.1.Bacteria.Myxococcota	1472.175	0.0	736.0875	1791.61	1152.74	0.0	0.0	895.805
los	None	dead	0.0	0.0	0.0	0.0	0.0	0.0	0.0	0.0
spe	900	899	3098.985	2936.525	3017.755	3380.82	2817.15	3198.27	2674.78	3027.8
spe	899	743	2936.525	2681.09	2808.8075	3198.27	2674.78	3020.99	2341.19	2769.73
hgt	None	dead	0.0	0.0	0.0	0.0	0.0	0.0	0.0	0.0
hgt	31	29	1919.745	1492.545	1706.145	2381.01	1458.48	1899.36	1085.73	1733.37
los	None	dead	0.0	0.0	0.0	0.0	0.0	0.0	0.0	0.0
spe	31	29	1919.745	1492.545	1706.145	2381.01	1458.48	1899.36	1085.73	1733.37
hgt	None	dead	0.0	0.0	0.0	0.0	0.0	0.0	0.0	0.0
hgt	1240	GCF.900142995.1.Bacteria.Firmicutes.A	1697.815	0.0	848.9075	2230.68	1164.95	0.0	0.0	1115.34
los	None	dead	0.0	0.0	0.0	0.0	0.0	0.0	0.0	0.0
spe	743	721	2681.09	2277.575	2479.3325	3020.99	2341.19	2744.86	1810.29	2415.64
hgt	None	dead	0.0	0.0	0.0	0.0	0.0	0.0	0.0	0.0
los	721	720	2277.575	1930.555	2104.065	2744.86	1810.29	2446.78	1414.33	2079.595
dup	None	dead	0.0	0.0	0.0	0.0	0.0	0.0	0.0	0.0
hgt	746	GCA.002238965.1.Bacteria.UBA8248	1667.435	0.0	833.7175	2098.35	1236.52	0.0	0.0	1049.175
los	None	dead	0.0	0.0	0.0	0.0	0.0	0.0	0.0	0.0
hgt	221	GCA.002796125.1.Bacteria.Omnitrophota	1484.89	0.0	742.445	1706.47	1263.31	0.0	0.0	853.235
los	None	dead	0.0	0.0	0.0	0.0	0.0	0.0	0.0	0.0
hgt	None	dead	0.0	0.0	0.0	0.0	0.0	0.0	0.0	0.0
hgt	853	GCA.001797415.1.Bacteria.Desulfobacterota	1743.175	0.0	871.5875	2129.35	1357.0	0.0	0.0	1064.675
los	None	dead	0.0	0.0	0.0	0.0	0.0	0.0	0.0	0.0
spe	743	742	2681.09	2393.59	2537.34	3020.99	2341.19	2740.14	2047.04	2534.015
spe	742	738	2393.59	2076.07	2234.83	2740.14	2047.04	2381.91	1770.23	2255.185
hgt	None	dead	0.0	0.0	0.0	0.0	0.0	0.0	0.0	0.0
los	738	737	2076.07	1863.46	1969.765	2381.91	1770.23	2163.3	1563.62	1972.765
dup	None	dead	0.0	0.0	0.0	0.0	0.0	0.0	0.0	0.0
hgt	751	GCA.002500605.1.Bacteria.Nitrospinota	1613.625	0.0	806.8125	1945.94	1281.31	0.0	0.0	972.97
los	None	dead	0.0	0.0	0.0	0.0	0.0	0.0	0.0	0.0
hgt	376	GCA.002418835.1.Bacteria.Spirochaetota	1994.345	0.0	997.1725	2379.5	1609.19	0.0	0.0	1189.75
los	None	dead	0.0	0.0	0.0	0.0	0.0	0.0	0.0	0.0
spe	738	728	2076.07	1746.94	1911.505	2381.91	1770.23	2055.81	1438.07	1909.99
spe	728	727	1746.94	1484.11	1615.525	2055.81	1438.07	1827.43	1140.79	1598.3
hgt	None	dead	0.0	0.0	0.0	0.0	0.0	0.0	0.0	0.0
los	727	GCA.001803815.1.Bacteria.Nitrospirota	1484.11	0.0	742.055	1827.43	1140.79	0.0	0.0	913.715
hgt	994	GCA.001304035.1.Bacteria.SM23.31	1793.76	0.0	896.88	2154.86	1432.66	0.0	0.0	1077.43
los	None	dead	0.0	0.0	0.0	0.0	0.0	0.0	0.0	0.0
hgt	None	dead	0.0	0.0	0.0	0.0	0.0	0.0	0.0	0.0
los	728	724	1746.94	1396.405	1571.6725	2055.81	1438.07	1709.69	1083.12	1569.465
dup	None	dead	0.0	0.0	0.0	0.0	0.0	0.0	0.0	0.0
hgt	801	GCA.002328485.1.Bacteria.Desulfobacterota.G	1810.17	0.0	905.085	2217.42	1402.92	0.0	0.0	1108.71
los	None	dead	0.0	0.0	0.0	0.0	0.0	0.0	0.0	0.0
dup	None	dead	0.0	0.0	0.0	0.0	0.0	0.0	0.0	0.0
hgt	941	GCA.003477045.1.Bacteria.Delongbacteria	2102.37	0.0	1051.185	2487.46	1717.28	0.0	0.0	1243.73
los	None	dead	0.0	0.0	0.0	0.0	0.0	0.0	0.0	0.0
dup	None	dead	0.0	0.0	0.0	0.0	0.0	0.0	0.0	0.0
hgt	1063	GCA.002878315.1.Bacteria.Thermotogota	1607.785	0.0	803.8925	1978.17	1237.4	0.0	0.0	989.085
los	None	dead	0.0	0.0	0.0	0.0	0.0	0.0	0.0	0.0
dup	None	dead	0.0	0.0	0.0	0.0	0.0	0.0	0.0	0.0
hgt	1273	GCF.000166335.1.Bacteria.Firmicutes.A	2085.065	0.0	1042.5325	2326.9	1843.23	0.0	0.0	1163.45
los	None	dead	0.0	0.0	0.0	0.0	0.0	0.0	0.0	0.0
hgt	1333	GCF.900111575.1.Bacteria.Firmicutes.D	1678.19	0.0	839.095	2199.0	1157.38	0.0	0.0	1099.5
los	None	dead	0.0	0.0	0.0	0.0	0.0	0.0	0.0	0.0
spe	742	741	2393.59	1693.345	2043.4675	2740.14	2047.04	2199.48	1187.21	1963.675
hgt	None	dead	0.0	0.0	0.0	0.0	0.0	0.0	0.0	0.0
los	741	GCA.003220615.1.Bacteria.Methylomirabilota	1693.345	0.0	846.6725	2199.48	1187.21	0.0	0.0	1099.74
hgt	1292	GCF.001950325.1.Bacteria.Firmicutes.B	1516.66	0.0	758.33	1936.55	1096.77	0.0	0.0	968.275
los	None	dead	0.0	0.0	0.0	0.0	0.0	0.0	0.0	0.0
hgt	None	dead	0.0	0.0	0.0	0.0	0.0	0.0	0.0	0.0
hgt	877	GCF.000620765.1.Bacteria.Desulfobacterota.I	1616.13	0.0	808.065	1882.89	1349.37	0.0	0.0	941.445
los	None	dead	0.0	0.0	0.0	0.0	0.0	0.0	0.0	0.0
hgt	None	dead	0.0	0.0	0.0	0.0	0.0	0.0	0.0	0.0
hgt	1438	1437	1317.205	1158.264	1237.7345	1528.24	1106.17	1381.67	934.858	1231.549
los	None	dead	0.0	0.0	0.0	0.0	0.0	0.0	0.0	0.0
spe	1438	1437	1317.205	1158.264	1237.7345	1528.24	1106.17	1381.67	934.858	1231.549
spe	899	898	2936.525	2864.305	2900.415	3198.27	2674.78	3119.95	2608.66	2903.465
hgt	None	dead	0.0	0.0	0.0	0.0	0.0	0.0	0.0	0.0
hgt	None	dead	0.0	0.0	0.0	0.0	0.0	0.0	0.0	0.0
spe	898	756	2864.305	2320.99	2592.6475	3119.95	2608.66	2718.41	1923.57	2521.76
spe	756	754	2320.99	2042.42	2181.705	2718.41	1923.57	2408.05	1676.79	2197.6
los	754	746	2042.42	1667.435	1854.9275	2408.05	1676.79	2098.35	1236.52	1822.285
spe	754	753	2042.42	1778.33	1910.375	2408.05	1676.79	2125.97	1430.69	1919.37
los	753	751	1778.33	1613.625	1695.9775	2125.97	1430.69	1945.94	1281.31	1703.64
hgt	888	887	2336.71	2137.8	2237.255	2614.71	2058.71	2389.64	1885.96	2250.335
los	None	dead	0.0	0.0	0.0	0.0	0.0	0.0	0.0	0.0
spe	888	887	2336.71	2137.8	2237.255	2614.71	2058.71	2389.64	1885.96	2250.335
hgt	None	dead	0.0	0.0	0.0	0.0	0.0	0.0	0.0	0.0
hgt	724	GCA.001914955.1.Bacteria.Nitrospirota	1396.405	0.0	698.2025	1709.69	1083.12	0.0	0.0	854.845
los	None	dead	0.0	0.0	0.0	0.0	0.0	0.0	0.0	0.0
spe	887	863	2137.8	1855.945	1996.8725	2389.64	1885.96	2157.72	1554.17	1971.905
spe	863	857	1855.945	1680.31	1768.1275	2157.72	1554.17	2026.99	1333.63	1745.675
los	857	GCA.002010915.1.Bacteria.Desulfobacterota	1680.31	0.0	840.155	2026.99	1333.63	0.0	0.0	1013.495
spe	863	862	1855.945	1513.555	1684.75	2157.72	1554.17	1819.77	1207.34	1682.53
spe	862	861	1513.555	1399.46	1456.5075	1819.77	1207.34	1712.04	1086.88	1453.325
hgt	None	dead	0.0	0.0	0.0	0.0	0.0	0.0	0.0	0.0
los	861	GCA.002327985.1.Bacteria.Desulfobacterota	1399.46	0.0	699.73	1712.04	1086.88	0.0	0.0	856.02
hgt	883	GCA.001751085.1.Bacteria.Desulfobacterota	1311.85	0.0	655.925	1564.19	1059.51	0.0	0.0	782.095
los	None	dead	0.0	0.0	0.0	0.0	0.0	0.0	0.0	0.0
spe	887	886	2137.8	1905.655	2021.7275	2389.64	1885.96	2131.89	1679.42	2034.53
los	886	885	1905.655	1770.19	1837.9225	2131.89	1679.42	2001.88	1538.5	1835.195
hgt	None	dead	0.0	0.0	0.0	0.0	0.0	0.0	0.0	0.0
hgt	987	GCA.002085355.1.Bacteria.KSB1	1406.395	0.0	703.1975	1742.49	1070.3	0.0	0.0	871.245
los	None	dead	0.0	0.0	0.0	0.0	0.0	0.0	0.0	0.0
spe	886	874	1905.655	1792.455	1849.055	2131.89	1679.42	2028.47	1556.44	1844.165
los	874	868	1792.455	1587.525	1689.99	2028.47	1556.44	1838.99	1336.06	1682.265
spe	874	873	1792.455	1600.675	1696.565	2028.47	1556.44	1876.83	1324.52	1676.495
los	873	GCA.002011835.1.Bacteria.Desulfobacterota	1600.675	0.0	800.3375	1876.83	1324.52	0.0	0.0	938.415
spe	873	871	1600.675	1358.76	1479.7175	1876.83	1324.52	1643.54	1073.98	1475.405
hgt	1186	1136	2550.565	1777.3	2163.9325	2828.93	2272.2	2350.53	1204.07	2016.5
los	None	dead	0.0	0.0	0.0	0.0	0.0	0.0	0.0	0.0
spe	1186	1136	2550.565	1777.3	2163.9325	2828.93	2272.2	2350.53	1204.07	2016.5
hgt	None	dead	0.0	0.0	0.0	0.0	0.0	0.0	0.0	0.0
hgt	681	GCA.002712885.1.Bacteria.Acidobacteriota	1727.015	0.0	863.5075	2032.78	1421.25	0.0	0.0	1016.39
los	None	dead	0.0	0.0	0.0	0.0	0.0	0.0	0.0	0.0
hgt	None	dead	0.0	0.0	0.0	0.0	0.0	0.0	0.0	0.0
hgt	1391	1390	2803.98	2692.555	2748.2675	3089.33	2518.63	2961.03	2424.08	2756.705
los	None	dead	0.0	0.0	0.0	0.0	0.0	0.0	0.0	0.0
spe	1391	1390	2803.98	2692.555	2748.2675	3089.33	2518.63	2961.03	2424.08	2756.705
spe	1390	1218	2692.555	2397.09	2544.8225	2961.03	2424.08	2801.39	1992.79	2476.91
hgt	None	dead	0.0	0.0	0.0	0.0	0.0	0.0	0.0	0.0
hgt	None	dead	0.0	0.0	0.0	0.0	0.0	0.0	0.0	0.0
dup	None	dead	0.0	0.0	0.0	0.0	0.0	0.0	0.0	0.0
hgt	1133	GCA.002366545.1.Bacteria.Actinobacteriota	1803.285	0.0	901.6425	2441.81	1164.76	0.0	0.0	1220.905
los	None	dead	0.0	0.0	0.0	0.0	0.0	0.0	0.0	0.0
hgt	None	dead	0.0	0.0	0.0	0.0	0.0	0.0	0.0	0.0
dup	None	dead	0.0	0.0	0.0	0.0	0.0	0.0	0.0	0.0
hgt	216	GCA.001805575.1.Bacteria.Omnitrophota	1386.785	0.0	693.3925	1642.34	1131.23	0.0	0.0	821.17
los	None	dead	0.0	0.0	0.0	0.0	0.0	0.0	0.0	0.0
hgt	None	dead	0.0	0.0	0.0	0.0	0.0	0.0	0.0	0.0
dup	None	dead	0.0	0.0	0.0	0.0	0.0	0.0	0.0	0.0
hgt	1651	GCA.003242895.1.Bacteria.Margulisbacteria	1776.02	0.0	888.01	2230.5	1321.54	0.0	0.0	1115.25
los	None	dead	0.0	0.0	0.0	0.0	0.0	0.0	0.0	0.0
hgt	198	GCA.001871015.1.Bacteria.Desantisbacteria	1971.4	0.0	985.7	2575.64	1367.16	0.0	0.0	1287.82
los	None	dead	0.0	0.0	0.0	0.0	0.0	0.0	0.0	0.0
hgt	1006	GCA.001302725.1.Bacteria.Zixibacteria	1512.585	0.0	756.2925	1814.55	1210.62	0.0	0.0	907.275
los	None	dead	0.0	0.0	0.0	0.0	0.0	0.0	0.0	0.0
hgt	None	dead	0.0	0.0	0.0	0.0	0.0	0.0	0.0	0.0
dup	None	dead	0.0	0.0	0.0	0.0	0.0	0.0	0.0	0.0
hgt	972	GCA.002779395.1.Bacteria.Bacteroidota	1266.481	0.0	633.2405	1556.25	976.712	0.0	0.0	778.125
los	None	dead	0.0	0.0	0.0	0.0	0.0	0.0	0.0	0.0
hgt	1191	GCA.002408345.1.Bacteria.Firmicutes.G	1478.59	0.0	739.295	1834.53	1122.65	0.0	0.0	917.265
los	None	dead	0.0	0.0	0.0	0.0	0.0	0.0	0.0	0.0
hgt	1412	1408	1749.925	1662.42	1706.1725	1991.74	1508.11	1907.66	1417.18	1704.46
los	None	dead	0.0	0.0	0.0	0.0	0.0	0.0	0.0	0.0
hgt	None	dead	0.0	0.0	0.0	0.0	0.0	0.0	0.0	0.0
hgt	236	GCA.002412545.1.Bacteria.Elusimicrobiota	1629.965	0.0	814.9825	1963.74	1296.19	0.0	0.0	981.87
los	None	dead	0.0	0.0	0.0	0.0	0.0	0.0	0.0	0.0
spe	1412	1408	1749.925	1662.42	1706.1725	1991.74	1508.11	1907.66	1417.18	1704.46
spe	1408	1407	1662.42	1546.495	1604.4575	1907.66	1417.18	1804.4	1288.59	1598.125
los	1407	1406	1546.495	1411.15	1478.8225	1804.4	1288.59	1684.0	1138.3	1471.35
spe	1408	1402	1662.42	1501.935	1582.1775	1907.66	1417.18	1778.95	1224.92	1566.29
los	1402	GCA.003228115.1.Bacteria.Chloroflexota	1501.935	0.0	750.9675	1778.95	1224.92	0.0	0.0	889.475
spe	1218	1216	2397.09	1902.285	2149.6875	2801.39	1992.79	2352.8	1451.77	2126.58
hgt	None	dead	0.0	0.0	0.0	0.0	0.0	0.0	0.0	0.0
hgt	961	GCA.001769385.1.Bacteria.Bacteroidota	860.4425	0.0	430.22125	1138.96	581.925	0.0	0.0	569.48
los	None	dead	0.0	0.0	0.0	0.0	0.0	0.0	0.0	0.0
hgt	None	dead	0.0	0.0	0.0	0.0	0.0	0.0	0.0	0.0
hgt	1426	GCF.001953175.1.Bacteria.Chloroflexota	1994.025	0.0	997.0125	2287.24	1700.81	0.0	0.0	1143.62
los	None	dead	0.0	0.0	0.0	0.0	0.0	0.0	0.0	0.0
hgt	None	dead	0.0	0.0	0.0	0.0	0.0	0.0	0.0	0.0
hgt	193	GCA.001873945.1.Bacteria.UBA9089	1901.335	0.0	950.6675	2524.47	1278.2	0.0	0.0	1262.235
los	None	dead	0.0	0.0	0.0	0.0	0.0	0.0	0.0	0.0
hgt	None	dead	0.0	0.0	0.0	0.0	0.0	0.0	0.0	0.0
hgt	109	108	2214.8	1863.195	2038.9975	2483.59	1946.01	2170.45	1555.94	2019.765
los	None	dead	0.0	0.0	0.0	0.0	0.0	0.0	0.0	0.0
hgt	None	dead	0.0	0.0	0.0	0.0	0.0	0.0	0.0	0.0
spe	109	108	2214.8	1863.195	2038.9975	2483.59	1946.01	2170.45	1555.94	2019.765
hgt	None	dead	0.0	0.0	0.0	0.0	0.0	0.0	0.0	0.0
hgt	90	89	1969.495	1812.405	1890.95	2197.74	1741.25	2030.99	1593.82	1895.78
los	None	dead	0.0	0.0	0.0	0.0	0.0	0.0	0.0	0.0
hgt	None	dead	0.0	0.0	0.0	0.0	0.0	0.0	0.0	0.0
spe	90	89	1969.495	1812.405	1890.95	2197.74	1741.25	2030.99	1593.82	1895.78
spe	89	88	1812.405	1663.625	1738.015	2030.99	1593.82	1881.51	1445.74	1738.365
spe	88	80	1663.625	1371.305	1517.465	1881.51	1445.74	1640.83	1101.78	1491.645
los	80	GCF.002114285.1.Archaea.Halobacteriota	1371.305	0.0	685.6525	1640.83	1101.78	0.0	0.0	820.415
spe	88	87	1663.625	1542.125	1602.875	1881.51	1445.74	1762.59	1321.66	1601.585
los	87	GCA.002256595.1.Archaea.Halobacteriota	1542.125	0.0	771.0625	1762.59	1321.66	0.0	0.0	881.295
spe	87	86	1542.125	1366.345	1454.235	1762.59	1321.66	1587.43	1145.26	1453.925
spe	86	84	1366.345	1169.197	1267.771	1587.43	1145.26	1403.93	934.464	1260.947
hgt	None	dead	0.0	0.0	0.0	0.0	0.0	0.0	0.0	0.0
hgt	87	GCA.002256595.1.Archaea.Halobacteriota	1542.125	0.0	771.0625	1762.59	1321.66	0.0	0.0	881.295
los	None	dead	0.0	0.0	0.0	0.0	0.0	0.0	0.0	0.0
spe	89	77	1812.405	1412.42	1612.4125	2030.99	1593.82	1711.62	1113.22	1572.105
hgt	None	dead	0.0	0.0	0.0	0.0	0.0	0.0	0.0	0.0
hgt	91	GCA.003034855.1.Archaea.Halobacteriota	2166.265	0.0	1083.1325	2401.72	1930.81	0.0	0.0	1200.86
los	None	dead	0.0	0.0	0.0	0.0	0.0	0.0	0.0	0.0
hgt	123	122	1998.805	1853.335	1926.07	2251.98	1745.63	2102.13	1604.54	1928.26
los	None	dead	0.0	0.0	0.0	0.0	0.0	0.0	0.0	0.0
spe	123	122	1998.805	1853.335	1926.07	2251.98	1745.63	2102.13	1604.54	1928.26
spe	122	121	1853.335	1422.225	1637.78	2102.13	1604.54	1736.27	1108.18	1605.155
hgt	None	dead	0.0	0.0	0.0	0.0	0.0	0.0	0.0	0.0
los	121	GCA.001273335.1.Archaea.Thermoproteota	1422.225	0.0	711.1125	1736.27	1108.18	0.0	0.0	868.135
hgt	113	GCA.001593865.1.Archaea.Thermoproteota	1643.05	0.0	821.525	2015.58	1270.52	0.0	0.0	1007.79
los	None	dead	0.0	0.0	0.0	0.0	0.0	0.0	0.0	0.0
spe	122	118	1853.335	1643.115	1748.225	2102.13	1604.54	1910.17	1376.06	1739.095
spe	118	116	1643.115	1108.5585	1375.83675	1910.17	1376.06	1411.12	805.997	1358.0835
los	116	GCA.001774245.1.Archaea.Thermoproteota	1108.5585	0.0	554.27925	1411.12	805.997	0.0	0.0	705.56
hgt	None	dead	0.0	0.0	0.0	0.0	0.0	0.0	0.0	0.0
hgt	None	dead	0.0	0.0	0.0	0.0	0.0	0.0	0.0	0.0
dup	None	dead	0.0	0.0	0.0	0.0	0.0	0.0	0.0	0.0
hgt	133	GCA.002506605.1.Archaea.Thermoproteota	1484.13	0.0	742.065	1802.63	1165.63	0.0	0.0	901.315
los	None	dead	0.0	0.0	0.0	0.0	0.0	0.0	0.0	0.0
hgt	352	GCA.002167285.1.Bacteria.Planctomycetota	1705.385	0.0	852.6925	2030.4	1380.37	0.0	0.0	1015.2
los	None	dead	0.0	0.0	0.0	0.0	0.0	0.0	0.0	0.0
spe	108	107	1863.195	1515.18	1689.1875	2170.45	1555.94	1853.29	1177.07	1673.76
los	107	GCA.001717025.1.Archaea.Thermoproteota	1515.18	0.0	757.59	1853.29	1177.07	0.0	0.0	926.645
hgt	None	dead	0.0	0.0	0.0	0.0	0.0	0.0	0.0	0.0
hgt	174	GCA.001940665.1.Archaea.Asgardarchaeota	2527.615	0.0	1263.8075	2745.47	2309.76	0.0	0.0	1372.735
los	None	dead	0.0	0.0	0.0	0.0	0.0	0.0	0.0	0.0
dup	107	GCA.003019535.1.Archaea.Thermoproteota	1515.18	0.0	757.59	1853.29	1177.07	0.0	0.0	926.645
hgt	39	38	2176.73	1770.925	1973.8275	2662.29	1691.17	2300.92	1240.93	1951.61
los	None	dead	0.0	0.0	0.0	0.0	0.0	0.0	0.0	0.0
spe	39	38	2176.73	1770.925	1973.8275	2662.29	1691.17	2300.92	1240.93	1951.61
hgt	None	dead	0.0	0.0	0.0	0.0	0.0	0.0	0.0	0.0
hgt	133	GCA.002506605.1.Archaea.Thermoproteota	1484.13	0.0	742.065	1802.63	1165.63	0.0	0.0	901.315
los	None	dead	0.0	0.0	0.0	0.0	0.0	0.0	0.0	0.0
hgt	None	dead	0.0	0.0	0.0	0.0	0.0	0.0	0.0	0.0
hgt	31	GCA.001723855.1.Archaea.Altiarchaeota	1919.745	0.0	959.8725	2381.01	1458.48	0.0	0.0	1190.505
los	None	dead	0.0	0.0	0.0	0.0	0.0	0.0	0.0	0.0
hgt	None	dead	0.0	0.0	0.0	0.0	0.0	0.0	0.0	0.0
hgt	136	GCA.000375685.1.Archaea.Thermoproteota	2026.55	0.0	1013.275	2277.08	1776.02	0.0	0.0	1138.54
los	None	dead	0.0	0.0	0.0	0.0	0.0	0.0	0.0	0.0
hgt	None	dead	0.0	0.0	0.0	0.0	0.0	0.0	0.0	0.0
hgt	140	GCF.000019605.1.Archaea.Thermoproteota	2626.73	0.0	1313.365	2837.91	2415.55	0.0	0.0	1418.955
los	None	dead	0.0	0.0	0.0	0.0	0.0	0.0	0.0	0.0
hgt	None	dead	0.0	0.0	0.0	0.0	0.0	0.0	0.0	0.0
hgt	143	GCA.001563325.1.Archaea.Asgardarchaeota	1902.65	0.0	951.325	2361.92	1443.38	0.0	0.0	1180.96
los	None	dead	0.0	0.0	0.0	0.0	0.0	0.0	0.0	0.0
hgt	None	dead	0.0	0.0	0.0	0.0	0.0	0.0	0.0	0.0
hgt	992	GCF.001886815.1.Bacteria.Calditrichota	1458.26	0.0	729.13	1829.68	1086.84	0.0	0.0	914.84
los	None	dead	0.0	0.0	0.0	0.0	0.0	0.0	0.0	0.0
hgt	None	dead	0.0	0.0	0.0	0.0	0.0	0.0	0.0	0.0
hgt	47	GCA.002494765.1.Archaea.Thermoplasmatota	1480.595	0.0	740.2975	1786.51	1174.68	0.0	0.0	893.255
los	None	dead	0.0	0.0	0.0	0.0	0.0	0.0	0.0	0.0
hgt	None	dead	0.0	0.0	0.0	0.0	0.0	0.0	0.0	0.0
hgt	93	GCF.000025525.1.Archaea.Methanobacteriota.A	2558.825	0.0	1279.4125	2775.71	2341.94	0.0	0.0	1387.855
los	None	dead	0.0	0.0	0.0	0.0	0.0	0.0	0.0	0.0
hgt	None	dead	0.0	0.0	0.0	0.0	0.0	0.0	0.0	0.0
hgt	1076	GCF.000021565.1.Bacteria.Aquificota	1235.659	0.0	617.8295	1564.19	907.128	0.0	0.0	782.095
los	None	dead	0.0	0.0	0.0	0.0	0.0	0.0	0.0	0.0
hgt	None	dead	0.0	0.0	0.0	0.0	0.0	0.0	0.0	0.0
hgt	967	966	1879.385	1606.29	1742.8375	2109.43	1649.34	1831.14	1381.44	1745.435
los	None	dead	0.0	0.0	0.0	0.0	0.0	0.0	0.0	0.0
spe	967	966	1879.385	1606.29	1742.8375	2109.43	1649.34	1831.14	1381.44	1745.435
spe	966	965	1606.29	1429.675	1517.9825	1831.14	1381.44	1647.7	1211.65	1521.395
los	965	964	1429.675	1306.425	1368.05	1647.7	1211.65	1524.94	1087.91	1367.805
spe	965	955	1429.675	1277.41	1353.5425	1647.7	1211.65	1498.37	1056.45	1352.075
los	955	GCF.001280305.1.Bacteria.Bacteroidota	1277.41	0.0	638.705	1498.37	1056.45	0.0	0.0	749.185
hgt	None	dead	0.0	0.0	0.0	0.0	0.0	0.0	0.0	0.0
hgt	515	GCA.002632265.1.Bacteria.Proteobacteria	2084.22	0.0	1042.11	2265.7	1902.74	0.0	0.0	1132.85
los	None	dead	0.0	0.0	0.0	0.0	0.0	0.0	0.0	0.0
hgt	None	dead	0.0	0.0	0.0	0.0	0.0	0.0	0.0	0.0
hgt	386	GCA.002450905.1.Bacteria.Spirochaetota	1753.72	0.0	876.86	2160.86	1346.58	0.0	0.0	1080.43
los	None	dead	0.0	0.0	0.0	0.0	0.0	0.0	0.0	0.0
hgt	None	dead	0.0	0.0	0.0	0.0	0.0	0.0	0.0	0.0
dup	None	dead	0.0	0.0	0.0	0.0	0.0	0.0	0.0	0.0
hgt	1080	GCF.001547735.1.Bacteria.Thermosulfidibacterota	2190.32	0.0	1095.16	2556.59	1824.05	0.0	0.0	1278.295
los	None	dead	0.0	0.0	0.0	0.0	0.0	0.0	0.0	0.0
hgt	1069	GCF.000378005.1.Bacteria.Coprothermobacterota	1779.88	0.0	889.94	2130.11	1429.65	0.0	0.0	1065.055
los	None	dead	0.0	0.0	0.0	0.0	0.0	0.0	0.0	0.0
hgt	None	dead	0.0	0.0	0.0	0.0	0.0	0.0	0.0	0.0
dup	None	dead	0.0	0.0	0.0	0.0	0.0	0.0	0.0	0.0
hgt	395	GCA.002402635.1.Bacteria.Deferribacterota	1504.32	0.0	752.16	1938.87	1069.77	0.0	0.0	969.435
los	None	dead	0.0	0.0	0.0	0.0	0.0	0.0	0.0	0.0
hgt	1076	GCF.900142435.1.Bacteria.Aquificota	1235.659	0.0	617.8295	1564.19	907.128	0.0	0.0	782.095
los	None	dead	0.0	0.0	0.0	0.0	0.0	0.0	0.0	0.0
hgt	None	dead	0.0	0.0	0.0	0.0	0.0	0.0	0.0	0.0
hgt	866	GCA.002877985.1.Bacteria.Desulfobacterota	1297.81	0.0	648.905	1547.62	1048.0	0.0	0.0	773.81
los	None	dead	0.0	0.0	0.0	0.0	0.0	0.0	0.0	0.0
hgt	None	dead	0.0	0.0	0.0	0.0	0.0	0.0	0.0	0.0
dup	None	dead	0.0	0.0	0.0	0.0	0.0	0.0	0.0	0.0
hgt	128	GCA.002011085.1.Archaea.Thermoproteota	925.9285	0.0	462.96425	1257.47	594.387	0.0	0.0	628.735
los	None	dead	0.0	0.0	0.0	0.0	0.0	0.0	0.0	0.0
dup	None	dead	0.0	0.0	0.0	0.0	0.0	0.0	0.0	0.0
hgt	332	GCA.002704825.1.Bacteria.Planctomycetota	1114.632	0.0	557.316	1388.09	841.174	0.0	0.0	694.045
los	None	dead	0.0	0.0	0.0	0.0	0.0	0.0	0.0	0.0
hgt	1188	GCA.002779205.1.Bacteria.Actinobacteriota	2752.47	0.0	1376.235	3058.53	2446.41	0.0	0.0	1529.265
los	None	dead	0.0	0.0	0.0	0.0	0.0	0.0	0.0	0.0
dup	None	dead	0.0	0.0	0.0	0.0	0.0	0.0	0.0	0.0
hgt	1032	GCA.002693325.1.Bacteria.Latescibacterota	1430.62	0.0	715.31	1762.83	1098.41	0.0	0.0	881.415
los	None	dead	0.0	0.0	0.0	0.0	0.0	0.0	0.0	0.0
dup	None	dead	0.0	0.0	0.0	0.0	0.0	0.0	0.0	0.0
hgt	356	GCA.001828445.1.Bacteria.Planctomycetota	1629.915	0.0	814.9575	2024.86	1234.97	0.0	0.0	1012.43
los	None	dead	0.0	0.0	0.0	0.0	0.0	0.0	0.0	0.0
hgt	853	GCA.003232385.1.Bacteria.SZUA.79	1743.175	0.0	871.5875	2129.35	1357.0	0.0	0.0	1064.675
los	None	dead	0.0	0.0	0.0	0.0	0.0	0.0	0.0	0.0
hgt	None	dead	0.0	0.0	0.0	0.0	0.0	0.0	0.0	0.0
hgt	1240	GCA.002376045.1.Bacteria.Firmicutes.A	1697.815	0.0	848.9075	2230.68	1164.95	0.0	0.0	1115.34
los	None	dead	0.0	0.0	0.0	0.0	0.0	0.0	0.0	0.0
spe	1216	1215	1902.285	1418.775	1660.53	2352.8	1451.77	1822.09	1015.46	1684.13
hgt	None	dead	0.0	0.0	0.0	0.0	0.0	0.0	0.0	0.0
hgt	1068	GCA.002877955.1.Bacteria.Caldisericota	1488.73	0.0	744.365	1829.99	1147.47	0.0	0.0	914.995
los	None	dead	0.0	0.0	0.0	0.0	0.0	0.0	0.0	0.0
hgt	None	dead	0.0	0.0	0.0	0.0	0.0	0.0	0.0	0.0
hgt	1317	GCA.002398485.1.Bacteria.Firmicutes.B	1148.381	0.0	574.1905	1413.4	883.362	0.0	0.0	706.7
los	None	dead	0.0	0.0	0.0	0.0	0.0	0.0	0.0	0.0
hgt	None	dead	0.0	0.0	0.0	0.0	0.0	0.0	0.0	0.0
dup	None	dead	0.0	0.0	0.0	0.0	0.0	0.0	0.0	0.0
hgt	1195	GCA.002396805.1.Bacteria.Firmicutes.G	1264.8925	0.0	632.44625	1558.03	971.755	0.0	0.0	779.015
los	None	dead	0.0	0.0	0.0	0.0	0.0	0.0	0.0	0.0
hgt	1289	GCA.002345475.1.Bacteria.Firmicutes.H	1989.36	0.0	994.68	2274.49	1704.23	0.0	0.0	1137.245
los	None	dead	0.0	0.0	0.0	0.0	0.0	0.0	0.0	0.0
hgt	None	dead	0.0	0.0	0.0	0.0	0.0	0.0	0.0	0.0
hgt	1252	GCF.900107485.1.Bacteria.Firmicutes.A	1387.715	0.0	693.8575	1606.53	1168.9	0.0	0.0	803.265
los	None	dead	0.0	0.0	0.0	0.0	0.0	0.0	0.0	0.0
dup	None	dead	0.0	0.0	0.0	0.0	0.0	0.0	0.0	0.0
hgt	359	GCF.000949635.1.Bacteria.Planctomycetota	1653.55	0.0	826.775	2053.94	1253.16	0.0	0.0	1026.97
los	None	dead	0.0	0.0	0.0	0.0	0.0	0.0	0.0	0.0
dup	None	dead	0.0	0.0	0.0	0.0	0.0	0.0	0.0	0.0
hgt	749	GCA.003229375.1.Bacteria.Nitrospinota	1448.555	0.0	724.2775	1782.86	1114.25	0.0	0.0	891.43
los	None	dead	0.0	0.0	0.0	0.0	0.0	0.0	0.0	0.0
hgt	1360	GCF.002902625.1.Bacteria.Firmicutes	1258.375	0.0	629.1875	1500.04	1016.71	0.0	0.0	750.02
los	None	dead	0.0	0.0	0.0	0.0	0.0	0.0	0.0	0.0
spe	1390	1389	2692.555	2619.07	2655.8125	2961.03	2424.08	2879.48	2358.66	2659.845
spe	1389	1388	2619.07	2495.045	2557.0575	2879.48	2358.66	2745.25	2244.84	2562.16
los	1388	1274	2495.045	2255.985	2375.515	2745.25	2244.84	2515.29	1996.68	2370.965
hgt	None	dead	0.0	0.0	0.0	0.0	0.0	0.0	0.0	0.0
hgt	1068	GCA.002428295.1.Bacteria.Caldisericota	1488.73	0.0	744.365	1829.99	1147.47	0.0	0.0	914.995
los	None	dead	0.0	0.0	0.0	0.0	0.0	0.0	0.0	0.0
spe	1388	1387	2495.045	2426.135	2460.59	2745.25	2244.84	2669.8	2182.47	2463.86
los	1387	1386	2426.135	2312.805	2369.47	2669.8	2182.47	2552.07	2073.54	2371.67
spe	1387	1327	2426.135	2263.0	2344.5675	2669.8	2182.47	2518.47	2007.53	2338.665
spe	1327	1326	2263.0	2039.05	2151.025	2518.47	2007.53	2290.01	1788.09	2153.28
los	1326	1325	2039.05	1862.485	1950.7675	2290.01	1788.09	2083.02	1641.95	1965.98
spe	1326	1292	2039.05	1516.66	1777.855	2290.01	1788.09	1936.55	1096.77	1693.39
los	1292	GCF.001950325.1.Bacteria.Firmicutes.B	1516.66	0.0	758.33	1936.55	1096.77	0.0	0.0	968.275
spe	1327	1289	2263.0	1989.36	2126.18	2518.47	2007.53	2274.49	1704.23	2111.35
hgt	None	dead	0.0	0.0	0.0	0.0	0.0	0.0	0.0	0.0
los	1289	GCA.002345475.1.Bacteria.Firmicutes.H	1989.36	0.0	994.68	2274.49	1704.23	0.0	0.0	1137.245
hgt	1008	GCA.000447245.1.Bacteria.Zixibacteria	1720.66	0.0	860.33	2040.66	1400.66	0.0	0.0	1020.33
los	None	dead	0.0	0.0	0.0	0.0	0.0	0.0	0.0	0.0
hgt	None	dead	0.0	0.0	0.0	0.0	0.0	0.0	0.0	0.0
hgt	1119	GCA.002779825.1.Bacteria.Armatimonadota	1519.685	0.0	759.8425	1896.55	1142.82	0.0	0.0	948.275
los	None	dead	0.0	0.0	0.0	0.0	0.0	0.0	0.0	0.0
hgt	None	dead	0.0	0.0	0.0	0.0	0.0	0.0	0.0	0.0
hgt	1285	1281	1338.6	1109.4215	1224.01075	1586.21	1090.99	1419.04	799.803	1193.0065
los	None	dead	0.0	0.0	0.0	0.0	0.0	0.0	0.0	0.0
spe	1285	1281	1338.6	1109.4215	1224.01075	1586.21	1090.99	1419.04	799.803	1193.0065
spe	1281	1280	1109.4215	950.2895	1029.8555	1419.04	799.803	1302.52	598.059	1008.5495
los	1280	GCF.900104455.1.Bacteria.Firmicutes.C	950.2895	0.0	475.14475	1302.52	598.059	0.0	0.0	651.26
hgt	None	dead	0.0	0.0	0.0	0.0	0.0	0.0	0.0	0.0
hgt	1315	GCF.002224645.1.Bacteria.Firmicutes.B	955.8	0.0	477.9	1256.7	654.9	0.0	0.0	628.35
los	None	dead	0.0	0.0	0.0	0.0	0.0	0.0	0.0	0.0
spe	1289	1288	1989.36	1620.075	1804.7175	2274.49	1704.23	1888.5	1351.65	1813.07
spe	1288	1287	1620.075	1424.27	1522.1725	1888.5	1351.65	1673.04	1175.5	1532.0
los	1287	1285	1424.27	1338.6	1381.435	1673.04	1175.5	1586.21	1090.99	1382.015
hgt	None	dead	0.0	0.0	0.0	0.0	0.0	0.0	0.0	0.0
dup	None	dead	0.0	0.0	0.0	0.0	0.0	0.0	0.0	0.0
hgt	868	GCA.002347095.1.Bacteria.Desulfobacterota	1587.525	0.0	793.7625	1838.99	1336.06	0.0	0.0	919.495
los	None	dead	0.0	0.0	0.0	0.0	0.0	0.0	0.0	0.0
dup	None	dead	0.0	0.0	0.0	0.0	0.0	0.0	0.0	0.0
hgt	1663	GCA.001464165.1.Bacteria.Cyanobacteria	1748.05	0.0	874.025	2269.88	1226.22	0.0	0.0	1134.94
los	None	dead	0.0	0.0	0.0	0.0	0.0	0.0	0.0	0.0
hgt	769	GCA.001798135.1.Bacteria.UBA10199	1816.45	0.0	908.225	2071.96	1560.94	0.0	0.0	1035.98
los	None	dead	0.0	0.0	0.0	0.0	0.0	0.0	0.0	0.0
hgt	None	dead	0.0	0.0	0.0	0.0	0.0	0.0	0.0	0.0
spe	1389	1237	2619.07	2011.28	2315.175	2879.48	2358.66	2328.85	1693.71	2286.595
spe	1237	1236	2011.28	1872.885	1942.0825	2328.85	1693.71	2166.17	1579.6	1954.225
los	1236	1235	1872.885	1667.965	1770.425	2166.17	1579.6	1952.79	1383.14	1774.655
spe	1236	1228	1872.885	1712.115	1792.5	2166.17	1579.6	2011.29	1412.94	1789.555
los	1228	GCA.003023725.1.Bacteria.Firmicutes.E	1712.115	0.0	856.0575	2011.29	1412.94	0.0	0.0	1005.645
spe	1228	1227	1712.115	1509.365	1610.74	2011.29	1412.94	1811.9	1206.83	1609.06
los	1227	1226	1509.365	1388.78	1449.0725	1811.9	1206.83	1687.37	1090.19	1451.045
hgt	None	dead	0.0	0.0	0.0	0.0	0.0	0.0	0.0	0.0
hgt	1326	1325	2039.05	1862.485	1950.7675	2290.01	1788.09	2083.02	1641.95	1965.98
los	None	dead	0.0	0.0	0.0	0.0	0.0	0.0	0.0	0.0
hgt	None	dead	0.0	0.0	0.0	0.0	0.0	0.0	0.0	0.0
hgt	1375	GCF.000178255.1.Bacteria.Firmicutes	1363.0	0.0	681.5	1548.98	1177.02	0.0	0.0	774.49
los	None	dead	0.0	0.0	0.0	0.0	0.0	0.0	0.0	0.0
spe	1326	1325	2039.05	1862.485	1950.7675	2290.01	1788.09	2083.02	1641.95	1965.98
spe	1325	1297	1862.485	1576.575	1719.53	2083.02	1641.95	1886.7	1266.45	1674.735
los	1297	GCA.002329495.1.Bacteria.Firmicutes.B	1576.575	0.0	788.2875	1886.7	1266.45	0.0	0.0	943.35
spe	1297	1296	1576.575	1436.52	1506.5475	1886.7	1266.45	1763.25	1109.79	1498.245
los	1296	GCA.001513545.1.Bacteria.Firmicutes.B	1436.52	0.0	718.26	1763.25	1109.79	0.0	0.0	881.625
spe	1325	1324	1862.485	1779.53	1821.0075	2083.02	1641.95	1989.46	1569.6	1826.31
spe	1324	1323	1779.53	1708.06	1743.795	1989.46	1569.6	1917.5	1498.62	1744.04
los	1323	1319	1708.06	1607.725	1657.8925	1917.5	1498.62	1817.85	1397.6	1657.55
spe	1323	1322	1708.06	1384.555	1546.3075	1917.5	1498.62	1682.41	1086.7	1502.1
los	1322	GCA.001512665.1.Bacteria.Firmicutes.B	1384.555	0.0	692.2775	1682.41	1086.7	0.0	0.0	841.205
spe	1324	1308	1779.53	1606.55	1693.04	1989.46	1569.6	1832.18	1380.92	1685.19
los	1308	1300	1606.55	1333.34	1469.945	1832.18	1380.92	1595.67	1071.01	1451.595
spe	1308	1307	1606.55	1451.1	1528.825	1832.18	1380.92	1682.57	1219.63	1525.905
spe	1307	1305	1451.1	1336.995	1394.0475	1682.57	1219.63	1578.59	1095.4	1388.985
los	1305	GCF.002207765.1.Bacteria.Firmicutes.B	1336.995	0.0	668.4975	1578.59	1095.4	0.0	0.0	789.295
hgt	None	dead	0.0	0.0	0.0	0.0	0.0	0.0	0.0	0.0
spe	1305	1304	1336.995	1096.0955	1216.54525	1578.59	1095.4	1375.0	817.191	1197.8905
los	1304	GCA.001508005.1.Bacteria.Firmicutes.B	1096.0955	0.0	548.04775	1375.0	817.191	0.0	0.0	687.5
hgt	1312	GCF.000019165.1.Bacteria.Firmicutes.B	1284.875	0.0	642.4375	1547.99	1021.76	0.0	0.0	773.995
los	None	dead	0.0	0.0	0.0	0.0	0.0	0.0	0.0	0.0
spe	1237	1221	2011.28	1546.995	1779.1375	2328.85	1693.71	1982.53	1111.46	1720.155
hgt	None	dead	0.0	0.0	0.0	0.0	0.0	0.0	0.0	0.0
hgt	1305	GCF.002207765.1.Bacteria.Firmicutes.B	1336.995	0.0	668.4975	1578.59	1095.4	0.0	0.0	789.295
los	None	dead	0.0	0.0	0.0	0.0	0.0	0.0	0.0	0.0
hgt	None	dead	0.0	0.0	0.0	0.0	0.0	0.0	0.0	0.0
hgt	1300	GCF.000620305.1.Bacteria.Firmicutes.B	1333.34	0.0	666.67	1595.67	1071.01	0.0	0.0	797.835
los	None	dead	0.0	0.0	0.0	0.0	0.0	0.0	0.0	0.0
hgt	None	dead	0.0	0.0	0.0	0.0	0.0	0.0	0.0	0.0
hgt	1296	GCA.001513545.1.Bacteria.Firmicutes.B	1436.52	0.0	718.26	1763.25	1109.79	0.0	0.0	881.625
los	None	dead	0.0	0.0	0.0	0.0	0.0	0.0	0.0	0.0
hgt	None	dead	0.0	0.0	0.0	0.0	0.0	0.0	0.0	0.0
hgt	1312	GCF.002607855.1.Bacteria.Firmicutes.B	1284.875	0.0	642.4375	1547.99	1021.76	0.0	0.0	773.995
los	None	dead	0.0	0.0	0.0	0.0	0.0	0.0	0.0	0.0
dup	None	dead	0.0	0.0	0.0	0.0	0.0	0.0	0.0	0.0
dup	None	dead	0.0	0.0	0.0	0.0	0.0	0.0	0.0	0.0
hgt	244	GCA.001800075.1.Bacteria.Elusimicrobiota	1375.91	0.0	687.955	1646.78	1105.04	0.0	0.0	823.39
los	None	dead	0.0	0.0	0.0	0.0	0.0	0.0	0.0	0.0
dup	None	dead	0.0	0.0	0.0	0.0	0.0	0.0	0.0	0.0
hgt	791	GCA.002898795.1.Bacteria.Desulfobacterota.B	1228.3465	0.0	614.17325	1482.5	974.193	0.0	0.0	741.25
los	None	dead	0.0	0.0	0.0	0.0	0.0	0.0	0.0	0.0
dup	None	dead	0.0	0.0	0.0	0.0	0.0	0.0	0.0	0.0
hgt	1280	GCF.900104455.1.Bacteria.Firmicutes.C	950.2895	0.0	475.14475	1302.52	598.059	0.0	0.0	651.26
los	None	dead	0.0	0.0	0.0	0.0	0.0	0.0	0.0	0.0
hgt	736	GCA.003454665.1.Bacteria.Nitrospirota	1526.965	0.0	763.4825	1902.65	1151.28	0.0	0.0	951.325
los	None	dead	0.0	0.0	0.0	0.0	0.0	0.0	0.0	0.0
hgt	1382	1381	1907.445	1843.345	1875.395	2119.76	1695.13	2050.47	1636.22	1877.99
los	None	dead	0.0	0.0	0.0	0.0	0.0	0.0	0.0	0.0
spe	1382	1381	1907.445	1843.345	1875.395	2119.76	1695.13	2050.47	1636.22	1877.99
spe	1381	1351	1843.345	1688.26	1765.8025	2050.47	1636.22	1952.2	1424.32	1737.395
spe	1351	1347	1688.26	1373.121	1530.6905	1952.2	1424.32	1753.0	993.242	1472.721
los	1347	GCF.900099895.1.Bacteria.Firmicutes	1373.121	0.0	686.5605	1753.0	993.242	0.0	0.0	876.5
spe	1351	1350	1688.26	1481.1	1584.68	1952.2	1424.32	1809.84	1152.36	1552.28
los	1350	GCF.000942395.1.Bacteria.Firmicutes	1481.1	0.0	740.55	1809.84	1152.36	0.0	0.0	904.92
hgt	None	dead	0.0	0.0	0.0	0.0	0.0	0.0	0.0	0.0
hgt	1338	GCF.002335525.1.Bacteria.Firmicutes	1549.595	0.0	774.7975	1917.57	1181.62	0.0	0.0	958.785
los	None	dead	0.0	0.0	0.0	0.0	0.0	0.0	0.0	0.0
spe	1381	1380	1843.345	1785.675	1814.51	2050.47	1636.22	1991.06	1580.29	1815.38
spe	1380	1379	1785.675	1743.235	1764.455	1991.06	1580.29	1945.76	1540.71	1765.885
los	1379	1378	1743.235	1618.42	1680.8275	1945.76	1540.71	1816.1	1420.74	1683.25
spe	1379	1355	1743.235	1426.77	1585.0025	1945.76	1540.71	1769.44	1084.1	1514.93
los	1355	GCF.000503775.1.Bacteria.Firmicutes	1426.77	0.0	713.385	1769.44	1084.1	0.0	0.0	884.72
spe	898	897	2864.305	2785.14	2824.7225	3119.95	2608.66	3031.51	2538.77	2829.36
hgt	None	dead	0.0	0.0	0.0	0.0	0.0	0.0	0.0	0.0
los	897	889	2785.14	2616.235	2700.6875	3031.51	2538.77	2841.39	2391.08	2711.295
dup	None	dead	0.0	0.0	0.0	0.0	0.0	0.0	0.0	0.0
hgt	857	GCA.002010915.1.Bacteria.Desulfobacterota	1680.31	0.0	840.155	2026.99	1333.63	0.0	0.0	1013.495
los	None	dead	0.0	0.0	0.0	0.0	0.0	0.0	0.0	0.0
hgt	738	737	2076.07	1863.46	1969.765	2381.91	1770.23	2163.3	1563.62	1972.765
los	None	dead	0.0	0.0	0.0	0.0	0.0	0.0	0.0	0.0
spe	738	737	2076.07	1863.46	1969.765	2381.91	1770.23	2163.3	1563.62	1972.765
spe	737	733	1863.46	1467.515	1665.4875	2163.3	1563.62	1757.8	1177.23	1670.265
los	733	GCA.003235715.1.Bacteria.Nitrospirota	1467.515	0.0	733.7575	1757.8	1177.23	0.0	0.0	878.9
spe	733	732	1467.515	1232.2775	1349.89625	1757.8	1177.23	1527.66	936.895	1347.3475
los	732	GCA.003153275.1.Bacteria.Nitrospirota	1232.2775	0.0	616.13875	1527.66	936.895	0.0	0.0	763.83
spe	737	736	1863.46	1526.965	1695.2125	2163.3	1563.62	1902.65	1151.28	1657.29
los	736	GCA.003454665.1.Bacteria.Nitrospirota	1526.965	0.0	763.4825	1902.65	1151.28	0.0	0.0	951.325
spe	897	896	2785.14	2307.21	2546.175	3031.51	2538.77	2775.78	1838.64	2435.075
los	896	895	2307.21	1810.42	2058.815	2775.78	1838.64	2358.35	1262.49	2019.135
hgt	None	dead	0.0	0.0	0.0	0.0	0.0	0.0	0.0	0.0
hgt	1319	GCF.900100785.1.Bacteria.Firmicutes.B	1607.725	0.0	803.8625	1817.85	1397.6	0.0	0.0	908.925
los	None	dead	0.0	0.0	0.0	0.0	0.0	0.0	0.0	0.0
spe	896	892	2307.21	1770.59	2038.9	2775.78	1838.64	2290.19	1250.99	2013.385
hgt	None	dead	0.0	0.0	0.0	0.0	0.0	0.0	0.0	0.0
los	892	GCA.001873295.1.Bacteria.CG2.30.70.394	1770.59	0.0	885.295	2290.19	1250.99	0.0	0.0	1145.095
hgt	229	GCA.002791075.1.Bacteria.Ratteibacteria	2437.94	0.0	1218.97	2720.33	2155.55	0.0	0.0	1360.165
los	None	dead	0.0	0.0	0.0	0.0	0.0	0.0	0.0	0.0
hgt	1478	1477	3018.815	2723.605	2871.21	3423.42	2614.21	3040.81	2406.4	2914.91
los	None	dead	0.0	0.0	0.0	0.0	0.0	0.0	0.0	0.0
spe	1478	1477	3018.815	2723.605	2871.21	3423.42	2614.21	3040.81	2406.4	2914.91
hgt	None	dead	0.0	0.0	0.0	0.0	0.0	0.0	0.0	0.0
dup	None	dead	0.0	0.0	0.0	0.0	0.0	0.0	0.0	0.0
hgt	709	GCA.003223145.1.Bacteria.Acidobacteriota	1397.765	0.0	698.8825	1717.19	1078.34	0.0	0.0	858.595
los	None	dead	0.0	0.0	0.0	0.0	0.0	0.0	0.0	0.0
hgt	832	GCA.002721815.1.Bacteria.Myxococcota	1444.88	0.0	722.44	1737.65	1152.11	0.0	0.0	868.825
los	None	dead	0.0	0.0	0.0	0.0	0.0	0.0	0.0	0.0
hgt	None	dead	0.0	0.0	0.0	0.0	0.0	0.0	0.0	0.0
dup	None	dead	0.0	0.0	0.0	0.0	0.0	0.0	0.0	0.0
hgt	880	GCF.000195295.1.Bacteria.Desulfobacterota	1365.41	0.0	682.705	1637.86	1092.96	0.0	0.0	818.93
los	None	dead	0.0	0.0	0.0	0.0	0.0	0.0	0.0	0.0
dup	None	dead	0.0	0.0	0.0	0.0	0.0	0.0	0.0	0.0
hgt	1088	GCA.002010365.1.Bacteria.Bipolaricaulota	1715.27	0.0	857.635	2079.93	1350.61	0.0	0.0	1039.965
los	None	dead	0.0	0.0	0.0	0.0	0.0	0.0	0.0	0.0
hgt	275	GCA.001784175.1.Bacteria.Lindowbacteria	2298.405	0.0	1149.2025	2814.32	1782.49	0.0	0.0	1407.16
los	None	dead	0.0	0.0	0.0	0.0	0.0	0.0	0.0	0.0
spe	1477	1431	2723.605	2420.455	2572.03	3040.81	2406.4	2714.59	2126.32	2583.565
los	1431	1427	2420.455	2216.53	2318.4925	2714.59	2126.32	2490.85	1942.21	2328.4
spe	1431	1430	2420.455	1801.635	2111.045	2714.59	2126.32	2276.21	1327.06	2020.825
hgt	None	dead	0.0	0.0	0.0	0.0	0.0	0.0	0.0	0.0
los	1430	GCA.002239025.1.Bacteria.Chloroflexota	1801.635	0.0	900.8175	2276.21	1327.06	0.0	0.0	1138.105
dup	None	dead	0.0	0.0	0.0	0.0	0.0	0.0	0.0	0.0
hgt	74	GCF.000194625.1.Archaea.Halobacteriota	1616.7	0.0	808.35	1969.17	1264.23	0.0	0.0	984.585
los	None	dead	0.0	0.0	0.0	0.0	0.0	0.0	0.0	0.0
hgt	None	dead	0.0	0.0	0.0	0.0	0.0	0.0	0.0	0.0
hgt	1210	1209	1896.845	1584.4	1740.6225	2224.85	1568.84	1929.85	1238.95	1731.9
los	None	dead	0.0	0.0	0.0	0.0	0.0	0.0	0.0	0.0
hgt	None	dead	0.0	0.0	0.0	0.0	0.0	0.0	0.0	0.0
hgt	1221	GCA.002375895.1.Bacteria.Firmicutes.E	1546.995	0.0	773.4975	1982.53	1111.46	0.0	0.0	991.265
los	None	dead	0.0	0.0	0.0	0.0	0.0	0.0	0.0	0.0
spe	1210	1209	1896.845	1584.4	1740.6225	2224.85	1568.84	1929.85	1238.95	1731.9
spe	1209	1208	1584.4	1446.125	1515.2625	1929.85	1238.95	1790.14	1102.11	1515.98
los	1208	GCA.900016865.1.Bacteria.Firmicutes.G	1446.125	0.0	723.0625	1790.14	1102.11	0.0	0.0	895.07
dup	None	dead	0.0	0.0	0.0	0.0	0.0	0.0	0.0	0.0
hgt	1173	GCA.002897715.1.Bacteria.Actinobacteriota	1376.77	0.0	688.385	1664.76	1088.78	0.0	0.0	832.38
los	None	dead	0.0	0.0	0.0	0.0	0.0	0.0	0.0	0.0
dup	None	dead	0.0	0.0	0.0	0.0	0.0	0.0	0.0	0.0
hgt	1300	GCA.002418765.1.Bacteria.Firmicutes.B	1333.34	0.0	666.67	1595.67	1071.01	0.0	0.0	797.835
los	None	dead	0.0	0.0	0.0	0.0	0.0	0.0	0.0	0.0
hgt	686	GCA.002451015.1.Bacteria.Acidobacteriota	1587.93	0.0	793.965	1852.98	1322.88	0.0	0.0	926.49
los	None	dead	0.0	0.0	0.0	0.0	0.0	0.0	0.0	0.0
hgt	None	dead	0.0	0.0	0.0	0.0	0.0	0.0	0.0	0.0
hgt	1226	GCA.003242195.1.Bacteria.Firmicutes.E	1388.78	0.0	694.39	1687.37	1090.19	0.0	0.0	843.685
los	None	dead	0.0	0.0	0.0	0.0	0.0	0.0	0.0	0.0
spe	1477	1476	2723.605	2416.915	2570.26	3040.81	2406.4	2708.83	2125.0	2582.905
spe	1476	1475	2416.915	2249.485	2333.2	2708.83	2125.0	2543.8	1955.17	2332.0
los	1475	1463	2249.485	1987.575	2118.53	2543.8	1955.17	2304.87	1670.28	2107.04
spe	1475	1474	2249.485	2094.15	2171.8175	2543.8	1955.17	2398.35	1789.95	2166.875
los	1474	1473	2094.15	1294.4735	1694.31175	2398.35	1789.95	1671.97	916.977	1657.6635
spe	1474	1470	2094.15	1749.085	1921.6175	2398.35	1789.95	2065.21	1432.96	1915.655
los	1470	GCF.000025005.1.Bacteria.Chloroflexota	1749.085	0.0	874.5425	2065.21	1432.96	0.0	0.0	1032.605
spe	1470	1469	1749.085	1574.225	1661.655	2065.21	1432.96	1892.87	1255.58	1660.395
los	1469	1467	1574.225	1431.56	1502.8925	1892.87	1255.58	1750.93	1112.19	1502.53
spe	1476	1454	2416.915	1996.555	2206.735	2708.83	2125.0	2245.89	1747.22	2228.025
hgt	None	dead	0.0	0.0	0.0	0.0	0.0	0.0	0.0	0.0
hgt	None	dead	0.0	0.0	0.0	0.0	0.0	0.0	0.0	0.0
hgt	746	GCF.900079095.1.Bacteria.Tectomicrobia	1667.435	0.0	833.7175	2098.35	1236.52	0.0	0.0	1049.175
los	None	dead	0.0	0.0	0.0	0.0	0.0	0.0	0.0	0.0
spe	1454	1446	1996.555	1803.385	1899.97	2245.89	1747.22	2040.01	1566.76	1906.325
spe	1446	1440	1803.385	1679.715	1741.55	2040.01	1566.76	1908.42	1451.01	1745.51
los	1440	1439	1679.715	1492.005	1585.86	1908.42	1451.01	1713.37	1270.64	1589.53
spe	1446	1445	1803.385	1577.91	1690.6475	2040.01	1566.76	1848.3	1307.52	1673.765
los	1445	1444	1577.91	1386.06	1481.985	1848.3	1307.52	1673.58	1098.54	1473.42
dup	None	dead	0.0	0.0	0.0	0.0	0.0	0.0	0.0	0.0
hgt	924	GCA.003221825.1.Bacteria.Gemmatimonadota	1568.375	0.0	784.1875	2038.32	1098.43	0.0	0.0	1019.16
los	None	dead	0.0	0.0	0.0	0.0	0.0	0.0	0.0	0.0
dup	None	dead	0.0	0.0	0.0	0.0	0.0	0.0	0.0	0.0
hgt	1228	GCA.003023725.1.Bacteria.Firmicutes.E	1712.115	0.0	856.0575	2011.29	1412.94	0.0	0.0	1005.645
los	None	dead	0.0	0.0	0.0	0.0	0.0	0.0	0.0	0.0
hgt	741	GCA.003220615.1.Bacteria.Methylomirabilota	1693.345	0.0	846.6725	2199.48	1187.21	0.0	0.0	1099.74
los	None	dead	0.0	0.0	0.0	0.0	0.0	0.0	0.0	0.0
spe	1454	1453	1996.555	1862.655	1929.605	2245.89	1747.22	2140.61	1584.7	1915.295
hgt	None	dead	0.0	0.0	0.0	0.0	0.0	0.0	0.0	0.0
hgt	1444	GCA.002366755.1.Bacteria.Chloroflexota	1386.06	0.0	693.03	1673.58	1098.54	0.0	0.0	836.79
los	None	dead	0.0	0.0	0.0	0.0	0.0	0.0	0.0	0.0
spe	1453	1449	1862.655	1589.82	1726.2375	2140.61	1584.7	1942.5	1237.14	1688.875
hgt	None	dead	0.0	0.0	0.0	0.0	0.0	0.0	0.0	0.0
hgt	801	GCA.001797815.1.Bacteria.RBG.13.61.14	1810.17	0.0	905.085	2217.42	1402.92	0.0	0.0	1108.71
los	None	dead	0.0	0.0	0.0	0.0	0.0	0.0	0.0	0.0
hgt	None	dead	0.0	0.0	0.0	0.0	0.0	0.0	0.0	0.0
hgt	1425	1424	1783.375	1648.125	1715.75	2059.01	1507.74	1911.17	1385.08	1722.045
los	None	dead	0.0	0.0	0.0	0.0	0.0	0.0	0.0	0.0
hgt	None	dead	0.0	0.0	0.0	0.0	0.0	0.0	0.0	0.0
hgt	1406	GCA.002710215.1.Bacteria.Chloroflexota	1411.15	0.0	705.575	1684.0	1138.3	0.0	0.0	842.0
los	None	dead	0.0	0.0	0.0	0.0	0.0	0.0	0.0	0.0
spe	1425	1424	1783.375	1648.125	1715.75	2059.01	1507.74	1911.17	1385.08	1722.045
spe	1424	1422	1648.125	1519.76	1583.9425	1911.17	1385.08	1777.68	1261.84	1586.505
los	1422	GCA.003484395.1.Bacteria.Chloroflexota	1519.76	0.0	759.88	1777.68	1261.84	0.0	0.0	888.84
hgt	None	dead	0.0	0.0	0.0	0.0	0.0	0.0	0.0	0.0
hgt	1430	GCA.001795235.1.Bacteria.Chloroflexota	1801.635	0.0	900.8175	2276.21	1327.06	0.0	0.0	1138.105
los	None	dead	0.0	0.0	0.0	0.0	0.0	0.0	0.0	0.0
spe	1422	1421	1519.76	1474.28	1497.02	1777.68	1261.84	1734.39	1214.17	1495.925
los	1421	GCA.002347295.1.Bacteria.Chloroflexota	1474.28	0.0	737.14	1734.39	1214.17	0.0	0.0	867.195
spe	1421	1419	1474.28	1336.415	1405.3475	1734.39	1214.17	1593.44	1079.39	1406.89
hgt	None	dead	0.0	0.0	0.0	0.0	0.0	0.0	0.0	0.0
hgt	1425	GCA.003229915.1.Bacteria.Chloroflexota	1783.375	0.0	891.6875	2059.01	1507.74	0.0	0.0	1029.505
los	None	dead	0.0	0.0	0.0	0.0	0.0	0.0	0.0	0.0
spe	1453	1452	1862.655	1430.125	1646.39	2140.61	1584.7	1777.81	1082.44	1611.525
hgt	None	dead	0.0	0.0	0.0	0.0	0.0	0.0	0.0	0.0
los	1452	GCA.002423325.1.Bacteria.Chloroflexota	1430.125	0.0	715.0625	1777.81	1082.44	0.0	0.0	888.905
hgt	1462	GCA.002436065.1.Bacteria.Chloroflexota	1858.705	0.0	929.3525	2184.36	1533.05	0.0	0.0	1092.18
los	None	dead	0.0	0.0	0.0	0.0	0.0	0.0	0.0	0.0
