event	left_node	right_node	left_date	right_date	midpoint_date	left_date_lower	left_date_upper	right_date_lower	right_date_upper	midpoint_date_all
spe	900	899	3098.985	2936.525	3017.755	3380.82	2817.15	3198.27	2674.78	3027.8
spe	899	743	2936.525	2681.09	2808.8075	3198.27	2674.78	3020.99	2341.19	2769.73
los	743	721	2681.09	2277.575	2479.3325	3020.99	2341.19	2744.86	1810.29	2415.64
spe	743	742	2681.09	2393.59	2537.34	3020.99	2341.19	2740.14	2047.04	2534.015
los	742	741	2393.59	1693.345	2043.4675	2740.14	2047.04	2199.48	1187.21	1963.675
spe	742	738	2393.59	2076.07	2234.83	2740.14	2047.04	2381.91	1770.23	2255.185
los	738	728	2076.07	1746.94	1911.505	2381.91	1770.23	2055.81	1438.07	1909.99
spe	738	737	2076.07	1863.46	1969.765	2381.91	1770.23	2163.3	1563.62	1972.765
spe	737	736	1863.46	1526.965	1695.2125	2163.3	1563.62	1902.65	1151.28	1657.29
los	736	GCA.001803795.1.Bacteria.Nitrospirota	1526.965	0.0	763.4825	1902.65	1151.28	0.0	0.0	951.325
spe	737	733	1863.46	1467.515	1665.4875	2163.3	1563.62	1757.8	1177.23	1670.265
los	733	732	1467.515	1232.2775	1349.89625	1757.8	1177.23	1527.66	936.895	1347.3475
spe	899	898	2936.525	2864.305	2900.415	3198.27	2674.78	3119.95	2608.66	2903.465
spe	898	756	2864.305	2320.99	2592.6475	3119.95	2608.66	2718.41	1923.57	2521.76
hgt	668	GCA.002010665.1.Bacteria.Acidobacteriota	1417.72	0.0	708.86	1767.6	1067.84	0.0	0.0	883.8
los	756	GCA.001790645.1.Bacteria.Schekmanbacteria	2320.99	0.0	1160.495	2718.41	1923.57	0.0	0.0	1359.205
spe	756	754	2320.99	2042.42	2181.705	2718.41	1923.57	2408.05	1676.79	2197.6
spe	754	753	2042.42	1778.33	1910.375	2408.05	1676.79	2125.97	1430.69	1919.37
los	753	751	1778.33	1613.625	1695.9775	2125.97	1430.69	1945.94	1281.31	1703.64
hgt	None	dead	0.0	0.0	0.0	0.0	0.0	0.0	0.0	0.0
los	754	746	2042.42	1667.435	1854.9275	2408.05	1676.79	2098.35	1236.52	1822.285
hgt	861	GCA.002327985.1.Bacteria.Desulfobacterota	1399.46	0.0	699.73	1712.04	1086.88	0.0	0.0	856.02
los	None	dead	0.0	0.0	0.0	0.0	0.0	0.0	0.0	0.0
spe	898	897	2864.305	2785.14	2824.7225	3119.95	2608.66	3031.51	2538.77	2829.36
spe	897	896	2785.14	2307.21	2546.175	3031.51	2538.77	2775.78	1838.64	2435.075
los	896	895	2307.21	1810.42	2058.815	2775.78	1838.64	2358.35	1262.49	2019.135
spe	896	892	2307.21	1770.59	2038.9	2775.78	1838.64	2290.19	1250.99	2013.385
los	892	GCA.001873295.1.Bacteria.CG2.30.70.394	1770.59	0.0	885.295	2290.19	1250.99	0.0	0.0	1145.095
hgt	1478	1477	3018.815	2723.605	2871.21	3423.42	2614.21	3040.81	2406.4	2914.91
spe	897	889	2785.14	2616.235	2700.6875	3031.51	2538.77	2841.39	2391.08	2711.295
spe	889	843	2616.235	2520.86	2568.5475	2841.39	2391.08	2742.85	2298.87	2570.13
los	843	783	2520.86	2397.91	2459.385	2742.85	2298.87	2628.44	2167.38	2455.115
spe	843	842	2520.86	2419.635	2470.2475	2742.85	2298.87	2639.73	2199.54	2471.195
los	842	798	2419.635	2124.995	2272.315	2639.73	2199.54	2377.41	1872.58	2256.155
spe	842	841	2419.635	2325.31	2372.4725	2639.73	2199.54	2547.32	2103.3	2371.515
los	841	840	2325.31	2147.98	2236.645	2547.32	2103.3	2361.31	1934.65	2240.985
spe	841	801	2325.31	1810.17	2067.74	2547.32	2103.3	2217.42	1402.92	1975.12
los	801	GCA.001797815.1.Bacteria.RBG.13.61.14	1810.17	0.0	905.085	2217.42	1402.92	0.0	0.0	1108.71
spe	889	888	2616.235	2336.71	2476.4725	2841.39	2391.08	2614.71	2058.71	2450.05
hgt	None	dead	0.0	0.0	0.0	0.0	0.0	0.0	0.0	0.0
spe	888	887	2336.71	2137.8	2237.255	2614.71	2058.71	2389.64	1885.96	2250.335
spe	887	886	2137.8	1905.655	2021.7275	2389.64	1885.96	2131.89	1679.42	2034.53
los	886	874	1905.655	1792.455	1849.055	2131.89	1679.42	2028.47	1556.44	1844.165
spe	886	885	1905.655	1770.19	1837.9225	2131.89	1679.42	2001.88	1538.5	1835.195
los	885	877	1770.19	1616.13	1693.16	2001.88	1538.5	1882.89	1349.37	1675.625
spe	885	884	1770.19	1647.595	1708.8925	2001.88	1538.5	1883.47	1411.72	1706.8
los	884	883	1647.595	1311.85	1479.7225	1883.47	1411.72	1564.19	1059.51	1471.49
spe	884	880	1647.595	1365.41	1506.5025	1883.47	1411.72	1637.86	1092.96	1488.215
los	880	GCA.001577715.1.Bacteria.Desulfobacterota	1365.41	0.0	682.705	1637.86	1092.96	0.0	0.0	818.93
spe	887	863	2137.8	1855.945	1996.8725	2389.64	1885.96	2157.72	1554.17	1971.905
spe	863	857	1855.945	1680.31	1768.1275	2157.72	1554.17	2026.99	1333.63	1745.675
los	857	GCA.001830835.1.Bacteria.Desulfobacterota	1680.31	0.0	840.155	2026.99	1333.63	0.0	0.0	1013.495
spe	863	862	1855.945	1513.555	1684.75	2157.72	1554.17	1819.77	1207.34	1682.53
los	862	GCA.002782605.1.Bacteria.Desulfobacterota	1513.555	0.0	756.7775	1819.77	1207.34	0.0	0.0	909.885
spe	862	861	1513.555	1399.46	1456.5075	1819.77	1207.34	1712.04	1086.88	1453.325
los	861	GCA.002327985.1.Bacteria.Desulfobacterota	1399.46	0.0	699.73	1712.04	1086.88	0.0	0.0	856.02
dup	None	dead	0.0	0.0	0.0	0.0	0.0	0.0	0.0	0.0
hgt	846	GCF.001611275.1.Bacteria.Desulfobacterota	1673.82	0.0	836.91	2082.2	1265.44	0.0	0.0	1041.1
los	None	dead	0.0	0.0	0.0	0.0	0.0	0.0	0.0	0.0
dup	None	dead	0.0	0.0	0.0	0.0	0.0	0.0	0.0	0.0
hgt	1430	GCA.001795235.1.Bacteria.Chloroflexota	1801.635	0.0	900.8175	2276.21	1327.06	0.0	0.0	1138.105
los	None	dead	0.0	0.0	0.0	0.0	0.0	0.0	0.0	0.0
hgt	1402	GCA.003228115.1.Bacteria.Chloroflexota	1501.935	0.0	750.9675	1778.95	1224.92	0.0	0.0	889.475
los	None	dead	0.0	0.0	0.0	0.0	0.0	0.0	0.0	0.0
spe	888	854	2336.71	2075.68	2206.195	2614.71	2058.71	2396.33	1755.03	2184.87
los	854	853	2075.68	1743.175	1909.4275	2396.33	1755.03	2129.35	1357.0	1876.665
spe	854	850	2075.68	2017.715	2046.6975	2396.33	1755.03	2343.11	1692.32	2044.325
hgt	None	dead	0.0	0.0	0.0	0.0	0.0	0.0	0.0	0.0
hgt	857	GCA.001830835.1.Bacteria.Desulfobacterota	1680.31	0.0	840.155	2026.99	1333.63	0.0	0.0	1013.495
los	None	dead	0.0	0.0	0.0	0.0	0.0	0.0	0.0	0.0
hgt	None	dead	0.0	0.0	0.0	0.0	0.0	0.0	0.0	0.0
hgt	713	712	2182.5	1951.73	2067.115	2424.28	1940.72	2205.61	1697.85	2061.065
spe	850	846	2017.715	1673.82	1845.7675	2343.11	1692.32	2082.2	1265.44	1804.275
los	846	GCF.001611275.1.Bacteria.Desulfobacterota	1673.82	0.0	836.91	2082.2	1265.44	0.0	0.0	1041.1
hgt	None	dead	0.0	0.0	0.0	0.0	0.0	0.0	0.0	0.0
hgt	1015	GCA.002790835.1.Bacteria.Krumholzibacteriota	1675.44	0.0	837.72	2099.78	1251.1	0.0	0.0	1049.89
los	None	dead	0.0	0.0	0.0	0.0	0.0	0.0	0.0	0.0
spe	713	712	2182.5	1951.73	2067.115	2424.28	1940.72	2205.61	1697.85	2061.065
spe	712	706	1951.73	1682.815	1817.2725	2205.61	1697.85	1951.22	1414.41	1810.01
los	706	704	1682.815	1483.83	1583.3225	1951.22	1414.41	1742.45	1225.21	1588.215
hgt	None	dead	0.0	0.0	0.0	0.0	0.0	0.0	0.0	0.0
hgt	None	dead	0.0	0.0	0.0	0.0	0.0	0.0	0.0	0.0
dup	None	dead	0.0	0.0	0.0	0.0	0.0	0.0	0.0	0.0
hgt	282	GCF.900105685.1.Bacteria.Verrucomicrobiota	1342.065	0.0	671.0325	1637.54	1046.59	0.0	0.0	818.77
los	None	dead	0.0	0.0	0.0	0.0	0.0	0.0	0.0	0.0
hgt	288	GCA.002382525.1.Bacteria.Verrucomicrobiota	1496.535	0.0	748.2675	1838.77	1154.3	0.0	0.0	919.385
los	None	dead	0.0	0.0	0.0	0.0	0.0	0.0	0.0	0.0
hgt	353	347	2156.12	1905.8	2030.96	2446.72	1865.52	2230.18	1581.42	2014.07
spe	712	711	1951.73	1691.09	1821.41	2205.61	1697.85	1998.68	1383.5	1794.555
hgt	486	GCF.000264455.2.Bacteria.Proteobacteria	1397.735	0.0	698.8675	1700.16	1095.31	0.0	0.0	850.08
hgt	None	dead	0.0	0.0	0.0	0.0	0.0	0.0	0.0	0.0
hgt	1076	GCF.900142435.1.Bacteria.Aquificota	1235.659	0.0	617.8295	1564.19	907.128	0.0	0.0	782.095
los	None	dead	0.0	0.0	0.0	0.0	0.0	0.0	0.0	0.0
hgt	None	dead	0.0	0.0	0.0	0.0	0.0	0.0	0.0	0.0
los	711	709	1691.09	1397.765	1544.4275	1998.68	1383.5	1717.19	1078.34	1538.51
hgt	557	GCA.002007405.1.Bacteria.Proteobacteria	1225.2445	0.0	612.62225	1451.49	998.999	0.0	0.0	725.745
los	None	dead	0.0	0.0	0.0	0.0	0.0	0.0	0.0	0.0
hgt	332	GCA.002364485.1.Bacteria.Planctomycetota	1114.632	0.0	557.316	1388.09	841.174	0.0	0.0	694.045
hgt	714	GCA.002731215.1.Bacteria.Acidobacteriota	2337.43	0.0	1168.715	2594.41	2080.45	0.0	0.0	1297.205
hgt	1177	GCA.001464275.1.Bacteria.Actinobacteriota	1221.364	0.0	610.682	1491.65	951.078	0.0	0.0	745.825
hgt	350	GCA.003509045.1.Bacteria.Planctomycetota	1417.255	0.0	708.6275	1750.54	1083.97	0.0	0.0	875.27
spe	353	347	2156.12	1905.8	2030.96	2446.72	1865.52	2230.18	1581.42	2014.07
spe	347	345	1905.8	1540.73	1723.265	2230.18	1581.42	1889.75	1191.71	1710.945
hgt	533	532	1932.55	1529.075	1730.8125	2227.11	1637.99	1880.57	1177.58	1702.345
los	345	GCA.002746235.1.Bacteria.Planctomycetota	1540.73	0.0	770.365	1889.75	1191.71	0.0	0.0	944.875
spe	533	532	1932.55	1529.075	1730.8125	2227.11	1637.99	1880.57	1177.58	1702.345
hgt	612	GCF.003612015.1.Bacteria.Proteobacteria	1256.25	0.0	628.125	1460.33	1052.17	0.0	0.0	730.165
hgt	674	GCA.002298155.1.Bacteria.Acidobacteriota	1626.005	0.0	813.0025	2061.09	1190.92	0.0	0.0	1030.545
hgt	328	327	1867.775	1556.09	1711.9325	2192.2	1543.35	1868.81	1243.37	1717.785
hgt	636	GCA.002840095.1.Bacteria.Proteobacteria	1555.685	0.0	777.8425	1786.38	1324.99	0.0	0.0	893.19
spe	328	327	1867.775	1556.09	1711.9325	2192.2	1543.35	1868.81	1243.37	1717.785
spe	327	326	1556.09	1208.648	1382.369	1868.81	1243.37	1527.79	889.506	1379.158
los	326	GCF.900129635.1.Bacteria.Planctomycetota	1208.648	0.0	604.324	1527.79	889.506	0.0	0.0	763.895
hgt	660	659	2386.55	1329.6085	1858.07925	2810.74	1962.36	1758.41	900.807	1855.7735
hgt	321	GCA.003136555.1.Bacteria.Planctomycetota	2381.485	0.0	1190.7425	2804.33	1958.64	0.0	0.0	1402.165
hgt	529	GCA.002420425.1.Bacteria.Proteobacteria	1606.235	0.0	803.1175	2001.73	1210.74	0.0	0.0	1000.865
hgt	1720	GCF.000484535.1.Bacteria.Cyanobacteria	2510.455	0.0	1255.2275	2678.67	2342.24	0.0	0.0	1339.335
spe	660	659	2386.55	1329.6085	1858.07925	2810.74	1962.36	1758.41	900.807	1855.7735
hgt	183	GCA.002402105.1.Bacteria.UBP17	2699.305	0.0	1349.6525	3359.33	2039.28	0.0	0.0	1679.665
hgt	634	GCF.002020875.1.Bacteria.Proteobacteria	1386.92	0.0	693.46	1651.6	1122.24	0.0	0.0	825.8
hgt	613	GCF.003097315.1.Bacteria.Proteobacteria	1391.71	0.0	695.855	1592.53	1190.89	0.0	0.0	796.265
dup	None	dead	0.0	0.0	0.0	0.0	0.0	0.0	0.0	0.0
hgt	352	GCA.002167285.1.Bacteria.Planctomycetota	1705.385	0.0	852.6925	2030.4	1380.37	0.0	0.0	1015.2
los	None	dead	0.0	0.0	0.0	0.0	0.0	0.0	0.0	0.0
hgt	159	GCA.002049455.2.Eukaryota.Rhodophyta	1084.09	0.0	542.045	1117.61	1050.57	0.0	0.0	558.805
los	None	dead	0.0	0.0	0.0	0.0	0.0	0.0	0.0	0.0
dup	None	dead	0.0	0.0	0.0	0.0	0.0	0.0	0.0	0.0
hgt	1136	GCA.003157385.1.Bacteria.Actinobacteriota	1777.3	0.0	888.65	2350.53	1204.07	0.0	0.0	1175.265
los	None	dead	0.0	0.0	0.0	0.0	0.0	0.0	0.0	0.0
hgt	834	GCA.001798605.1.Bacteria.Myxococcota	1729.09	0.0	864.545	1988.09	1470.09	0.0	0.0	994.045
los	None	dead	0.0	0.0	0.0	0.0	0.0	0.0	0.0	0.0
hgt	397	GCF.000526155.1.Bacteria.Desulfobacterota	2713.19	0.0	1356.595	3215.27	2211.11	0.0	0.0	1607.635
spe	850	849	2017.715	1605.6	1811.6575	2343.11	1692.32	2007.54	1203.66	1773.385
hgt	1469	GCA.001898225.1.Bacteria.Chloroflexota	1574.225	0.0	787.1125	1892.87	1255.58	0.0	0.0	946.435
hgt	None	dead	0.0	0.0	0.0	0.0	0.0	0.0	0.0	0.0
dup	None	dead	0.0	0.0	0.0	0.0	0.0	0.0	0.0	0.0
hgt	868	GCA.002347095.1.Bacteria.Desulfobacterota	1587.525	0.0	793.7625	1838.99	1336.06	0.0	0.0	919.495
los	None	dead	0.0	0.0	0.0	0.0	0.0	0.0	0.0	0.0
dup	None	dead	0.0	0.0	0.0	0.0	0.0	0.0	0.0	0.0
hgt	236	GCA.002412545.1.Bacteria.Elusimicrobiota	1629.965	0.0	814.9825	1963.74	1296.19	0.0	0.0	981.87
los	None	dead	0.0	0.0	0.0	0.0	0.0	0.0	0.0	0.0
dup	None	dead	0.0	0.0	0.0	0.0	0.0	0.0	0.0	0.0
hgt	359	GCF.000949635.1.Bacteria.Planctomycetota	1653.55	0.0	826.775	2053.94	1253.16	0.0	0.0	1026.97
los	None	dead	0.0	0.0	0.0	0.0	0.0	0.0	0.0	0.0
hgt	198	GCA.002478245.1.Bacteria.UBP18	1971.4	0.0	985.7	2575.64	1367.16	0.0	0.0	1287.82
los	None	dead	0.0	0.0	0.0	0.0	0.0	0.0	0.0	0.0
hgt	None	dead	0.0	0.0	0.0	0.0	0.0	0.0	0.0	0.0
hgt	1667	GCA.003503675.1.Bacteria.Cyanobacteria	2112.65	0.0	1056.325	2842.8	1382.5	0.0	0.0	1421.4
los	None	dead	0.0	0.0	0.0	0.0	0.0	0.0	0.0	0.0
hgt	None	dead	0.0	0.0	0.0	0.0	0.0	0.0	0.0	0.0
hgt	1188	1187	2752.47	2676.31	2714.39	3058.53	2446.41	2970.95	2381.67	2720.1
spe	1478	1477	3018.815	2723.605	2871.21	3423.42	2614.21	3040.81	2406.4	2914.91
spe	1477	1431	2723.605	2420.455	2572.03	3040.81	2406.4	2714.59	2126.32	2583.565
los	1431	1430	2420.455	1801.635	2111.045	2714.59	2126.32	2276.21	1327.06	2020.825
spe	1431	1427	2420.455	2216.53	2318.4925	2714.59	2126.32	2490.85	1942.21	2328.4
los	1427	1413	2216.53	1968.2	2092.365	2490.85	1942.21	2223.13	1713.27	2102.06
spe	1427	1426	2216.53	1994.025	2105.2775	2490.85	1942.21	2287.24	1700.81	2095.83
los	1426	GCF.001953175.1.Bacteria.Chloroflexota	1994.025	0.0	997.0125	2287.24	1700.81	0.0	0.0	1143.62
spe	1426	1425	1994.025	1783.375	1888.7	2287.24	1700.81	2059.01	1507.74	1897.49
los	1425	GCA.003229915.1.Bacteria.Chloroflexota	1783.375	0.0	891.6875	2059.01	1507.74	0.0	0.0	1029.505
spe	1425	1424	1783.375	1648.125	1715.75	2059.01	1507.74	1911.17	1385.08	1722.045
spe	1424	1422	1648.125	1519.76	1583.9425	1911.17	1385.08	1777.68	1261.84	1586.505
los	1422	GCA.003484395.1.Bacteria.Chloroflexota	1519.76	0.0	759.88	1777.68	1261.84	0.0	0.0	888.84
spe	1422	1421	1519.76	1474.28	1497.02	1777.68	1261.84	1734.39	1214.17	1495.925
los	1421	GCA.002347295.1.Bacteria.Chloroflexota	1474.28	0.0	737.14	1734.39	1214.17	0.0	0.0	867.195
spe	1421	1419	1474.28	1336.415	1405.3475	1734.39	1214.17	1593.44	1079.39	1406.89
spe	1477	1476	2723.605	2416.915	2570.26	3040.81	2406.4	2708.83	2125.0	2582.905
spe	1476	1454	2416.915	1996.555	2206.735	2708.83	2125.0	2245.89	1747.22	2228.025
hgt	1463	1457	1987.575	1538.99	1763.2825	2304.87	1670.28	1931.07	1146.91	1725.89
spe	1454	1446	1996.555	1803.385	1899.97	2245.89	1747.22	2040.01	1566.76	1906.325
spe	1446	1445	1803.385	1577.91	1690.6475	2040.01	1566.76	1848.3	1307.52	1673.765
hgt	1449	GCA.002400365.1.Bacteria.Chloroflexota	1589.82	0.0	794.91	1942.5	1237.14	0.0	0.0	971.25
spe	1445	1444	1577.91	1386.06	1481.985	1848.3	1307.52	1673.58	1098.54	1473.42
hgt	1440	GCF.001306175.1.Bacteria.Chloroflexota	1679.715	0.0	839.8575	1908.42	1451.01	0.0	0.0	954.21
los	1444	GCA.003451595.1.Bacteria.Chloroflexota	1386.06	0.0	693.03	1673.58	1098.54	0.0	0.0	836.79
spe	1446	1440	1803.385	1679.715	1741.55	2040.01	1566.76	1908.42	1451.01	1745.51
los	1440	GCF.001306175.1.Bacteria.Chloroflexota	1679.715	0.0	839.8575	1908.42	1451.01	0.0	0.0	954.21
spe	1440	1439	1679.715	1492.005	1585.86	1908.42	1451.01	1713.37	1270.64	1589.53
spe	1439	1438	1492.005	1317.205	1404.605	1713.37	1270.64	1528.24	1106.17	1409.77
los	1438	GCA.002841995.1.Bacteria.Chloroflexota	1317.205	0.0	658.6025	1528.24	1106.17	0.0	0.0	764.12
spe	1438	1437	1317.205	1158.264	1237.7345	1528.24	1106.17	1381.67	934.858	1231.549
los	1437	GCA.002702065.1.Bacteria.Chloroflexota	1158.264	0.0	579.132	1381.67	934.858	0.0	0.0	690.835
spe	1463	1457	1987.575	1538.99	1763.2825	2304.87	1670.28	1931.07	1146.91	1725.89
hgt	210	GCA.002796105.1.Bacteria.Omnitrophota	1576.255	0.0	788.1275	1897.25	1255.26	0.0	0.0	948.625
hgt	1109	GCA.002898895.1.Bacteria.Armatimonadota	1709.425	0.0	854.7125	2037.53	1381.32	0.0	0.0	1018.765
spe	1454	1453	1996.555	1862.655	1929.605	2245.89	1747.22	2140.61	1584.7	1915.295
spe	1453	1449	1862.655	1589.82	1726.2375	2140.61	1584.7	1942.5	1237.14	1688.875
los	1449	GCA.002400365.1.Bacteria.Chloroflexota	1589.82	0.0	794.91	1942.5	1237.14	0.0	0.0	971.25
spe	1453	1452	1862.655	1430.125	1646.39	2140.61	1584.7	1777.81	1082.44	1611.525
los	1452	GCA.002423325.1.Bacteria.Chloroflexota	1430.125	0.0	715.0625	1777.81	1082.44	0.0	0.0	888.905
hgt	None	dead	0.0	0.0	0.0	0.0	0.0	0.0	0.0	0.0
dup	None	dead	0.0	0.0	0.0	0.0	0.0	0.0	0.0	0.0
hgt	376	GCA.002418835.1.Bacteria.Spirochaetota	1994.345	0.0	997.1725	2379.5	1609.19	0.0	0.0	1189.75
los	None	dead	0.0	0.0	0.0	0.0	0.0	0.0	0.0	0.0
hgt	193	GCA.001873945.1.Bacteria.UBA9089	1901.335	0.0	950.6675	2524.47	1278.2	0.0	0.0	1262.235
los	None	dead	0.0	0.0	0.0	0.0	0.0	0.0	0.0	0.0
hgt	None	dead	0.0	0.0	0.0	0.0	0.0	0.0	0.0	0.0
spe	1476	1475	2416.915	2249.485	2333.2	2708.83	2125.0	2543.8	1955.17	2332.0
spe	1475	1463	2249.485	1987.575	2118.53	2543.8	1955.17	2304.87	1670.28	2107.04
los	1463	1457	1987.575	1538.99	1763.2825	2304.87	1670.28	1931.07	1146.91	1725.89
spe	1463	1462	1987.575	1858.705	1923.14	2304.87	1670.28	2184.36	1533.05	1918.96
los	1462	1461	1858.705	1519.02	1688.8625	2184.36	1533.05	1882.58	1155.46	1669.91
spe	1475	1474	2249.485	2094.15	2171.8175	2543.8	1955.17	2398.35	1789.95	2166.875
hgt	None	dead	0.0	0.0	0.0	0.0	0.0	0.0	0.0	0.0
hgt	746	GCF.900079095.1.Bacteria.Tectomicrobia	1667.435	0.0	833.7175	2098.35	1236.52	0.0	0.0	1049.175
los	None	dead	0.0	0.0	0.0	0.0	0.0	0.0	0.0	0.0
hgt	1454	1446	1996.555	1803.385	1899.97	2245.89	1747.22	2040.01	1566.76	1906.325
los	1474	1473	2094.15	1294.4735	1694.31175	2398.35	1789.95	1671.97	916.977	1657.6635
spe	1454	1446	1996.555	1803.385	1899.97	2245.89	1747.22	2040.01	1566.76	1906.325
spe	1446	1440	1803.385	1679.715	1741.55	2040.01	1566.76	1908.42	1451.01	1745.51
los	1440	1439	1679.715	1492.005	1585.86	1908.42	1451.01	1713.37	1270.64	1589.53
spe	1446	1445	1803.385	1577.91	1690.6475	2040.01	1566.76	1848.3	1307.52	1673.765
los	1445	1444	1577.91	1386.06	1481.985	1848.3	1307.52	1673.58	1098.54	1473.42
spe	1474	1470	2094.15	1749.085	1921.6175	2398.35	1789.95	2065.21	1432.96	1915.655
los	1470	GCF.000025005.1.Bacteria.Chloroflexota	1749.085	0.0	874.5425	2065.21	1432.96	0.0	0.0	1032.605
spe	1470	1469	1749.085	1574.225	1661.655	2065.21	1432.96	1892.87	1255.58	1660.395
spe	1469	1467	1574.225	1431.56	1502.8925	1892.87	1255.58	1750.93	1112.19	1502.53
los	1467	GCA.002440805.1.Bacteria.Chloroflexota	1431.56	0.0	715.78	1750.93	1112.19	0.0	0.0	875.465
hgt	167	166	1219.565	946.8465	1083.20575	1386.02	1053.11	1204.72	688.973	1037.4965
los	None	dead	0.0	0.0	0.0	0.0	0.0	0.0	0.0	0.0
spe	167	166	1219.565	946.8465	1083.20575	1386.02	1053.11	1204.72	688.973	1037.4965
spe	166	165	946.8465	694.719	820.78275	1204.72	688.973	1000.39	389.048	796.884
spe	1188	1187	2752.47	2676.31	2714.39	3058.53	2446.41	2970.95	2381.67	2720.1
hgt	1462	GCA.002436065.1.Bacteria.Chloroflexota	1858.705	0.0	929.3525	2184.36	1533.05	0.0	0.0	1092.18
spe	1187	1133	2676.31	1803.285	2239.7975	2970.95	2381.67	2441.81	1164.76	2067.855
hgt	None	dead	0.0	0.0	0.0	0.0	0.0	0.0	0.0	0.0
dup	None	dead	0.0	0.0	0.0	0.0	0.0	0.0	0.0	0.0
hgt	1337	GCF.000092905.1.Bacteria.Firmicutes	1365.895	0.0	682.9475	1723.9	1007.89	0.0	0.0	861.95
los	None	dead	0.0	0.0	0.0	0.0	0.0	0.0	0.0	0.0
hgt	1209	GCA.002452295.1.Bacteria.Firmicutes.G	1584.4	0.0	792.2	1929.85	1238.95	0.0	0.0	964.925
los	None	dead	0.0	0.0	0.0	0.0	0.0	0.0	0.0	0.0
spe	1187	1186	2676.31	2550.565	2613.4375	2970.95	2381.67	2828.93	2272.2	2621.575
spe	1186	1136	2550.565	1777.3	2163.9325	2828.93	2272.2	2350.53	1204.07	2016.5
los	1136	GCA.003157385.1.Bacteria.Actinobacteriota	1777.3	0.0	888.65	2350.53	1204.07	0.0	0.0	1175.265
spe	1186	1185	2550.565	2405.805	2478.185	2828.93	2272.2	2675.17	2136.44	2482.685
hgt	None	dead	0.0	0.0	0.0	0.0	0.0	0.0	0.0	0.0
hgt	1208	GCA.001513145.1.Bacteria.Firmicutes.G	1446.125	0.0	723.0625	1790.14	1102.11	0.0	0.0	895.07
los	None	dead	0.0	0.0	0.0	0.0	0.0	0.0	0.0	0.0
hgt	None	dead	0.0	0.0	0.0	0.0	0.0	0.0	0.0	0.0
los	1185	1169	2405.805	2113.35	2259.5775	2675.17	2136.44	2359.96	1866.74	2270.955
hgt	874	873	1792.455	1600.675	1696.565	2028.47	1556.44	1876.83	1324.52	1676.495
los	None	dead	0.0	0.0	0.0	0.0	0.0	0.0	0.0	0.0
spe	874	873	1792.455	1600.675	1696.565	2028.47	1556.44	1876.83	1324.52	1676.495
spe	873	871	1600.675	1358.76	1479.7175	1876.83	1324.52	1643.54	1073.98	1475.405
los	871	GCA.002899795.1.Bacteria.Desulfobacterota	1358.76	0.0	679.38	1643.54	1073.98	0.0	0.0	821.77
spe	1185	1184	2405.805	2236.7	2321.2525	2675.17	2136.44	2518.83	1954.57	2314.87
los	1184	1183	2236.7	1581.31	1909.005	2518.83	1954.57	2035.82	1126.8	1822.815
spe	1184	1180	2236.7	1876.995	2056.8475	2518.83	1954.57	2165.65	1588.34	2053.585
los	1180	GCF.001029505.1.Bacteria.Actinobacteriota	1876.995	0.0	938.4975	2165.65	1588.34	0.0	0.0	1082.825
spe	1180	1179	1876.995	1607.105	1742.05	2165.65	1588.34	1866.08	1348.13	1756.89
spe	1179	1178	1607.105	1434.165	1520.635	1866.08	1348.13	1689.01	1179.32	1522.7
los	1178	1177	1434.165	1221.364	1327.7645	1689.01	1179.32	1491.65	951.078	1320.044
spe	1179	1173	1607.105	1376.77	1491.9375	1866.08	1348.13	1664.76	1088.78	1477.43
hgt	1388	1274	2495.045	2255.985	2375.515	2745.25	2244.84	2515.29	1996.68	2370.965
los	None	dead	0.0	0.0	0.0	0.0	0.0	0.0	0.0	0.0
spe	1388	1274	2495.045	2255.985	2375.515	2745.25	2244.84	2515.29	1996.68	2370.965
spe	1274	1273	2255.985	2085.065	2170.525	2515.29	1996.68	2326.9	1843.23	2179.26
spe	1273	1272	2085.065	1953.09	2019.0775	2326.9	1843.23	2178.34	1727.84	2027.37
hgt	1382	1381	1907.445	1843.345	1875.395	2119.76	1695.13	2050.47	1636.22	1877.99
spe	1272	1246	1953.09	1576.985	1765.0375	2178.34	1727.84	1894.62	1259.35	1718.845
los	1246	GCF.000213255.1.Bacteria.Firmicutes.A	1576.985	0.0	788.4925	1894.62	1259.35	0.0	0.0	947.31
spe	1246	1245	1576.985	1401.9	1489.4425	1894.62	1259.35	1725.07	1078.73	1486.675
los	1245	GCF.900129115.1.Bacteria.Firmicutes.A	1401.9	0.0	700.95	1725.07	1078.73	0.0	0.0	862.535
spe	1382	1381	1907.445	1843.345	1875.395	2119.76	1695.13	2050.47	1636.22	1877.99
spe	1381	1380	1843.345	1785.675	1814.51	2050.47	1636.22	1991.06	1580.29	1815.38
los	1380	GCF.001049895.1.Bacteria.Firmicutes	1785.675	0.0	892.8375	1991.06	1580.29	0.0	0.0	995.53
spe	1380	1379	1785.675	1743.235	1764.455	1991.06	1580.29	1945.76	1540.71	1765.885
los	1379	1378	1743.235	1618.42	1680.8275	1945.76	1540.71	1816.1	1420.74	1683.25
spe	1379	1355	1743.235	1426.77	1585.0025	1945.76	1540.71	1769.44	1084.1	1514.93
los	1355	GCF.000503775.1.Bacteria.Firmicutes	1426.77	0.0	713.385	1769.44	1084.1	0.0	0.0	884.72
spe	1381	1351	1843.345	1688.26	1765.8025	2050.47	1636.22	1952.2	1424.32	1737.395
los	1351	1350	1688.26	1481.1	1584.68	1952.2	1424.32	1809.84	1152.36	1552.28
spe	1351	1347	1688.26	1373.121	1530.6905	1952.2	1424.32	1753.0	993.242	1472.721
hgt	1341	GCF.001311905.1.Bacteria.Firmicutes	1523.81	0.0	761.905	1926.97	1120.65	0.0	0.0	963.485
spe	1272	1271	1953.09	1755.96	1854.525	2178.34	1727.84	1960.31	1551.61	1864.975
spe	1271	1270	1755.96	1598.315	1677.1375	1960.31	1551.61	1803.53	1393.1	1676.705
spe	1270	1264	1598.315	1360.255	1479.285	1803.53	1393.1	1585.16	1135.35	1469.44
los	1264	GCA.900317035.1.Bacteria.Firmicutes.A	1360.255	0.0	680.1275	1585.16	1135.35	0.0	0.0	792.58
spe	1264	1263	1360.255	1096.349	1228.302	1585.16	1135.35	1366.33	826.368	1205.764
los	1263	GCA.002308775.1.Bacteria.Firmicutes.A	1096.349	0.0	548.1745	1366.33	826.368	0.0	0.0	683.165
spe	1270	1269	1598.315	1451.62	1524.9675	1803.53	1393.1	1671.19	1232.05	1517.79
hgt	1655	GCA.001771505.1.Bacteria.Margulisbacteria	1788.135	0.0	894.0675	2347.83	1228.44	0.0	0.0	1173.915
hgt	1252	GCF.900107485.1.Bacteria.Firmicutes.A	1387.715	0.0	693.8575	1606.53	1168.9	0.0	0.0	803.265
hgt	1375	GCF.000178255.1.Bacteria.Firmicutes	1363.0	0.0	681.5	1548.98	1177.02	0.0	0.0	774.49
hgt	216	GCA.001805575.1.Bacteria.Omnitrophota	1386.785	0.0	693.3925	1642.34	1131.23	0.0	0.0	821.17
hgt	1216	1215	1902.285	1418.775	1660.53	2352.8	1451.77	1822.09	1015.46	1684.13
los	1269	1268	1451.62	1275.485	1363.5525	1671.19	1232.05	1498.58	1052.39	1361.79
spe	1216	1215	1902.285	1418.775	1660.53	2352.8	1451.77	1822.09	1015.46	1684.13
spe	1271	1259	1755.96	1686.58	1721.27	1960.31	1551.61	1885.7	1487.46	1723.885
spe	1259	1258	1686.58	1451.145	1568.8625	1885.7	1487.46	1683.97	1218.32	1552.01
hgt	1288	1287	1620.075	1424.27	1522.1725	1888.5	1351.65	1673.04	1175.5	1532.0
los	1258	1257	1451.145	1285.645	1368.395	1683.97	1218.32	1517.55	1053.74	1368.855
spe	1288	1287	1620.075	1424.27	1522.1725	1888.5	1351.65	1673.04	1175.5	1532.0
spe	1287	1285	1424.27	1338.6	1381.435	1673.04	1175.5	1586.21	1090.99	1382.015
los	1285	1284	1338.6	1065.8455	1202.22275	1586.21	1090.99	1351.63	780.061	1183.1355
spe	1285	1281	1338.6	1109.4215	1224.01075	1586.21	1090.99	1419.04	799.803	1193.0065
los	1281	1280	1109.4215	950.2895	1029.8555	1419.04	799.803	1302.52	598.059	1008.5495
spe	1259	1253	1686.58	1548.89	1617.735	1885.7	1487.46	1763.54	1334.24	1609.97
hgt	1292	GCF.000024605.1.Bacteria.Firmicutes.B	1516.66	0.0	758.33	1936.55	1096.77	0.0	0.0	968.275
hgt	267	GCA.002428325.1.Bacteria.UBP4	2213.055	0.0	1106.5275	2749.04	1677.07	0.0	0.0	1374.52
los	1253	1252	1548.89	1387.715	1468.3025	1763.54	1334.24	1606.53	1168.9	1466.22
hgt	1327	1326	2263.0	2039.05	2151.025	2518.47	2007.53	2290.01	1788.09	2153.28
los	1273	GCF.000166335.1.Bacteria.Firmicutes.A	2085.065	0.0	1042.5325	2326.9	1843.23	0.0	0.0	1163.45
spe	1327	1326	2263.0	2039.05	2151.025	2518.47	2007.53	2290.01	1788.09	2153.28
spe	1326	1325	2039.05	1862.485	1950.7675	2290.01	1788.09	2083.02	1641.95	1965.98
los	1325	1297	1862.485	1576.575	1719.53	2083.02	1641.95	1886.7	1266.45	1674.735
spe	1325	1324	1862.485	1779.53	1821.0075	2083.02	1641.95	1989.46	1569.6	1826.31
spe	1324	1323	1779.53	1708.06	1743.795	1989.46	1569.6	1917.5	1498.62	1744.04
hgt	801	GCA.001797815.1.Bacteria.RBG.13.61.14	1810.17	0.0	905.085	2217.42	1402.92	0.0	0.0	1108.71
los	1323	1322	1708.06	1384.555	1546.3075	1917.5	1498.62	1682.41	1086.7	1502.1
spe	1323	1319	1708.06	1607.725	1657.8925	1917.5	1498.62	1817.85	1397.6	1657.55
spe	1319	1318	1607.725	1519.645	1563.685	1817.85	1397.6	1736.35	1302.94	1560.395
los	1318	1317	1519.645	1148.381	1334.013	1736.35	1302.94	1413.4	883.362	1309.856
spe	1318	1312	1519.645	1284.875	1402.26	1736.35	1302.94	1547.99	1021.76	1379.055
los	1312	GCF.002607855.1.Bacteria.Firmicutes.B	1284.875	0.0	642.4375	1547.99	1021.76	0.0	0.0	773.995
hgt	1425	GCA.003229915.1.Bacteria.Chloroflexota	1783.375	0.0	891.6875	2059.01	1507.74	0.0	0.0	1029.505
spe	1324	1308	1779.53	1606.55	1693.04	1989.46	1569.6	1832.18	1380.92	1685.19
spe	1308	1307	1606.55	1451.1	1528.825	1832.18	1380.92	1682.57	1219.63	1525.905
spe	1307	1305	1451.1	1336.995	1394.0475	1682.57	1219.63	1578.59	1095.4	1388.985
los	1305	1304	1336.995	1096.0955	1216.54525	1578.59	1095.4	1375.0	817.191	1197.8905
spe	1308	1300	1606.55	1333.34	1469.945	1832.18	1380.92	1595.67	1071.01	1451.595
hgt	1315	GCF.002224645.1.Bacteria.Firmicutes.B	955.8	0.0	477.9	1256.7	654.9	0.0	0.0	628.35
los	1300	GCF.000620305.1.Bacteria.Firmicutes.B	1333.34	0.0	666.67	1595.67	1071.01	0.0	0.0	797.835
spe	1326	1292	2039.05	1516.66	1777.855	2290.01	1788.09	1936.55	1096.77	1693.39
hgt	1461	GCA.002347925.1.Bacteria.Chloroflexota	1519.02	0.0	759.51	1882.58	1155.46	0.0	0.0	941.29
hgt	1304	GCA.002352935.1.Bacteria.Firmicutes.B	1096.0955	0.0	548.04775	1375.0	817.191	0.0	0.0	687.5
hgt	1280	GCF.900104455.1.Bacteria.Firmicutes.C	950.2895	0.0	475.14475	1302.52	598.059	0.0	0.0	651.26
hgt	198	GCA.001871015.1.Bacteria.Desantisbacteria	1971.4	0.0	985.7	2575.64	1367.16	0.0	0.0	1287.82
hgt	1029	GCA.001777915.1.Bacteria.Edwardsbacteria	1661.26	0.0	830.63	2081.07	1241.45	0.0	0.0	1040.535
los	1292	GCF.000024605.1.Bacteria.Firmicutes.B	1516.66	0.0	758.33	1936.55	1096.77	0.0	0.0	968.275
hgt	1216	GCF.000020005.1.Bacteria.Firmicutes.D	1902.285	0.0	951.1425	2352.8	1451.77	0.0	0.0	1176.4
hgt	None	dead	0.0	0.0	0.0	0.0	0.0	0.0	0.0	0.0
hgt	1221	GCA.002375925.1.Bacteria.Firmicutes.E	1546.995	0.0	773.4975	1982.53	1111.46	0.0	0.0	991.265
los	None	dead	0.0	0.0	0.0	0.0	0.0	0.0	0.0	0.0
spe	1274	1240	2255.985	1697.815	1976.9	2515.29	1996.68	2230.68	1164.95	1840.12
hgt	1297	1296	1576.575	1436.52	1506.5475	1886.7	1266.45	1763.25	1109.79	1498.245
hgt	1218	GCA.001513125.1.Bacteria.DTU030	2397.09	0.0	1198.545	2801.39	1992.79	0.0	0.0	1400.695
hgt	1233	GCA.002291985.1.Bacteria.Firmicutes.E	1196.4	0.0	598.2	1500.76	892.04	0.0	0.0	750.38
spe	1297	1296	1576.575	1436.52	1506.5475	1886.7	1266.45	1763.25	1109.79	1498.245
