event	left_node	right_node	left_date	right_date	midpoint_date	left_date_lower	left_date_upper	right_date_lower	right_date_upper	midpoint_date_all
spe	1045	1044	3138.485	2889.865	3014.175	3454.21	2822.76	3174.72	2605.01	3029.61
spe	1044	936	2889.865	2638.5	2764.1825	3174.72	2605.01	2969.51	2307.49	2741.105
spe	936	926	2638.5	2022.635	2330.5675	2969.51	2307.49	2505.85	1539.42	2254.465
los	926	GCA.001780825.1.Bacteria.Gemmatimonadota	2022.635	0.0	1011.3175	2505.85	1539.42	0.0	0.0	1252.925
spe	926	924	2022.635	1568.375	1795.505	2505.85	1539.42	2038.32	1098.43	1802.14
dup	924	GCA.003221825.1.Bacteria.Gemmatimonadota	1568.375	0.0	784.1875	2038.32	1098.43	0.0	0.0	1019.16
hgt	None	dead	0.0	0.0	0.0	0.0	0.0	0.0	0.0	0.0
los	936	935	2638.5	1990.115	2314.3075	2969.51	2307.49	2340.64	1639.59	2304.55
dup	None	dead	0.0	0.0	0.0	0.0	0.0	0.0	0.0	0.0
hgt	692	GCA.003140235.1.Bacteria.Acidobacteriota	1113.508	0.0	556.754	1334.67	892.346	0.0	0.0	667.335
los	None	dead	0.0	0.0	0.0	0.0	0.0	0.0	0.0	0.0
hgt	1113	1109	2045.295	1709.425	1877.36	2385.32	1705.27	2037.53	1381.32	1883.32
los	None	dead	0.0	0.0	0.0	0.0	0.0	0.0	0.0	0.0
spe	1113	1109	2045.295	1709.425	1877.36	2385.32	1705.27	2037.53	1381.32	1883.32
spe	1109	1108	1709.425	1444.87	1577.1475	2037.53	1381.32	1739.48	1150.26	1593.895
los	1108	GCA.002431715.1.Bacteria.Armatimonadota	1444.87	0.0	722.435	1739.48	1150.26	0.0	0.0	869.74
spe	1108	1106	1444.87	1340.34	1392.605	1739.48	1150.26	1623.95	1056.73	1398.105
los	1106	GCA.003134215.1.Bacteria.Armatimonadota	1340.34	0.0	670.17	1623.95	1056.73	0.0	0.0	811.975
spe	1044	1043	2889.865	2806.545	2848.205	3174.72	2605.01	3085.33	2527.76	2851.24
los	1043	1011	2806.545	2645.585	2726.065	3085.33	2527.76	2910.16	2381.01	2733.17
spe	1043	1042	2806.545	2551.86	2679.2025	3085.33	2527.76	2892.03	2211.69	2648.51
spe	1042	1022	2551.86	2284.79	2418.325	2892.03	2211.69	2645.56	1924.02	2408.025
hgt	None	dead	0.0	0.0	0.0	0.0	0.0	0.0	0.0	0.0
hgt	1098	GCA.003167155.1.Bacteria.Eremiobacterota	1440.925	0.0	720.4625	1845.37	1036.48	0.0	0.0	922.685
los	None	dead	0.0	0.0	0.0	0.0	0.0	0.0	0.0	0.0
spe	1022	1021	2284.79	1900.685	2092.7375	2645.56	1924.02	2296.58	1504.79	2075.175
hgt	None	dead	0.0	0.0	0.0	0.0	0.0	0.0	0.0	0.0
los	1021	1020	1900.685	1410.39	1655.5375	2296.58	1504.79	1757.86	1062.92	1679.75
hgt	711	GCA.001664505.1.Bacteria.Acidobacteriota	1691.09	0.0	845.545	1998.68	1383.5	0.0	0.0	999.34
los	None	dead	0.0	0.0	0.0	0.0	0.0	0.0	0.0	0.0
hgt	None	dead	0.0	0.0	0.0	0.0	0.0	0.0	0.0	0.0
los	1022	1016	2284.79	2032.895	2158.8425	2645.56	1924.02	2432.67	1633.12	2139.34
hgt	1185	1169	2405.805	2113.35	2259.5775	2675.17	2136.44	2359.96	1866.74	2270.955
los	None	dead	0.0	0.0	0.0	0.0	0.0	0.0	0.0	0.0
spe	1185	1169	2405.805	2113.35	2259.5775	2675.17	2136.44	2359.96	1866.74	2270.955
spe	1169	1168	2113.35	2012.51	2062.93	2359.96	1866.74	2255.75	1769.27	2064.615
spe	1168	1148	2012.51	1487.92	1750.215	2255.75	1769.27	1860.52	1115.32	1685.535
los	1148	GCA.003021615.1.Bacteria.Actinobacteriota	1487.92	0.0	743.96	1860.52	1115.32	0.0	0.0	930.26
spe	1168	1167	2012.51	1838.915	1925.7125	2255.75	1769.27	2077.7	1600.13	1927.94
los	1167	GCA.002413185.1.Bacteria.Actinobacteriota	1838.915	0.0	919.4575	2077.7	1600.13	0.0	0.0	1038.85
dup	1167	1166	1838.915	1480.79	1659.8525	2077.7	1600.13	1697.07	1264.51	1671.105
spe	1167	1166	1838.915	1480.79	1659.8525	2077.7	1600.13	1697.07	1264.51	1671.105
los	1166	GCF.004348535.1.Bacteria.Actinobacteriota	1480.79	0.0	740.395	1697.07	1264.51	0.0	0.0	848.535
spe	1166	1165	1480.79	1370.47	1425.63	1697.07	1264.51	1577.59	1163.35	1430.21
spe	1165	1164	1370.47	1261.825	1316.1475	1577.59	1163.35	1459.67	1063.98	1320.785
los	1164	1163	1261.825	1087.464	1174.6445	1459.67	1063.98	1323.49	851.438	1155.554
spe	1164	1160	1261.825	1110.64	1186.2325	1459.67	1063.98	1339.31	881.97	1170.82
los	1160	1158	1110.64	987.523	1049.0815	1339.31	881.97	1239.6	735.446	1037.378
spe	1165	1155	1370.47	1276.115	1323.2925	1577.59	1163.35	1486.51	1065.72	1321.655
los	1155	1154	1276.115	976.5785	1126.34675	1486.51	1065.72	1290.8	662.357	1074.4335
spe	1167	1166	1838.915	1480.79	1659.8525	2077.7	1600.13	1697.07	1264.51	1671.105
spe	1166	1165	1480.79	1370.47	1425.63	1697.07	1264.51	1577.59	1163.35	1430.21
spe	1165	1155	1370.47	1276.115	1323.2925	1577.59	1163.35	1486.51	1065.72	1321.655
los	1155	GCF.003443735.1.Bacteria.Actinobacteriota	1276.115	0.0	638.0575	1486.51	1065.72	0.0	0.0	743.255
spe	1155	1154	1276.115	976.5785	1126.34675	1486.51	1065.72	1290.8	662.357	1074.4335
los	1154	GCF.001591405.1.Bacteria.Actinobacteria	976.5785	0.0	488.28925	1290.8	662.357	0.0	0.0	645.4
spe	1165	1164	1370.47	1261.825	1316.1475	1577.59	1163.35	1459.67	1063.98	1320.785
spe	1164	1163	1261.825	1087.464	1174.6445	1459.67	1063.98	1323.49	851.438	1155.554
los	1163	GCA.001437855.1.Bacteria.Actinobacteriota	1087.464	0.0	543.732	1323.49	851.438	0.0	0.0	661.745
spe	1164	1160	1261.825	1110.64	1186.2325	1459.67	1063.98	1339.31	881.97	1170.82
los	1160	GCF.000015025.1.Bacteria.Actinobacteriota	1110.64	0.0	555.32	1339.31	881.97	0.0	0.0	669.655
spe	1160	1158	1110.64	987.523	1049.0815	1339.31	881.97	1239.6	735.446	1037.378
hgt	None	dead	0.0	0.0	0.0	0.0	0.0	0.0	0.0	0.0
hgt	None	dead	0.0	0.0	0.0	0.0	0.0	0.0	0.0	0.0
hgt	None	dead	0.0	0.0	0.0	0.0	0.0	0.0	0.0	0.0
hgt	265	GCA.003290465.1.Bacteria.Sumerlaeota	1568.825	0.0	784.4125	2039.56	1098.09	0.0	0.0	1019.78
los	None	dead	0.0	0.0	0.0	0.0	0.0	0.0	0.0	0.0
hgt	None	dead	0.0	0.0	0.0	0.0	0.0	0.0	0.0	0.0
hgt	804	GCA.003247575.1.Bacteria.Myxococcota.A	1824.305	0.0	912.1525	2197.3	1451.31	0.0	0.0	1098.65
los	None	dead	0.0	0.0	0.0	0.0	0.0	0.0	0.0	0.0
hgt	None	dead	0.0	0.0	0.0	0.0	0.0	0.0	0.0	0.0
hgt	None	dead	0.0	0.0	0.0	0.0	0.0	0.0	0.0	0.0
hgt	807	GCA.002789955.1.Bacteria.Myxococcota	1389.97	0.0	694.985	1659.67	1120.27	0.0	0.0	829.835
los	None	dead	0.0	0.0	0.0	0.0	0.0	0.0	0.0	0.0
hgt	None	dead	0.0	0.0	0.0	0.0	0.0	0.0	0.0	0.0
dup	None	dead	0.0	0.0	0.0	0.0	0.0	0.0	0.0	0.0
dup	None	dead	0.0	0.0	0.0	0.0	0.0	0.0	0.0	0.0
hgt	536	GCF.002940605.1.Bacteria.Proteobacteria	1675.53	0.0	837.765	2101.36	1249.7	0.0	0.0	1050.68
los	None	dead	0.0	0.0	0.0	0.0	0.0	0.0	0.0	0.0
hgt	768	GCA.001798715.1.Bacteria.UBA10199	1657.32	0.0	828.66	1909.7	1404.94	0.0	0.0	954.85
los	None	dead	0.0	0.0	0.0	0.0	0.0	0.0	0.0	0.0
dup	None	dead	0.0	0.0	0.0	0.0	0.0	0.0	0.0	0.0
hgt	350	GCA.003509045.1.Bacteria.Planctomycetota	1417.255	0.0	708.6275	1750.54	1083.97	0.0	0.0	875.27
los	None	dead	0.0	0.0	0.0	0.0	0.0	0.0	0.0	0.0
hgt	603	602	1696.92	1612.41	1654.665	1869.02	1524.82	1790.83	1433.99	1651.505
los	None	dead	0.0	0.0	0.0	0.0	0.0	0.0	0.0	0.0
hgt	None	dead	0.0	0.0	0.0	0.0	0.0	0.0	0.0	0.0
spe	603	602	1696.92	1612.41	1654.665	1869.02	1524.82	1790.83	1433.99	1651.505
spe	602	592	1612.41	1273.215	1442.8125	1790.83	1433.99	1530.36	1016.07	1403.45
los	592	GCF.001720165.1.Bacteria.Proteobacteria	1273.215	0.0	636.6075	1530.36	1016.07	0.0	0.0	765.18
spe	602	601	1612.41	1475.48	1543.945	1790.83	1433.99	1662.78	1288.18	1539.505
los	601	595	1475.48	1266.66	1371.07	1662.78	1288.18	1469.01	1064.31	1363.545
spe	601	600	1475.48	1276.255	1375.8675	1662.78	1288.18	1480.95	1071.56	1367.17
los	600	598	1276.255	953.337	1114.796	1480.95	1071.56	1225.19	681.484	1081.217
hgt	711	GCA.001664505.1.Bacteria.Acidobacteriota	1691.09	0.0	845.545	1998.68	1383.5	0.0	0.0	999.34
los	None	dead	0.0	0.0	0.0	0.0	0.0	0.0	0.0	0.0
hgt	None	dead	0.0	0.0	0.0	0.0	0.0	0.0	0.0	0.0
dup	None	dead	0.0	0.0	0.0	0.0	0.0	0.0	0.0	0.0
hgt	552	GCF.001614315.2.Bacteria.Proteobacteria	1380.83	0.0	690.415	1621.66	1140.0	0.0	0.0	810.83
los	None	dead	0.0	0.0	0.0	0.0	0.0	0.0	0.0	0.0
hgt	581	GCA.002868855.1.Bacteria.Proteobacteria	1344.875	0.0	672.4375	1554.57	1135.18	0.0	0.0	777.285
los	None	dead	0.0	0.0	0.0	0.0	0.0	0.0	0.0	0.0
hgt	None	dead	0.0	0.0	0.0	0.0	0.0	0.0	0.0	0.0
dup	None	dead	0.0	0.0	0.0	0.0	0.0	0.0	0.0	0.0
hgt	1475	1474	2249.485	2094.15	2171.8175	2543.8	1955.17	2398.35	1789.95	2166.875
los	None	dead	0.0	0.0	0.0	0.0	0.0	0.0	0.0	0.0
hgt	None	dead	0.0	0.0	0.0	0.0	0.0	0.0	0.0	0.0
hgt	697	GCA.003222815.1.Bacteria.Acidobacteriota	1624.47	0.0	812.235	1840.22	1408.72	0.0	0.0	920.11
los	None	dead	0.0	0.0	0.0	0.0	0.0	0.0	0.0	0.0
spe	1475	1474	2249.485	2094.15	2171.8175	2543.8	1955.17	2398.35	1789.95	2166.875
spe	1474	1470	2094.15	1749.085	1921.6175	2398.35	1789.95	2065.21	1432.96	1915.655
los	1470	GCF.000025005.1.Bacteria.Chloroflexota	1749.085	0.0	874.5425	2065.21	1432.96	0.0	0.0	1032.605
spe	1470	1469	1749.085	1574.225	1661.655	2065.21	1432.96	1892.87	1255.58	1660.395
los	1469	1467	1574.225	1431.56	1502.8925	1892.87	1255.58	1750.93	1112.19	1502.53
spe	1474	1473	2094.15	1294.4735	1694.31175	2398.35	1789.95	1671.97	916.977	1657.6635
hgt	829	828	2001.85	1750.53	1876.19	2204.71	1798.99	1966.78	1534.28	1869.495
los	None	dead	0.0	0.0	0.0	0.0	0.0	0.0	0.0	0.0
spe	829	828	2001.85	1750.53	1876.19	2204.71	1798.99	1966.78	1534.28	1869.495
hgt	None	dead	0.0	0.0	0.0	0.0	0.0	0.0	0.0	0.0
hgt	1396	GCA.003244045.1.Bacteria.Dormibacterota	1723.235	0.0	861.6175	2334.25	1112.22	0.0	0.0	1167.125
los	None	dead	0.0	0.0	0.0	0.0	0.0	0.0	0.0	0.0
spe	828	827	1750.53	1617.135	1683.8325	1966.78	1534.28	1833.41	1400.86	1683.82
spe	827	821	1617.135	1377.535	1497.335	1833.41	1400.86	1637.42	1117.65	1475.53
los	821	GCA.002841825.1.Bacteria.Myxococcota	1377.535	0.0	688.7675	1637.42	1117.65	0.0	0.0	818.71
spe	827	826	1617.135	1444.855	1530.995	1833.41	1400.86	1661.37	1228.34	1530.875
los	826	GCA.002747355.1.Bacteria.Myxococcota	1444.855	0.0	722.4275	1661.37	1228.34	0.0	0.0	830.685
spe	826	825	1444.855	1134.553	1289.704	1661.37	1228.34	1400.01	869.096	1265.233
hgt	None	dead	0.0	0.0	0.0	0.0	0.0	0.0	0.0	0.0
hgt	1178	1177	1434.165	1221.364	1327.7645	1689.01	1179.32	1491.65	951.078	1320.044
los	None	dead	0.0	0.0	0.0	0.0	0.0	0.0	0.0	0.0
spe	1178	1177	1434.165	1221.364	1327.7645	1689.01	1179.32	1491.65	951.078	1320.044
spe	1169	1145	2113.35	1788.28	1950.815	2359.96	1866.74	2061.89	1514.67	1937.315
hgt	None	dead	0.0	0.0	0.0	0.0	0.0	0.0	0.0	0.0
hgt	1140	GCA.003162395.1.Bacteria.Actinobacteriota	1082.515	0.0	541.2575	1376.91	788.12	0.0	0.0	688.455
los	None	dead	0.0	0.0	0.0	0.0	0.0	0.0	0.0	0.0
spe	1145	1143	1788.28	1606.47	1697.375	2061.89	1514.67	1865.47	1347.47	1704.68
spe	1143	1141	1606.47	1323.465	1464.9675	1865.47	1347.47	1574.65	1072.28	1468.875
spe	1141	1140	1323.465	1082.515	1202.99	1574.65	1072.28	1376.91	788.12	1181.385
los	1140	GCA.003162395.1.Bacteria.Actinobacteriota	1082.515	0.0	541.2575	1376.91	788.12	0.0	0.0	688.455
hgt	1469	1467	1574.225	1431.56	1502.8925	1892.87	1255.58	1750.93	1112.19	1502.53
los	None	dead	0.0	0.0	0.0	0.0	0.0	0.0	0.0	0.0
spe	1469	1467	1574.225	1431.56	1502.8925	1892.87	1255.58	1750.93	1112.19	1502.53
hgt	1722	1664	3050.45	2102.73	2576.59	3307.1	2793.8	2624.14	1581.32	2444.21
los	None	dead	0.0	0.0	0.0	0.0	0.0	0.0	0.0	0.0
spe	1722	1664	3050.45	2102.73	2576.59	3307.1	2793.8	2624.14	1581.32	2444.21
spe	1664	1663	2102.73	1748.05	1925.39	2624.14	1581.32	2269.88	1226.22	1925.18
los	1663	GCA.001784555.1.Bacteria.Cyanobacteria	1748.05	0.0	874.025	2269.88	1226.22	0.0	0.0	1134.94
hgt	None	dead	0.0	0.0	0.0	0.0	0.0	0.0	0.0	0.0
hgt	1226	GCA.003242195.1.Bacteria.Firmicutes.E	1388.78	0.0	694.39	1687.37	1090.19	0.0	0.0	843.685
los	None	dead	0.0	0.0	0.0	0.0	0.0	0.0	0.0	0.0
spe	1664	1660	2102.73	1690.83	1896.78	2624.14	1581.32	2217.83	1163.83	1893.985
los	1660	GCA.900313115.1.Bacteria.Cyanobacteria	1690.83	0.0	845.415	2217.83	1163.83	0.0	0.0	1108.915
hgt	None	dead	0.0	0.0	0.0	0.0	0.0	0.0	0.0	0.0
hgt	477	GCA.001897475.1.Bacteria.Proteobacteria	1066.3815	0.0	533.19075	1289.59	843.173	0.0	0.0	644.795
los	None	dead	0.0	0.0	0.0	0.0	0.0	0.0	0.0	0.0
hgt	None	dead	0.0	0.0	0.0	0.0	0.0	0.0	0.0	0.0
hgt	1154	GCF.001591405.1.Bacteria.Actinobacteria	976.5785	0.0	488.28925	1290.8	662.357	0.0	0.0	645.4
los	None	dead	0.0	0.0	0.0	0.0	0.0	0.0	0.0	0.0
dup	None	dead	0.0	0.0	0.0	0.0	0.0	0.0	0.0	0.0
hgt	930	GCA.002449765.1.Bacteria.Fibrobacterota	1300.89	0.0	650.445	1599.69	1002.09	0.0	0.0	799.845
los	None	dead	0.0	0.0	0.0	0.0	0.0	0.0	0.0	0.0
dup	None	dead	0.0	0.0	0.0	0.0	0.0	0.0	0.0	0.0
hgt	767	GCA.002796325.1.Bacteria.UBA10199	1475.25	0.0	737.625	1721.88	1228.62	0.0	0.0	860.94
los	None	dead	0.0	0.0	0.0	0.0	0.0	0.0	0.0	0.0
hgt	293	GCA.002429065.1.Bacteria.Verrucomicrobiota	1595.865	0.0	797.9325	2014.86	1176.87	0.0	0.0	1007.43
los	None	dead	0.0	0.0	0.0	0.0	0.0	0.0	0.0	0.0
hgt	None	dead	0.0	0.0	0.0	0.0	0.0	0.0	0.0	0.0
dup	293	GCA.002429065.1.Bacteria.Verrucomicrobiota	1595.865	0.0	797.9325	2014.86	1176.87	0.0	0.0	1007.43
hgt	967	966	1879.385	1606.29	1742.8375	2109.43	1649.34	1831.14	1381.44	1745.435
los	None	dead	0.0	0.0	0.0	0.0	0.0	0.0	0.0	0.0
hgt	None	dead	0.0	0.0	0.0	0.0	0.0	0.0	0.0	0.0
hgt	288	GCA.002382525.1.Bacteria.Verrucomicrobiota	1496.535	0.0	748.2675	1838.77	1154.3	0.0	0.0	919.385
los	None	dead	0.0	0.0	0.0	0.0	0.0	0.0	0.0	0.0
spe	967	966	1879.385	1606.29	1742.8375	2109.43	1649.34	1831.14	1381.44	1745.435
hgt	None	dead	0.0	0.0	0.0	0.0	0.0	0.0	0.0	0.0
hgt	775	GCA.001797335.1.Bacteria.Bdellovibrionota.E	1721.205	0.0	860.6025	2009.3	1433.11	0.0	0.0	1004.65
los	None	dead	0.0	0.0	0.0	0.0	0.0	0.0	0.0	0.0
spe	966	965	1606.29	1429.675	1517.9825	1831.14	1381.44	1647.7	1211.65	1521.395
spe	965	964	1429.675	1306.425	1368.05	1647.7	1211.65	1524.94	1087.91	1367.805
los	964	GCA.002483345.1.Bacteria.Bacteroidota	1306.425	0.0	653.2125	1524.94	1087.91	0.0	0.0	762.47
spe	964	963	1306.425	1185.7715	1246.09825	1524.94	1087.91	1421.9	949.643	1237.2915
los	963	GCF.900116225.1.Bacteria.Bacteroidota	1185.7715	0.0	592.88575	1421.9	949.643	0.0	0.0	710.95
spe	963	962	1185.7715	1034.2525	1110.012	1421.9	949.643	1289.8	778.705	1100.3025
los	962	GCA.002455375.1.Bacteria.Bacteroidota	1034.2525	0.0	517.12625	1289.8	778.705	0.0	0.0	644.9
spe	962	961	1034.2525	860.4425	947.3475	1289.8	778.705	1138.96	581.925	935.8625
los	961	GCF.900489485.1.Bacteria.Bacteroidota	860.4425	0.0	430.22125	1138.96	581.925	0.0	0.0	569.48
spe	965	955	1429.675	1277.41	1353.5425	1647.7	1211.65	1498.37	1056.45	1352.075
los	955	GCA.001769655.1.Bacteria.Bacteroidota	1277.41	0.0	638.705	1498.37	1056.45	0.0	0.0	749.185
hgt	None	dead	0.0	0.0	0.0	0.0	0.0	0.0	0.0	0.0
spe	1042	1041	2551.86	2350.395	2451.1275	2892.03	2211.69	2705.43	1995.36	2443.695
los	1041	1040	2350.395	2193.615	2272.005	2705.43	1995.36	2529.3	1857.93	2281.68
dup	None	dead	0.0	0.0	0.0	0.0	0.0	0.0	0.0	0.0
dup	None	dead	0.0	0.0	0.0	0.0	0.0	0.0	0.0	0.0
dup	None	dead	0.0	0.0	0.0	0.0	0.0	0.0	0.0	0.0
hgt	967	GCF.000013045.1.Bacteria.Bacteroidota	1879.385	0.0	939.6925	2109.43	1649.34	0.0	0.0	1054.715
los	None	dead	0.0	0.0	0.0	0.0	0.0	0.0	0.0	0.0
hgt	702	GCA.003223635.1.Bacteria.Acidobacteriota	1226.544	0.0	613.272	1494.48	958.608	0.0	0.0	747.24
los	None	dead	0.0	0.0	0.0	0.0	0.0	0.0	0.0	0.0
dup	None	dead	0.0	0.0	0.0	0.0	0.0	0.0	0.0	0.0
hgt	1020	GCA.001780165.1.Bacteria.Eisenbacteria	1410.39	0.0	705.195	1757.86	1062.92	0.0	0.0	878.93
los	None	dead	0.0	0.0	0.0	0.0	0.0	0.0	0.0	0.0
hgt	48	GCA.003009755.1.Archaea.Thermoplasmatota	1716.14	0.0	858.07	1982.66	1449.62	0.0	0.0	991.33
los	None	dead	0.0	0.0	0.0	0.0	0.0	0.0	0.0	0.0
hgt	1720	1719	2510.455	2371.88	2441.1675	2678.67	2342.24	2533.31	2210.45	2444.56
los	None	dead	0.0	0.0	0.0	0.0	0.0	0.0	0.0	0.0
hgt	None	dead	0.0	0.0	0.0	0.0	0.0	0.0	0.0	0.0
dup	None	dead	0.0	0.0	0.0	0.0	0.0	0.0	0.0	0.0
hgt	816	GCA.002707085.1.Bacteria.Myxococcota.A	1328.145	0.0	664.0725	1593.25	1063.04	0.0	0.0	796.625
los	None	dead	0.0	0.0	0.0	0.0	0.0	0.0	0.0	0.0
hgt	832	GCA.002721815.1.Bacteria.Myxococcota	1444.88	0.0	722.44	1737.65	1152.11	0.0	0.0	868.825
los	None	dead	0.0	0.0	0.0	0.0	0.0	0.0	0.0	0.0
hgt	None	dead	0.0	0.0	0.0	0.0	0.0	0.0	0.0	0.0
hgt	811	GCA.002728755.1.Bacteria.Myxococcota	1313.225	0.0	656.6125	1553.88	1072.57	0.0	0.0	776.94
los	None	dead	0.0	0.0	0.0	0.0	0.0	0.0	0.0	0.0
spe	1720	1719	2510.455	2371.88	2441.1675	2678.67	2342.24	2533.31	2210.45	2444.56
spe	1719	1718	2371.88	2232.24	2302.06	2533.31	2210.45	2378.44	2086.04	2309.675
spe	1718	1717	2232.24	2064.395	2148.3175	2378.44	2086.04	2238.25	1890.54	2134.49
los	1717	1716	2064.395	1811.985	1938.19	2238.25	1890.54	1996.42	1627.55	1932.9
spe	1718	1704	2232.24	2105.22	2168.73	2378.44	2086.04	2238.26	1972.18	2175.31
los	1704	1672	2105.22	1717.695	1911.4575	2238.26	1972.18	2070.17	1365.22	1801.74
spe	1704	1703	2105.22	2001.35	2053.285	2238.26	1972.18	2116.53	1886.17	2062.215
spe	1703	1679	2001.35	1509.135	1755.2425	2116.53	1886.17	1896.29	1121.98	1619.255
spe	1679	1678	1509.135	796.3525	1152.74375	1896.29	1121.98	1296.27	296.435	1096.3625
los	1678	1676	796.3525	163.12655	479.73952	1296.27	296.435	232.712	93.5411	694.90555
spe	1703	1702	2001.35	1938.175	1969.7625	2116.53	1886.17	2044.36	1831.99	1974.26
spe	1702	1701	1938.175	1887.235	1912.705	2044.36	1831.99	1985.34	1789.13	1916.745
spe	1701	1685	1887.235	1635.52	1761.3775	1985.34	1789.13	1883.48	1387.56	1686.45
los	1685	1684	1635.52	1444.79	1540.155	1883.48	1387.56	1759.1	1130.48	1506.98
spe	1701	1700	1887.235	1825.65	1856.4425	1985.34	1789.13	1915.11	1736.19	1860.765
spe	1700	1688	1825.65	1436.775	1631.2125	1915.11	1736.19	1766.73	1106.82	1510.965
hgt	None	dead	0.0	0.0	0.0	0.0	0.0	0.0	0.0	0.0
hgt	1684	GCF.000316115.1.Bacteria.Cyanobacteria	1444.79	0.0	722.395	1759.1	1130.48	0.0	0.0	879.55
los	None	dead	0.0	0.0	0.0	0.0	0.0	0.0	0.0	0.0
hgt	None	dead	0.0	0.0	0.0	0.0	0.0	0.0	0.0	0.0
hgt	1672	GCF.002251945.1.Bacteria.Cyanobacteria	1717.695	0.0	858.8475	2070.17	1365.22	0.0	0.0	1035.085
los	None	dead	0.0	0.0	0.0	0.0	0.0	0.0	0.0	0.0
spe	1700	1699	1825.65	1773.275	1799.4625	1915.11	1736.19	1850.15	1696.4	1805.755
spe	1699	1698	1773.275	1634.795	1704.035	1850.15	1696.4	1669.04	1600.55	1725.35
los	1698	1692	1634.795	34.435	834.615	1669.04	1600.55	57.4215	11.4485	840.24425
spe	1698	1697	1634.795	920.2075	1277.50125	1669.04	1600.55	1581.01	259.405	964.2225
spe	1697	1695	920.2075	795.37	857.78875	1581.01	259.405	1453.6	137.14	859.075
los	1695	Nostoc.sp.PCC7120	795.37	0.0	397.685	1453.6	137.14	0.0	0.0	726.8
hgt	None	dead	0.0	0.0	0.0	0.0	0.0	0.0	0.0	0.0
hgt	1684	GCA.001698445.1.Bacteria.Cyanobacteria	1444.79	0.0	722.395	1759.1	1130.48	0.0	0.0	879.55
los	None	dead	0.0	0.0	0.0	0.0	0.0	0.0	0.0	0.0
