event	left_node	right_node	left_date	right_date	midpoint_date	left_date_lower	left_date_upper	right_date_lower	right_date_upper	midpoint_date_all
hgt	None	dead	0.0	0.0	0.0	0.0	0.0	0.0	0.0	0.0
hgt	447	446	1643.315	1453.89	1548.6025	1842.47	1444.16	1664.75	1243.03	1542.75
los	None	dead	0.0	0.0	0.0	0.0	0.0	0.0	0.0	0.0
spe	447	446	1643.315	1453.89	1548.6025	1842.47	1444.16	1664.75	1243.03	1542.75
spe	446	445	1453.89	1339.17	1396.53	1664.75	1243.03	1557.66	1120.68	1392.715
los	445	GCA.002717225.1.Bacteria.Proteobacteria	1339.17	0.0	669.585	1557.66	1120.68	0.0	0.0	778.83
spe	445	444	1339.17	1137.223	1238.1965	1557.66	1120.68	1395.86	878.586	1218.123
los	444	GCA.002686135.1.Bacteria.Proteobacteria	1137.223	0.0	568.6115	1395.86	878.586	0.0	0.0	697.93
spe	518	517	2442.195	2290.125	2366.16	2659.56	2224.83	2498.47	2081.78	2370.67
spe	517	516	2290.125	2206.765	2248.445	2498.47	2081.78	2397.94	2015.59	2257.03
los	516	428	2206.765	2086.245	2146.505	2397.94	2015.59	2284.48	1888.01	2142.975
spe	516	515	2206.765	2084.22	2145.4925	2397.94	2015.59	2265.7	1902.74	2150.34
los	515	GCA.002632265.1.Bacteria.Proteobacteria	2084.22	0.0	1042.11	2265.7	1902.74	0.0	0.0	1132.85
spe	515	514	2084.22	1954.11	2019.165	2265.7	1902.74	2125.97	1782.25	2023.975
hgt	None	dead	0.0	0.0	0.0	0.0	0.0	0.0	0.0	0.0
hgt	426	416	1879.245	1555.63	1717.4375	2079.1	1679.39	1789.07	1322.19	1700.645
los	None	dead	0.0	0.0	0.0	0.0	0.0	0.0	0.0	0.0
spe	426	416	1879.245	1555.63	1717.4375	2079.1	1679.39	1789.07	1322.19	1700.645
spe	416	415	1555.63	1297.065	1426.3475	1789.07	1322.19	1524.67	1069.46	1429.265
los	415	GCA.003213135.1.Bacteria.Proteobacteria	1297.065	0.0	648.5325	1524.67	1069.46	0.0	0.0	762.335
dup	415	GCA.002717245.1.Bacteria.Proteobacteria	1297.065	0.0	648.5325	1524.67	1069.46	0.0	0.0	762.335
spe	514	513	1954.11	1885.97	1920.04	2125.97	1782.25	2049.09	1722.85	1924.41
spe	513	512	1885.97	1775.885	1830.9275	2049.09	1722.85	1942.07	1609.7	1829.395
los	512	486	1775.885	1397.735	1586.81	1942.07	1609.7	1700.16	1095.31	1518.69
spe	512	511	1775.885	1694.565	1735.225	1942.07	1609.7	1858.49	1530.64	1736.355
los	511	489	1694.565	1316.195	1505.38	1858.49	1530.64	1571.14	1061.25	1459.87
spe	511	510	1694.565	1636.78	1665.6725	1858.49	1530.64	1799.17	1474.39	1666.44
spe	510	509	1636.78	1544.73	1590.755	1799.17	1474.39	1706.12	1383.34	1591.255
los	509	495	1544.73	1237.1635	1390.94675	1706.12	1383.34	1474.36	999.967	1353.0435
spe	509	508	1544.73	1436.825	1490.7775	1706.12	1383.34	1601.19	1272.46	1489.29
los	508	507	1436.825	1269.025	1352.925	1601.19	1272.46	1436.85	1101.2	1351.195
spe	508	498	1436.825	1261.48	1349.1525	1601.19	1272.46	1455.41	1067.55	1334.37
los	498	GCF.000192575.1.Bacteria.Proteobacteria	1261.48	0.0	630.74	1455.41	1067.55	0.0	0.0	727.705
spe	510	492	1636.78	1312.7	1474.74	1799.17	1474.39	1571.16	1054.24	1426.705
los	492	GCF.002798435.1.Bacteria.Proteobacteria	1312.7	0.0	656.35	1571.16	1054.24	0.0	0.0	785.58
spe	513	483	1885.97	1836.685	1861.3275	2049.09	1722.85	1999.79	1673.58	1861.335
hgt	None	dead	0.0	0.0	0.0	0.0	0.0	0.0	0.0	0.0
dup	None	dead	0.0	0.0	0.0	0.0	0.0	0.0	0.0	0.0
hgt	562	561	1844.995	1768.445	1806.72	2036.09	1653.9	1961.68	1575.21	1805.65
los	None	dead	0.0	0.0	0.0	0.0	0.0	0.0	0.0	0.0
hgt	None	dead	0.0	0.0	0.0	0.0	0.0	0.0	0.0	0.0
hgt	796	GCA.002238415.1.Bacteria.Desulfobacterota.B	1652.795	0.0	826.3975	1900.16	1405.43	0.0	0.0	950.08
los	None	dead	0.0	0.0	0.0	0.0	0.0	0.0	0.0	0.0
spe	562	561	1844.995	1768.445	1806.72	2036.09	1653.9	1961.68	1575.21	1805.65
spe	561	553	1768.445	1596.945	1682.695	1961.68	1575.21	1821.5	1372.39	1667.035
los	553	GCF.001641825.1.Bacteria.Proteobacteria	1596.945	0.0	798.4725	1821.5	1372.39	0.0	0.0	910.75
spe	553	552	1596.945	1380.83	1488.8875	1821.5	1372.39	1621.66	1140.0	1480.75
los	552	551	1380.83	1067.6595	1224.24475	1621.66	1140.0	1372.61	762.709	1192.1845
spe	561	560	1768.445	1588.765	1678.605	1961.68	1575.21	1792.9	1384.63	1673.155
spe	560	558	1588.765	1434.31	1511.5375	1792.9	1384.63	1652.56	1216.06	1504.48
los	558	557	1434.31	1225.2445	1329.77725	1652.56	1216.06	1451.49	998.999	1325.7795
hgt	603	602	1696.92	1612.41	1654.665	1869.02	1524.82	1790.83	1433.99	1651.505
los	None	dead	0.0	0.0	0.0	0.0	0.0	0.0	0.0	0.0
spe	603	602	1696.92	1612.41	1654.665	1869.02	1524.82	1790.83	1433.99	1651.505
spe	602	592	1612.41	1273.215	1442.8125	1790.83	1433.99	1530.36	1016.07	1403.45
spe	602	601	1612.41	1475.48	1543.945	1790.83	1433.99	1662.78	1288.18	1539.505
los	601	600	1475.48	1276.255	1375.8675	1662.78	1288.18	1480.95	1071.56	1367.17
spe	601	595	1475.48	1266.66	1371.07	1662.78	1288.18	1469.01	1064.31	1363.545
hgt	600	GCA.002007425.1.Bacteria.Proteobacteria	1276.255	0.0	638.1275	1480.95	1071.56	0.0	0.0	740.475
hgt	598	GCA.002292285.1.Bacteria.Proteobacteria	953.337	0.0	476.6685	1225.19	681.484	0.0	0.0	612.595
hgt	None	dead	0.0	0.0	0.0	0.0	0.0	0.0	0.0	0.0
hgt	495	GCA.002796975.1.Bacteria.Proteobacteria	1237.1635	0.0	618.58175	1474.36	999.967	0.0	0.0	737.18
los	None	dead	0.0	0.0	0.0	0.0	0.0	0.0	0.0	0.0
hgt	None	dead	0.0	0.0	0.0	0.0	0.0	0.0	0.0	0.0
hgt	1163	GCF.000384115.1.Bacteria.Actinobacteriota	1087.464	0.0	543.732	1323.49	851.438	0.0	0.0	661.745
los	None	dead	0.0	0.0	0.0	0.0	0.0	0.0	0.0	0.0
spe	483	482	1836.685	1750.105	1793.395	1999.79	1673.58	1912.36	1587.85	1793.82
spe	482	481	1750.105	1674.98	1712.5425	1912.36	1587.85	1835.32	1514.64	1713.5
hgt	None	dead	0.0	0.0	0.0	0.0	0.0	0.0	0.0	0.0
los	481	480	1674.98	1549.46	1612.22	1835.32	1514.64	1716.36	1382.56	1608.94
hgt	498	GCF.000192575.1.Bacteria.Proteobacteria	1261.48	0.0	630.74	1455.41	1067.55	0.0	0.0	727.705
los	None	dead	0.0	0.0	0.0	0.0	0.0	0.0	0.0	0.0
spe	481	469	1674.98	1543.27	1609.125	1835.32	1514.64	1718.34	1368.2	1601.76
spe	469	468	1543.27	1359.195	1451.2325	1718.34	1368.2	1556.34	1162.05	1440.195
los	468	467	1359.195	1181.4985	1270.34675	1556.34	1162.05	1405.48	957.517	1256.9285
spe	469	463	1543.27	1394.155	1468.7125	1718.34	1368.2	1606.24	1182.07	1450.205
hgt	None	dead	0.0	0.0	0.0	0.0	0.0	0.0	0.0	0.0
hgt	486	GCF.000264455.2.Bacteria.Proteobacteria	1397.735	0.0	698.8675	1700.16	1095.31	0.0	0.0	850.08
hgt	439	GCF.001613805.1.Bacteria.Proteobacteria	1422.265	0.0	711.1325	1693.15	1151.38	0.0	0.0	846.575
hgt	495	GCF.003173035.1.Bacteria.Proteobacteria	1237.1635	0.0	618.58175	1474.36	999.967	0.0	0.0	737.18
los	None	dead	0.0	0.0	0.0	0.0	0.0	0.0	0.0	0.0
spe	463	462	1394.155	1117.2015	1255.67825	1606.24	1182.07	1403.11	831.293	1218.7665
hgt	467	GCF.003258945.1.Bacteria.Proteobacteria	1181.4985	0.0	590.74925	1405.48	957.517	0.0	0.0	702.74
los	462	GCF.006980715.1.Bacteria.Proteobacteria	1117.2015	0.0	558.60075	1403.11	831.293	0.0	0.0	701.555
hgt	695	GCA.003131705.1.Bacteria.Acidobacteriota	1326.405	0.0	663.2025	1521.67	1131.14	0.0	0.0	760.835
hgt	None	dead	0.0	0.0	0.0	0.0	0.0	0.0	0.0	0.0
hgt	None	dead	0.0	0.0	0.0	0.0	0.0	0.0	0.0	0.0
hgt	1155	GCF.003443735.1.Bacteria.Actinobacteriota	1276.115	0.0	638.0575	1486.51	1065.72	0.0	0.0	743.255
hgt	486	GCA.002721365.1.Bacteria.Proteobacteria	1397.735	0.0	698.8675	1700.16	1095.31	0.0	0.0	850.08
los	None	dead	0.0	0.0	0.0	0.0	0.0	0.0	0.0	0.0
hgt	1163	GCF.000384115.1.Bacteria.Actinobacteriota	1087.464	0.0	543.732	1323.49	851.438	0.0	0.0	661.745
hgt	455	GCF.900102465.1.Bacteria.Proteobacteria	1226.72	0.0	613.36	1447.93	1005.51	0.0	0.0	723.965
hgt	574	GCF.000374645.1.Bacteria.Proteobacteria	1330.6	0.0	665.3	1590.49	1070.71	0.0	0.0	795.245
los	None	dead	0.0	0.0	0.0	0.0	0.0	0.0	0.0	0.0
dup	574	GCF.000374645.1.Bacteria.Proteobacteria	1330.6	0.0	665.3	1590.49	1070.71	0.0	0.0	795.245
hgt	501	GCA.003454415.1.Bacteria.Proteobacteria	884.6055	0.0	442.30275	1159.88	609.331	0.0	0.0	579.94
hgt	825	GCA.003170275.1.Bacteria.Myxococcota	1134.553	0.0	567.2765	1400.01	869.096	0.0	0.0	700.005
hgt	546	GCA.002747435.1.Bacteria.Proteobacteria	1417.275	0.0	708.6375	1742.85	1091.7	0.0	0.0	871.425
hgt	536	GCF.900111015.1.Bacteria.Proteobacteria	1675.53	0.0	837.765	2101.36	1249.7	0.0	0.0	1050.68
hgt	586	GCA.003228965.1.Bacteria.Proteobacteria	1375.33	0.0	687.665	1584.13	1166.53	0.0	0.0	792.065
hgt	579	GCA.003137095.1.Bacteria.Proteobacteria	1079.9275	0.0	539.96375	1322.47	837.385	0.0	0.0	661.235
hgt	None	dead	0.0	0.0	0.0	0.0	0.0	0.0	0.0	0.0
spe	482	458	1750.105	1624.365	1687.235	1912.36	1587.85	1810.7	1438.03	1675.195
los	458	GCA.002340345.1.Bacteria.Proteobacteria	1624.365	0.0	812.1825	1810.7	1438.03	0.0	0.0	905.35
hgt	None	dead	0.0	0.0	0.0	0.0	0.0	0.0	0.0	0.0
hgt	26	GCA.002083985.1.Archaea.Altiarchaeota	790.375	0.0	395.1875	1278.57	302.18	0.0	0.0	639.285
los	None	dead	0.0	0.0	0.0	0.0	0.0	0.0	0.0	0.0
hgt	74	GCF.000194625.1.Archaea.Halobacteriota	1616.7	0.0	808.35	1969.17	1264.23	0.0	0.0	984.585
hgt	None	dead	0.0	0.0	0.0	0.0	0.0	0.0	0.0	0.0
hgt	462	GCF.006980715.1.Bacteria.Proteobacteria	1117.2015	0.0	558.60075	1403.11	831.293	0.0	0.0	701.555
los	None	dead	0.0	0.0	0.0	0.0	0.0	0.0	0.0	0.0
dup	462	GCF.006980715.1.Bacteria.Proteobacteria	1117.2015	0.0	558.60075	1403.11	831.293	0.0	0.0	701.555
hgt	None	dead	0.0	0.0	0.0	0.0	0.0	0.0	0.0	0.0
hgt	436	435	1751.05	1536.91	1643.98	1998.82	1503.28	1809.13	1264.69	1631.755
spe	458	456	1624.365	1476.57	1550.4675	1810.7	1438.03	1673.09	1280.05	1545.375
los	456	455	1476.57	1226.72	1351.645	1673.09	1280.05	1447.93	1005.51	1339.3
spe	436	435	1751.05	1536.91	1643.98	1998.82	1503.28	1809.13	1264.69	1631.755
spe	435	434	1536.91	1353.935	1445.4225	1809.13	1264.69	1639.23	1068.64	1438.885
hgt	492	GCF.900172325.1.Bacteria.Proteobacteria	1312.7	0.0	656.35	1571.16	1054.24	0.0	0.0	785.58
dup	None	dead	0.0	0.0	0.0	0.0	0.0	0.0	0.0	0.0
hgt	462	GCF.000315795.1.Bacteria.Proteobacteria	1117.2015	0.0	558.60075	1403.11	831.293	0.0	0.0	701.555
los	None	dead	0.0	0.0	0.0	0.0	0.0	0.0	0.0	0.0
hgt	602	592	1612.41	1273.215	1442.8125	1790.83	1433.99	1530.36	1016.07	1403.45
hgt	560	GCA.001735895.1.Bacteria.Proteobacteria	1588.765	0.0	794.3825	1792.9	1384.63	0.0	0.0	896.45
hgt	581	GCA.002868855.1.Bacteria.Proteobacteria	1344.875	0.0	672.4375	1554.57	1135.18	0.0	0.0	777.285
los	None	dead	0.0	0.0	0.0	0.0	0.0	0.0	0.0	0.0
spe	602	592	1612.41	1273.215	1442.8125	1790.83	1433.99	1530.36	1016.07	1403.45
hgt	883	GCA.000961655.1.Bacteria.Desulfobacterota	1311.85	0.0	655.925	1564.19	1059.51	0.0	0.0	782.095
hgt	552	GCF.001614315.2.Bacteria.Proteobacteria	1380.83	0.0	690.415	1621.66	1140.0	0.0	0.0	810.83
hgt	542	GCA.002352565.1.Bacteria.Proteobacteria	1583.705	0.0	791.8525	1912.35	1255.06	0.0	0.0	956.175
hgt	60	GCF.002078355.1.Archaea.Thermoplasmatota	1534.115	0.0	767.0575	1781.72	1286.51	0.0	0.0	890.86
hgt	136	GCA.000375685.1.Archaea.Thermoproteota	2026.55	0.0	1013.275	2277.08	1776.02	0.0	0.0	1138.54
hgt	101	GCF.000011205.1.Archaea.Thermoproteota	1577.935	0.0	788.9675	1881.51	1274.36	0.0	0.0	940.755
los	None	dead	0.0	0.0	0.0	0.0	0.0	0.0	0.0	0.0
hgt	107	GCA.003019535.1.Archaea.Thermoproteota	1515.18	0.0	757.59	1853.29	1177.07	0.0	0.0	926.645
hgt	None	dead	0.0	0.0	0.0	0.0	0.0	0.0	0.0	0.0
hgt	1228	GCA.003023725.1.Bacteria.Firmicutes.E	1712.115	0.0	856.0575	2011.29	1412.94	0.0	0.0	1005.645
hgt	612	GCF.003612015.1.Bacteria.Proteobacteria	1256.25	0.0	628.125	1460.33	1052.17	0.0	0.0	730.165
los	None	dead	0.0	0.0	0.0	0.0	0.0	0.0	0.0	0.0
hgt	1338	1337	1549.595	1365.895	1457.745	1917.57	1181.62	1723.9	1007.89	1462.73
hgt	None	dead	0.0	0.0	0.0	0.0	0.0	0.0	0.0	0.0
hgt	1360	GCF.002902625.1.Bacteria.Firmicutes	1258.375	0.0	629.1875	1500.04	1016.71	0.0	0.0	750.02
los	None	dead	0.0	0.0	0.0	0.0	0.0	0.0	0.0	0.0
spe	1338	1337	1549.595	1365.895	1457.745	1917.57	1181.62	1723.9	1007.89	1462.73
hgt	1341	GCF.001653195.1.Bacteria.Firmicutes	1523.81	0.0	761.905	1926.97	1120.65	0.0	0.0	963.485
dup	1337	GCF.001399675.1.Bacteria.Firmicutes	1365.895	0.0	682.9475	1723.9	1007.89	0.0	0.0	861.95
dup	1337	GCF.001399675.1.Bacteria.Firmicutes	1365.895	0.0	682.9475	1723.9	1007.89	0.0	0.0	861.95
hgt	1355	GCF.000503775.1.Bacteria.Firmicutes	1426.77	0.0	713.385	1769.44	1084.1	0.0	0.0	884.72
hgt	1347	GCF.900099895.1.Bacteria.Firmicutes	1373.121	0.0	686.5605	1753.0	993.242	0.0	0.0	876.5
dup	1337	GCF.001399675.1.Bacteria.Firmicutes	1365.895	0.0	682.9475	1723.9	1007.89	0.0	0.0	861.95
hgt	None	dead	0.0	0.0	0.0	0.0	0.0	0.0	0.0	0.0
hgt	458	456	1624.365	1476.57	1550.4675	1810.7	1438.03	1673.09	1280.05	1545.375
los	None	dead	0.0	0.0	0.0	0.0	0.0	0.0	0.0	0.0
spe	458	456	1624.365	1476.57	1550.4675	1810.7	1438.03	1673.09	1280.05	1545.375
spe	456	455	1476.57	1226.72	1351.645	1673.09	1280.05	1447.93	1005.51	1339.3
los	455	GCF.900102465.1.Bacteria.Proteobacteria	1226.72	0.0	613.36	1447.93	1005.51	0.0	0.0	723.965
spe	455	454	1226.72	1094.241	1160.4805	1447.93	1005.51	1336.59	851.892	1149.911
los	454	453	1094.241	948.5585	1021.39975	1336.59	851.892	1217.04	680.077	1008.3335
spe	483	447	1836.685	1643.315	1740.0	1999.79	1673.58	1842.47	1444.16	1721.975
spe	447	446	1643.315	1453.89	1548.6025	1842.47	1444.16	1664.75	1243.03	1542.75
los	446	GCA.002717185.1.Bacteria.Proteobacteria	1453.89	0.0	726.945	1664.75	1243.03	0.0	0.0	832.375
spe	446	445	1453.89	1339.17	1396.53	1664.75	1243.03	1557.66	1120.68	1392.715
los	445	GCA.002717225.1.Bacteria.Proteobacteria	1339.17	0.0	669.585	1557.66	1120.68	0.0	0.0	778.83
spe	445	444	1339.17	1137.223	1238.1965	1557.66	1120.68	1395.86	878.586	1218.123
los	444	GCA.002348425.1.Bacteria.Proteobacteria	1137.223	0.0	568.6115	1395.86	878.586	0.0	0.0	697.93
spe	447	439	1643.315	1422.265	1532.79	1842.47	1444.16	1693.15	1151.38	1496.925
hgt	None	dead	0.0	0.0	0.0	0.0	0.0	0.0	0.0	0.0
los	439	GCF.001613805.1.Bacteria.Proteobacteria	1422.265	0.0	711.1325	1693.15	1151.38	0.0	0.0	846.575
hgt	462	GCF.006980715.1.Bacteria.Proteobacteria	1117.2015	0.0	558.60075	1403.11	831.293	0.0	0.0	701.555
los	None	dead	0.0	0.0	0.0	0.0	0.0	0.0	0.0	0.0
spe	514	436	1954.11	1751.05	1852.58	2125.97	1782.25	1998.82	1503.28	1814.625
hgt	445	GCA.002717225.1.Bacteria.Proteobacteria	1339.17	0.0	669.585	1557.66	1120.68	0.0	0.0	778.83
spe	436	435	1751.05	1536.91	1643.98	1998.82	1503.28	1809.13	1264.69	1631.755
spe	435	434	1536.91	1353.935	1445.4225	1809.13	1264.69	1639.23	1068.64	1438.885
los	434	GCA.002238885.1.Bacteria.Proteobacteria	1353.935	0.0	676.9675	1639.23	1068.64	0.0	0.0	819.615
hgt	None	dead	0.0	0.0	0.0	0.0	0.0	0.0	0.0	0.0
hgt	551	GCA.002746645.1.Bacteria.Proteobacteria	1067.6595	0.0	533.82975	1372.61	762.709	0.0	0.0	686.305
hgt	581	GCA.002868855.1.Bacteria.Proteobacteria	1344.875	0.0	672.4375	1554.57	1135.18	0.0	0.0	777.285
los	None	dead	0.0	0.0	0.0	0.0	0.0	0.0	0.0	0.0
hgt	492	GCF.002798435.1.Bacteria.Proteobacteria	1312.7	0.0	656.35	1571.16	1054.24	0.0	0.0	785.58
