event	left_node	right_node	left_date	right_date	midpoint_date	left_date_lower	left_date_upper	right_date_lower	right_date_upper	midpoint_date_all
spe	177	95	2975.235	2751.94	2863.5875	3172.02	2778.45	2968.59	2535.29	2853.655
hgt	316	308	2939.28	2482.645	2710.9625	3260.47	2618.09	2786.12	2179.17	2719.82
spe	95	39	2751.94	2176.73	2464.335	2968.59	2535.29	2662.29	1691.17	2329.88
los	39	38	2176.73	1770.925	1973.8275	2662.29	1691.17	2300.92	1240.93	1951.61
hgt	None	dead	0.0	0.0	0.0	0.0	0.0	0.0	0.0	0.0
hgt	84	GCF.000011005.1.Archaea.Euryarchaeota	1169.197	0.0	584.5985	1403.93	934.464	0.0	0.0	701.965
los	None	dead	0.0	0.0	0.0	0.0	0.0	0.0	0.0	0.0
spe	39	35	2176.73	1886.455	2031.5925	2662.29	1691.17	2412.29	1360.62	2011.455
los	35	GCA.001587715.1.Archaea.Methanobacteriota.B	1886.455	0.0	943.2275	2412.29	1360.62	0.0	0.0	1206.145
spe	316	308	2939.28	2482.645	2710.9625	3260.47	2618.09	2786.12	2179.17	2719.82
hgt	None	dead	0.0	0.0	0.0	0.0	0.0	0.0	0.0	0.0
hgt	326	GCA.002404095.1.Bacteria.Planctomycetota	1208.648	0.0	604.324	1527.79	889.506	0.0	0.0	763.895
hgt	347	GCA.002683135.1.Bacteria.Planctomycetota	1905.8	0.0	952.9	2230.18	1581.42	0.0	0.0	1115.09
los	None	dead	0.0	0.0	0.0	0.0	0.0	0.0	0.0	0.0
spe	308	307	2482.645	2342.65	2412.6475	2786.12	2179.17	2645.8	2039.5	2412.81
spe	307	306	2342.65	1842.35	2092.5	2645.8	2039.5	2147.78	1536.92	2091.36
hgt	None	dead	0.0	0.0	0.0	0.0	0.0	0.0	0.0	0.0
los	306	GCA.001804805.1.Bacteria.Verrucomicrobiota	1842.35	0.0	921.175	2147.78	1536.92	0.0	0.0	1073.89
hgt	1119	GCA.002779825.1.Bacteria.Armatimonadota	1519.685	0.0	759.8425	1896.55	1142.82	0.0	0.0	948.275
los	None	dead	0.0	0.0	0.0	0.0	0.0	0.0	0.0	0.0
spe	306	305	1842.35	1592.935	1717.6425	2147.78	1536.92	1871.26	1314.61	1731.195
spe	305	303	1592.935	1506.615	1549.775	1871.26	1314.61	1786.55	1226.68	1548.97
los	303	302	1506.615	1318.23	1412.4225	1786.55	1226.68	1579.03	1057.43	1421.99
spe	307	297	2342.65	1989.305	2165.9775	2645.8	2039.5	2332.71	1645.9	2145.85
los	297	296	1989.305	1450.325	1719.815	2332.71	1645.9	1813.73	1086.92	1709.815
hgt	320	GCA.002746535.1.Bacteria.Planctomycetota	2045.545	0.0	1022.7725	2538.07	1553.02	0.0	0.0	1269.035
spe	297	293	1989.305	1595.865	1792.585	2332.71	1645.9	2014.86	1176.87	1754.79
los	293	GCA.003246265.1.Bacteria.Verrucomicrobiota	1595.865	0.0	797.9325	2014.86	1176.87	0.0	0.0	1007.43
dup	293	GCA.002429065.1.Bacteria.Verrucomicrobiota	1595.865	0.0	797.9325	2014.86	1176.87	0.0	0.0	1007.43
spe	308	290	2482.645	2065.88	2274.2625	2786.12	2179.17	2380.72	1751.04	2268.58
los	290	284	2065.88	1696.525	1881.2025	2380.72	1751.04	2015.71	1377.34	1879.03
spe	290	289	2065.88	1846.505	1956.1925	2380.72	1751.04	2175.31	1517.7	1949.21
spe	289	288	1846.505	1496.535	1671.52	2175.31	1517.7	1838.77	1154.3	1664.805
hgt	None	dead	0.0	0.0	0.0	0.0	0.0	0.0	0.0	0.0
los	288	GCA.002382525.1.Bacteria.Verrucomicrobiota	1496.535	0.0	748.2675	1838.77	1154.3	0.0	0.0	919.385
hgt	302	GCF.000170755.1.Bacteria.Verrucomicrobiota	1318.23	0.0	659.115	1579.03	1057.43	0.0	0.0	789.515
los	None	dead	0.0	0.0	0.0	0.0	0.0	0.0	0.0	0.0
hgt	302	GCF.000170755.1.Bacteria.Verrucomicrobiota	1318.23	0.0	659.115	1579.03	1057.43	0.0	0.0	789.515
hgt	350	GCA.003509045.1.Bacteria.Planctomycetota	1417.255	0.0	708.6275	1750.54	1083.97	0.0	0.0	875.27
spe	95	94	2751.94	2705.465	2728.7025	2968.59	2535.29	2926.2	2484.73	2726.66
hgt	None	dead	0.0	0.0	0.0	0.0	0.0	0.0	0.0	0.0
spe	94	93	2705.465	2558.825	2632.145	2926.2	2484.73	2775.71	2341.94	2634.07
hgt	1068	GCA.002877955.1.Bacteria.Caldisericota	1488.73	0.0	744.365	1829.99	1147.47	0.0	0.0	914.995
spe	93	92	2558.825	2447.115	2502.97	2775.71	2341.94	2665.58	2228.65	2502.18
los	92	70	2447.115	2126.625	2286.87	2665.58	2228.65	2338.09	1915.16	2290.37
spe	92	91	2447.115	2166.265	2306.69	2665.58	2228.65	2401.72	1930.81	2298.195
los	91	GCA.003034855.1.Archaea.Halobacteriota	2166.265	0.0	1083.1325	2401.72	1930.81	0.0	0.0	1200.86
spe	91	90	2166.265	1969.495	2067.88	2401.72	1930.81	2197.74	1741.25	2071.485
los	90	74	1969.495	1616.7	1793.0975	2197.74	1741.25	1969.17	1264.23	1730.985
spe	90	89	1969.495	1812.405	1890.95	2197.74	1741.25	2030.99	1593.82	1895.78
spe	89	77	1812.405	1412.42	1612.4125	2030.99	1593.82	1711.62	1113.22	1572.105
hgt	1419	GCA.002367275.1.Bacteria.Chloroflexota	1336.415	0.0	668.2075	1593.44	1079.39	0.0	0.0	796.72
dup	1419	GCA.002367275.1.Bacteria.Chloroflexota	1336.415	0.0	668.2075	1593.44	1079.39	0.0	0.0	796.72
spe	89	88	1812.405	1663.625	1738.015	2030.99	1593.82	1881.51	1445.74	1738.365
los	88	80	1663.625	1371.305	1517.465	1881.51	1445.74	1640.83	1101.78	1491.645
spe	88	87	1663.625	1542.125	1602.875	1881.51	1445.74	1762.59	1321.66	1601.585
los	87	GCA.002256595.1.Archaea.Halobacteriota	1542.125	0.0	771.0625	1762.59	1321.66	0.0	0.0	881.295
spe	87	86	1542.125	1366.345	1454.235	1762.59	1321.66	1587.43	1145.26	1453.925
spe	86	84	1366.345	1169.197	1267.771	1587.43	1145.26	1403.93	934.464	1260.947
hgt	1317	GCA.002398485.1.Bacteria.Firmicutes.B	1148.381	0.0	574.1905	1413.4	883.362	0.0	0.0	706.7
hgt	1330	GCA.003444595.1.Bacteria.Firmicutes.D	1602.185	0.0	801.0925	2102.79	1101.58	0.0	0.0	1051.395
los	84	GCF.000011005.1.Archaea.Euryarchaeota	1169.197	0.0	584.5985	1403.93	934.464	0.0	0.0	701.965
hgt	93	GCF.000025525.1.Archaea.Methanobacteriota.A	2558.825	0.0	1279.4125	2775.71	2341.94	0.0	0.0	1387.855
hgt	1127	1126	2426.2	2238.98	2332.59	2768.99	2083.41	2575.29	1902.67	2335.83
hgt	259	GCA.001778375.1.Bacteria.Firestonebacteria	2058.21	0.0	1029.105	2612.58	1503.84	0.0	0.0	1306.29
los	None	dead	0.0	0.0	0.0	0.0	0.0	0.0	0.0	0.0
dup	259	GCA.001778375.1.Bacteria.Firestonebacteria	2058.21	0.0	1029.105	2612.58	1503.84	0.0	0.0	1306.29
hgt	296	GCA.001804885.1.Bacteria.Verrucomicrobiota	1450.325	0.0	725.1625	1813.73	1086.92	0.0	0.0	906.865
hgt	None	dead	0.0	0.0	0.0	0.0	0.0	0.0	0.0	0.0
hgt	350	GCA.002402755.1.Bacteria.Planctomycetota	1417.255	0.0	708.6275	1750.54	1083.97	0.0	0.0	875.27
hgt	674	GCA.002747255.1.Bacteria.Acidobacteriota	1626.005	0.0	813.0025	2061.09	1190.92	0.0	0.0	1030.545
hgt	565	GCF.002958735.1.Bacteria.Proteobacteria	1414.39	0.0	707.195	1716.39	1112.39	0.0	0.0	858.195
los	None	dead	0.0	0.0	0.0	0.0	0.0	0.0	0.0	0.0
hgt	519	GCF.002109495.1.Bacteria.Proteobacteria	2611.035	0.0	1305.5175	2836.91	2385.16	0.0	0.0	1418.455
spe	1127	1126	2426.2	2238.98	2332.59	2768.99	2083.41	2575.29	1902.67	2335.83
spe	1126	1116	2238.98	1799.18	2019.08	2575.29	1902.67	2205.43	1392.93	1984.11
hgt	None	dead	0.0	0.0	0.0	0.0	0.0	0.0	0.0	0.0
los	1116	GCA.002435745.1.Bacteria.UBP15	1799.18	0.0	899.59	2205.43	1392.93	0.0	0.0	1102.715
hgt	1123	GCA.002305165.1.Bacteria.Armatimonadota	1516.115	0.0	758.0575	1864.58	1167.65	0.0	0.0	932.29
los	None	dead	0.0	0.0	0.0	0.0	0.0	0.0	0.0	0.0
hgt	None	dead	0.0	0.0	0.0	0.0	0.0	0.0	0.0	0.0
hgt	305	GCA.001803235.1.Bacteria.Verrucomicrobiota	1592.935	0.0	796.4675	1871.26	1314.61	0.0	0.0	935.63
los	None	dead	0.0	0.0	0.0	0.0	0.0	0.0	0.0	0.0
spe	1126	1125	2238.98	2045.895	2142.4375	2575.29	1902.67	2373.86	1717.93	2146.61
spe	1125	1119	2045.895	1519.685	1782.79	2373.86	1717.93	1896.55	1142.82	1758.34
hgt	None	dead	0.0	0.0	0.0	0.0	0.0	0.0	0.0	0.0
los	1119	GCF.002973605.1.Bacteria.Armatimonadota	1519.685	0.0	759.8425	1896.55	1142.82	0.0	0.0	948.275
hgt	350	GCA.002402755.1.Bacteria.Planctomycetota	1417.255	0.0	708.6275	1750.54	1083.97	0.0	0.0	875.27
los	None	dead	0.0	0.0	0.0	0.0	0.0	0.0	0.0	0.0
hgt	341	GCA.003170085.1.Bacteria.Planctomycetota	2081.9	0.0	1040.95	2348.13	1815.67	0.0	0.0	1174.065
spe	1125	1124	2045.895	1805.495	1925.695	2373.86	1717.93	2149.35	1461.64	1917.75
hgt	1041	GCA.002686955.1.Bacteria.Gemmatimonadota.A	2350.395	0.0	1175.1975	2705.43	1995.36	0.0	0.0	1352.715
los	1124	GCA.002409445.1.Bacteria.Armatimonadota	1805.495	0.0	902.7475	2149.35	1461.64	0.0	0.0	1074.675
spe	1124	1123	1805.495	1516.115	1660.805	2149.35	1461.64	1864.58	1167.65	1658.5
hgt	1119	GCA.002779825.1.Bacteria.Armatimonadota	1519.685	0.0	759.8425	1896.55	1142.82	0.0	0.0	948.275
hgt	None	dead	0.0	0.0	0.0	0.0	0.0	0.0	0.0	0.0
hgt	897	896	2785.14	2307.21	2546.175	3031.51	2538.77	2775.78	1838.64	2435.075
hgt	101	99	1577.935	1356.82	1467.3775	1881.51	1274.36	1642.61	1071.03	1476.27
los	None	dead	0.0	0.0	0.0	0.0	0.0	0.0	0.0	0.0
spe	101	99	1577.935	1356.82	1467.3775	1881.51	1274.36	1642.61	1071.03	1476.27
spe	897	896	2785.14	2307.21	2546.175	3031.51	2538.77	2775.78	1838.64	2435.075
spe	896	892	2307.21	1770.59	2038.9	2775.78	1838.64	2290.19	1250.99	2013.385
hgt	1116	GCA.002898575.1.Bacteria.Armatimonadota	1799.18	0.0	899.59	2205.43	1392.93	0.0	0.0	1102.715
los	892	GCA.001873285.1.Bacteria.CG2.30.53.67	1770.59	0.0	885.295	2290.19	1250.99	0.0	0.0	1145.095
hgt	None	dead	0.0	0.0	0.0	0.0	0.0	0.0	0.0	0.0
hgt	1119	GCA.002779825.1.Bacteria.Armatimonadota	1519.685	0.0	759.8425	1896.55	1142.82	0.0	0.0	948.275
los	None	dead	0.0	0.0	0.0	0.0	0.0	0.0	0.0	0.0
spe	896	895	2307.21	1810.42	2058.815	2775.78	1838.64	2358.35	1262.49	2019.135
hgt	None	dead	0.0	0.0	0.0	0.0	0.0	0.0	0.0	0.0
hgt	390	GCA.002780065.1.Bacteria.UBA8481	3029.745	0.0	1514.8725	3379.02	2680.47	0.0	0.0	1689.51
hgt	199	GCA.003527405.1.Bacteria.Atribacterota	2238.68	0.0	1119.34	2831.12	1646.24	0.0	0.0	1415.56
los	None	dead	0.0	0.0	0.0	0.0	0.0	0.0	0.0	0.0
hgt	241	GCA.002841695.1.Bacteria.Elusimicrobiota	1455.26	0.0	727.63	1697.59	1212.93	0.0	0.0	848.795
hgt	846	GCA.002327765.1.Bacteria.Desulfobacterota.E	1673.82	0.0	836.91	2082.2	1265.44	0.0	0.0	1041.1
hgt	None	dead	0.0	0.0	0.0	0.0	0.0	0.0	0.0	0.0
hgt	861	GCA.001304105.1.Bacteria.Desulfobacterota	1399.46	0.0	699.73	1712.04	1086.88	0.0	0.0	856.02
hgt	861	GCA.002327985.1.Bacteria.Desulfobacterota	1399.46	0.0	699.73	1712.04	1086.88	0.0	0.0	856.02
hgt	188	GCA.001787855.1.Bacteria.Riflebacteria	2641.665	0.0	1320.8325	3499.21	1784.12	0.0	0.0	1749.605
hgt	801	GCA.002328485.1.Bacteria.Desulfobacterota.G	1810.17	0.0	905.085	2217.42	1402.92	0.0	0.0	1108.71
hgt	397	GCF.000526155.1.Bacteria.Desulfobacterota	2713.19	0.0	1356.595	3215.27	2211.11	0.0	0.0	1607.635
hgt	26	GCA.002083985.1.Archaea.Altiarchaeota	790.375	0.0	395.1875	1278.57	302.18	0.0	0.0	639.285
los	None	dead	0.0	0.0	0.0	0.0	0.0	0.0	0.0	0.0
hgt	1296	GCF.900176005.1.Bacteria.Firmicutes.B	1436.52	0.0	718.26	1763.25	1109.79	0.0	0.0	881.625
hgt	None	dead	0.0	0.0	0.0	0.0	0.0	0.0	0.0	0.0
hgt	1123	GCA.003542955.1.Bacteria.Armatimonadota	1516.115	0.0	758.0575	1864.58	1167.65	0.0	0.0	932.29
hgt	724	GCA.001914955.1.Bacteria.Nitrospirota	1396.405	0.0	698.2025	1709.69	1083.12	0.0	0.0	854.845
los	None	dead	0.0	0.0	0.0	0.0	0.0	0.0	0.0	0.0
dup	724	GCA.001914955.1.Bacteria.Nitrospirota	1396.405	0.0	698.2025	1709.69	1083.12	0.0	0.0	854.845
hgt	None	dead	0.0	0.0	0.0	0.0	0.0	0.0	0.0	0.0
hgt	1127	1126	2426.2	2238.98	2332.59	2768.99	2083.41	2575.29	1902.67	2335.83
los	None	dead	0.0	0.0	0.0	0.0	0.0	0.0	0.0	0.0
spe	1127	1126	2426.2	2238.98	2332.59	2768.99	2083.41	2575.29	1902.67	2335.83
spe	1126	1116	2238.98	1799.18	2019.08	2575.29	1902.67	2205.43	1392.93	1984.11
los	1116	GCA.002435745.1.Bacteria.UBP15	1799.18	0.0	899.59	2205.43	1392.93	0.0	0.0	1102.715
dup	1126	1125	2238.98	2045.895	2142.4375	2575.29	1902.67	2373.86	1717.93	2146.61
hgt	None	dead	0.0	0.0	0.0	0.0	0.0	0.0	0.0	0.0
hgt	305	GCA.001803235.1.Bacteria.Verrucomicrobiota	1592.935	0.0	796.4675	1871.26	1314.61	0.0	0.0	935.63
los	None	dead	0.0	0.0	0.0	0.0	0.0	0.0	0.0	0.0
spe	1126	1125	2238.98	2045.895	2142.4375	2575.29	1902.67	2373.86	1717.93	2146.61
spe	1125	1124	2045.895	1805.495	1925.695	2373.86	1717.93	2149.35	1461.64	1917.75
los	1124	GCA.002409445.1.Bacteria.Armatimonadota	1805.495	0.0	902.7475	2149.35	1461.64	0.0	0.0	1074.675
spe	1124	1123	1805.495	1516.115	1660.805	2149.35	1461.64	1864.58	1167.65	1658.5
los	1123	GCA.003542955.1.Bacteria.Armatimonadota	1516.115	0.0	758.0575	1864.58	1167.65	0.0	0.0	932.29
spe	1125	1119	2045.895	1519.685	1782.79	2373.86	1717.93	1896.55	1142.82	1758.34
los	1119	GCF.002973605.1.Bacteria.Armatimonadota	1519.685	0.0	759.8425	1896.55	1142.82	0.0	0.0	948.275
spe	1126	1125	2238.98	2045.895	2142.4375	2575.29	1902.67	2373.86	1717.93	2146.61
spe	1125	1119	2045.895	1519.685	1782.79	2373.86	1717.93	1896.55	1142.82	1758.34
los	1119	GCF.002973605.1.Bacteria.Armatimonadota	1519.685	0.0	759.8425	1896.55	1142.82	0.0	0.0	948.275
spe	1125	1124	2045.895	1805.495	1925.695	2373.86	1717.93	2149.35	1461.64	1917.75
los	1124	GCA.002409445.1.Bacteria.Armatimonadota	1805.495	0.0	902.7475	2149.35	1461.64	0.0	0.0	1074.675
spe	1124	1123	1805.495	1516.115	1660.805	2149.35	1461.64	1864.58	1167.65	1658.5
hgt	None	dead	0.0	0.0	0.0	0.0	0.0	0.0	0.0	0.0
hgt	874	873	1792.455	1600.675	1696.565	2028.47	1556.44	1876.83	1324.52	1676.495
los	None	dead	0.0	0.0	0.0	0.0	0.0	0.0	0.0	0.0
spe	874	873	1792.455	1600.675	1696.565	2028.47	1556.44	1876.83	1324.52	1676.495
hgt	880	GCF.000195295.1.Bacteria.Desulfobacterota	1365.41	0.0	682.705	1637.86	1092.96	0.0	0.0	818.93
hgt	853	GCA.003232385.1.Bacteria.SZUA.79	1743.175	0.0	871.5875	2129.35	1357.0	0.0	0.0	1064.675
hgt	None	dead	0.0	0.0	0.0	0.0	0.0	0.0	0.0	0.0
hgt	612	GCF.003612015.1.Bacteria.Proteobacteria	1256.25	0.0	628.125	1460.33	1052.17	0.0	0.0	730.165
los	None	dead	0.0	0.0	0.0	0.0	0.0	0.0	0.0	0.0
hgt	552	GCF.001614315.2.Bacteria.Proteobacteria	1380.83	0.0	690.415	1621.66	1140.0	0.0	0.0	810.83
hgt	None	dead	0.0	0.0	0.0	0.0	0.0	0.0	0.0	0.0
hgt	1695	GCF.000020025.1.Bacteria.Cyanobacteria	795.37	0.0	397.685	1453.6	137.14	0.0	0.0	726.8
hgt	462	GCF.006980715.1.Bacteria.Proteobacteria	1117.2015	0.0	558.60075	1403.11	831.293	0.0	0.0	701.555
los	None	dead	0.0	0.0	0.0	0.0	0.0	0.0	0.0	0.0
hgt	None	dead	0.0	0.0	0.0	0.0	0.0	0.0	0.0	0.0
hgt	592	GCF.001720165.1.Bacteria.Proteobacteria	1273.215	0.0	636.6075	1530.36	1016.07	0.0	0.0	765.18
los	None	dead	0.0	0.0	0.0	0.0	0.0	0.0	0.0	0.0
spe	873	871	1600.675	1358.76	1479.7175	1876.83	1324.52	1643.54	1073.98	1475.405
hgt	570	GCA.002255365.1.Bacteria.Proteobacteria	1535.435	0.0	767.7175	1809.94	1260.93	0.0	0.0	904.97
hgt	1720	GCF.000484535.1.Bacteria.Cyanobacteria	2510.455	0.0	1255.2275	2678.67	2342.24	0.0	0.0	1339.335
hgt	None	dead	0.0	0.0	0.0	0.0	0.0	0.0	0.0	0.0
hgt	883	GCA.001751085.1.Bacteria.Desulfobacterota	1311.85	0.0	655.925	1564.19	1059.51	0.0	0.0	782.095
hgt	74	GCF.000194625.1.Archaea.Halobacteriota	1616.7	0.0	808.35	1969.17	1264.23	0.0	0.0	984.585
hgt	866	GCA.002877985.1.Bacteria.Desulfobacterota	1297.81	0.0	648.905	1547.62	1048.0	0.0	0.0	773.81
los	None	dead	0.0	0.0	0.0	0.0	0.0	0.0	0.0	0.0
hgt	899	743	2936.525	2681.09	2808.8075	3198.27	2674.78	3020.99	2341.19	2769.73
hgt	None	dead	0.0	0.0	0.0	0.0	0.0	0.0	0.0	0.0
hgt	1475	1474	2249.485	2094.15	2171.8175	2543.8	1955.17	2398.35	1789.95	2166.875
spe	94	42	2705.465	2027.525	2366.495	2926.2	2484.73	2532.54	1522.51	2224.355
hgt	None	dead	0.0	0.0	0.0	0.0	0.0	0.0	0.0	0.0
los	42	GCA.002502135.1.Archaea.Undinarchaeota	2027.525	0.0	1013.7625	2532.54	1522.51	0.0	0.0	1266.27
hgt	1221	GCA.002375895.1.Bacteria.Firmicutes.E	1546.995	0.0	773.4975	1982.53	1111.46	0.0	0.0	991.265
los	None	dead	0.0	0.0	0.0	0.0	0.0	0.0	0.0	0.0
hgt	None	dead	0.0	0.0	0.0	0.0	0.0	0.0	0.0	0.0
hgt	1439	GCF.900187885.1.Bacteria.Chloroflexota	1492.005	0.0	746.0025	1713.37	1270.64	0.0	0.0	856.685
hgt	1180	GCF.001029505.1.Bacteria.Actinobacteriota	1876.995	0.0	938.4975	2165.65	1588.34	0.0	0.0	1082.825
los	None	dead	0.0	0.0	0.0	0.0	0.0	0.0	0.0	0.0
hgt	None	dead	0.0	0.0	0.0	0.0	0.0	0.0	0.0	0.0
hgt	None	dead	0.0	0.0	0.0	0.0	0.0	0.0	0.0	0.0
hgt	1406	GCA.002710215.1.Bacteria.Chloroflexota	1411.15	0.0	705.575	1684.0	1138.3	0.0	0.0	842.0
los	None	dead	0.0	0.0	0.0	0.0	0.0	0.0	0.0	0.0
hgt	1402	GCA.003228115.1.Bacteria.Chloroflexota	1501.935	0.0	750.9675	1778.95	1224.92	0.0	0.0	889.475
hgt	1467	GCA.002440805.1.Bacteria.Chloroflexota	1431.56	0.0	715.78	1750.93	1112.19	0.0	0.0	875.465
los	None	dead	0.0	0.0	0.0	0.0	0.0	0.0	0.0	0.0
spe	1475	1474	2249.485	2094.15	2171.8175	2543.8	1955.17	2398.35	1789.95	2166.875
spe	1474	1470	2094.15	1749.085	1921.6175	2398.35	1789.95	2065.21	1432.96	1915.655
hgt	None	dead	0.0	0.0	0.0	0.0	0.0	0.0	0.0	0.0
hgt	746	GCF.900079095.1.Bacteria.Tectomicrobia	1667.435	0.0	833.7175	2098.35	1236.52	0.0	0.0	1049.175
hgt	1337	GCF.000092905.1.Bacteria.Firmicutes	1365.895	0.0	682.9475	1723.9	1007.89	0.0	0.0	861.95
los	None	dead	0.0	0.0	0.0	0.0	0.0	0.0	0.0	0.0
spe	1470	1469	1749.085	1574.225	1661.655	2065.21	1432.96	1892.87	1255.58	1660.395
spe	1469	1467	1574.225	1431.56	1502.8925	1892.87	1255.58	1750.93	1112.19	1502.53
hgt	87	GCA.002256595.1.Archaea.Halobacteriota	1542.125	0.0	771.0625	1762.59	1321.66	0.0	0.0	881.295
hgt	1457	GCF.003967555.1.Bacteria.Chloroflexota	1538.99	0.0	769.495	1931.07	1146.91	0.0	0.0	965.535
los	1467	GCA.002440805.1.Bacteria.Chloroflexota	1431.56	0.0	715.78	1750.93	1112.19	0.0	0.0	875.465
hgt	None	dead	0.0	0.0	0.0	0.0	0.0	0.0	0.0	0.0
hgt	1438	GCA.002841995.1.Bacteria.Chloroflexota	1317.205	0.0	658.6025	1528.24	1106.17	0.0	0.0	764.12
los	None	dead	0.0	0.0	0.0	0.0	0.0	0.0	0.0	0.0
hgt	None	dead	0.0	0.0	0.0	0.0	0.0	0.0	0.0	0.0
hgt	1221	GCA.002375925.1.Bacteria.Firmicutes.E	1546.995	0.0	773.4975	1982.53	1111.46	0.0	0.0	991.265
hgt	1305	GCF.002207765.1.Bacteria.Firmicutes.B	1336.995	0.0	668.4975	1578.59	1095.4	0.0	0.0	789.295
los	None	dead	0.0	0.0	0.0	0.0	0.0	0.0	0.0	0.0
hgt	None	dead	0.0	0.0	0.0	0.0	0.0	0.0	0.0	0.0
hgt	1240	GCA.002376045.1.Bacteria.Firmicutes.A	1697.815	0.0	848.9075	2230.68	1164.95	0.0	0.0	1115.34
hgt	1215	GCF.000328625.1.Bacteria.Firmicutes.F	1418.775	0.0	709.3875	1822.09	1015.46	0.0	0.0	911.045
los	None	dead	0.0	0.0	0.0	0.0	0.0	0.0	0.0	0.0
hgt	1438	1437	1317.205	1158.264	1237.7345	1528.24	1106.17	1381.67	934.858	1231.549
hgt	None	dead	0.0	0.0	0.0	0.0	0.0	0.0	0.0	0.0
hgt	1462	GCA.002436065.1.Bacteria.Chloroflexota	1858.705	0.0	929.3525	2184.36	1533.05	0.0	0.0	1092.18
hgt	1461	GCA.002347925.1.Bacteria.Chloroflexota	1519.02	0.0	759.51	1882.58	1155.46	0.0	0.0	941.29
hgt	1457	GCA.002404055.1.Bacteria.Chloroflexota	1538.99	0.0	769.495	1931.07	1146.91	0.0	0.0	965.535
los	None	dead	0.0	0.0	0.0	0.0	0.0	0.0	0.0	0.0
spe	1438	1437	1317.205	1158.264	1237.7345	1528.24	1106.17	1381.67	934.858	1231.549
hgt	817	813	1835.155	1676.35	1755.7525	2046.73	1623.58	1896.42	1456.28	1751.505
spe	1474	1473	2094.15	1294.4735	1694.31175	2398.35	1789.95	1671.97	916.977	1657.6635
los	1473	GCA.001443375.1.Bacteria.Chloroflexota	1294.4735	0.0	647.23675	1671.97	916.977	0.0	0.0	835.985
spe	817	813	1835.155	1676.35	1755.7525	2046.73	1623.58	1896.42	1456.28	1751.505
hgt	None	dead	0.0	0.0	0.0	0.0	0.0	0.0	0.0	0.0
spe	813	807	1676.35	1389.97	1533.16	1896.42	1456.28	1659.67	1120.27	1508.345
los	807	GCA.002841945.1.Bacteria.Myxococcota	1389.97	0.0	694.985	1659.67	1120.27	0.0	0.0	829.835
hgt	834	832	1729.09	1444.88	1586.985	1988.09	1470.09	1737.65	1152.11	1570.1
hgt	352	GCA.002167285.1.Bacteria.Planctomycetota	1705.385	0.0	852.6925	2030.4	1380.37	0.0	0.0	1015.2
hgt	804	GCA.002731275.1.Bacteria.Myxococcota	1824.305	0.0	912.1525	2197.3	1451.31	0.0	0.0	1098.65
los	None	dead	0.0	0.0	0.0	0.0	0.0	0.0	0.0	0.0
hgt	924	GCA.002348465.1.Bacteria.Gemmatimonadota	1568.375	0.0	784.1875	2038.32	1098.43	0.0	0.0	1019.16
hgt	None	dead	0.0	0.0	0.0	0.0	0.0	0.0	0.0	0.0
hgt	811	GCA.002728755.1.Bacteria.Myxococcota	1313.225	0.0	656.6125	1553.88	1072.57	0.0	0.0	776.94
los	None	dead	0.0	0.0	0.0	0.0	0.0	0.0	0.0	0.0
spe	834	832	1729.09	1444.88	1586.985	1988.09	1470.09	1737.65	1152.11	1570.1
spe	813	812	1676.35	1516.905	1596.6275	1896.42	1456.28	1751.13	1282.68	1589.55
spe	812	811	1516.905	1313.225	1415.065	1751.13	1282.68	1553.88	1072.57	1411.85
los	811	GCA.002728755.1.Bacteria.Myxococcota	1313.225	0.0	656.6125	1553.88	1072.57	0.0	0.0	776.94
hgt	1399	GCA.002450835.1.Bacteria.Chloroflexota	1604.38	0.0	802.19	1953.48	1255.28	0.0	0.0	976.74
hgt	1168	1167	2012.51	1838.915	1925.7125	2255.75	1769.27	2077.7	1600.13	1927.94
los	None	dead	0.0	0.0	0.0	0.0	0.0	0.0	0.0	0.0
spe	1168	1167	2012.51	1838.915	1925.7125	2255.75	1769.27	2077.7	1600.13	1927.94
hgt	None	dead	0.0	0.0	0.0	0.0	0.0	0.0	0.0	0.0
hgt	821	GCF.000737335.2.Bacteria.Proteobacteria	1377.535	0.0	688.7675	1637.42	1117.65	0.0	0.0	818.71
hgt	1098	GCA.003244105.1.Bacteria.Eremiobacterota	1440.925	0.0	720.4625	1845.37	1036.48	0.0	0.0	922.685
los	None	dead	0.0	0.0	0.0	0.0	0.0	0.0	0.0	0.0
hgt	None	dead	0.0	0.0	0.0	0.0	0.0	0.0	0.0	0.0
hgt	1020	GCA.001780165.1.Bacteria.Eisenbacteria	1410.39	0.0	705.195	1757.86	1062.92	0.0	0.0	878.93
hgt	1119	GCA.002779825.1.Bacteria.Armatimonadota	1519.685	0.0	759.8425	1896.55	1142.82	0.0	0.0	948.275
los	None	dead	0.0	0.0	0.0	0.0	0.0	0.0	0.0	0.0
hgt	None	dead	0.0	0.0	0.0	0.0	0.0	0.0	0.0	0.0
hgt	239	GCA.003158755.1.Bacteria.Elusimicrobiota	1336.82	0.0	668.41	1587.29	1086.35	0.0	0.0	793.645
los	None	dead	0.0	0.0	0.0	0.0	0.0	0.0	0.0	0.0
hgt	1145	1143	1788.28	1606.47	1697.375	2061.89	1514.67	1865.47	1347.47	1704.68
spe	1167	1166	1838.915	1480.79	1659.8525	2077.7	1600.13	1697.07	1264.51	1671.105
los	1166	1165	1480.79	1370.47	1425.63	1697.07	1264.51	1577.59	1163.35	1430.21
spe	1145	1143	1788.28	1606.47	1697.375	2061.89	1514.67	1865.47	1347.47	1704.68
spe	1143	1141	1606.47	1323.465	1464.9675	1865.47	1347.47	1574.65	1072.28	1468.875
spe	1141	1140	1323.465	1082.515	1202.99	1574.65	1072.28	1376.91	788.12	1181.385
los	1140	GCA.003162395.1.Bacteria.Actinobacteriota	1082.515	0.0	541.2575	1376.91	788.12	0.0	0.0	688.455
hgt	None	dead	0.0	0.0	0.0	0.0	0.0	0.0	0.0	0.0
hgt	1178	GCA.002347645.1.Bacteria.Actinobacteriota	1434.165	0.0	717.0825	1689.01	1179.32	0.0	0.0	844.505
hgt	1396	GCA.003151665.1.Bacteria.Dormibacterota	1723.235	0.0	861.6175	2334.25	1112.22	0.0	0.0	1167.125
dup	1178	GCA.002347645.1.Bacteria.Actinobacteriota	1434.165	0.0	717.0825	1689.01	1179.32	0.0	0.0	844.505
hgt	1165	1155	1370.47	1276.115	1323.2925	1577.59	1163.35	1486.51	1065.72	1321.655
hgt	791	GCA.002050235.1.Bacteria.Desulfobacterota.B	1228.3465	0.0	614.17325	1482.5	974.193	0.0	0.0	741.25
los	None	dead	0.0	0.0	0.0	0.0	0.0	0.0	0.0	0.0
spe	1165	1155	1370.47	1276.115	1323.2925	1577.59	1163.35	1486.51	1065.72	1321.655
spe	1155	1154	1276.115	976.5785	1126.34675	1486.51	1065.72	1290.8	662.357	1074.4335
hgt	1158	GCF.001942305.1.Bacteria.Actinobacteriota	987.523	0.0	493.7615	1239.6	735.446	0.0	0.0	619.8
hgt	1165	1164	1370.47	1261.825	1316.1475	1577.59	1163.35	1459.67	1063.98	1320.785
hgt	1166	GCF.004348535.1.Bacteria.Actinobacteriota	1480.79	0.0	740.395	1697.07	1264.51	0.0	0.0	848.535
spe	1165	1164	1370.47	1261.825	1316.1475	1577.59	1163.35	1459.67	1063.98	1320.785
spe	1164	1163	1261.825	1087.464	1174.6445	1459.67	1063.98	1323.49	851.438	1155.554
los	1163	GCA.001437855.1.Bacteria.Actinobacteriota	1087.464	0.0	543.732	1323.49	851.438	0.0	0.0	661.745
spe	1164	1160	1261.825	1110.64	1186.2325	1459.67	1063.98	1339.31	881.97	1170.82
spe	1160	1158	1110.64	987.523	1049.0815	1339.31	881.97	1239.6	735.446	1037.378
hgt	1145	GCA.001767695.1.Bacteria.Actinobacteriota	1788.28	0.0	894.14	2061.89	1514.67	0.0	0.0	1030.945
los	1158	GCF.001942305.1.Bacteria.Actinobacteriota	987.523	0.0	493.7615	1239.6	735.446	0.0	0.0	619.8
hgt	1178	1177	1434.165	1221.364	1327.7645	1689.01	1179.32	1491.65	951.078	1320.044
spe	1178	1177	1434.165	1221.364	1327.7645	1689.01	1179.32	1491.65	951.078	1320.044
spe	899	743	2936.525	2681.09	2808.8075	3198.27	2674.78	3020.99	2341.19	2769.73
hgt	None	dead	0.0	0.0	0.0	0.0	0.0	0.0	0.0	0.0
hgt	84	GCF.000970205.1.Archaea.Halobacteriota	1169.197	0.0	584.5985	1403.93	934.464	0.0	0.0	701.965
los	None	dead	0.0	0.0	0.0	0.0	0.0	0.0	0.0	0.0
hgt	None	dead	0.0	0.0	0.0	0.0	0.0	0.0	0.0	0.0
hgt	532	GCA.002405475.1.Bacteria.Proteobacteria	1529.075	0.0	764.5375	1880.57	1177.58	0.0	0.0	940.285
hgt	600	GCA.002007425.1.Bacteria.Proteobacteria	1276.255	0.0	638.1275	1480.95	1071.56	0.0	0.0	740.475
los	None	dead	0.0	0.0	0.0	0.0	0.0	0.0	0.0	0.0
spe	743	742	2681.09	2393.59	2537.34	3020.99	2341.19	2740.14	2047.04	2534.015
spe	742	741	2393.59	1693.345	2043.4675	2740.14	2047.04	2199.48	1187.21	1963.675
los	741	GCA.001771285.1.Bacteria.Methylomirabilota	1693.345	0.0	846.6725	2199.48	1187.21	0.0	0.0	1099.74
spe	742	738	2393.59	2076.07	2234.83	2740.14	2047.04	2381.91	1770.23	2255.185
spe	738	737	2076.07	1863.46	1969.765	2381.91	1770.23	2163.3	1563.62	1972.765
hgt	None	dead	0.0	0.0	0.0	0.0	0.0	0.0	0.0	0.0
los	737	736	1863.46	1526.965	1695.2125	2163.3	1563.62	1902.65	1151.28	1657.29
hgt	686	GCA.002451015.1.Bacteria.Acidobacteriota	1587.93	0.0	793.965	1852.98	1322.88	0.0	0.0	926.49
los	None	dead	0.0	0.0	0.0	0.0	0.0	0.0	0.0	0.0
spe	737	733	1863.46	1467.515	1665.4875	2163.3	1563.62	1757.8	1177.23	1670.265
hgt	1720	GCF.000484535.1.Bacteria.Cyanobacteria	2510.455	0.0	1255.2275	2678.67	2342.24	0.0	0.0	1339.335
los	733	732	1467.515	1232.2775	1349.89625	1757.8	1177.23	1527.66	936.895	1347.3475
hgt	None	dead	0.0	0.0	0.0	0.0	0.0	0.0	0.0	0.0
hgt	880	GCF.000195295.1.Bacteria.Desulfobacterota	1365.41	0.0	682.705	1637.86	1092.96	0.0	0.0	818.93
los	None	dead	0.0	0.0	0.0	0.0	0.0	0.0	0.0	0.0
hgt	None	dead	0.0	0.0	0.0	0.0	0.0	0.0	0.0	0.0
hgt	None	dead	0.0	0.0	0.0	0.0	0.0	0.0	0.0	0.0
hgt	None	dead	0.0	0.0	0.0	0.0	0.0	0.0	0.0	0.0
hgt	326	GCF.900129635.1.Bacteria.Planctomycetota	1208.648	0.0	604.324	1527.79	889.506	0.0	0.0	763.895
hgt	1344	GCF.000218765.1.Bacteria.Firmicutes	1520.89	0.0	760.445	1933.44	1108.34	0.0	0.0	966.72
los	None	dead	0.0	0.0	0.0	0.0	0.0	0.0	0.0	0.0
hgt	None	dead	0.0	0.0	0.0	0.0	0.0	0.0	0.0	0.0
hgt	892	GCA.001873285.1.Bacteria.CG2.30.53.67	1770.59	0.0	885.295	2290.19	1250.99	0.0	0.0	1145.095
hgt	1688	GCF.000353285.1.Bacteria.Cyanobacteria	1436.775	0.0	718.3875	1766.73	1106.82	0.0	0.0	883.365
hgt	1449	GCA.002400365.1.Bacteria.Chloroflexota	1589.82	0.0	794.91	1942.5	1237.14	0.0	0.0	971.25
hgt	1106	GCA.003134215.1.Bacteria.Armatimonadota	1340.34	0.0	670.17	1623.95	1056.73	0.0	0.0	811.975
los	None	dead	0.0	0.0	0.0	0.0	0.0	0.0	0.0	0.0
hgt	1440	GCF.001306175.1.Bacteria.Chloroflexota	1679.715	0.0	839.8575	1908.42	1451.01	0.0	0.0	954.21
spe	738	728	2076.07	1746.94	1911.505	2381.91	1770.23	2055.81	1438.07	1909.99
hgt	None	dead	0.0	0.0	0.0	0.0	0.0	0.0	0.0	0.0
hgt	1444	GCA.003451595.1.Bacteria.Chloroflexota	1386.06	0.0	693.03	1673.58	1098.54	0.0	0.0	836.79
los	None	dead	0.0	0.0	0.0	0.0	0.0	0.0	0.0	0.0
hgt	None	dead	0.0	0.0	0.0	0.0	0.0	0.0	0.0	0.0
hgt	None	dead	0.0	0.0	0.0	0.0	0.0	0.0	0.0	0.0
hgt	1307	GCA.000987045.1.Bacteria.Firmicutes.B	1451.1	0.0	725.55	1682.57	1219.63	0.0	0.0	841.285
los	None	dead	0.0	0.0	0.0	0.0	0.0	0.0	0.0	0.0
hgt	1381	1351	1843.345	1688.26	1765.8025	2050.47	1636.22	1952.2	1424.32	1737.395
spe	728	727	1746.94	1484.11	1615.525	2055.81	1438.07	1827.43	1140.79	1598.3
hgt	756	GCA.001790645.1.Bacteria.Schekmanbacteria	2320.99	0.0	1160.495	2718.41	1923.57	0.0	0.0	1359.205
hgt	853	GCA.001797415.1.Bacteria.Desulfobacterota	1743.175	0.0	871.5875	2129.35	1357.0	0.0	0.0	1064.675
spe	1381	1351	1843.345	1688.26	1765.8025	2050.47	1636.22	1952.2	1424.32	1737.395
spe	1351	1347	1688.26	1373.121	1530.6905	1952.2	1424.32	1753.0	993.242	1472.721
los	1347	GCF.900099895.1.Bacteria.Firmicutes	1373.121	0.0	686.5605	1753.0	993.242	0.0	0.0	876.5
spe	1351	1350	1688.26	1481.1	1584.68	1952.2	1424.32	1809.84	1152.36	1552.28
hgt	383	GCA.001829315.1.Bacteria.Spirochaetota	1799.86	0.0	899.93	2104.95	1494.77	0.0	0.0	1052.475
los	1350	GCF.000942395.1.Bacteria.Firmicutes	1481.1	0.0	740.55	1809.84	1152.36	0.0	0.0	904.92
hgt	1269	GCF.002252565.1.Bacteria.Firmicutes.A	1451.62	0.0	725.81	1671.19	1232.05	0.0	0.0	835.595
hgt	826	825	1444.855	1134.553	1289.704	1661.37	1228.34	1400.01	869.096	1265.233
los	None	dead	0.0	0.0	0.0	0.0	0.0	0.0	0.0	0.0
spe	826	825	1444.855	1134.553	1289.704	1661.37	1228.34	1400.01	869.096	1265.233
hgt	None	dead	0.0	0.0	0.0	0.0	0.0	0.0	0.0	0.0
hgt	1128	GCA.002898935.1.Bacteria.CSP1.3	2537.965	0.0	1268.9825	2911.99	2163.94	0.0	0.0	1455.995
hgt	None	dead	0.0	0.0	0.0	0.0	0.0	0.0	0.0	0.0
hgt	576	GCA.002432655.1.Bacteria.Proteobacteria	1581.265	0.0	790.6325	1817.5	1345.03	0.0	0.0	908.75
los	None	dead	0.0	0.0	0.0	0.0	0.0	0.0	0.0	0.0
hgt	631	603	1777.47	1696.92	1737.195	1936.32	1618.62	1869.02	1524.82	1730.57
spe	728	724	1746.94	1396.405	1571.6725	2055.81	1438.07	1709.69	1083.12	1569.465
hgt	692	GCA.003152325.1.Bacteria.Acidobacteriota	1113.508	0.0	556.754	1334.67	892.346	0.0	0.0	667.335
hgt	674	GCA.002298155.1.Bacteria.Acidobacteriota	1626.005	0.0	813.0025	2061.09	1190.92	0.0	0.0	1030.545
los	724	GCA.001803875.1.Bacteria.Nitrospirota	1396.405	0.0	698.2025	1709.69	1083.12	0.0	0.0	854.845
hgt	None	dead	0.0	0.0	0.0	0.0	0.0	0.0	0.0	0.0
hgt	697	GCA.003222815.1.Bacteria.Acidobacteriota	1624.47	0.0	812.235	1840.22	1408.72	0.0	0.0	920.11
hgt	None	dead	0.0	0.0	0.0	0.0	0.0	0.0	0.0	0.0
hgt	794	GCA.003161515.1.Bacteria.Desulfobacterota.B	1350.25	0.0	675.125	1609.55	1090.95	0.0	0.0	804.775
los	None	dead	0.0	0.0	0.0	0.0	0.0	0.0	0.0	0.0
hgt	837	GCA.001768075.1.Bacteria.Myxococcota	1472.175	0.0	736.0875	1791.61	1152.74	0.0	0.0	895.805
hgt	670	GCA.002898535.1.Bacteria.Acidobacteriota	2196.425	0.0	1098.2125	2589.19	1803.66	0.0	0.0	1294.595
los	None	dead	0.0	0.0	0.0	0.0	0.0	0.0	0.0	0.0
hgt	977	GCA.001567195.1.Bacteria.Bacteroidota	1110.455	0.0	555.2275	1368.61	852.3	0.0	0.0	684.305
spe	631	603	1777.47	1696.92	1737.195	1936.32	1618.62	1869.02	1524.82	1730.57
hgt	None	dead	0.0	0.0	0.0	0.0	0.0	0.0	0.0	0.0
hgt	434	GCA.002898275.1.Bacteria.Proteobacteria	1353.935	0.0	676.9675	1639.23	1068.64	0.0	0.0	819.615
los	None	dead	0.0	0.0	0.0	0.0	0.0	0.0	0.0	0.0
hgt	None	dead	0.0	0.0	0.0	0.0	0.0	0.0	0.0	0.0
hgt	1667	GCA.002783405.1.Bacteria.Cyanobacteria	2112.65	0.0	1056.325	2842.8	1382.5	0.0	0.0	1421.4
hgt	529	GCA.002420425.1.Bacteria.Proteobacteria	1606.235	0.0	803.1175	2001.73	1210.74	0.0	0.0	1000.865
los	None	dead	0.0	0.0	0.0	0.0	0.0	0.0	0.0	0.0
spe	603	602	1696.92	1612.41	1654.665	1869.02	1524.82	1790.83	1433.99	1651.505
spe	602	592	1612.41	1273.215	1442.8125	1790.83	1433.99	1530.36	1016.07	1403.45
los	592	GCF.000024725.1.Bacteria.Proteobacteria	1273.215	0.0	636.6075	1530.36	1016.07	0.0	0.0	765.18
hgt	456	GCF.002148795.1.Bacteria.Proteobacteria	1476.57	0.0	738.285	1673.09	1280.05	0.0	0.0	836.545
hgt	None	dead	0.0	0.0	0.0	0.0	0.0	0.0	0.0	0.0
hgt	462	GCF.006980715.1.Bacteria.Proteobacteria	1117.2015	0.0	558.60075	1403.11	831.293	0.0	0.0	701.555
los	None	dead	0.0	0.0	0.0	0.0	0.0	0.0	0.0	0.0
spe	602	601	1612.41	1475.48	1543.945	1790.83	1433.99	1662.78	1288.18	1539.505
spe	601	595	1475.48	1266.66	1371.07	1662.78	1288.18	1469.01	1064.31	1363.545
los	595	GCA.002454015.1.Bacteria.Proteobacteria	1266.66	0.0	633.33	1469.01	1064.31	0.0	0.0	734.505
spe	601	600	1475.48	1276.255	1375.8675	1662.78	1288.18	1480.95	1071.56	1367.17
hgt	560	GCA.001735895.1.Bacteria.Proteobacteria	1588.765	0.0	794.3825	1792.9	1384.63	0.0	0.0	896.45
los	600	598	1276.255	953.337	1114.796	1480.95	1071.56	1225.19	681.484	1081.217
hgt	None	dead	0.0	0.0	0.0	0.0	0.0	0.0	0.0	0.0
hgt	359	GCF.000949635.1.Bacteria.Planctomycetota	1653.55	0.0	826.775	2053.94	1253.16	0.0	0.0	1026.97
hgt	868	GCA.002347095.1.Bacteria.Desulfobacterota	1587.525	0.0	793.7625	1838.99	1336.06	0.0	0.0	919.495
hgt	966	GCA.003167015.1.Bacteria.Bacteroidota	1606.29	0.0	803.145	1831.14	1381.44	0.0	0.0	915.57
los	None	dead	0.0	0.0	0.0	0.0	0.0	0.0	0.0	0.0
hgt	636	GCA.002840095.1.Bacteria.Proteobacteria	1555.685	0.0	777.8425	1786.38	1324.99	0.0	0.0	893.19
hgt	660	659	2386.55	1329.6085	1858.07925	2810.74	1962.36	1758.41	900.807	1855.7735
hgt	183	GCA.002402105.1.Bacteria.UBP17	2699.305	0.0	1349.6525	3359.33	2039.28	0.0	0.0	1679.665
hgt	None	dead	0.0	0.0	0.0	0.0	0.0	0.0	0.0	0.0
hgt	561	553	1768.445	1596.945	1682.695	1961.68	1575.21	1821.5	1372.39	1667.035
hgt	753	751	1778.33	1613.625	1695.9775	2125.97	1430.69	1945.94	1281.31	1703.64
hgt	674	GCA.002747255.1.Bacteria.Acidobacteriota	1626.005	0.0	813.0025	2061.09	1190.92	0.0	0.0	1030.545
hgt	1015	GCA.002790835.1.Bacteria.Krumholzibacteriota	1675.44	0.0	837.72	2099.78	1251.1	0.0	0.0	1049.89
hgt	515	GCA.002632265.1.Bacteria.Proteobacteria	2084.22	0.0	1042.11	2265.7	1902.74	0.0	0.0	1132.85
hgt	400	GCA.002401295.1.Bacteria.SAR324	1933.765	0.0	966.8825	2579.57	1287.96	0.0	0.0	1289.785
los	None	dead	0.0	0.0	0.0	0.0	0.0	0.0	0.0	0.0
hgt	613	GCF.003097315.1.Bacteria.Proteobacteria	1391.71	0.0	695.855	1592.53	1190.89	0.0	0.0	796.265
spe	753	751	1778.33	1613.625	1695.9775	2125.97	1430.69	1945.94	1281.31	1703.64
spe	751	749	1613.625	1448.555	1531.09	1945.94	1281.31	1782.86	1114.25	1530.095
hgt	None	dead	0.0	0.0	0.0	0.0	0.0	0.0	0.0	0.0
los	749	GCA.003229375.1.Bacteria.Nitrospinota	1448.555	0.0	724.2775	1782.86	1114.25	0.0	0.0	891.43
hgt	585	GCA.002688175.1.Bacteria.Proteobacteria	1166.9135	0.0	583.45675	1423.99	909.837	0.0	0.0	711.995
los	None	dead	0.0	0.0	0.0	0.0	0.0	0.0	0.0	0.0
spe	561	553	1768.445	1596.945	1682.695	1961.68	1575.21	1821.5	1372.39	1667.035
hgt	None	dead	0.0	0.0	0.0	0.0	0.0	0.0	0.0	0.0
hgt	546	GCF.000021985.1.Bacteria.Proteobacteria	1417.275	0.0	708.6375	1742.85	1091.7	0.0	0.0	871.425
hgt	539	GCF.001431315.1.Bacteria.Proteobacteria	1564.68	0.0	782.34	1897.82	1231.54	0.0	0.0	948.91
los	None	dead	0.0	0.0	0.0	0.0	0.0	0.0	0.0	0.0
hgt	644	636	1647.11	1555.685	1601.3975	1863.23	1430.99	1786.38	1324.99	1594.11
hgt	None	dead	0.0	0.0	0.0	0.0	0.0	0.0	0.0	0.0
spe	553	552	1596.945	1380.83	1488.8875	1821.5	1372.39	1621.66	1140.0	1480.75
los	552	551	1380.83	1067.6595	1224.24475	1621.66	1140.0	1372.61	762.709	1192.1845
hgt	576	574	1581.265	1330.6	1455.9325	1817.5	1345.03	1590.49	1070.71	1444.105
hgt	None	dead	0.0	0.0	0.0	0.0	0.0	0.0	0.0	0.0
hgt	579	GCA.003155415.1.Bacteria.Proteobacteria	1079.9275	0.0	539.96375	1322.47	837.385	0.0	0.0	661.235
los	None	dead	0.0	0.0	0.0	0.0	0.0	0.0	0.0	0.0
hgt	711	GCA.001664505.1.Bacteria.Acidobacteriota	1691.09	0.0	845.545	1998.68	1383.5	0.0	0.0	999.34
spe	576	574	1581.265	1330.6	1455.9325	1817.5	1345.03	1590.49	1070.71	1444.105
hgt	653	GCF.001399755.1.Bacteria.Proteobacteria	2587.485	0.0	1293.7425	2815.0	2359.97	0.0	0.0	1407.5
hgt	570	GCA.002255365.1.Bacteria.Proteobacteria	1535.435	0.0	767.7175	1809.94	1260.93	0.0	0.0	904.97
los	None	dead	0.0	0.0	0.0	0.0	0.0	0.0	0.0	0.0
spe	644	636	1647.11	1555.685	1601.3975	1863.23	1430.99	1786.38	1324.99	1594.11
hgt	None	dead	0.0	0.0	0.0	0.0	0.0	0.0	0.0	0.0
hgt	265	GCA.003501375.1.Bacteria.Sumerlaeota	1568.825	0.0	784.4125	2039.56	1098.09	0.0	0.0	1019.78
hgt	None	dead	0.0	0.0	0.0	0.0	0.0	0.0	0.0	0.0
hgt	519	GCF.002109495.1.Bacteria.Proteobacteria	2611.035	0.0	1305.5175	2836.91	2385.16	0.0	0.0	1418.455
hgt	458	GCA.002340345.1.Bacteria.Proteobacteria	1624.365	0.0	812.1825	1810.7	1438.03	0.0	0.0	905.35
hgt	462	GCF.006980715.1.Bacteria.Proteobacteria	1117.2015	0.0	558.60075	1403.11	831.293	0.0	0.0	701.555
hgt	446	GCA.002717185.1.Bacteria.Proteobacteria	1453.89	0.0	726.945	1664.75	1243.03	0.0	0.0	832.375
hgt	489	GCA.002348365.1.Bacteria.Proteobacteria	1316.195	0.0	658.0975	1571.14	1061.25	0.0	0.0	785.57
hgt	944	GCA.002712165.1.Bacteria.Proteobacteria	1373.315	0.0	686.6575	1652.74	1093.89	0.0	0.0	826.37
los	None	dead	0.0	0.0	0.0	0.0	0.0	0.0	0.0	0.0
hgt	455	GCF.900102465.1.Bacteria.Proteobacteria	1226.72	0.0	613.36	1447.93	1005.51	0.0	0.0	723.965
hgt	804	GCA.003247575.1.Bacteria.Myxococcota.A	1824.305	0.0	912.1525	2197.3	1451.31	0.0	0.0	1098.65
hgt	611	GCF.003052605.1.Bacteria.Proteobacteria	936.1675	0.0	468.08375	1239.98	632.355	0.0	0.0	619.99
hgt	546	GCA.002747435.1.Bacteria.Proteobacteria	1417.275	0.0	708.6375	1742.85	1091.7	0.0	0.0	871.425
hgt	565	GCF.002958735.1.Bacteria.Proteobacteria	1414.39	0.0	707.195	1716.39	1112.39	0.0	0.0	858.195
hgt	406	GCA.001872725.1.Bacteria.Proteobacteria	2159.8	0.0	1079.9	2741.58	1578.02	0.0	0.0	1370.79
hgt	849	GCA.001896555.1.Bacteria.Desulfobacterota	1605.6	0.0	802.8	2007.54	1203.66	0.0	0.0	1003.77
hgt	585	GCA.002338605.1.Bacteria.Proteobacteria	1166.9135	0.0	583.45675	1423.99	909.837	0.0	0.0	711.995
los	None	dead	0.0	0.0	0.0	0.0	0.0	0.0	0.0	0.0
hgt	376	GCA.002418835.1.Bacteria.Spirochaetota	1994.345	0.0	997.1725	2379.5	1609.19	0.0	0.0	1189.75
dup	376	GCA.002418835.1.Bacteria.Spirochaetota	1994.345	0.0	997.1725	2379.5	1609.19	0.0	0.0	1189.75
hgt	None	dead	0.0	0.0	0.0	0.0	0.0	0.0	0.0	0.0
hgt	1041	GCA.002686955.1.Bacteria.Gemmatimonadota.A	2350.395	0.0	1175.1975	2705.43	1995.36	0.0	0.0	1352.715
hgt	403	GCF.900177345.1.Bacteria.Proteobacteria	2061.575	0.0	1030.7875	2630.37	1492.78	0.0	0.0	1315.185
hgt	642	GCA.001447805.1.Bacteria.Proteobacteria	1332.36	0.0	666.18	1580.86	1083.86	0.0	0.0	790.43
los	None	dead	0.0	0.0	0.0	0.0	0.0	0.0	0.0	0.0
spe	636	634	1555.685	1386.92	1471.3025	1786.38	1324.99	1651.6	1122.24	1454.31
hgt	542	GCA.002352565.1.Bacteria.Proteobacteria	1583.705	0.0	791.8525	1912.35	1255.06	0.0	0.0	956.175
hgt	568	GCA.002862435.1.Bacteria.Proteobacteria	1379.435	0.0	689.7175	1661.92	1096.95	0.0	0.0	830.96
hgt	611	GCF.000284615.1.Bacteria.Proteobacteria	936.1675	0.0	468.08375	1239.98	632.355	0.0	0.0	619.99
spe	660	659	2386.55	1329.6085	1858.07925	2810.74	1962.36	1758.41	900.807	1855.7735
hgt	396	GCF.000177635.2.Bacteria.Chrysiogenota	2315.495	0.0	1157.7475	2856.45	1774.54	0.0	0.0	1428.225
hgt	720	GCA.002347965.1.Bacteria.UBA2233	1930.555	0.0	965.2775	2446.78	1414.33	0.0	0.0	1223.39
hgt	370	GCA.003497555.1.Bacteria.Spirochaetota	1820.805	0.0	910.4025	2270.65	1370.96	0.0	0.0	1135.325
hgt	1667	GCA.003503675.1.Bacteria.Cyanobacteria	2112.65	0.0	1056.325	2842.8	1382.5	0.0	0.0	1421.4
hgt	1078	1076	1701.455	1235.659	1468.557	2026.85	1376.06	1564.19	907.128	1466.989
hgt	386	GCA.001829155.1.Bacteria.Spirochaetota	1753.72	0.0	876.86	2160.86	1346.58	0.0	0.0	1080.43
hgt	None	dead	0.0	0.0	0.0	0.0	0.0	0.0	0.0	0.0
hgt	383	GCA.001829315.1.Bacteria.Spirochaetota	1799.86	0.0	899.93	2104.95	1494.77	0.0	0.0	1052.475
hgt	477	GCA.001897475.1.Bacteria.Proteobacteria	1066.3815	0.0	533.19075	1289.59	843.173	0.0	0.0	644.795
los	None	dead	0.0	0.0	0.0	0.0	0.0	0.0	0.0	0.0
hgt	941	GCA.003477045.1.Bacteria.Delongbacteria	2102.37	0.0	1051.185	2487.46	1717.28	0.0	0.0	1243.73
spe	1078	1076	1701.455	1235.659	1468.557	2026.85	1376.06	1564.19	907.128	1466.989
hgt	694	GCA.001767075.1.Bacteria.Acidobacteriota	1256.385	0.0	628.1925	1449.85	1062.92	0.0	0.0	724.925
hgt	1148	GCF.000969705.1.Bacteria.Actinobacteriota	1487.92	0.0	743.96	1860.52	1115.32	0.0	0.0	930.26
los	None	dead	0.0	0.0	0.0	0.0	0.0	0.0	0.0	0.0
hgt	1667	GCA.003503675.1.Bacteria.Cyanobacteria	2112.65	0.0	1056.325	2842.8	1382.5	0.0	0.0	1421.4
hgt	1173	GCA.001768675.1.Bacteria.Actinobacteriota	1376.77	0.0	688.385	1664.76	1088.78	0.0	0.0	832.38
los	None	dead	0.0	0.0	0.0	0.0	0.0	0.0	0.0	0.0
dup	1667	GCA.003503675.1.Bacteria.Cyanobacteria	2112.65	0.0	1056.325	2842.8	1382.5	0.0	0.0	1421.4
dup	None	dead	0.0	0.0	0.0	0.0	0.0	0.0	0.0	0.0
hgt	798	797	2124.995	1832.825	1978.91	2377.41	1872.58	2092.41	1573.24	1975.325
hgt	926	GCA.001780825.1.Bacteria.Gemmatimonadota	2022.635	0.0	1011.3175	2505.85	1539.42	0.0	0.0	1252.925
dup	None	dead	0.0	0.0	0.0	0.0	0.0	0.0	0.0	0.0
hgt	846	GCF.001611275.1.Bacteria.Desulfobacterota	1673.82	0.0	836.91	2082.2	1265.44	0.0	0.0	1041.1
los	None	dead	0.0	0.0	0.0	0.0	0.0	0.0	0.0	0.0
hgt	515	514	2084.22	1954.11	2019.165	2265.7	1902.74	2125.97	1782.25	2023.975
hgt	293	GCA.003246265.1.Bacteria.Verrucomicrobiota	1595.865	0.0	797.9325	2014.86	1176.87	0.0	0.0	1007.43
hgt	636	GCA.002840095.1.Bacteria.Proteobacteria	1555.685	0.0	777.8425	1786.38	1324.99	0.0	0.0	893.19
los	None	dead	0.0	0.0	0.0	0.0	0.0	0.0	0.0	0.0
hgt	320	GCA.003245715.1.Bacteria.Planctomycetota	2045.545	0.0	1022.7725	2538.07	1553.02	0.0	0.0	1269.035
spe	515	514	2084.22	1954.11	2019.165	2265.7	1902.74	2125.97	1782.25	2023.975
spe	514	436	1954.11	1751.05	1852.58	2125.97	1782.25	1998.82	1503.28	1814.625
los	436	435	1751.05	1536.91	1643.98	1998.82	1503.28	1809.13	1264.69	1631.755
hgt	None	dead	0.0	0.0	0.0	0.0	0.0	0.0	0.0	0.0
hgt	486	GCF.000264455.2.Bacteria.Proteobacteria	1397.735	0.0	698.8675	1700.16	1095.31	0.0	0.0	850.08
los	None	dead	0.0	0.0	0.0	0.0	0.0	0.0	0.0	0.0
hgt	None	dead	0.0	0.0	0.0	0.0	0.0	0.0	0.0	0.0
hgt	None	dead	0.0	0.0	0.0	0.0	0.0	0.0	0.0	0.0
hgt	None	dead	0.0	0.0	0.0	0.0	0.0	0.0	0.0	0.0
spe	514	513	1954.11	1885.97	1920.04	2125.97	1782.25	2049.09	1722.85	1924.41
spe	513	483	1885.97	1836.685	1861.3275	2049.09	1722.85	1999.79	1673.58	1861.335
los	483	482	1836.685	1750.105	1793.395	1999.79	1673.58	1912.36	1587.85	1793.82
spe	483	447	1836.685	1643.315	1740.0	1999.79	1673.58	1842.47	1444.16	1721.975
spe	447	439	1643.315	1422.265	1532.79	1842.47	1444.16	1693.15	1151.38	1496.925
hgt	612	GCF.003612015.1.Bacteria.Proteobacteria	1256.25	0.0	628.125	1460.33	1052.17	0.0	0.0	730.165
hgt	467	GCF.003258945.1.Bacteria.Proteobacteria	1181.4985	0.0	590.74925	1405.48	957.517	0.0	0.0	702.74
hgt	None	dead	0.0	0.0	0.0	0.0	0.0	0.0	0.0	0.0
hgt	462	GCF.000315795.1.Bacteria.Proteobacteria	1117.2015	0.0	558.60075	1403.11	831.293	0.0	0.0	701.555
los	None	dead	0.0	0.0	0.0	0.0	0.0	0.0	0.0	0.0
hgt	None	dead	0.0	0.0	0.0	0.0	0.0	0.0	0.0	0.0
spe	447	446	1643.315	1453.89	1548.6025	1842.47	1444.16	1664.75	1243.03	1542.75
los	446	GCA.002717185.1.Bacteria.Proteobacteria	1453.89	0.0	726.945	1664.75	1243.03	0.0	0.0	832.375
spe	446	445	1453.89	1339.17	1396.53	1664.75	1243.03	1557.66	1120.68	1392.715
los	445	444	1339.17	1137.223	1238.1965	1557.66	1120.68	1395.86	878.586	1218.123
hgt	849	GCF.000266945.1.Bacteria.Desulfobacterota	1605.6	0.0	802.8	2007.54	1203.66	0.0	0.0	1003.77
hgt	874	873	1792.455	1600.675	1696.565	2028.47	1556.44	1876.83	1324.52	1676.495
los	None	dead	0.0	0.0	0.0	0.0	0.0	0.0	0.0	0.0
spe	874	873	1792.455	1600.675	1696.565	2028.47	1556.44	1876.83	1324.52	1676.495
spe	873	871	1600.675	1358.76	1479.7175	1876.83	1324.52	1643.54	1073.98	1475.405
los	871	GCA.002899795.1.Bacteria.Desulfobacterota	1358.76	0.0	679.38	1643.54	1073.98	0.0	0.0	821.77
hgt	None	dead	0.0	0.0	0.0	0.0	0.0	0.0	0.0	0.0
hgt	506	GCA.002480495.1.Bacteria.Proteobacteria	1217.64	0.0	608.82	1393.38	1041.9	0.0	0.0	696.69
hgt	498	GCA.002731375.1.Bacteria.Proteobacteria	1261.48	0.0	630.74	1455.41	1067.55	0.0	0.0	727.705
hgt	435	GCA.006969625.1.Bacteria.Proteobacteria	1536.91	0.0	768.455	1809.13	1264.69	0.0	0.0	904.565
los	None	dead	0.0	0.0	0.0	0.0	0.0	0.0	0.0	0.0
spe	513	512	1885.97	1775.885	1830.9275	2049.09	1722.85	1942.07	1609.7	1829.395
spe	512	486	1775.885	1397.735	1586.81	1942.07	1609.7	1700.16	1095.31	1518.69
los	486	GCF.000264455.2.Bacteria.Proteobacteria	1397.735	0.0	698.8675	1700.16	1095.31	0.0	0.0	850.08
spe	512	511	1775.885	1694.565	1735.225	1942.07	1609.7	1858.49	1530.64	1736.355
spe	511	510	1694.565	1636.78	1665.6725	1858.49	1530.64	1799.17	1474.39	1666.44
hgt	481	469	1674.98	1543.27	1609.125	1835.32	1514.64	1718.34	1368.2	1601.76
spe	510	509	1636.78	1544.73	1590.755	1799.17	1474.39	1706.12	1383.34	1591.255
spe	509	508	1544.73	1436.825	1490.7775	1706.12	1383.34	1601.19	1272.46	1489.29
los	508	507	1436.825	1269.025	1352.925	1601.19	1272.46	1436.85	1101.2	1351.195
hgt	536	GCF.002940605.1.Bacteria.Proteobacteria	1675.53	0.0	837.765	2101.36	1249.7	0.0	0.0	1050.68
spe	508	498	1436.825	1261.48	1349.1525	1601.19	1272.46	1455.41	1067.55	1334.37
los	498	GCA.002731375.1.Bacteria.Proteobacteria	1261.48	0.0	630.74	1455.41	1067.55	0.0	0.0	727.705
dup	498	GCF.000192575.1.Bacteria.Proteobacteria	1261.48	0.0	630.74	1455.41	1067.55	0.0	0.0	727.705
spe	509	495	1544.73	1237.1635	1390.94675	1706.12	1383.34	1474.36	999.967	1353.0435
hgt	536	GCF.900111015.1.Bacteria.Proteobacteria	1675.53	0.0	837.765	2101.36	1249.7	0.0	0.0	1050.68
spe	481	469	1674.98	1543.27	1609.125	1835.32	1514.64	1718.34	1368.2	1601.76
spe	469	463	1543.27	1394.155	1468.7125	1718.34	1368.2	1606.24	1182.07	1450.205
los	463	462	1394.155	1117.2015	1255.67825	1606.24	1182.07	1403.11	831.293	1218.7665
spe	469	468	1543.27	1359.195	1451.2325	1718.34	1368.2	1556.34	1162.05	1440.195
los	468	467	1359.195	1181.4985	1270.34675	1556.34	1162.05	1405.48	957.517	1256.9285
spe	510	492	1636.78	1312.7	1474.74	1799.17	1474.39	1571.16	1054.24	1426.705
hgt	395	GCF.000487995.1.Bacteria.Deferribacterota	1504.32	0.0	752.16	1938.87	1069.77	0.0	0.0	969.435
los	492	GCF.900172325.1.Bacteria.Proteobacteria	1312.7	0.0	656.35	1571.16	1054.24	0.0	0.0	785.58
hgt	434	GCA.002238885.1.Bacteria.Proteobacteria	1353.935	0.0	676.9675	1639.23	1068.64	0.0	0.0	819.615
hgt	None	dead	0.0	0.0	0.0	0.0	0.0	0.0	0.0	0.0
los	511	489	1694.565	1316.195	1505.38	1858.49	1530.64	1571.14	1061.25	1459.87
hgt	468	GCF.900167455.1.Bacteria.Proteobacteria	1359.195	0.0	679.5975	1556.34	1162.05	0.0	0.0	778.17
hgt	579	GCA.003137095.1.Bacteria.Proteobacteria	1079.9275	0.0	539.96375	1322.47	837.385	0.0	0.0	661.235
los	None	dead	0.0	0.0	0.0	0.0	0.0	0.0	0.0	0.0
hgt	332	GCA.002704825.1.Bacteria.Planctomycetota	1114.632	0.0	557.316	1388.09	841.174	0.0	0.0	694.045
hgt	453	GCA.003280605.1.Bacteria.Proteobacteria	948.5585	0.0	474.27925	1217.04	680.077	0.0	0.0	608.52
hgt	345	GCA.002748355.1.Bacteria.Planctomycetota	1540.73	0.0	770.365	1889.75	1191.71	0.0	0.0	944.875
los	None	dead	0.0	0.0	0.0	0.0	0.0	0.0	0.0	0.0
hgt	492	GCF.900172325.1.Bacteria.Proteobacteria	1312.7	0.0	656.35	1571.16	1054.24	0.0	0.0	785.58
hgt	321	GCA.003136555.1.Bacteria.Planctomycetota	2381.485	0.0	1190.7425	2804.33	1958.64	0.0	0.0	1402.165
hgt	1038	1032	1807.925	1430.62	1619.2725	2124.57	1491.28	1762.83	1098.41	1611.49
los	None	dead	0.0	0.0	0.0	0.0	0.0	0.0	0.0	0.0
hgt	None	dead	0.0	0.0	0.0	0.0	0.0	0.0	0.0	0.0
hgt	568	GCF.001051235.1.Bacteria.Proteobacteria	1379.435	0.0	689.7175	1661.92	1096.95	0.0	0.0	830.96
los	None	dead	0.0	0.0	0.0	0.0	0.0	0.0	0.0	0.0
spe	1038	1032	1807.925	1430.62	1619.2725	2124.57	1491.28	1762.83	1098.41	1611.49
hgt	492	GCF.002798435.1.Bacteria.Proteobacteria	1312.7	0.0	656.35	1571.16	1054.24	0.0	0.0	785.58
hgt	807	GCA.002841945.1.Bacteria.Myxococcota	1389.97	0.0	694.985	1659.67	1120.27	0.0	0.0	829.835
hgt	1021	GCA.002686915.1.Bacteria.ARS69	1900.685	0.0	950.3425	2296.58	1504.79	0.0	0.0	1148.29
los	None	dead	0.0	0.0	0.0	0.0	0.0	0.0	0.0	0.0
dup	926	GCA.001780825.1.Bacteria.Gemmatimonadota	2022.635	0.0	1011.3175	2505.85	1539.42	0.0	0.0	1252.925
dup	926	GCA.001780825.1.Bacteria.Gemmatimonadota	2022.635	0.0	1011.3175	2505.85	1539.42	0.0	0.0	1252.925
spe	798	797	2124.995	1832.825	1978.91	2377.41	1872.58	2092.41	1573.24	1975.325
hgt	681	GCA.002712885.1.Bacteria.Acidobacteriota	1727.015	0.0	863.5075	2032.78	1421.25	0.0	0.0	1016.39
spe	797	796	1832.825	1652.795	1742.81	2092.41	1573.24	1900.16	1405.43	1748.92
los	796	795	1652.795	1481.005	1566.9	1900.16	1405.43	1717.52	1244.49	1572.325
hgt	None	dead	0.0	0.0	0.0	0.0	0.0	0.0	0.0	0.0
hgt	None	dead	0.0	0.0	0.0	0.0	0.0	0.0	0.0	0.0
hgt	709	GCA.003223145.1.Bacteria.Acidobacteriota	1397.765	0.0	698.8825	1717.19	1078.34	0.0	0.0	858.595
los	None	dead	0.0	0.0	0.0	0.0	0.0	0.0	0.0	0.0
hgt	704	702	1483.83	1226.544	1355.187	1742.45	1225.21	1494.48	958.608	1350.529
los	None	dead	0.0	0.0	0.0	0.0	0.0	0.0	0.0	0.0
spe	704	702	1483.83	1226.544	1355.187	1742.45	1225.21	1494.48	958.608	1350.529
hgt	282	GCF.900105685.1.Bacteria.Verrucomicrobiota	1342.065	0.0	671.0325	1637.54	1046.59	0.0	0.0	818.77
hgt	None	dead	0.0	0.0	0.0	0.0	0.0	0.0	0.0	0.0
hgt	816	GCA.002724675.1.Bacteria.Myxococcota.A	1328.145	0.0	664.0725	1593.25	1063.04	0.0	0.0	796.625
hgt	397	GCF.000526155.1.Bacteria.Desulfobacterota	2713.19	0.0	1356.595	3215.27	2211.11	0.0	0.0	1607.635
los	None	dead	0.0	0.0	0.0	0.0	0.0	0.0	0.0	0.0
dup	None	dead	0.0	0.0	0.0	0.0	0.0	0.0	0.0	0.0
hgt	1699	GCF.000317045.1.Bacteria.Cyanobacteria	1773.275	0.0	886.6375	1850.15	1696.4	0.0	0.0	925.075
los	None	dead	0.0	0.0	0.0	0.0	0.0	0.0	0.0	0.0
hgt	1385	1384	2240.33	2049.01	2144.67	2474.59	2006.07	2270.99	1827.03	2150.81
los	None	dead	0.0	0.0	0.0	0.0	0.0	0.0	0.0	0.0
hgt	None	dead	0.0	0.0	0.0	0.0	0.0	0.0	0.0	0.0
hgt	709	GCA.003223995.1.Bacteria.Acidobacteriota	1397.765	0.0	698.8825	1717.19	1078.34	0.0	0.0	858.595
los	None	dead	0.0	0.0	0.0	0.0	0.0	0.0	0.0	0.0
hgt	None	dead	0.0	0.0	0.0	0.0	0.0	0.0	0.0	0.0
spe	1385	1384	2240.33	2049.01	2144.67	2474.59	2006.07	2270.99	1827.03	2150.81
hgt	267	GCA.002428325.1.Bacteria.UBP4	2213.055	0.0	1106.5275	2749.04	1677.07	0.0	0.0	1374.52
hgt	None	dead	0.0	0.0	0.0	0.0	0.0	0.0	0.0	0.0
spe	1384	1338	2049.01	1549.595	1799.3025	2270.99	1827.03	1917.57	1181.62	1726.305
los	1338	1337	1549.595	1365.895	1457.745	1917.57	1181.62	1723.9	1007.89	1462.73
dup	None	dead	0.0	0.0	0.0	0.0	0.0	0.0	0.0	0.0
dup	None	dead	0.0	0.0	0.0	0.0	0.0	0.0	0.0	0.0
hgt	1285	1281	1338.6	1109.4215	1224.01075	1586.21	1090.99	1419.04	799.803	1193.0065
los	None	dead	0.0	0.0	0.0	0.0	0.0	0.0	0.0	0.0
spe	1285	1281	1338.6	1109.4215	1224.01075	1586.21	1090.99	1419.04	799.803	1193.0065
dup	1281	GCF.002257705.1.Bacteria.Firmicutes.C	1109.4215	0.0	554.71075	1419.04	799.803	0.0	0.0	709.52
dup	1281	GCF.002257705.1.Bacteria.Firmicutes.C	1109.4215	0.0	554.71075	1419.04	799.803	0.0	0.0	709.52
spe	1281	1280	1109.4215	950.2895	1029.8555	1419.04	799.803	1302.52	598.059	1008.5495
hgt	1288	GCA.002411145.1.Bacteria.Firmicutes.C	1620.075	0.0	810.0375	1888.5	1351.65	0.0	0.0	944.25
hgt	1287	GCA.002329525.1.Bacteria.Firmicutes.C	1424.27	0.0	712.135	1673.04	1175.5	0.0	0.0	836.52
dup	1288	GCA.002411145.1.Bacteria.Firmicutes.C	1620.075	0.0	810.0375	1888.5	1351.65	0.0	0.0	944.25
hgt	1704	1703	2105.22	2001.35	2053.285	2238.26	1972.18	2116.53	1886.17	2062.215
los	None	dead	0.0	0.0	0.0	0.0	0.0	0.0	0.0	0.0
hgt	None	dead	0.0	0.0	0.0	0.0	0.0	0.0	0.0	0.0
hgt	1312	GCF.002607855.1.Bacteria.Firmicutes.B	1284.875	0.0	642.4375	1547.99	1021.76	0.0	0.0	773.995
los	None	dead	0.0	0.0	0.0	0.0	0.0	0.0	0.0	0.0
hgt	None	dead	0.0	0.0	0.0	0.0	0.0	0.0	0.0	0.0
hgt	1312	GCF.000019165.1.Bacteria.Firmicutes.B	1284.875	0.0	642.4375	1547.99	1021.76	0.0	0.0	773.995
hgt	1695	GCF.000020025.1.Bacteria.Cyanobacteria	795.37	0.0	397.685	1453.6	137.14	0.0	0.0	726.8
los	None	dead	0.0	0.0	0.0	0.0	0.0	0.0	0.0	0.0
spe	1704	1703	2105.22	2001.35	2053.285	2238.26	1972.18	2116.53	1886.17	2062.215
spe	1703	1679	2001.35	1509.135	1755.2425	2116.53	1886.17	1896.29	1121.98	1619.255
hgt	None	dead	0.0	0.0	0.0	0.0	0.0	0.0	0.0	0.0
los	1679	GCF.000473895.1.Bacteria.Cyanobacteria	1509.135	0.0	754.5675	1896.29	1121.98	0.0	0.0	948.145
hgt	1251	GCA.002478485.1.Bacteria.Firmicutes.A	1206.9915	0.0	603.49575	1436.79	977.193	0.0	0.0	718.395
los	None	dead	0.0	0.0	0.0	0.0	0.0	0.0	0.0	0.0
hgt	None	dead	0.0	0.0	0.0	0.0	0.0	0.0	0.0	0.0
spe	1679	1678	1509.135	796.3525	1152.74375	1896.29	1121.98	1296.27	296.435	1096.3625
spe	1678	1676	796.3525	163.12655	479.73952	1296.27	296.435	232.712	93.5411	694.90555
hgt	370	GCF.000092845.1.Bacteria.Spirochaetota	1820.805	0.0	910.4025	2270.65	1370.96	0.0	0.0	1135.325
hgt	1263	GCA.002307275.1.Bacteria.Firmicutes.A	1096.349	0.0	548.1745	1366.33	826.368	0.0	0.0	683.165
los	None	dead	0.0	0.0	0.0	0.0	0.0	0.0	0.0	0.0
spe	1703	1702	2001.35	1938.175	1969.7625	2116.53	1886.17	2044.36	1831.99	1974.26
spe	1702	1701	1938.175	1887.235	1912.705	2044.36	1831.99	1985.34	1789.13	1916.745
hgt	1672	GCF.002251945.1.Bacteria.Cyanobacteria	1717.695	0.0	858.8475	2070.17	1365.22	0.0	0.0	1035.085
spe	1701	1685	1887.235	1635.52	1761.3775	1985.34	1789.13	1883.48	1387.56	1686.45
spe	1685	1684	1635.52	1444.79	1540.155	1883.48	1387.56	1759.1	1130.48	1506.98
los	1684	GCA.001698445.1.Bacteria.Cyanobacteria	1444.79	0.0	722.395	1759.1	1130.48	0.0	0.0	879.55
hgt	1679	GCF.000473895.1.Bacteria.Cyanobacteria	1509.135	0.0	754.5675	1896.29	1121.98	0.0	0.0	948.145
spe	1701	1700	1887.235	1825.65	1856.4425	1985.34	1789.13	1915.11	1736.19	1860.765
spe	1700	1699	1825.65	1773.275	1799.4625	1915.11	1736.19	1850.15	1696.4	1805.755
los	1699	GCF.000317045.1.Bacteria.Cyanobacteria	1773.275	0.0	886.6375	1850.15	1696.4	0.0	0.0	925.075
spe	1699	1698	1773.275	1634.795	1704.035	1850.15	1696.4	1669.04	1600.55	1725.35
los	1698	1692	1634.795	34.435	834.615	1669.04	1600.55	57.4215	11.4485	840.24425
spe	1698	1697	1634.795	920.2075	1277.50125	1669.04	1600.55	1581.01	259.405	964.2225
spe	1697	1695	920.2075	795.37	857.78875	1581.01	259.405	1453.6	137.14	859.075
spe	1700	1688	1825.65	1436.775	1631.2125	1915.11	1736.19	1766.73	1106.82	1510.965
hgt	None	dead	0.0	0.0	0.0	0.0	0.0	0.0	0.0	0.0
los	1688	GCF.000353285.1.Bacteria.Cyanobacteria	1436.775	0.0	718.3875	1766.73	1106.82	0.0	0.0	883.365
hgt	1695	GCF.000020025.1.Bacteria.Cyanobacteria	795.37	0.0	397.685	1453.6	137.14	0.0	0.0	726.8
los	None	dead	0.0	0.0	0.0	0.0	0.0	0.0	0.0	0.0
hgt	1719	GCF.000013205.1.Bacteria.Cyanobacteria	2371.88	0.0	1185.94	2533.31	2210.45	0.0	0.0	1266.655
hgt	695	GCA.003131705.1.Bacteria.Acidobacteriota	1326.405	0.0	663.2025	1521.67	1131.14	0.0	0.0	760.835
hgt	1698	1692	1634.795	34.435	834.615	1669.04	1600.55	57.4215	11.4485	840.24425
spe	1698	1692	1634.795	34.435	834.615	1669.04	1600.55	57.4215	11.4485	840.24425
hgt	1325	1324	1862.485	1779.53	1821.0075	2083.02	1641.95	1989.46	1569.6	1826.31
los	None	dead	0.0	0.0	0.0	0.0	0.0	0.0	0.0	0.0
spe	1325	1324	1862.485	1779.53	1821.0075	2083.02	1641.95	1989.46	1569.6	1826.31
hgt	None	dead	0.0	0.0	0.0	0.0	0.0	0.0	0.0	0.0
hgt	1119	GCF.002973605.1.Bacteria.Armatimonadota	1519.685	0.0	759.8425	1896.55	1142.82	0.0	0.0	948.275
hgt	1347	GCF.900099895.1.Bacteria.Firmicutes	1373.121	0.0	686.5605	1753.0	993.242	0.0	0.0	876.5
los	None	dead	0.0	0.0	0.0	0.0	0.0	0.0	0.0	0.0
spe	1324	1323	1779.53	1708.06	1743.795	1989.46	1569.6	1917.5	1498.62	1744.04
los	1323	1322	1708.06	1384.555	1546.3075	1917.5	1498.62	1682.41	1086.7	1502.1
hgt	1271	1259	1755.96	1686.58	1721.27	1960.31	1551.61	1885.7	1487.46	1723.885
spe	1323	1319	1708.06	1607.725	1657.8925	1917.5	1498.62	1817.85	1397.6	1657.55
los	1319	1318	1607.725	1519.645	1563.685	1817.85	1397.6	1736.35	1302.94	1560.395
dup	1319	GCF.900100785.1.Bacteria.Firmicutes.B	1607.725	0.0	803.8625	1817.85	1397.6	0.0	0.0	908.925
spe	1271	1259	1755.96	1686.58	1721.27	1960.31	1551.61	1885.7	1487.46	1723.885
spe	1259	1258	1686.58	1451.145	1568.8625	1885.7	1487.46	1683.97	1218.32	1552.01
hgt	1252	GCF.900107485.1.Bacteria.Firmicutes.A	1387.715	0.0	693.8575	1606.53	1168.9	0.0	0.0	803.265
spe	1258	1257	1451.145	1285.645	1368.395	1683.97	1218.32	1517.55	1053.74	1368.855
hgt	1300	GCA.002418765.1.Bacteria.Firmicutes.B	1333.34	0.0	666.67	1595.67	1071.01	0.0	0.0	797.835
hgt	1245	GCA.002399285.1.Bacteria.Firmicutes.A	1401.9	0.0	700.95	1725.07	1078.73	0.0	0.0	862.535
los	1257	GCA.002297185.1.Bacteria.Firmicutes.A	1285.645	0.0	642.8225	1517.55	1053.74	0.0	0.0	758.775
hgt	None	dead	0.0	0.0	0.0	0.0	0.0	0.0	0.0	0.0
hgt	1317	GCA.002398485.1.Bacteria.Firmicutes.B	1148.381	0.0	574.1905	1413.4	883.362	0.0	0.0	706.7
los	None	dead	0.0	0.0	0.0	0.0	0.0	0.0	0.0	0.0
hgt	None	dead	0.0	0.0	0.0	0.0	0.0	0.0	0.0	0.0
hgt	1375	GCF.000178255.1.Bacteria.Firmicutes	1363.0	0.0	681.5	1548.98	1177.02	0.0	0.0	774.49
hgt	1651	GCA.003242895.1.Bacteria.Margulisbacteria	1776.02	0.0	888.01	2230.5	1321.54	0.0	0.0	1115.25
hgt	1360	GCF.002902625.1.Bacteria.Firmicutes	1258.375	0.0	629.1875	1500.04	1016.71	0.0	0.0	750.02
los	None	dead	0.0	0.0	0.0	0.0	0.0	0.0	0.0	0.0
hgt	1645	GCF.000212395.1.Bacteria.Thermodesulfobiota	2606.885	0.0	1303.4425	3195.61	2018.16	0.0	0.0	1597.805
hgt	None	dead	0.0	0.0	0.0	0.0	0.0	0.0	0.0	0.0
spe	1259	1253	1686.58	1548.89	1617.735	1885.7	1487.46	1763.54	1334.24	1609.97
spe	1253	1252	1548.89	1387.715	1468.3025	1763.54	1334.24	1606.53	1168.9	1466.22
hgt	None	dead	0.0	0.0	0.0	0.0	0.0	0.0	0.0	0.0
los	1252	GCF.900107485.1.Bacteria.Firmicutes.A	1387.715	0.0	693.8575	1606.53	1168.9	0.0	0.0	803.265
hgt	1284	GCF.001553315.1.Bacteria.Firmicutes.C	1065.8455	0.0	532.92275	1351.63	780.061	0.0	0.0	675.815
los	None	dead	0.0	0.0	0.0	0.0	0.0	0.0	0.0	0.0
spe	1252	1251	1387.715	1206.9915	1297.35325	1606.53	1168.9	1436.79	977.193	1291.8615
hgt	1315	GCF.002224645.1.Bacteria.Firmicutes.B	955.8	0.0	477.9	1256.7	654.9	0.0	0.0	628.35
los	1251	GCA.002478485.1.Bacteria.Firmicutes.A	1206.9915	0.0	603.49575	1436.79	977.193	0.0	0.0	718.395
hgt	1412	1408	1749.925	1662.42	1706.1725	1991.74	1508.11	1907.66	1417.18	1704.46
hgt	274	GCA.000406005.1.Bacteria.Poribacteria	1625.32	0.0	812.66	2112.15	1138.49	0.0	0.0	1056.075
los	None	dead	0.0	0.0	0.0	0.0	0.0	0.0	0.0	0.0
hgt	428	GCA.002787615.1.Bacteria.Proteobacteria	2086.245	0.0	1043.1225	2284.48	1888.01	0.0	0.0	1142.24
spe	1412	1408	1749.925	1662.42	1706.1725	1991.74	1508.11	1907.66	1417.18	1704.46
spe	1408	1407	1662.42	1546.495	1604.4575	1907.66	1417.18	1804.4	1288.59	1598.125
los	1407	1406	1546.495	1411.15	1478.8225	1804.4	1288.59	1684.0	1138.3	1471.35
spe	1408	1402	1662.42	1501.935	1582.1775	1907.66	1417.18	1778.95	1224.92	1566.29
hgt	1399	GCA.002708145.1.Bacteria.Chloroflexota	1604.38	0.0	802.19	1953.48	1255.28	0.0	0.0	976.74
los	1402	GCA.003228115.1.Bacteria.Chloroflexota	1501.935	0.0	750.9675	1778.95	1224.92	0.0	0.0	889.475
hgt	None	dead	0.0	0.0	0.0	0.0	0.0	0.0	0.0	0.0
hgt	1355	GCF.004522215.1.Bacteria.Firmicutes	1426.77	0.0	713.385	1769.44	1084.1	0.0	0.0	884.72
los	None	dead	0.0	0.0	0.0	0.0	0.0	0.0	0.0	0.0
hgt	1330	GCA.003444595.1.Bacteria.Firmicutes.D	1602.185	0.0	801.0925	2102.79	1101.58	0.0	0.0	1051.395
spe	1324	1308	1779.53	1606.55	1693.04	1989.46	1569.6	1832.18	1380.92	1685.19
spe	1308	1300	1606.55	1333.34	1469.945	1832.18	1380.92	1595.67	1071.01	1451.595
los	1300	GCA.002418765.1.Bacteria.Firmicutes.B	1333.34	0.0	666.67	1595.67	1071.01	0.0	0.0	797.835
spe	1308	1307	1606.55	1451.1	1528.825	1832.18	1380.92	1682.57	1219.63	1525.905
los	1307	GCA.000987045.1.Bacteria.Firmicutes.B	1451.1	0.0	725.55	1682.57	1219.63	0.0	0.0	841.285
spe	1307	1305	1451.1	1336.995	1394.0475	1682.57	1219.63	1578.59	1095.4	1388.985
los	1305	1304	1336.995	1096.0955	1216.54525	1578.59	1095.4	1375.0	817.191	1197.8905
spe	1384	1383	2049.01	1971.49	2010.25	2270.99	1827.03	2185.06	1757.92	2014.455
spe	1383	1382	1971.49	1907.445	1939.4675	2185.06	1757.92	2119.76	1695.13	1940.095
los	1382	1344	1907.445	1520.89	1714.1675	2119.76	1695.13	1933.44	1108.34	1614.05
spe	1382	1381	1907.445	1843.345	1875.395	2119.76	1695.13	2050.47	1636.22	1877.99
los	1381	1351	1843.345	1688.26	1765.8025	2050.47	1636.22	1952.2	1424.32	1737.395
spe	1381	1380	1843.345	1785.675	1814.51	2050.47	1636.22	1991.06	1580.29	1815.38
spe	1380	1379	1785.675	1743.235	1764.455	1991.06	1580.29	1945.76	1540.71	1765.885
los	1379	1378	1743.235	1618.42	1680.8275	1945.76	1540.71	1816.1	1420.74	1683.25
spe	1379	1355	1743.235	1426.77	1585.0025	1945.76	1540.71	1769.44	1084.1	1514.93
spe	1383	1341	1971.49	1523.81	1747.65	2185.06	1757.92	1926.97	1120.65	1652.855
los	1341	GCF.001311905.1.Bacteria.Firmicutes	1523.81	0.0	761.905	1926.97	1120.65	0.0	0.0	963.485
dup	1341	GCF.001653195.1.Bacteria.Firmicutes	1523.81	0.0	761.905	1926.97	1120.65	0.0	0.0	963.485
hgt	1684	GCA.001698445.1.Bacteria.Cyanobacteria	1444.79	0.0	722.395	1759.1	1130.48	0.0	0.0	879.55
hgt	1228	1227	1712.115	1509.365	1610.74	2011.29	1412.94	1811.9	1206.83	1609.06
los	None	dead	0.0	0.0	0.0	0.0	0.0	0.0	0.0	0.0
spe	1228	1227	1712.115	1509.365	1610.74	2011.29	1412.94	1811.9	1206.83	1609.06
spe	1227	1226	1509.365	1388.78	1449.0725	1811.9	1206.83	1687.37	1090.19	1451.045
los	1226	GCA.002385465.1.Bacteria.Firmicutes.E	1388.78	0.0	694.39	1687.37	1090.19	0.0	0.0	843.685
spe	743	721	2681.09	2277.575	2479.3325	3020.99	2341.19	2744.86	1810.29	2415.64
hgt	None	dead	0.0	0.0	0.0	0.0	0.0	0.0	0.0	0.0
los	721	GCA.003230535.1.Bacteria.SZUA.182	2277.575	0.0	1138.7875	2744.86	1810.29	0.0	0.0	1372.43
hgt	1080	GCF.001547735.1.Bacteria.Thermosulfidibacterota	2190.32	0.0	1095.16	2556.59	1824.05	0.0	0.0	1278.295
los	None	dead	0.0	0.0	0.0	0.0	0.0	0.0	0.0	0.0
spe	721	720	2277.575	1930.555	2104.065	2744.86	1810.29	2446.78	1414.33	2079.595
hgt	849	GCF.000266945.1.Bacteria.Desulfobacterota	1605.6	0.0	802.8	2007.54	1203.66	0.0	0.0	1003.77
los	720	GCA.001775255.1.Bacteria.Desulfobacterota.D	1930.555	0.0	965.2775	2446.78	1414.33	0.0	0.0	1223.39
