event	left_node	right_node	left_date	right_date	midpoint_date	left_date_lower	left_date_upper	right_date_lower	right_date_upper	midpoint_date_all
spe	649	648	2098.745	2020.585	2059.665	2281.8	1915.69	2196.19	1844.98	2063.39
spe	648	562	2020.585	1844.995	1932.79	2196.19	1844.98	2036.09	1653.9	1925.045
los	562	561	1844.995	1768.445	1806.72	2036.09	1653.9	1961.68	1575.21	1805.65
spe	562	546	1844.995	1417.275	1631.135	2036.09	1653.9	1742.85	1091.7	1563.895
los	546	GCA.002747435.1.Bacteria.Proteobacteria	1417.275	0.0	708.6375	1742.85	1091.7	0.0	0.0	871.425
spe	648	647	2020.585	1948.805	1984.695	2196.19	1844.98	2118.06	1779.55	1987.87
spe	647	571	1948.805	1706.635	1827.72	2118.06	1779.55	1950.26	1463.01	1790.535
hgt	None	dead	0.0	0.0	0.0	0.0	0.0	0.0	0.0	0.0
hgt	529	GCA.002451085.1.Bacteria.Proteobacteria	1606.235	0.0	803.1175	2001.73	1210.74	0.0	0.0	1000.865
los	None	dead	0.0	0.0	0.0	0.0	0.0	0.0	0.0	0.0
spe	571	570	1706.635	1535.435	1621.035	1950.26	1463.01	1809.94	1260.93	1605.595
hgt	None	dead	0.0	0.0	0.0	0.0	0.0	0.0	0.0	0.0
los	570	568	1535.435	1379.435	1457.435	1809.94	1260.93	1661.92	1096.95	1453.445
hgt	560	GCA.001735895.1.Bacteria.Proteobacteria	1588.765	0.0	794.3825	1792.9	1384.63	0.0	0.0	896.45
los	None	dead	0.0	0.0	0.0	0.0	0.0	0.0	0.0	0.0
spe	571	565	1706.635	1414.39	1560.5125	1950.26	1463.01	1716.39	1112.39	1531.325
hgt	None	dead	0.0	0.0	0.0	0.0	0.0	0.0	0.0	0.0
los	565	GCF.000239355.1.Bacteria.Proteobacteria	1414.39	0.0	707.195	1716.39	1112.39	0.0	0.0	858.195
hgt	519	GCF.002109495.1.Bacteria.Proteobacteria	2611.035	0.0	1305.5175	2836.91	2385.16	0.0	0.0	1418.455
los	None	dead	0.0	0.0	0.0	0.0	0.0	0.0	0.0	0.0
spe	647	646	1948.805	1902.685	1925.745	2118.06	1779.55	2069.61	1735.76	1926.91
hgt	None	dead	0.0	0.0	0.0	0.0	0.0	0.0	0.0	0.0
hgt	603	GCA.002085445.1.Bacteria.Proteobacteria	1696.92	0.0	848.46	1869.02	1524.82	0.0	0.0	934.51
los	None	dead	0.0	0.0	0.0	0.0	0.0	0.0	0.0	0.0
hgt	None	dead	0.0	0.0	0.0	0.0	0.0	0.0	0.0	0.0
dup	None	dead	0.0	0.0	0.0	0.0	0.0	0.0	0.0	0.0
hgt	1076	GCF.900142435.1.Bacteria.Aquificota	1235.659	0.0	617.8295	1564.19	907.128	0.0	0.0	782.095
los	None	dead	0.0	0.0	0.0	0.0	0.0	0.0	0.0	0.0
dup	None	dead	0.0	0.0	0.0	0.0	0.0	0.0	0.0	0.0
hgt	1228	GCA.003023725.1.Bacteria.Firmicutes.E	1712.115	0.0	856.0575	2011.29	1412.94	0.0	0.0	1005.645
los	None	dead	0.0	0.0	0.0	0.0	0.0	0.0	0.0	0.0
dup	None	dead	0.0	0.0	0.0	0.0	0.0	0.0	0.0	0.0
hgt	101	GCF.000011205.1.Archaea.Thermoproteota	1577.935	0.0	788.9675	1881.51	1274.36	0.0	0.0	940.755
los	None	dead	0.0	0.0	0.0	0.0	0.0	0.0	0.0	0.0
hgt	108	GCF.000148385.1.Archaea.Thermoproteota	1863.195	0.0	931.5975	2170.45	1555.94	0.0	0.0	1085.225
los	None	dead	0.0	0.0	0.0	0.0	0.0	0.0	0.0	0.0
hgt	None	dead	0.0	0.0	0.0	0.0	0.0	0.0	0.0	0.0
hgt	386	GCA.002450905.1.Bacteria.Spirochaetota	1753.72	0.0	876.86	2160.86	1346.58	0.0	0.0	1080.43
los	None	dead	0.0	0.0	0.0	0.0	0.0	0.0	0.0	0.0
hgt	None	dead	0.0	0.0	0.0	0.0	0.0	0.0	0.0	0.0
hgt	406	GCA.001872725.1.Bacteria.Proteobacteria	2159.8	0.0	1079.9	2741.58	1578.02	0.0	0.0	1370.79
los	None	dead	0.0	0.0	0.0	0.0	0.0	0.0	0.0	0.0
spe	646	588	1902.685	1773.33	1838.0075	2069.61	1735.76	1953.51	1593.15	1831.38
hgt	None	dead	0.0	0.0	0.0	0.0	0.0	0.0	0.0	0.0
hgt	558	GCA.002386945.1.Bacteria.Proteobacteria	1434.31	0.0	717.155	1652.56	1216.06	0.0	0.0	826.28
los	None	dead	0.0	0.0	0.0	0.0	0.0	0.0	0.0	0.0
spe	588	576	1773.33	1581.265	1677.2975	1953.51	1593.15	1817.5	1345.03	1649.27
los	576	GCA.002432655.1.Bacteria.Proteobacteria	1581.265	0.0	790.6325	1817.5	1345.03	0.0	0.0	908.75
spe	576	574	1581.265	1330.6	1455.9325	1817.5	1345.03	1590.49	1070.71	1444.105
hgt	None	dead	0.0	0.0	0.0	0.0	0.0	0.0	0.0	0.0
los	574	GCF.000374645.1.Bacteria.Proteobacteria	1330.6	0.0	665.3	1590.49	1070.71	0.0	0.0	795.245
hgt	653	GCF.001399755.1.Bacteria.Proteobacteria	2587.485	0.0	1293.7425	2815.0	2359.97	0.0	0.0	1407.5
los	None	dead	0.0	0.0	0.0	0.0	0.0	0.0	0.0	0.0
hgt	None	dead	0.0	0.0	0.0	0.0	0.0	0.0	0.0	0.0
hgt	513	512	1885.97	1775.885	1830.9275	2049.09	1722.85	1942.07	1609.7	1829.395
los	None	dead	0.0	0.0	0.0	0.0	0.0	0.0	0.0	0.0
spe	513	512	1885.97	1775.885	1830.9275	2049.09	1722.85	1942.07	1609.7	1829.395
spe	512	486	1775.885	1397.735	1586.81	1942.07	1609.7	1700.16	1095.31	1518.69
hgt	None	dead	0.0	0.0	0.0	0.0	0.0	0.0	0.0	0.0
los	486	GCF.000264455.2.Bacteria.Proteobacteria	1397.735	0.0	698.8675	1700.16	1095.31	0.0	0.0	850.08
hgt	436	GCA.002722885.1.Bacteria.Proteobacteria	1751.05	0.0	875.525	1998.82	1503.28	0.0	0.0	999.41
los	None	dead	0.0	0.0	0.0	0.0	0.0	0.0	0.0	0.0
spe	512	511	1775.885	1694.565	1735.225	1942.07	1609.7	1858.49	1530.64	1736.355
spe	511	489	1694.565	1316.195	1505.38	1858.49	1530.64	1571.14	1061.25	1459.87
los	489	GCA.002701885.1.Bacteria.Proteobacteria	1316.195	0.0	658.0975	1571.14	1061.25	0.0	0.0	785.57
spe	511	510	1694.565	1636.78	1665.6725	1858.49	1530.64	1799.17	1474.39	1666.44
los	510	509	1636.78	1544.73	1590.755	1799.17	1474.39	1706.12	1383.34	1591.255
spe	510	492	1636.78	1312.7	1474.74	1799.17	1474.39	1571.16	1054.24	1426.705
hgt	None	dead	0.0	0.0	0.0	0.0	0.0	0.0	0.0	0.0
hgt	634	GCF.001697225.1.Bacteria.Proteobacteria	1386.92	0.0	693.46	1651.6	1122.24	0.0	0.0	825.8
los	None	dead	0.0	0.0	0.0	0.0	0.0	0.0	0.0	0.0
hgt	None	dead	0.0	0.0	0.0	0.0	0.0	0.0	0.0	0.0
hgt	453	GCA.002457765.1.Bacteria.Proteobacteria	948.5585	0.0	474.27925	1217.04	680.077	0.0	0.0	608.52
los	None	dead	0.0	0.0	0.0	0.0	0.0	0.0	0.0	0.0
spe	588	587	1773.33	1495.94	1634.635	1953.51	1593.15	1691.37	1300.51	1627.01
spe	587	586	1495.94	1375.33	1435.635	1691.37	1300.51	1584.13	1166.53	1428.95
los	586	585	1375.33	1166.9135	1271.12175	1584.13	1166.53	1423.99	909.837	1246.9835
hgt	None	dead	0.0	0.0	0.0	0.0	0.0	0.0	0.0	0.0
los	587	581	1495.94	1344.875	1420.4075	1691.37	1300.51	1554.57	1135.18	1413.275
hgt	458	456	1624.365	1476.57	1550.4675	1810.7	1438.03	1673.09	1280.05	1545.375
los	None	dead	0.0	0.0	0.0	0.0	0.0	0.0	0.0	0.0
hgt	None	dead	0.0	0.0	0.0	0.0	0.0	0.0	0.0	0.0
hgt	444	GCA.002348425.1.Bacteria.Proteobacteria	1137.223	0.0	568.6115	1395.86	878.586	0.0	0.0	697.93
los	None	dead	0.0	0.0	0.0	0.0	0.0	0.0	0.0	0.0
spe	458	456	1624.365	1476.57	1550.4675	1810.7	1438.03	1673.09	1280.05	1545.375
hgt	None	dead	0.0	0.0	0.0	0.0	0.0	0.0	0.0	0.0
hgt	467	GCF.003258945.1.Bacteria.Proteobacteria	1181.4985	0.0	590.74925	1405.48	957.517	0.0	0.0	702.74
los	None	dead	0.0	0.0	0.0	0.0	0.0	0.0	0.0	0.0
spe	456	455	1476.57	1226.72	1351.645	1673.09	1280.05	1447.93	1005.51	1339.3
spe	455	454	1226.72	1094.241	1160.4805	1447.93	1005.51	1336.59	851.892	1149.911
los	454	GCA.002709155.1.Bacteria.Proteobacteria	1094.241	0.0	547.1205	1336.59	851.892	0.0	0.0	668.295
spe	454	453	1094.241	948.5585	1021.39975	1336.59	851.892	1217.04	680.077	1008.3335
los	453	GCA.002457765.1.Bacteria.Proteobacteria	948.5585	0.0	474.27925	1217.04	680.077	0.0	0.0	608.52
spe	646	645	1902.685	1840.255	1871.47	2069.61	1735.76	2005.54	1674.97	1872.29
los	645	631	1840.255	1777.47	1808.8625	2005.54	1674.97	1936.32	1618.62	1812.08
spe	645	644	1840.255	1647.11	1743.6825	2005.54	1674.97	1863.23	1430.99	1718.265
los	644	643	1647.11	1467.95	1557.53	1863.23	1430.99	1701.45	1234.45	1548.84
spe	644	636	1647.11	1555.685	1601.3975	1863.23	1430.99	1786.38	1324.99	1594.11
spe	636	634	1555.685	1386.92	1471.3025	1786.38	1324.99	1651.6	1122.24	1454.31
los	634	GCF.001697225.1.Bacteria.Proteobacteria	1386.92	0.0	693.46	1651.6	1122.24	0.0	0.0	825.8
