event	left_node	right_node	left_date	right_date	midpoint_date	left_date_lower	left_date_upper	right_date_lower	right_date_upper	midpoint_date_all
hgt	None	dead	0.0	0.0	0.0	0.0	0.0	0.0	0.0	0.0
hgt	510	509	1517.685	1417.44	1467.5625	1658.83	1376.54	1560.37	1274.51	1466.67
los	None	dead	0.0	0.0	0.0	0.0	0.0	0.0	0.0	0.0
spe	510	509	1517.685	1417.44	1467.5625	1658.83	1376.54	1560.37	1274.51	1466.67
hgt	458	GCA.002340345.1.Bacteria.Proteobacteria	1513.53	0.0	756.765	1663.43	1363.63	0.0	0.0	831.715
spe	509	495	1417.44	1152.21	1284.825	1560.37	1274.51	1304.12	1000.3	1280.335
los	495	GCA.002796975.1.Bacteria.Proteobacteria	1152.21	0.0	576.105	1304.12	1000.3	0.0	0.0	652.06
hgt	463	462	1313.945	1065.146	1189.5455	1461.65	1166.24	1220.68	909.612	1185.631
spe	463	462	1313.945	1065.146	1189.5455	1461.65	1166.24	1220.68	909.612	1185.631
spe	509	508	1417.44	1290.24	1353.84	1560.37	1274.51	1437.86	1142.62	1351.495
hgt	568	GCA.002862435.1.Bacteria.Proteobacteria	1463.05	0.0	731.525	1635.35	1290.75	0.0	0.0	817.675
los	508	507	1290.24	1064.673	1177.4565	1437.86	1142.62	1214.52	914.826	1176.343
spe	508	498	1290.24	1143.1505	1216.69525	1437.86	1142.62	1299.85	986.451	1212.1555
hgt	634	GCF.001697225.1.Bacteria.Proteobacteria	1434.16	0.0	717.08	1607.4	1260.92	0.0	0.0	803.7
los	498	GCA.002731375.1.Bacteria.Proteobacteria	1143.1505	0.0	571.57525	1299.85	986.451	0.0	0.0	649.925
hgt	None	dead	0.0	0.0	0.0	0.0	0.0	0.0	0.0	0.0
hgt	536	GCF.900111015.1.Bacteria.Proteobacteria	1887.95	0.0	943.975	2062.1	1713.8	0.0	0.0	1031.05
los	None	dead	0.0	0.0	0.0	0.0	0.0	0.0	0.0	0.0
hgt	None	dead	0.0	0.0	0.0	0.0	0.0	0.0	0.0	0.0
hgt	837	GCA.001768075.1.Bacteria.Myxococcota	1633.315	0.0	816.6575	1837.63	1429.0	0.0	0.0	918.815
los	None	dead	0.0	0.0	0.0	0.0	0.0	0.0	0.0	0.0
hgt	None	dead	0.0	0.0	0.0	0.0	0.0	0.0	0.0	0.0
hgt	736	GCA.001803795.1.Bacteria.Nitrospirota	1883.24	0.0	941.62	2143.89	1622.59	0.0	0.0	1071.945
los	None	dead	0.0	0.0	0.0	0.0	0.0	0.0	0.0	0.0
spe	901	663	3298.045	3209.65	3253.8475	3429.86	3166.23	3346.24	3073.06	3251.46
hgt	None	dead	0.0	0.0	0.0	0.0	0.0	0.0	0.0	0.0
hgt	720	GCA.002347965.1.Bacteria.UBA2233	2336.65	0.0	1168.325	2619.25	2054.05	0.0	0.0	1309.625
los	None	dead	0.0	0.0	0.0	0.0	0.0	0.0	0.0	0.0
hgt	None	dead	0.0	0.0	0.0	0.0	0.0	0.0	0.0	0.0
hgt	1720	1719	2606.555	2498.57	2552.5625	2696.39	2516.72	2595.21	2401.93	2549.16
los	None	dead	0.0	0.0	0.0	0.0	0.0	0.0	0.0	0.0
spe	1720	1719	2606.555	2498.57	2552.5625	2696.39	2516.72	2595.21	2401.93	2549.16
spe	1719	1718	2498.57	2360.855	2429.7125	2595.21	2401.93	2455.4	2266.31	2430.76
los	1718	1717	2360.855	2145.98	2253.4175	2455.4	2266.31	2280.59	2011.37	2233.385
spe	1718	1704	2360.855	2247.23	2304.0425	2455.4	2266.31	2338.81	2155.65	2305.525
los	1704	1672	2247.23	2002.185	2124.7075	2338.81	2155.65	2153.78	1850.59	2094.7
spe	1704	1703	2247.23	2155.655	2201.4425	2338.81	2155.65	2243.27	2068.04	2203.425
spe	1703	1702	2155.655	2083.6	2119.6275	2243.27	2068.04	2167.45	1999.75	2121.51
spe	1702	1701	2083.6	2042.11	2062.855	2167.45	1999.75	2121.49	1962.73	2065.09
los	1701	1685	2042.11	1873.315	1957.7125	2121.49	1962.73	1989.89	1756.74	1939.115
spe	1701	1700	2042.11	1961.585	2001.8475	2121.49	1962.73	2035.9	1887.27	2004.38
spe	1700	1699	1961.585	1903.88	1932.7325	2035.9	1887.27	1972.93	1834.83	1935.365
hgt	None	dead	0.0	0.0	0.0	0.0	0.0	0.0	0.0	0.0
los	1699	GCF.000317045.1.Bacteria.Cyanobacteria	1903.88	0.0	951.94	1972.93	1834.83	0.0	0.0	986.465
hgt	1697	Fischerella.muscicola.CCMEE5323	1294.515	0.0	647.2575	1416.54	1172.49	0.0	0.0	708.27
los	None	dead	0.0	0.0	0.0	0.0	0.0	0.0	0.0	0.0
spe	1699	1698	1903.88	1614.145	1759.0125	1972.93	1834.83	1628.1	1600.19	1786.56
spe	1698	1692	1614.145	178.9818	896.5634	1628.1	1600.19	287.502	70.4616	849.2808
los	1692	Richelia.intracellularis.HM01	178.9818	0.0	89.4909	287.502	70.4616	0.0	0.0	143.751
spe	1698	1697	1614.145	1294.515	1454.33	1628.1	1600.19	1416.54	1172.49	1400.295
dup	1697	1695	1294.515	878.0175	1086.26625	1416.54	1172.49	1068.32	687.715	1052.1275
spe	1697	1695	1294.515	878.0175	1086.26625	1416.54	1172.49	1068.32	687.715	1052.1275
los	1695	Nostoc.sp.PCC7120	878.0175	0.0	439.00875	1068.32	687.715	0.0	0.0	534.16
spe	1697	1695	1294.515	878.0175	1086.26625	1416.54	1172.49	1068.32	687.715	1052.1275
spe	1700	1688	1961.585	1636.375	1798.98	2035.9	1887.27	1774.1	1498.65	1767.275
hgt	1672	GCF.002251945.1.Bacteria.Cyanobacteria	2002.185	0.0	1001.0925	2153.78	1850.59	0.0	0.0	1076.89
spe	1703	1679	2155.655	1829.33	1992.4925	2243.27	2068.04	1977.8	1680.86	1962.065
hgt	None	dead	0.0	0.0	0.0	0.0	0.0	0.0	0.0	0.0
los	1679	GCF.000473895.1.Bacteria.Cyanobacteria	1829.33	0.0	914.665	1977.8	1680.86	0.0	0.0	988.9
hgt	1684	GCF.000316115.1.Bacteria.Cyanobacteria	1661.66	0.0	830.83	1813.5	1509.82	0.0	0.0	906.75
los	None	dead	0.0	0.0	0.0	0.0	0.0	0.0	0.0	0.0
spe	1679	1678	1829.33	892.4805	1360.90525	1977.8	1680.86	1125.82	659.141	1318.4705
spe	1678	1676	892.4805	250.8965	571.6885	1125.82	659.141	362.735	139.058	632.439
spe	663	397	3209.65	3012.355	3111.0025	3346.24	3073.06	3169.34	2855.37	3100.805
hgt	None	dead	0.0	0.0	0.0	0.0	0.0	0.0	0.0	0.0
hgt	737	733	2168.56	1662.33	1915.445	2402.13	1934.99	1919.68	1404.98	1903.555
los	None	dead	0.0	0.0	0.0	0.0	0.0	0.0	0.0	0.0
spe	737	733	2168.56	1662.33	1915.445	2402.13	1934.99	1919.68	1404.98	1903.555
spe	733	732	1662.33	1418.365	1540.3475	1919.68	1404.98	1679.42	1157.31	1538.495
los	732	GCA.002011735.1.Bacteria.Nitrospirota	1418.365	0.0	709.1825	1679.42	1157.31	0.0	0.0	839.71
spe	397	396	3012.355	2626.695	2819.525	3169.34	2855.37	2851.47	2401.92	2785.63
spe	396	395	2626.695	1520.715	2073.705	2851.47	2401.92	1836.24	1205.19	2028.33
los	395	GCF.000487995.1.Bacteria.Deferribacterota	1520.715	0.0	760.3575	1836.24	1205.19	0.0	0.0	918.12
hgt	None	dead	0.0	0.0	0.0	0.0	0.0	0.0	0.0	0.0
hgt	853	GCA.003232385.1.Bacteria.SZUA.79	2065.005	0.0	1032.5025	2302.51	1827.5	0.0	0.0	1151.255
los	None	dead	0.0	0.0	0.0	0.0	0.0	0.0	0.0	0.0
hgt	None	dead	0.0	0.0	0.0	0.0	0.0	0.0	0.0	0.0
hgt	749	GCA.003229375.1.Bacteria.Nitrospinota	1781.81	0.0	890.905	2044.22	1519.4	0.0	0.0	1022.11
los	None	dead	0.0	0.0	0.0	0.0	0.0	0.0	0.0	0.0
hgt	None	dead	0.0	0.0	0.0	0.0	0.0	0.0	0.0	0.0
hgt	None	dead	0.0	0.0	0.0	0.0	0.0	0.0	0.0	0.0
hgt	None	dead	0.0	0.0	0.0	0.0	0.0	0.0	0.0	0.0
hgt	932	GCA.002414805.1.Bacteria.Fibrobacterota	1699.53	0.0	849.765	1968.92	1430.14	0.0	0.0	984.46
dup	None	dead	0.0	0.0	0.0	0.0	0.0	0.0	0.0	0.0
hgt	389	388	2749.555	2535.365	2642.46	2964.67	2534.44	2764.69	2306.04	2635.355
los	None	dead	0.0	0.0	0.0	0.0	0.0	0.0	0.0	0.0
hgt	None	dead	0.0	0.0	0.0	0.0	0.0	0.0	0.0	0.0
hgt	320	GCA.003245715.1.Bacteria.Planctomycetota	2256.89	0.0	1128.445	2514.01	1999.77	0.0	0.0	1257.005
hgt	297	293	2134.445	1839.63	1987.0375	2367.44	1901.45	2093.59	1585.67	1976.555
los	None	dead	0.0	0.0	0.0	0.0	0.0	0.0	0.0	0.0
hgt	None	dead	0.0	0.0	0.0	0.0	0.0	0.0	0.0	0.0
hgt	332	GCA.002704825.1.Bacteria.Planctomycetota	1016.322	0.0	508.161	1225.76	806.884	0.0	0.0	612.88
los	None	dead	0.0	0.0	0.0	0.0	0.0	0.0	0.0	0.0
spe	297	293	2134.445	1839.63	1987.0375	2367.44	1901.45	2093.59	1585.67	1976.555
spe	389	388	2749.555	2535.365	2642.46	2964.67	2534.44	2764.69	2306.04	2635.355
spe	388	387	2535.365	2327.165	2431.265	2764.69	2306.04	2573.04	2081.29	2422.99
spe	387	383	2327.165	1910.295	2118.73	2573.04	2081.29	2169.33	1651.26	2112.15
los	383	381	1910.295	1517.805	1714.05	2169.33	1651.26	1777.32	1258.29	1713.81
spe	387	386	2327.165	2009.02	2168.0925	2573.04	2081.29	2288.32	1729.72	2151.38
los	386	GCA.002450905.1.Bacteria.Spirochaetota	2009.02	0.0	1004.51	2288.32	1729.72	0.0	0.0	1144.16
spe	388	376	2535.365	2164.345	2349.855	2764.69	2306.04	2427.34	1901.35	2333.02
hgt	None	dead	0.0	0.0	0.0	0.0	0.0	0.0	0.0	0.0
los	376	374	2164.345	1675.86	1920.1025	2427.34	1901.35	1962.59	1389.13	1908.235
hgt	895	GCA.000739515.1.Bacteria.Moduliflexota	2233.715	0.0	1116.8575	2507.56	1959.87	0.0	0.0	1253.78
hgt	883	GCA.000961655.1.Bacteria.Desulfobacterota	1441.77	0.0	720.885	1657.06	1226.48	0.0	0.0	828.53
los	None	dead	0.0	0.0	0.0	0.0	0.0	0.0	0.0	0.0
hgt	None	dead	0.0	0.0	0.0	0.0	0.0	0.0	0.0	0.0
hgt	1651	GCA.003242895.1.Bacteria.Margulisbacteria	2156.75	0.0	1078.375	2473.24	1840.26	0.0	0.0	1236.62
los	None	dead	0.0	0.0	0.0	0.0	0.0	0.0	0.0	0.0
hgt	887	886	2332.115	2067.29	2199.7025	2510.45	2153.78	2248.32	1886.26	2198.355
los	None	dead	0.0	0.0	0.0	0.0	0.0	0.0	0.0	0.0
spe	887	886	2332.115	2067.29	2199.7025	2510.45	2153.78	2248.32	1886.26	2198.355
spe	886	885	2067.29	1945.59	2006.44	2248.32	1886.26	2133.66	1757.52	2002.92
los	885	877	1945.59	1826.365	1885.9775	2133.66	1757.52	2034.01	1618.72	1876.19
spe	885	884	1945.59	1824.105	1884.8475	2133.66	1757.52	2015.87	1632.34	1883.0
los	884	883	1824.105	1441.77	1632.9375	2015.87	1632.34	1657.06	1226.48	1621.175
spe	884	880	1824.105	1550.835	1687.47	2015.87	1632.34	1763.87	1337.8	1676.835
los	880	GCA.001577715.1.Bacteria.Desulfobacterota	1550.835	0.0	775.4175	1763.87	1337.8	0.0	0.0	881.935
spe	886	874	2067.29	1965.97	2016.63	2248.32	1886.26	2151.74	1780.2	2014.26
spe	874	873	1965.97	1792.01	1878.99	2151.74	1780.2	1991.39	1592.63	1872.185
los	873	GCA.002011835.1.Bacteria.Desulfobacterota	1792.01	0.0	896.005	1991.39	1592.63	0.0	0.0	995.695
spe	873	871	1792.01	1532.675	1662.3425	1991.39	1592.63	1744.25	1321.1	1656.245
los	871	GCA.002899795.1.Bacteria.Desulfobacterota	1532.675	0.0	766.3375	1744.25	1321.1	0.0	0.0	872.125
spe	874	868	1965.97	1758.21	1862.09	2151.74	1780.2	1962.57	1553.85	1852.795
hgt	849	GCF.000266945.1.Bacteria.Desulfobacterota	1938.415	0.0	969.2075	2174.57	1702.26	0.0	0.0	1087.285
los	868	866	1758.21	1421.715	1589.9625	1962.57	1553.85	1644.35	1199.08	1580.825
dup	None	dead	0.0	0.0	0.0	0.0	0.0	0.0	0.0	0.0
hgt	1173	GCA.002897715.1.Bacteria.Actinobacteriota	1615.325	0.0	807.6625	1879.87	1350.78	0.0	0.0	939.935
los	None	dead	0.0	0.0	0.0	0.0	0.0	0.0	0.0	0.0
hgt	1271	1270	1904.435	1709.88	1807.1575	2085.31	1723.56	1894.58	1525.18	1805.245
hgt	84	GCF.000970205.1.Archaea.Halobacteriota	1360.205	0.0	680.1025	1583.15	1137.26	0.0	0.0	791.575
los	None	dead	0.0	0.0	0.0	0.0	0.0	0.0	0.0	0.0
hgt	1289	1288	2319.605	1737.805	2028.705	2515.76	2123.45	1959.07	1516.54	2016.15
spe	1271	1270	1904.435	1709.88	1807.1575	2085.31	1723.56	1894.58	1525.18	1805.245
spe	1270	1264	1709.88	1401.22	1555.55	1894.58	1525.18	1594.09	1208.35	1551.465
los	1264	GCA.900317035.1.Bacteria.Firmicutes.A	1401.22	0.0	700.61	1594.09	1208.35	0.0	0.0	797.045
spe	1264	1263	1401.22	1142.5375	1271.87875	1594.09	1208.35	1345.02	940.055	1267.0725
los	1263	GCA.002308775.1.Bacteria.Firmicutes.A	1142.5375	0.0	571.26875	1345.02	940.055	0.0	0.0	672.51
spe	1270	1269	1709.88	1538.365	1624.1225	1894.58	1525.18	1724.93	1351.8	1623.19
los	1269	1268	1538.365	1301.03	1419.6975	1724.93	1351.8	1501.89	1100.17	1412.55
hgt	None	dead	0.0	0.0	0.0	0.0	0.0	0.0	0.0	0.0
hgt	1350	GCF.001742305.1.Bacteria.Firmicutes	1409.0	0.0	704.5	1596.52	1221.48	0.0	0.0	798.26
los	None	dead	0.0	0.0	0.0	0.0	0.0	0.0	0.0	0.0
spe	1289	1288	2319.605	1737.805	2028.705	2515.76	2123.45	1959.07	1516.54	2016.15
hgt	1312	GCF.002607855.1.Bacteria.Firmicutes.B	1521.75	0.0	760.875	1739.03	1304.47	0.0	0.0	869.515
spe	1288	1287	1737.805	1455.455	1596.63	1959.07	1516.54	1682.3	1228.61	1593.84
los	1287	GCA.002329525.1.Bacteria.Firmicutes.C	1455.455	0.0	727.7275	1682.3	1228.61	0.0	0.0	841.15
spe	1287	1285	1455.455	1344.265	1399.86	1682.3	1228.61	1565.83	1122.7	1402.5
los	1285	1284	1344.265	1051.609	1197.937	1565.83	1122.7	1266.32	836.898	1201.364
spe	1285	1281	1344.265	1116.4885	1230.37675	1565.83	1122.7	1331.85	901.127	1233.4785
spe	1281	1280	1116.4885	953.42	1034.95425	1331.85	901.127	1163.28	743.56	1037.705
hgt	1323	1319	2061.88	1933.46	1997.67	2241.44	1882.32	2119.98	1746.94	1994.19
los	None	dead	0.0	0.0	0.0	0.0	0.0	0.0	0.0	0.0
spe	1323	1319	2061.88	1933.46	1997.67	2241.44	1882.32	2119.98	1746.94	1994.19
spe	1319	1318	1933.46	1818.985	1876.2225	2119.98	1746.94	2011.41	1626.56	1873.27
los	1318	1317	1818.985	1219.28	1519.1325	2011.41	1626.56	1424.03	1014.53	1512.97
spe	1318	1312	1818.985	1521.75	1670.3675	2011.41	1626.56	1739.03	1304.47	1657.94
los	1312	GCF.002607855.1.Bacteria.Firmicutes.B	1521.75	0.0	760.875	1739.03	1304.47	0.0	0.0	869.515
spe	663	662	3209.65	3137.46	3173.555	3346.24	3073.06	3279.1	2995.82	3171.03
los	662	400	3137.46	2394.165	2765.8125	3279.1	2995.82	2660.57	2127.76	2703.43
spe	662	661	3137.46	3082.4	3109.93	3279.1	2995.82	3218.98	2945.82	3112.46
spe	661	660	3082.4	2563.03	2822.715	3218.98	2945.82	2816.78	2309.28	2764.13
los	660	GCA.002395105.1.Bacteria.Proteobacteria	2563.03	0.0	1281.515	2816.78	2309.28	0.0	0.0	1408.39
hgt	None	dead	0.0	0.0	0.0	0.0	0.0	0.0	0.0	0.0
hgt	846	GCF.001611275.1.Bacteria.Desulfobacterota	2027.01	0.0	1013.505	2255.26	1798.76	0.0	0.0	1127.63
los	None	dead	0.0	0.0	0.0	0.0	0.0	0.0	0.0	0.0
spe	660	659	2563.03	1482.555	2022.7925	2816.78	2309.28	1819.93	1145.18	1980.98
los	659	GCF.000021725.1.Bacteria.Campylobacterota	1482.555	0.0	741.2775	1819.93	1145.18	0.0	0.0	909.965
spe	661	655	3082.4	3023.71	3053.055	3218.98	2945.82	3161.56	2885.86	3052.42
los	655	403	3023.71	2523.57	2773.64	3161.56	2885.86	2749.35	2297.79	2729.675
spe	655	654	3023.71	2882.745	2953.2275	3161.56	2885.86	3020.9	2744.59	2953.075
los	654	653	2882.745	2568.17	2725.4575	3020.9	2744.59	2711.59	2424.75	2722.825
spe	654	520	2882.745	2793.675	2838.21	3020.9	2744.59	2935.62	2651.73	2836.315
spe	520	406	2793.675	2569.1	2681.3875	2935.62	2651.73	2747.05	2391.15	2663.385
hgt	None	dead	0.0	0.0	0.0	0.0	0.0	0.0	0.0	0.0
los	406	GCF.002795805.1.Bacteria.Proteobacteria	2569.1	0.0	1284.55	2747.05	2391.15	0.0	0.0	1373.525
hgt	636	GCA.002840095.1.Bacteria.Proteobacteria	1603.01	0.0	801.505	1754.71	1451.31	0.0	0.0	877.355
los	None	dead	0.0	0.0	0.0	0.0	0.0	0.0	0.0	0.0
spe	520	519	2793.675	2628.48	2711.0775	2935.62	2651.73	2774.64	2482.32	2708.97
los	519	518	2628.48	2401.92	2515.2	2774.64	2482.32	2550.03	2253.81	2514.225
hgt	None	dead	0.0	0.0	0.0	0.0	0.0	0.0	0.0	0.0
hgt	542	GCA.002352565.1.Bacteria.Proteobacteria	1750.015	0.0	875.0075	1929.85	1570.18	0.0	0.0	964.925
los	None	dead	0.0	0.0	0.0	0.0	0.0	0.0	0.0	0.0
