event	left_node	right_node	left_date	right_date	midpoint_date
hgt	None	dead	0.0	0.0	0.0
hgt	510	509	1517.685	1417.44	1467.5625
los	None	dead	0.0	0.0	0.0
spe	510	509	1517.685	1417.44	1467.5625
spe	509	495	1417.44	1152.21	1284.825
hgt	458	GCA.002340345.1.Bacteria.Proteobacteria	1513.53	0.0	756.765
los	495	GCA.002796975.1.Bacteria.Proteobacteria	1152.21	0.0	576.105
hgt	463	462	1313.945	1065.146	1189.5455
spe	463	462	1313.945	1065.146	1189.5455
spe	509	508	1417.44	1290.24	1353.84
hgt	568	GCA.002862435.1.Bacteria.Proteobacteria	1463.05	0.0	731.525
los	508	507	1290.24	1064.673	1177.4565
spe	508	498	1290.24	1143.1505	1216.69525
hgt	634	GCF.001697225.1.Bacteria.Proteobacteria	1434.16	0.0	717.08
los	498	GCA.002731375.1.Bacteria.Proteobacteria	1143.1505	0.0	571.57525
hgt	None	dead	0.0	0.0	0.0
hgt	536	GCF.900111015.1.Bacteria.Proteobacteria	1887.95	0.0	943.975
los	None	dead	0.0	0.0	0.0
hgt	None	dead	0.0	0.0	0.0
hgt	837	GCA.001768075.1.Bacteria.Myxococcota	1633.315	0.0	816.6575
los	None	dead	0.0	0.0	0.0
hgt	None	dead	0.0	0.0	0.0
hgt	736	GCA.001803795.1.Bacteria.Nitrospirota	1883.24	0.0	941.62
los	None	dead	0.0	0.0	0.0
spe	901	663	3298.045	3209.65	3253.8475
hgt	None	dead	0.0	0.0	0.0
hgt	720	GCA.002347965.1.Bacteria.UBA2233	2336.65	0.0	1168.325
los	None	dead	0.0	0.0	0.0
hgt	None	dead	0.0	0.0	0.0
hgt	1720	1719	2606.555	2498.57	2552.5625
los	None	dead	0.0	0.0	0.0
spe	1720	1719	2606.555	2498.57	2552.5625
spe	1719	1718	2498.57	2360.855	2429.7125
los	1718	1717	2360.855	2145.98	2253.4175
spe	1718	1704	2360.855	2247.23	2304.0425
los	1704	1672	2247.23	2002.185	2124.7075
spe	1704	1703	2247.23	2155.655	2201.4425
spe	1703	1702	2155.655	2083.6	2119.6275
spe	1702	1701	2083.6	2042.11	2062.855
los	1701	1685	2042.11	1873.315	1957.7125
spe	1701	1700	2042.11	1961.585	2001.8475
spe	1700	1699	1961.585	1903.88	1932.7325
hgt	1697	Fischerella.muscicola.CCMEE5323	1294.515	0.0	647.2575
los	1699	GCF.000317045.1.Bacteria.Cyanobacteria	1903.88	0.0	951.94
spe	1699	1698	1903.88	1614.145	1759.0125
spe	1698	1692	1614.145	178.9818	896.5634
los	1692	Richelia.intracellularis.HM01	178.9818	0.0	89.4909
spe	1698	1697	1614.145	1294.515	1454.33
dup	1697	1695	1294.515	878.0175	1086.26625
spe	1697	1695	1294.515	878.0175	1086.26625
los	1695	Nostoc.sp.PCC7120	878.0175	0.0	439.00875
spe	1697	1695	1294.515	878.0175	1086.26625
spe	1700	1688	1961.585	1636.375	1798.98
hgt	1672	GCF.002251945.1.Bacteria.Cyanobacteria	2002.185	0.0	1001.0925
spe	1703	1679	2155.655	1829.33	1992.4925
hgt	1684	GCF.000316115.1.Bacteria.Cyanobacteria	1661.66	0.0	830.83
los	1679	GCF.000473895.1.Bacteria.Cyanobacteria	1829.33	0.0	914.665
spe	1679	1678	1829.33	892.4805	1360.90525
spe	1678	1676	892.4805	250.8965	571.6885
spe	663	397	3209.65	3012.355	3111.0025
hgt	None	dead	0.0	0.0	0.0
hgt	737	733	2168.56	1662.33	1915.445
los	None	dead	0.0	0.0	0.0
spe	737	733	2168.56	1662.33	1915.445
spe	733	732	1662.33	1418.365	1540.3475
los	732	GCA.002011735.1.Bacteria.Nitrospirota	1418.365	0.0	709.1825
spe	397	396	3012.355	2626.695	2819.525
spe	396	395	2626.695	1520.715	2073.705
los	395	GCF.000487995.1.Bacteria.Deferribacterota	1520.715	0.0	760.3575
hgt	None	dead	0.0	0.0	0.0
hgt	853	GCA.003232385.1.Bacteria.SZUA.79	2065.005	0.0	1032.5025
los	None	dead	0.0	0.0	0.0
hgt	None	dead	0.0	0.0	0.0
hgt	749	GCA.003229375.1.Bacteria.Nitrospinota	1781.81	0.0	890.905
los	None	dead	0.0	0.0	0.0
hgt	None	dead	0.0	0.0	0.0
hgt	None	dead	0.0	0.0	0.0
hgt	389	388	2749.555	2535.365	2642.46
hgt	932	GCA.002414805.1.Bacteria.Fibrobacterota	1699.53	0.0	849.765
hgt	None	dead	0.0	0.0	0.0
hgt	None	dead	0.0	0.0	0.0
dup	None	dead	0.0	0.0	0.0
hgt	320	GCA.003245715.1.Bacteria.Planctomycetota	2256.89	0.0	1128.445
los	None	dead	0.0	0.0	0.0
dup	None	dead	0.0	0.0	0.0
hgt	332	GCA.002704825.1.Bacteria.Planctomycetota	1016.322	0.0	508.161
los	None	dead	0.0	0.0	0.0
hgt	297	293	2134.445	1839.63	1987.0375
los	None	dead	0.0	0.0	0.0
spe	297	293	2134.445	1839.63	1987.0375
spe	389	388	2749.555	2535.365	2642.46
spe	388	387	2535.365	2327.165	2431.265
spe	387	383	2327.165	1910.295	2118.73
los	383	381	1910.295	1517.805	1714.05
spe	387	386	2327.165	2009.02	2168.0925
los	386	GCA.002450905.1.Bacteria.Spirochaetota	2009.02	0.0	1004.51
spe	388	376	2535.365	2164.345	2349.855
hgt	None	dead	0.0	0.0	0.0
hgt	883	GCA.000961655.1.Bacteria.Desulfobacterota	1441.77	0.0	720.885
los	None	dead	0.0	0.0	0.0
hgt	895	GCA.000739515.1.Bacteria.Moduliflexota	2233.715	0.0	1116.8575
los	376	374	2164.345	1675.86	1920.1025
hgt	1651	GCA.003242895.1.Bacteria.Margulisbacteria	2156.75	0.0	1078.375
hgt	887	886	2332.115	2067.29	2199.7025
los	None	dead	0.0	0.0	0.0
spe	887	886	2332.115	2067.29	2199.7025
spe	886	885	2067.29	1945.59	2006.44
los	885	877	1945.59	1826.365	1885.9775
spe	885	884	1945.59	1824.105	1884.8475
los	884	883	1824.105	1441.77	1632.9375
spe	884	880	1824.105	1550.835	1687.47
los	880	GCA.001577715.1.Bacteria.Desulfobacterota	1550.835	0.0	775.4175
spe	886	874	2067.29	1965.97	2016.63
spe	874	873	1965.97	1792.01	1878.99
los	873	GCA.002011835.1.Bacteria.Desulfobacterota	1792.01	0.0	896.005
spe	873	871	1792.01	1532.675	1662.3425
los	871	GCA.002899795.1.Bacteria.Desulfobacterota	1532.675	0.0	766.3375
spe	874	868	1965.97	1758.21	1862.09
hgt	849	GCF.000266945.1.Bacteria.Desulfobacterota	1938.415	0.0	969.2075
los	868	866	1758.21	1421.715	1589.9625
dup	None	dead	0.0	0.0	0.0
hgt	1173	GCA.002897715.1.Bacteria.Actinobacteriota	1615.325	0.0	807.6625
los	None	dead	0.0	0.0	0.0
dup	None	dead	0.0	0.0	0.0
hgt	84	GCF.000970205.1.Archaea.Halobacteriota	1360.205	0.0	680.1025
los	None	dead	0.0	0.0	0.0
dup	None	dead	0.0	0.0	0.0
hgt	1271	1270	1904.435	1709.88	1807.1575
los	None	dead	0.0	0.0	0.0
spe	1271	1270	1904.435	1709.88	1807.1575
spe	1270	1264	1709.88	1401.22	1555.55
los	1264	GCA.900317035.1.Bacteria.Firmicutes.A	1401.22	0.0	700.61
spe	1264	1263	1401.22	1142.5375	1271.87875
los	1263	GCA.002308775.1.Bacteria.Firmicutes.A	1142.5375	0.0	571.26875
spe	1270	1269	1709.88	1538.365	1624.1225
los	1269	1268	1538.365	1301.03	1419.6975
dup	None	dead	0.0	0.0	0.0
hgt	1350	GCF.001742305.1.Bacteria.Firmicutes	1409.0	0.0	704.5
los	None	dead	0.0	0.0	0.0
hgt	1289	1288	2319.605	1737.805	2028.705
los	None	dead	0.0	0.0	0.0
spe	1289	1288	2319.605	1737.805	2028.705
hgt	1312	GCF.002607855.1.Bacteria.Firmicutes.B	1521.75	0.0	760.875
spe	1288	1287	1737.805	1455.455	1596.63
los	1287	GCA.002329525.1.Bacteria.Firmicutes.C	1455.455	0.0	727.7275
spe	1287	1285	1455.455	1344.265	1399.86
los	1285	1284	1344.265	1051.609	1197.937
spe	1285	1281	1344.265	1116.4885	1230.37675
spe	1281	1280	1116.4885	953.42	1034.95425
hgt	1323	1319	2061.88	1933.46	1997.67
los	None	dead	0.0	0.0	0.0
spe	1323	1319	2061.88	1933.46	1997.67
spe	1319	1318	1933.46	1818.985	1876.2225
los	1318	1317	1818.985	1219.28	1519.1325
spe	1318	1312	1818.985	1521.75	1670.3675
los	1312	GCF.002607855.1.Bacteria.Firmicutes.B	1521.75	0.0	760.875
spe	663	662	3209.65	3137.46	3173.555
los	662	400	3137.46	2394.165	2765.8125
spe	662	661	3137.46	3082.4	3109.93
spe	661	660	3082.4	2563.03	2822.715
hgt	846	GCF.001611275.1.Bacteria.Desulfobacterota	2027.01	0.0	1013.505
los	660	GCA.002395105.1.Bacteria.Proteobacteria	2563.03	0.0	1281.515
spe	660	659	2563.03	1482.555	2022.7925
los	659	GCF.000021725.1.Bacteria.Campylobacterota	1482.555	0.0	741.2775
spe	661	655	3082.4	3023.71	3053.055
los	655	403	3023.71	2523.57	2773.64
spe	655	654	3023.71	2882.745	2953.2275
los	654	653	2882.745	2568.17	2725.4575
spe	654	520	2882.745	2793.675	2838.21
spe	520	406	2793.675	2569.1	2681.3875
hgt	636	GCA.002840095.1.Bacteria.Proteobacteria	1603.01	0.0	801.505
los	406	GCF.002795805.1.Bacteria.Proteobacteria	2569.1	0.0	1284.55
spe	520	519	2793.675	2628.48	2711.0775
hgt	None	dead	0.0	0.0	0.0
los	519	518	2628.48	2401.92	2515.2
hgt	542	GCA.002352565.1.Bacteria.Proteobacteria	1750.015	0.0	875.0075
los	None	dead	0.0	0.0	0.0
