event	left_node	right_node	left_date	right_date	midpoint_date	left_date_lower	left_date_upper	right_date_lower	right_date_upper	midpoint_date_all
hgt	None	dead	0.0	0.0	0.0	0.0	0.0	0.0	0.0	0.0
dup	None	dead	0.0	0.0	0.0	0.0	0.0	0.0	0.0	0.0
hgt	194	GCA.003498085.1.Bacteria.UBA9089	2695.625	0.0	1347.8125	2966.44	2424.81	0.0	0.0	1483.22
los	None	dead	0.0	0.0	0.0	0.0	0.0	0.0	0.0	0.0
hgt	668	GCA.002010665.1.Bacteria.Acidobacteriota	1575.265	0.0	787.6325	1852.06	1298.47	0.0	0.0	926.03
los	None	dead	0.0	0.0	0.0	0.0	0.0	0.0	0.0	0.0
hgt	None	dead	0.0	0.0	0.0	0.0	0.0	0.0	0.0	0.0
hgt	1655	GCA.001771505.1.Bacteria.Margulisbacteria	2266.66	0.0	1133.33	2585.89	1947.43	0.0	0.0	1292.945
los	None	dead	0.0	0.0	0.0	0.0	0.0	0.0	0.0	0.0
dup	1393	1392	3594.23	3486.295	3540.2625	3723.96	3464.5	3621.84	3350.75	3537.355
hgt	None	dead	0.0	0.0	0.0	0.0	0.0	0.0	0.0	0.0
hgt	1234	1233	1826.555	1501.49	1664.0225	2072.98	1580.13	1760.32	1242.66	1657.82
los	None	dead	0.0	0.0	0.0	0.0	0.0	0.0	0.0	0.0
spe	1234	1233	1826.555	1501.49	1664.0225	2072.98	1580.13	1760.32	1242.66	1657.82
spe	1393	1392	3594.23	3486.295	3540.2625	3723.96	3464.5	3621.84	3350.75	3537.355
hgt	None	dead	0.0	0.0	0.0	0.0	0.0	0.0	0.0	0.0
hgt	1667	GCA.003503675.1.Bacteria.Cyanobacteria	2879.985	0.0	1439.9925	3035.21	2724.76	0.0	0.0	1517.605
los	None	dead	0.0	0.0	0.0	0.0	0.0	0.0	0.0	0.0
hgt	None	dead	0.0	0.0	0.0	0.0	0.0	0.0	0.0	0.0
dup	None	dead	0.0	0.0	0.0	0.0	0.0	0.0	0.0	0.0
hgt	794	GCA.001798565.1.Bacteria.Desulfobacterota.B	1455.87	0.0	727.935	1673.56	1238.18	0.0	0.0	836.78
los	None	dead	0.0	0.0	0.0	0.0	0.0	0.0	0.0	0.0
dup	None	dead	0.0	0.0	0.0	0.0	0.0	0.0	0.0	0.0
dup	None	dead	0.0	0.0	0.0	0.0	0.0	0.0	0.0	0.0
hgt	1430	GCA.002239025.1.Bacteria.Chloroflexota	2204.905	0.0	1102.4525	2528.66	1881.15	0.0	0.0	1264.33
los	None	dead	0.0	0.0	0.0	0.0	0.0	0.0	0.0	0.0
dup	None	dead	0.0	0.0	0.0	0.0	0.0	0.0	0.0	0.0
hgt	1341	GCF.001653195.1.Bacteria.Firmicutes	1562.96	0.0	781.48	1772.81	1353.11	0.0	0.0	886.405
los	None	dead	0.0	0.0	0.0	0.0	0.0	0.0	0.0	0.0
hgt	1163	GCF.000384115.1.Bacteria.Actinobacteriota	995.9815	0.0	497.99075	1205.77	786.193	0.0	0.0	602.885
los	None	dead	0.0	0.0	0.0	0.0	0.0	0.0	0.0	0.0
hgt	742	741	2707.335	2099.065	2403.2	2896.17	2518.5	2384.47	1813.66	2354.915
los	None	dead	0.0	0.0	0.0	0.0	0.0	0.0	0.0	0.0
spe	742	741	2707.335	2099.065	2403.2	2896.17	2518.5	2384.47	1813.66	2354.915
hgt	None	dead	0.0	0.0	0.0	0.0	0.0	0.0	0.0	0.0
spe	1392	1391	3486.295	3193.865	3340.08	3621.84	3350.75	3340.39	3047.34	3334.59
spe	1391	1211	3193.865	2951.505	3072.685	3340.39	3047.34	3130.45	2772.56	3056.475
hgt	None	dead	0.0	0.0	0.0	0.0	0.0	0.0	0.0	0.0
hgt	1235	GCA.002376005.1.Bacteria.Firmicutes.E	2102.15	0.0	1051.075	2336.06	1868.24	0.0	0.0	1168.03
los	None	dead	0.0	0.0	0.0	0.0	0.0	0.0	0.0	0.0
hgt	None	dead	0.0	0.0	0.0	0.0	0.0	0.0	0.0	0.0
los	1211	1199	2951.505	2662.26	2806.8825	3130.45	2772.56	2889.8	2434.72	2782.585
hgt	1312	GCF.002607855.1.Bacteria.Firmicutes.B	1521.75	0.0	760.875	1739.03	1304.47	0.0	0.0	869.515
los	None	dead	0.0	0.0	0.0	0.0	0.0	0.0	0.0	0.0
spe	1211	1210	2951.505	2781.0	2866.2525	3130.45	2772.56	2987.0	2575.0	2852.725
los	1210	1204	2781.0	2525.77	2653.385	2987.0	2575.0	2781.64	2269.9	2628.45
spe	1210	1209	2781.0	2390.265	2585.6325	2987.0	2575.0	2661.11	2119.42	2553.21
spe	1209	1208	2390.265	2182.765	2286.515	2661.11	2119.42	2489.07	1876.46	2268.785
hgt	1307	GCA.000987045.1.Bacteria.Firmicutes.B	1703.5	0.0	851.75	1894.89	1512.11	0.0	0.0	947.445
los	1208	GCA.900016865.1.Bacteria.Firmicutes.G	2182.765	0.0	1091.3825	2489.07	1876.46	0.0	0.0	1244.535
spe	1391	1390	3193.865	3074.65	3134.2575	3340.39	3047.34	3224.77	2924.53	3132.46
los	1390	1218	3074.65	2879.54	2977.095	3224.77	2924.53	3061.15	2697.93	2961.35
spe	1390	1389	3074.65	2995.16	3034.905	3224.77	2924.53	3145.66	2844.66	3034.715
los	1389	1237	2995.16	2548.64	2771.9	3145.66	2844.66	2742.96	2354.32	2749.99
spe	1389	1388	2995.16	2841.585	2918.3725	3145.66	2844.66	2996.83	2686.34	2916.0
spe	1388	1274	2841.585	2600.015	2720.8	2996.83	2686.34	2770.93	2429.1	2712.965
hgt	None	dead	0.0	0.0	0.0	0.0	0.0	0.0	0.0	0.0
los	1274	1273	2600.015	2372.06	2486.0375	2770.93	2429.1	2551.07	2193.05	2481.99
hgt	1296	GCF.900176005.1.Bacteria.Firmicutes.B	1805.085	0.0	902.5425	2032.76	1577.41	0.0	0.0	1016.38
los	None	dead	0.0	0.0	0.0	0.0	0.0	0.0	0.0	0.0
spe	1274	1240	2600.015	2224.995	2412.505	2770.93	2429.1	2447.68	2002.31	2386.62
hgt	1307	1305	1703.5	1518.03	1610.765	1894.89	1512.11	1722.41	1313.65	1604.27
spe	1307	1305	1703.5	1518.03	1610.765	1894.89	1512.11	1722.41	1313.65	1604.27
spe	1305	1304	1518.03	1212.67	1365.35	1722.41	1313.65	1425.13	1000.21	1361.31
los	1304	GCA.001508005.1.Bacteria.Firmicutes.B	1212.67	0.0	606.335	1425.13	1000.21	0.0	0.0	712.565
spe	1388	1387	2841.585	2774.13	2807.8575	2996.83	2686.34	2929.52	2618.74	2807.785
los	1387	1386	2774.13	2592.35	2683.24	2929.52	2618.74	2757.97	2426.73	2678.125
spe	1387	1327	2774.13	2643.35	2708.74	2929.52	2618.74	2807.8	2478.9	2704.21
spe	1327	1326	2643.35	2448.67	2546.01	2807.8	2478.9	2619.66	2277.68	2542.74
hgt	1385	1384	2489.295	2053.965	2271.63	2657.44	2321.15	2227.59	1880.34	2268.89
spe	1326	1292	2448.67	1962.37	2205.52	2619.66	2277.68	2188.61	1736.13	2177.895
los	1292	GCF.000024605.1.Bacteria.Firmicutes.B	1962.37	0.0	981.185	2188.61	1736.13	0.0	0.0	1094.305
spe	1385	1384	2489.295	2053.965	2271.63	2657.44	2321.15	2227.59	1880.34	2268.89
spe	1384	1383	2053.965	1928.425	1991.195	2227.59	1880.34	2100.2	1756.65	1992.12
los	1383	1341	1928.425	1562.96	1745.6925	2100.2	1756.65	1772.81	1353.11	1726.655
spe	1383	1382	1928.425	1812.955	1870.69	2100.2	1756.65	1984.88	1641.03	1870.615
spe	1382	1344	1812.955	1531.325	1672.14	1984.88	1641.03	1719.64	1343.01	1663.945
los	1344	GCA.002159075.1.Bacteria.Firmicutes	1531.325	0.0	765.6625	1719.64	1343.01	0.0	0.0	859.82
spe	1382	1381	1812.955	1697.085	1755.02	1984.88	1641.03	1866.73	1527.44	1756.16
los	1381	1351	1697.085	1602.01	1649.5475	1866.73	1527.44	1773.61	1430.41	1648.57
spe	1381	1380	1697.085	1588.96	1643.0225	1866.73	1527.44	1755.87	1422.05	1644.39
los	1380	1379	1588.96	1514.47	1551.715	1755.87	1422.05	1680.25	1348.69	1552.28
spe	1384	1338	2053.965	1618.77	1836.3675	2227.59	1880.34	1818.56	1418.98	1823.285
hgt	1319	GCF.900100785.1.Bacteria.Firmicutes.B	1933.46	0.0	966.73	2119.98	1746.94	0.0	0.0	1059.99
los	1338	1337	1618.77	1358.655	1488.7125	1818.56	1418.98	1579.49	1137.82	1478.19
spe	1326	1325	2448.67	2256.125	2352.3975	2619.66	2277.68	2432.87	2079.38	2349.52
los	1325	1297	2256.125	1985.275	2120.7	2432.87	2079.38	2195.62	1774.93	2103.9
spe	1325	1324	2256.125	2152.01	2204.0675	2432.87	2079.38	2327.59	1976.43	2204.65
los	1324	1323	2152.01	2061.88	2106.945	2327.59	1976.43	2241.44	1882.32	2104.955
spe	1324	1308	2152.01	1925.235	2038.6225	2327.59	1976.43	2113.94	1736.53	2032.06
los	1308	1307	1925.235	1703.5	1814.3675	2113.94	1736.53	1894.89	1512.11	1813.025
spe	1308	1300	1925.235	1565.1	1745.1675	2113.94	1736.53	1781.13	1349.07	1731.505
hgt	1227	GCA.003242675.1.Bacteria.Firmicutes.E	1969.33	0.0	984.665	2217.32	1721.34	0.0	0.0	1108.66
hgt	1203	GCA.002399265.1.Bacteria.Firmicutes.G	1946.15	0.0	973.075	2262.26	1630.04	0.0	0.0	1131.13
spe	1327	1289	2643.35	2319.605	2481.4775	2807.8	2478.9	2515.76	2123.45	2465.625
hgt	1312	GCF.000019165.1.Bacteria.Firmicutes.B	1521.75	0.0	760.875	1739.03	1304.47	0.0	0.0	869.515
los	1289	GCA.002345475.1.Bacteria.Firmicutes.H	2319.605	0.0	1159.8025	2515.76	2123.45	0.0	0.0	1257.88
spe	1289	1288	2319.605	1737.805	2028.705	2515.76	2123.45	1959.07	1516.54	2016.15
spe	1288	1287	1737.805	1455.455	1596.63	1959.07	1516.54	1682.3	1228.61	1593.84
hgt	1697	Fischerella.muscicola.CCMEE5323	1294.515	0.0	647.2575	1416.54	1172.49	0.0	0.0	708.27
los	1287	GCA.002329525.1.Bacteria.Firmicutes.C	1455.455	0.0	727.7275	1682.3	1228.61	0.0	0.0	841.15
spe	1287	1285	1455.455	1344.265	1399.86	1682.3	1228.61	1565.83	1122.7	1402.5
los	1285	1284	1344.265	1051.609	1197.937	1565.83	1122.7	1266.32	836.898	1201.364
spe	1285	1281	1344.265	1116.4885	1230.37675	1565.83	1122.7	1331.85	901.127	1233.4785
spe	1281	1280	1116.4885	953.42	1034.95425	1331.85	901.127	1163.28	743.56	1037.705
los	1280	GCF.900104455.1.Bacteria.Firmicutes.C	953.42	0.0	476.71	1163.28	743.56	0.0	0.0	581.64
dup	None	dead	0.0	0.0	0.0	0.0	0.0	0.0	0.0	0.0
dup	None	dead	0.0	0.0	0.0	0.0	0.0	0.0	0.0	0.0
hgt	1462	GCA.002436065.1.Bacteria.Chloroflexota	2298.115	0.0	1149.0575	2545.29	2050.94	0.0	0.0	1272.645
los	None	dead	0.0	0.0	0.0	0.0	0.0	0.0	0.0	0.0
dup	None	dead	0.0	0.0	0.0	0.0	0.0	0.0	0.0	0.0
hgt	674	GCA.002298155.1.Bacteria.Acidobacteriota	1948.825	0.0	974.4125	2211.19	1686.46	0.0	0.0	1105.595
los	None	dead	0.0	0.0	0.0	0.0	0.0	0.0	0.0	0.0
dup	None	dead	0.0	0.0	0.0	0.0	0.0	0.0	0.0	0.0
hgt	837	GCA.001768075.1.Bacteria.Myxococcota	1633.315	0.0	816.6575	1837.63	1429.0	0.0	0.0	918.815
los	None	dead	0.0	0.0	0.0	0.0	0.0	0.0	0.0	0.0
hgt	888	887	2515.76	2332.115	2423.9375	2689.37	2342.15	2510.45	2153.78	2421.575
los	None	dead	0.0	0.0	0.0	0.0	0.0	0.0	0.0	0.0
spe	888	887	2515.76	2332.115	2423.9375	2689.37	2342.15	2510.45	2153.78	2421.575
spe	887	863	2332.115	2111.78	2221.9475	2510.45	2153.78	2305.71	1917.85	2214.15
hgt	None	dead	0.0	0.0	0.0	0.0	0.0	0.0	0.0	0.0
los	863	857	2111.78	1980.505	2046.1425	2305.71	1917.85	2203.95	1757.06	2031.385
hgt	861	GCA.001304105.1.Bacteria.Desulfobacterota	1645.455	0.0	822.7275	1870.52	1420.39	0.0	0.0	935.26
los	None	dead	0.0	0.0	0.0	0.0	0.0	0.0	0.0	0.0
spe	863	862	2111.78	1779.145	1945.4625	2305.71	1917.85	1993.79	1564.5	1935.105
spe	862	861	1779.145	1645.455	1712.3	1993.79	1564.5	1870.52	1420.39	1707.09
los	861	GCA.001304105.1.Bacteria.Desulfobacterota	1645.455	0.0	822.7275	1870.52	1420.39	0.0	0.0	935.26
spe	887	886	2332.115	2067.29	2199.7025	2510.45	2153.78	2248.32	1886.26	2198.355
los	886	874	2067.29	1965.97	2016.63	2248.32	1886.26	2151.74	1780.2	2014.26
spe	886	885	2067.29	1945.59	2006.44	2248.32	1886.26	2133.66	1757.52	2002.92
spe	885	877	1945.59	1826.365	1885.9775	2133.66	1757.52	2034.01	1618.72	1876.19
los	877	GCF.000620765.1.Bacteria.Desulfobacterota.I	1826.365	0.0	913.1825	2034.01	1618.72	0.0	0.0	1017.005
spe	885	884	1945.59	1824.105	1884.8475	2133.66	1757.52	2015.87	1632.34	1883.0
hgt	801	GCA.002328485.1.Bacteria.Desulfobacterota.G	2073.125	0.0	1036.5625	2289.45	1856.8	0.0	0.0	1144.725
los	884	880	1824.105	1550.835	1687.47	2015.87	1632.34	1763.87	1337.8	1676.835
spe	884	883	1824.105	1441.77	1632.9375	2015.87	1632.34	1657.06	1226.48	1621.175
los	883	GCA.001751085.1.Bacteria.Desulfobacterota	1441.77	0.0	720.885	1657.06	1226.48	0.0	0.0	828.53
dup	None	dead	0.0	0.0	0.0	0.0	0.0	0.0	0.0	0.0
hgt	753	GCA.001803565.1.Bacteria.Nitrospinota.B	2099.055	0.0	1049.5275	2342.98	1855.13	0.0	0.0	1171.49
los	None	dead	0.0	0.0	0.0	0.0	0.0	0.0	0.0	0.0
hgt	1445	GCA.003130875.1.Bacteria.Chloroflexota	1742.485	0.0	871.2425	1965.0	1519.97	0.0	0.0	982.5
los	None	dead	0.0	0.0	0.0	0.0	0.0	0.0	0.0	0.0
hgt	None	dead	0.0	0.0	0.0	0.0	0.0	0.0	0.0	0.0
hgt	706	GCA.002327305.1.Bacteria.Acidobacteriota	1817.88	0.0	908.94	2043.39	1592.37	0.0	0.0	1021.695
los	None	dead	0.0	0.0	0.0	0.0	0.0	0.0	0.0	0.0
spe	1392	1188	3486.295	3139.205	3312.75	3621.84	3350.75	3310.24	2968.17	3295.005
spe	1188	1187	3139.205	3067.16	3103.1825	3310.24	2968.17	3235.87	2898.45	3104.345
los	1187	1186	3067.16	2936.225	3001.6925	3235.87	2898.45	3121.91	2750.54	2993.205
spe	1187	1133	3067.16	2467.96	2767.56	3235.87	2898.45	2738.86	2197.06	2716.465
los	1133	GCA.002366545.1.Bacteria.Actinobacteriota	2467.96	0.0	1233.98	2738.86	2197.06	0.0	0.0	1369.43
hgt	None	dead	0.0	0.0	0.0	0.0	0.0	0.0	0.0	0.0
hgt	1178	GCA.002347645.1.Bacteria.Actinobacteriota	1673.74	0.0	836.87	1926.76	1420.72	0.0	0.0	963.38
los	None	dead	0.0	0.0	0.0	0.0	0.0	0.0	0.0	0.0
spe	1393	1392	3594.23	3486.295	3540.2625	3723.96	3464.5	3621.84	3350.75	3537.355
spe	1392	1391	3486.295	3193.865	3340.08	3621.84	3350.75	3340.39	3047.34	3334.59
los	1391	1211	3193.865	2951.505	3072.685	3340.39	3047.34	3130.45	2772.56	3056.475
spe	1391	1390	3193.865	3074.65	3134.2575	3340.39	3047.34	3224.77	2924.53	3132.46
hgt	None	dead	0.0	0.0	0.0	0.0	0.0	0.0	0.0	0.0
spe	1390	1218	3074.65	2879.54	2977.095	3224.77	2924.53	3061.15	2697.93	2961.35
spe	1218	1216	2879.54	2264.52	2572.03	3061.15	2697.93	2522.36	2006.68	2533.915
los	1216	1215	2264.52	1572.11	1918.315	2522.36	2006.68	1879.68	1264.54	1893.45
hgt	1289	GCA.002345475.1.Bacteria.Firmicutes.H	2319.605	0.0	1159.8025	2515.76	2123.45	0.0	0.0	1257.88
hgt	1476	1454	2783.015	2214.935	2498.975	2979.26	2586.77	2430.94	1998.93	2489.095
los	None	dead	0.0	0.0	0.0	0.0	0.0	0.0	0.0	0.0
spe	1476	1454	2783.015	2214.935	2498.975	2979.26	2586.77	2430.94	1998.93	2489.095
spe	1454	1446	2214.935	1960.08	2087.5075	2430.94	1998.93	2176.15	1744.01	2087.475
los	1446	1440	1960.08	1813.195	1886.6375	2176.15	1744.01	2028.77	1597.62	1886.885
spe	1446	1445	1960.08	1742.485	1851.2825	2176.15	1744.01	1965.0	1519.97	1848.06
los	1445	GCA.003130875.1.Bacteria.Chloroflexota	1742.485	0.0	871.2425	1965.0	1519.97	0.0	0.0	982.5
spe	1445	1444	1742.485	1539.09	1640.7875	1965.0	1519.97	1770.71	1307.47	1636.235
los	1444	GCA.002366755.1.Bacteria.Chloroflexota	1539.09	0.0	769.545	1770.71	1307.47	0.0	0.0	885.355
spe	1454	1453	2214.935	2115.485	2165.21	2430.94	1998.93	2342.31	1888.66	2159.8
spe	1453	1449	2115.485	1891.395	2003.44	2342.31	1888.66	2134.97	1647.82	1995.065
hgt	1437	GCF.900066015.1.Bacteria.Chloroflexota	1218.17	0.0	609.085	1425.69	1010.65	0.0	0.0	712.845
los	1449	GCA.002366595.1.Bacteria.Chloroflexota	1891.395	0.0	945.6975	2134.97	1647.82	0.0	0.0	1067.485
spe	1453	1452	2115.485	1623.74	1869.6125	2342.31	1888.66	1926.13	1321.35	1831.83
hgt	899	898	3077.265	3008.34	3042.8025	3217.17	2937.36	3157.32	2859.36	3038.265
hgt	175	174	3094.86	2978.795	3036.8275	3202.25	2987.47	3092.22	2865.37	3033.81
hgt	None	dead	0.0	0.0	0.0	0.0	0.0	0.0	0.0	0.0
hgt	1381	1351	1697.085	1602.01	1649.5475	1866.73	1527.44	1773.61	1430.41	1648.57
los	None	dead	0.0	0.0	0.0	0.0	0.0	0.0	0.0	0.0
spe	1381	1351	1697.085	1602.01	1649.5475	1866.73	1527.44	1773.61	1430.41	1648.57
spe	1351	1350	1602.01	1409.0	1505.505	1773.61	1430.41	1596.52	1221.48	1497.545
los	1350	GCF.000942395.1.Bacteria.Firmicutes	1409.0	0.0	704.5	1596.52	1221.48	0.0	0.0	798.26
spe	1351	1347	1602.01	1294.365	1448.1875	1773.61	1430.41	1476.68	1112.05	1442.83
hgt	1068	GCA.002428295.1.Bacteria.Caldisericota	1804.715	0.0	902.3575	2116.99	1492.44	0.0	0.0	1058.495
hgt	1379	1355	1514.47	1273.085	1393.7775	1680.25	1348.69	1444.33	1101.84	1391.045
spe	1379	1355	1514.47	1273.085	1393.7775	1680.25	1348.69	1444.33	1101.84	1391.045
hgt	1322	GCA.000961765.1.Bacteria.Firmicutes.B	1700.81	0.0	850.405	1909.29	1492.33	0.0	0.0	954.645
hgt	1317	GCA.002398485.1.Bacteria.Firmicutes.B	1219.28	0.0	609.64	1424.03	1014.53	0.0	0.0	712.015
spe	1390	1389	3074.65	2995.16	3034.905	3224.77	2924.53	3145.66	2844.66	3034.715
spe	1389	1388	2995.16	2841.585	2918.3725	3145.66	2844.66	2996.83	2686.34	2916.0
los	1388	1387	2841.585	2774.13	2807.8575	2996.83	2686.34	2929.52	2618.74	2807.785
spe	1388	1274	2841.585	2600.015	2720.8	2996.83	2686.34	2770.93	2429.1	2712.965
los	1274	1240	2600.015	2224.995	2412.505	2770.93	2429.1	2447.68	2002.31	2386.62
spe	1274	1273	2600.015	2372.06	2486.0375	2770.93	2429.1	2551.07	2193.05	2481.99
los	1273	GCF.000166335.1.Bacteria.Firmicutes.A	2372.06	0.0	1186.03	2551.07	2193.05	0.0	0.0	1275.535
spe	1273	1272	2372.06	2201.415	2286.7375	2551.07	2193.05	2383.76	2019.07	2285.07
los	1272	1246	2201.415	1853.53	2027.4725	2383.76	2019.07	2061.12	1645.94	2014.85
spe	1272	1271	2201.415	1904.435	2052.925	2383.76	2019.07	2085.31	1723.56	2053.66
spe	1271	1270	1904.435	1709.88	1807.1575	2085.31	1723.56	1894.58	1525.18	1805.245
los	1270	1264	1709.88	1401.22	1555.55	1894.58	1525.18	1594.09	1208.35	1551.465
spe	1270	1269	1709.88	1538.365	1624.1225	1894.58	1525.18	1724.93	1351.8	1623.19
los	1269	1268	1538.365	1301.03	1419.6975	1724.93	1351.8	1501.89	1100.17	1412.55
spe	1271	1259	1904.435	1830.34	1867.3875	2085.31	1723.56	2010.68	1650.0	1867.655
los	1259	1258	1830.34	1568.675	1699.5075	2010.68	1650.0	1758.42	1378.93	1694.805
spe	1259	1253	1830.34	1684.93	1757.635	2010.68	1650.0	1873.49	1496.37	1753.525
los	1253	GCF.900142265.1.Bacteria.Firmicutes.A	1684.93	0.0	842.465	1873.49	1496.37	0.0	0.0	936.745
spe	1253	1252	1684.93	1492.085	1588.5075	1873.49	1496.37	1682.67	1301.5	1587.495
spe	1252	1251	1492.085	1313.25	1402.6675	1682.67	1301.5	1519.57	1106.93	1394.8
los	1251	GCA.002478485.1.Bacteria.Firmicutes.A	1313.25	0.0	656.625	1519.57	1106.93	0.0	0.0	759.785
hgt	1315	GCF.002224645.1.Bacteria.Firmicutes.B	1023.5775	0.0	511.78875	1225.27	821.885	0.0	0.0	612.635
hgt	1269	GCF.002252565.1.Bacteria.Firmicutes.A	1538.365	0.0	769.1825	1724.93	1351.8	0.0	0.0	862.465
spe	1389	1237	2995.16	2548.64	2771.9	3145.66	2844.66	2742.96	2354.32	2749.99
spe	1237	1221	2548.64	2065.095	2306.8675	2742.96	2354.32	2339.28	1790.91	2266.935
los	1221	GCA.002375895.1.Bacteria.Firmicutes.E	2065.095	0.0	1032.5475	2339.28	1790.91	0.0	0.0	1169.64
hgt	None	dead	0.0	0.0	0.0	0.0	0.0	0.0	0.0	0.0
los	1237	1236	2548.64	2380.34	2464.49	2742.96	2354.32	2593.02	2167.66	2455.31
hgt	1216	GCF.000020005.1.Bacteria.Firmicutes.D	2264.52	0.0	1132.26	2522.36	2006.68	0.0	0.0	1261.18
los	None	dead	0.0	0.0	0.0	0.0	0.0	0.0	0.0	0.0
spe	175	174	3094.86	2978.795	3036.8275	3202.25	2987.47	3092.22	2865.37	3033.81
spe	174	173	2978.795	2879.565	2929.18	3092.22	2865.37	3003.72	2755.41	2923.815
spe	173	151	2879.565	2655.89	2767.7275	3003.72	2755.41	2813.75	2498.03	2750.875
spe	151	150	2655.89	1958.415	2307.1525	2813.75	2498.03	2236.46	1680.37	2247.06
los	150	GCA.003144275.1.Archaea.Asgardarchaeota	1958.415	0.0	979.2075	2236.46	1680.37	0.0	0.0	1118.23
spe	151	147	2655.89	2129.97	2392.93	2813.75	2498.03	2400.45	1859.49	2336.62
hgt	1273	GCF.000166335.1.Bacteria.Firmicutes.A	2372.06	0.0	1186.03	2551.07	2193.05	0.0	0.0	1275.535
los	147	GCA.001940755.1.Archaea.Asgardarchaeota	2129.97	0.0	1064.985	2400.45	1859.49	0.0	0.0	1200.225
hgt	89	88	2018.03	1850.095	1934.0625	2233.95	1802.11	2065.66	1634.53	1934.24
los	173	172	2879.565	1667.17	2273.3675	3003.72	2755.41	1801.03	1533.31	2268.515
spe	89	88	2018.03	1850.095	1934.0625	2233.95	1802.11	2065.66	1634.53	1934.24
hgt	31	GCA.001723855.1.Archaea.Altiarchaeota	2674.29	0.0	1337.145	2966.44	2382.14	0.0	0.0	1483.22
hgt	42	GCA.003230355.1.Archaea.Hydrothermarchaeota	2648.12	0.0	1324.06	2950.53	2345.71	0.0	0.0	1475.265
hgt	1090	1088	2959.12	1684.665	2321.8925	3202.49	2715.75	1970.35	1398.98	2300.735
spe	88	80	1850.095	1577.665	1713.88	2065.66	1634.53	1816.4	1338.93	1702.295
los	80	GCA.003158275.1.Archaea.Halobacteriota	1577.665	0.0	788.8325	1816.4	1338.93	0.0	0.0	908.2
spe	1090	1088	2959.12	1684.665	2321.8925	3202.49	2715.75	1970.35	1398.98	2300.735
spe	1088	1087	1684.665	1326.12	1505.3925	1970.35	1398.98	1606.52	1045.72	1508.035
los	1087	GCA.001778455.1.Bacteria.Bipolaricaulota	1326.12	0.0	663.06	1606.52	1045.72	0.0	0.0	803.26
dup	31	GCA.001723855.1.Archaea.Altiarchaeota	2674.29	0.0	1337.145	2966.44	2382.14	0.0	0.0	1483.22
spe	88	87	1850.095	1733.555	1791.825	2065.66	1634.53	1951.94	1515.17	1790.415
hgt	107	GCA.001717025.1.Archaea.Thermoproteota	1874.74	0.0	937.37	2176.29	1573.19	0.0	0.0	1088.145
hgt	143	GCA.001940655.1.Archaea.Asgardarchaeota	2506.355	0.0	1253.1775	2769.4	2243.31	0.0	0.0	1384.7
hgt	121	GCA.001775995.1.Archaea.Thermoproteota	1743.665	0.0	871.8325	2016.22	1471.11	0.0	0.0	1008.11
los	87	GCA.002256595.1.Archaea.Halobacteriota	1733.555	0.0	866.7775	1951.94	1515.17	0.0	0.0	975.97
spe	87	86	1733.555	1547.845	1640.7	1951.94	1515.17	1766.34	1329.35	1640.645
los	86	GCA.001412335.1.Archaea.Halobacteriota	1547.845	0.0	773.9225	1766.34	1329.35	0.0	0.0	883.17
spe	86	84	1547.845	1360.205	1454.025	1766.34	1329.35	1583.15	1137.26	1451.8
hgt	65	GCA.001800745.1.Archaea.Thermoplasmatota	1417.775	0.0	708.8875	1651.47	1184.08	0.0	0.0	825.735
hgt	1016	GCA.002414865.1.Bacteria.Fermentibacterota	2392.195	0.0	1196.0975	2657.9	2126.49	0.0	0.0	1328.95
hgt	87	GCA.002256595.1.Archaea.Halobacteriota	1733.555	0.0	866.7775	1951.94	1515.17	0.0	0.0	975.97
hgt	1411	GCA.002717805.1.Bacteria.Chloroflexota	1632.645	0.0	816.3225	1874.09	1391.2	0.0	0.0	937.045
hgt	1426	GCF.001953175.1.Bacteria.Chloroflexota	2247.125	0.0	1123.5625	2482.54	2011.71	0.0	0.0	1241.27
hgt	1136	GCA.003157385.1.Bacteria.Actinobacteriota	2376.455	0.0	1188.2275	2654.7	2098.21	0.0	0.0	1327.35
hgt	None	dead	0.0	0.0	0.0	0.0	0.0	0.0	0.0	0.0
hgt	1258	GCA.003527145.1.Bacteria.Firmicutes.A	1568.675	0.0	784.3375	1758.42	1378.93	0.0	0.0	879.21
los	None	dead	0.0	0.0	0.0	0.0	0.0	0.0	0.0	0.0
spe	899	898	3077.265	3008.34	3042.8025	3217.17	2937.36	3157.32	2859.36	3038.265
spe	898	897	3008.34	2922.2	2965.27	3157.32	2859.36	3075.7	2768.7	2963.01
hgt	None	dead	0.0	0.0	0.0	0.0	0.0	0.0	0.0	0.0
los	897	889	2922.2	2701.575	2811.8875	3075.7	2768.7	2862.5	2540.65	2808.175
hgt	1470	GCF.000025005.1.Bacteria.Chloroflexota	2147.93	0.0	1073.965	2388.86	1907.0	0.0	0.0	1194.43
los	None	dead	0.0	0.0	0.0	0.0	0.0	0.0	0.0	0.0
spe	897	896	2922.2	2689.39	2805.795	3075.7	2768.7	2894.07	2484.71	2780.205
spe	896	892	2689.39	2160.3	2424.845	2894.07	2484.71	2442.6	1878.0	2386.035
los	892	GCA.001873295.1.Bacteria.CG2.30.70.394	2160.3	0.0	1080.15	2442.6	1878.0	0.0	0.0	1221.3
hgt	None	dead	0.0	0.0	0.0	0.0	0.0	0.0	0.0	0.0
dup	None	dead	0.0	0.0	0.0	0.0	0.0	0.0	0.0	0.0
hgt	510	492	1517.685	1247.39	1382.5375	1658.83	1376.54	1403.42	1091.36	1375.095
los	None	dead	0.0	0.0	0.0	0.0	0.0	0.0	0.0	0.0
spe	510	492	1517.685	1247.39	1382.5375	1658.83	1376.54	1403.42	1091.36	1375.095
hgt	489	GCA.002348365.1.Bacteria.Proteobacteria	1225.83	0.0	612.915	1388.27	1063.39	0.0	0.0	694.135
dup	None	dead	0.0	0.0	0.0	0.0	0.0	0.0	0.0	0.0
dup	None	dead	0.0	0.0	0.0	0.0	0.0	0.0	0.0	0.0
hgt	515	514	2002.575	1851.4	1926.9875	2145.74	1859.41	1991.92	1710.88	1928.31
los	None	dead	0.0	0.0	0.0	0.0	0.0	0.0	0.0	0.0
spe	515	514	2002.575	1851.4	1926.9875	2145.74	1859.41	1991.92	1710.88	1928.31
spe	514	513	1851.4	1786.09	1818.745	1991.92	1710.88	1924.53	1647.65	1819.785
spe	513	512	1786.09	1671.055	1728.5725	1924.53	1647.65	1813.33	1528.78	1726.655
los	512	486	1671.055	1393.215	1532.135	1813.33	1528.78	1554.79	1231.64	1522.485
spe	512	511	1671.055	1589.625	1630.34	1813.33	1528.78	1731.04	1448.21	1630.77
los	511	489	1589.625	1225.83	1407.7275	1731.04	1448.21	1388.27	1063.39	1397.215
spe	511	510	1589.625	1517.685	1553.655	1731.04	1448.21	1658.83	1376.54	1553.79
los	510	492	1517.685	1247.39	1382.5375	1658.83	1376.54	1403.42	1091.36	1375.095
spe	510	509	1517.685	1417.44	1467.5625	1658.83	1376.54	1560.37	1274.51	1466.67
spe	509	495	1417.44	1152.21	1284.825	1560.37	1274.51	1304.12	1000.3	1280.335
los	495	GCF.003173035.1.Bacteria.Proteobacteria	1152.21	0.0	576.105	1304.12	1000.3	0.0	0.0	652.06
spe	509	508	1417.44	1290.24	1353.84	1560.37	1274.51	1437.86	1142.62	1351.495
hgt	552	GCF.001614315.2.Bacteria.Proteobacteria	1397.305	0.0	698.6525	1566.02	1228.59	0.0	0.0	783.01
los	508	498	1290.24	1143.1505	1216.69525	1437.86	1142.62	1299.85	986.451	1212.1555
spe	508	507	1290.24	1064.673	1177.4565	1437.86	1142.62	1214.52	914.826	1176.343
los	507	503	1064.673	930.456	997.5645	1214.52	914.826	1085.53	775.382	994.951
spe	507	506	1064.673	1020.1165	1042.39475	1214.52	914.826	1171.97	868.263	1041.3915
los	506	GCA.002480495.1.Bacteria.Proteobacteria	1020.1165	0.0	510.05825	1171.97	868.263	0.0	0.0	585.985
spe	513	483	1786.09	1736.705	1761.3975	1924.53	1647.65	1875.69	1597.72	1761.125
spe	483	482	1736.705	1642.38	1689.5425	1875.69	1597.72	1782.01	1502.75	1689.22
los	482	481	1642.38	1564.755	1603.5675	1782.01	1502.75	1703.88	1425.63	1603.82
spe	482	458	1642.38	1513.53	1577.955	1782.01	1502.75	1663.43	1363.63	1572.82
los	458	GCA.002340345.1.Bacteria.Proteobacteria	1513.53	0.0	756.765	1663.43	1363.63	0.0	0.0	831.715
spe	458	456	1513.53	1329.135	1421.3325	1663.43	1363.63	1490.23	1168.04	1415.735
los	456	455	1329.135	974.476	1151.8055	1490.23	1168.04	1138.43	810.522	1150.376
spe	483	447	1736.705	1590.07	1663.3875	1875.69	1597.72	1734.74	1445.4	1660.545
los	447	439	1590.07	1430.985	1510.5275	1734.74	1445.4	1588.14	1273.83	1504.285
spe	447	446	1590.07	1389.555	1489.8125	1734.74	1445.4	1543.03	1236.08	1485.41
spe	446	445	1389.555	1267.47	1328.5125	1543.03	1236.08	1430.96	1103.98	1323.505
los	445	444	1267.47	1089.937	1178.7035	1430.96	1103.98	1263.85	916.024	1173.492
spe	514	436	1851.4	1731.205	1791.3025	1991.92	1710.88	1880.65	1581.76	1786.84
spe	436	435	1731.205	1539.415	1635.31	1880.65	1581.76	1697.37	1381.46	1631.055
hgt	444	GCA.002686135.1.Bacteria.Proteobacteria	1089.937	0.0	544.9685	1263.85	916.024	0.0	0.0	631.925
hgt	453	GCA.003280605.1.Bacteria.Proteobacteria	720.6325	0.0	360.31625	876.145	565.12	0.0	0.0	438.0725
hgt	542	GCA.002631715.1.Bacteria.Proteobacteria	1750.015	0.0	875.0075	1929.85	1570.18	0.0	0.0	964.925
hgt	None	dead	0.0	0.0	0.0	0.0	0.0	0.0	0.0	0.0
spe	435	434	1539.415	1329.5	1434.4575	1697.37	1381.46	1502.98	1156.02	1426.695
hgt	796	GCA.002238415.1.Bacteria.Desulfobacterota.B	1757.055	0.0	878.5275	1958.83	1555.28	0.0	0.0	979.415
hgt	581	GCA.002868855.1.Bacteria.Proteobacteria	1247.6	0.0	623.8	1410.64	1084.56	0.0	0.0	705.32
hgt	560	GCA.001735895.1.Bacteria.Proteobacteria	1588.3	0.0	794.15	1745.96	1430.64	0.0	0.0	872.98
hgt	453	GCA.002457765.1.Bacteria.Proteobacteria	720.6325	0.0	360.31625	876.145	565.12	0.0	0.0	438.0725
hgt	551	GCA.002746645.1.Bacteria.Proteobacteria	1101.556	0.0	550.778	1279.17	923.942	0.0	0.0	639.585
hgt	463	462	1313.945	1065.146	1189.5455	1461.65	1166.24	1220.68	909.612	1185.631
los	None	dead	0.0	0.0	0.0	0.0	0.0	0.0	0.0	0.0
spe	463	462	1313.945	1065.146	1189.5455	1461.65	1166.24	1220.68	909.612	1185.631
hgt	436	GCA.002722885.1.Bacteria.Proteobacteria	1731.205	0.0	865.6025	1880.65	1581.76	0.0	0.0	940.325
hgt	498	GCA.002731375.1.Bacteria.Proteobacteria	1143.1505	0.0	571.57525	1299.85	986.451	0.0	0.0	649.925
hgt	415	GCA.002717245.1.Bacteria.Proteobacteria	1271.57	0.0	635.785	1452.56	1090.58	0.0	0.0	726.28
los	436	GCA.002722885.1.Bacteria.Proteobacteria	1731.205	0.0	865.6025	1880.65	1581.76	0.0	0.0	940.325
hgt	603	602	1669.485	1587.075	1628.28	1811.47	1527.5	1728.53	1445.62	1628.545
los	None	dead	0.0	0.0	0.0	0.0	0.0	0.0	0.0	0.0
spe	603	602	1669.485	1587.075	1628.28	1811.47	1527.5	1728.53	1445.62	1628.545
spe	602	592	1587.075	1273.13	1430.1025	1728.53	1445.62	1434.77	1111.49	1420.01
los	592	GCF.001720165.1.Bacteria.Proteobacteria	1273.13	0.0	636.565	1434.77	1111.49	0.0	0.0	717.385
spe	602	601	1587.075	1425.555	1506.315	1728.53	1445.62	1571.06	1280.05	1504.29
los	601	595	1425.555	1214.005	1319.78	1571.06	1280.05	1372.8	1055.21	1313.135
spe	601	600	1425.555	1212.31	1318.9325	1571.06	1280.05	1364.67	1059.95	1315.505
los	600	598	1212.31	904.2135	1058.26175	1364.67	1059.95	1071.01	737.417	1051.0435
dup	None	dead	0.0	0.0	0.0	0.0	0.0	0.0	0.0	0.0
hgt	439	GCA.002723345.1.Bacteria.Proteobacteria	1430.985	0.0	715.4925	1588.14	1273.83	0.0	0.0	794.07
los	None	dead	0.0	0.0	0.0	0.0	0.0	0.0	0.0	0.0
hgt	558	GCA.002386945.1.Bacteria.Proteobacteria	1422.015	0.0	711.0075	1589.43	1254.6	0.0	0.0	794.715
los	None	dead	0.0	0.0	0.0	0.0	0.0	0.0	0.0	0.0
hgt	None	dead	0.0	0.0	0.0	0.0	0.0	0.0	0.0	0.0
hgt	866	GCA.002877985.1.Bacteria.Desulfobacterota	1421.715	0.0	710.8575	1644.35	1199.08	0.0	0.0	822.175
los	None	dead	0.0	0.0	0.0	0.0	0.0	0.0	0.0	0.0
hgt	None	dead	0.0	0.0	0.0	0.0	0.0	0.0	0.0	0.0
los	896	895	2689.39	2233.715	2461.5525	2894.07	2484.71	2507.56	1959.87	2426.97
hgt	737	736	2168.56	1883.24	2025.9	2402.13	1934.99	2143.89	1622.59	2012.36
los	None	dead	0.0	0.0	0.0	0.0	0.0	0.0	0.0	0.0
spe	737	736	2168.56	1883.24	2025.9	2402.13	1934.99	2143.89	1622.59	2012.36
hgt	737	733	2168.56	1662.33	1915.445	2402.13	1934.99	1919.68	1404.98	1903.555
spe	737	733	2168.56	1662.33	1915.445	2402.13	1934.99	1919.68	1404.98	1903.555
spe	733	732	1662.33	1418.365	1540.3475	1919.68	1404.98	1679.42	1157.31	1538.495
los	732	GCA.002011735.1.Bacteria.Nitrospirota	1418.365	0.0	709.1825	1679.42	1157.31	0.0	0.0	839.71
hgt	None	dead	0.0	0.0	0.0	0.0	0.0	0.0	0.0	0.0
hgt	198	GCA.002478245.1.Bacteria.UBP18	2444.64	0.0	1222.32	2741.2	2148.08	0.0	0.0	1370.6
los	None	dead	0.0	0.0	0.0	0.0	0.0	0.0	0.0	0.0
hgt	None	dead	0.0	0.0	0.0	0.0	0.0	0.0	0.0	0.0
hgt	124	123	2515.505	2385.055	2450.28	2722.55	2308.46	2599.87	2170.24	2446.395
los	None	dead	0.0	0.0	0.0	0.0	0.0	0.0	0.0	0.0
spe	124	123	2515.505	2385.055	2450.28	2722.55	2308.46	2599.87	2170.24	2446.395
spe	123	122	2385.055	2203.735	2294.395	2599.87	2170.24	2434.44	1973.03	2286.45
spe	122	121	2203.735	1743.665	1973.7	2434.44	1973.03	2016.22	1471.11	1952.775
los	121	GCA.001775995.1.Archaea.Thermoproteota	1743.665	0.0	871.8325	2016.22	1471.11	0.0	0.0	1008.11
spe	122	118	2203.735	1963.41	2083.5725	2434.44	1973.03	2228.25	1698.57	2066.505
spe	118	116	1963.41	1247.9685	1605.68925	2228.25	1698.57	1523.73	972.207	1600.2285
los	116	GCA.001593875.1.Archaea.Thermoproteota	1247.9685	0.0	623.98425	1523.73	972.207	0.0	0.0	761.865
hgt	38	GCA.001515205.2.Archaea.Hadarchaeota	2493.245	0.0	1246.6225	2769.67	2216.82	0.0	0.0	1384.835
spe	123	113	2385.055	2111.275	2248.165	2599.87	2170.24	2361.91	1860.64	2230.255
hgt	47	GCA.002494765.1.Archaea.Thermoplasmatota	1758.69	0.0	879.345	2012.02	1505.36	0.0	0.0	1006.01
los	113	GCA.002255025.1.Archaea.Thermoproteota	2111.275	0.0	1055.6375	2361.91	1860.64	0.0	0.0	1180.955
hgt	130	128	1916.685	930.467	1423.576	2187.49	1645.88	1201.25	659.684	1423.587
spe	130	128	1916.685	930.467	1423.576	2187.49	1645.88	1201.25	659.684	1423.587
hgt	None	dead	0.0	0.0	0.0	0.0	0.0	0.0	0.0	0.0
spe	898	756	3008.34	2635.78	2822.06	3157.32	2859.36	2841.14	2430.42	2793.87
hgt	603	602	1669.485	1587.075	1628.28	1811.47	1527.5	1728.53	1445.62	1628.545
hgt	873	871	1792.01	1532.675	1662.3425	1991.39	1592.63	1744.25	1321.1	1656.245
hgt	895	GCA.000739515.1.Bacteria.Moduliflexota	2233.715	0.0	1116.8575	2507.56	1959.87	0.0	0.0	1253.78
hgt	229	GCA.002791075.1.Bacteria.Ratteibacteria	2544.195	0.0	1272.0975	2758.56	2329.83	0.0	0.0	1379.28
hgt	834	GCA.001798605.1.Bacteria.Myxococcota	1863.715	0.0	931.8575	2045.73	1681.7	0.0	0.0	1022.865
hgt	1191	GCA.002408345.1.Bacteria.Firmicutes.G	2225.115	0.0	1112.5575	2540.46	1909.77	0.0	0.0	1270.23
spe	873	871	1792.01	1532.675	1662.3425	1991.39	1592.63	1744.25	1321.1	1656.245
hgt	849	GCA.001896555.1.Bacteria.Desulfobacterota	1938.415	0.0	969.2075	2174.57	1702.26	0.0	0.0	1087.285
hgt	376	GCA.002418835.1.Bacteria.Spirochaetota	2164.345	0.0	1082.1725	2427.34	1901.35	0.0	0.0	1213.67
hgt	1058	GCF.000233775.1.Bacteria.Synergistota	2648.915	0.0	1324.4575	2961.31	2336.52	0.0	0.0	1480.655
hgt	877	GCF.000620765.1.Bacteria.Desulfobacterota.I	1826.365	0.0	913.1825	2034.01	1618.72	0.0	0.0	1017.005
hgt	188	GCA.001787855.1.Bacteria.Riflebacteria	3280.19	0.0	1640.095	3542.63	3017.75	0.0	0.0	1771.315
hgt	400	GCA.002401295.1.Bacteria.SAR324	2394.165	0.0	1197.0825	2660.57	2127.76	0.0	0.0	1330.285
hgt	1215	GCA.003070825.1.Bacteria.Firmicutes.F	1572.11	0.0	786.055	1879.68	1264.54	0.0	0.0	939.84
hgt	941	GCA.003477045.1.Bacteria.Delongbacteria	2334.605	0.0	1167.3025	2549.68	2119.53	0.0	0.0	1274.84
hgt	395	GCA.002402635.1.Bacteria.Deferribacterota	1520.715	0.0	760.3575	1836.24	1205.19	0.0	0.0	918.12
hgt	383	GCA.001829315.1.Bacteria.Spirochaetota	1910.295	0.0	955.1475	2169.33	1651.26	0.0	0.0	1084.665
hgt	686	GCA.002451015.1.Bacteria.Acidobacteriota	1699.78	0.0	849.89	1911.59	1487.97	0.0	0.0	955.795
hgt	801	GCA.001797815.1.Bacteria.RBG.13.61.14	2073.125	0.0	1036.5625	2289.45	1856.8	0.0	0.0	1144.725
hgt	None	dead	0.0	0.0	0.0	0.0	0.0	0.0	0.0	0.0
hgt	791	GCA.002898795.1.Bacteria.Desulfobacterota.B	1320.57	0.0	660.285	1532.25	1108.89	0.0	0.0	766.125
los	None	dead	0.0	0.0	0.0	0.0	0.0	0.0	0.0	0.0
hgt	1116	GCA.002435745.1.Bacteria.UBP15	2382.81	0.0	1191.405	2709.7	2055.92	0.0	0.0	1354.85
hgt	849	GCF.000266945.1.Bacteria.Desulfobacterota	1938.415	0.0	969.2075	2174.57	1702.26	0.0	0.0	1087.285
hgt	397	GCF.000526155.1.Bacteria.Desulfobacterota	3012.355	0.0	1506.1775	3169.34	2855.37	0.0	0.0	1584.67
spe	603	602	1669.485	1587.075	1628.28	1811.47	1527.5	1728.53	1445.62	1628.545
spe	602	592	1587.075	1273.13	1430.1025	1728.53	1445.62	1434.77	1111.49	1420.01
los	592	GCF.000024725.1.Bacteria.Proteobacteria	1273.13	0.0	636.565	1434.77	1111.49	0.0	0.0	717.385
spe	602	601	1587.075	1425.555	1506.315	1728.53	1445.62	1571.06	1280.05	1504.29
los	601	600	1425.555	1212.31	1318.9325	1571.06	1280.05	1364.67	1059.95	1315.505
spe	601	595	1425.555	1214.005	1319.78	1571.06	1280.05	1372.8	1055.21	1313.135
hgt	857	GCA.002010915.1.Bacteria.Desulfobacterota	1980.505	0.0	990.2525	2203.95	1757.06	0.0	0.0	1101.975
hgt	668	GCA.001775755.1.Bacteria.Acidobacteriota	1575.265	0.0	787.6325	1852.06	1298.47	0.0	0.0	926.03
spe	756	754	2635.78	2364.085	2499.9325	2841.14	2430.42	2588.61	2139.56	2490.35
los	754	753	2364.085	2099.055	2231.57	2588.61	2139.56	2342.98	1855.13	2221.87
spe	754	746	2364.085	2036.715	2200.4	2588.61	2139.56	2336.38	1737.05	2162.83
hgt	895	GCA.002897695.1.Bacteria.BMS3Abin14	2233.715	0.0	1116.8575	2507.56	1959.87	0.0	0.0	1253.78
hgt	924	GCA.003221825.1.Bacteria.Gemmatimonadota	1862.1	0.0	931.05	2200.32	1523.88	0.0	0.0	1100.16
dup	None	dead	0.0	0.0	0.0	0.0	0.0	0.0	0.0	0.0
dup	None	dead	0.0	0.0	0.0	0.0	0.0	0.0	0.0	0.0
hgt	359	GCA.001302825.1.Bacteria.Planctomycetota	1876.535	0.0	938.2675	2114.78	1638.29	0.0	0.0	1057.39
los	None	dead	0.0	0.0	0.0	0.0	0.0	0.0	0.0	0.0
hgt	651	533	2255.845	2045.455	2150.65	2397.01	2114.68	2212.39	1878.52	2137.765
los	None	dead	0.0	0.0	0.0	0.0	0.0	0.0	0.0	0.0
spe	651	533	2255.845	2045.455	2150.65	2397.01	2114.68	2212.39	1878.52	2137.765
spe	533	532	2045.455	1641.495	1843.475	2212.39	1878.52	1864.28	1418.71	1815.55
los	532	GCA.002405475.1.Bacteria.Proteobacteria	1641.495	0.0	820.7475	1864.28	1418.71	0.0	0.0	932.14
spe	533	529	2045.455	1818.925	1932.19	2212.39	1878.52	2012.28	1625.57	1918.98
hgt	400	GCA.002707655.1.Bacteria.SAR324	2394.165	0.0	1197.0825	2660.57	2127.76	0.0	0.0	1330.285
los	529	GCA.002451085.1.Bacteria.Proteobacteria	1818.925	0.0	909.4625	2012.28	1625.57	0.0	0.0	1006.14
hgt	598	GCA.002292285.1.Bacteria.Proteobacteria	904.2135	0.0	452.10675	1071.01	737.417	0.0	0.0	535.505
dup	None	dead	0.0	0.0	0.0	0.0	0.0	0.0	0.0	0.0
hgt	1029	GCA.001777915.1.Bacteria.Edwardsbacteria	2083.06	0.0	1041.53	2346.25	1819.87	0.0	0.0	1173.125
los	None	dead	0.0	0.0	0.0	0.0	0.0	0.0	0.0	0.0
dup	None	dead	0.0	0.0	0.0	0.0	0.0	0.0	0.0	0.0
hgt	198	GCA.001871015.1.Bacteria.Desantisbacteria	2444.64	0.0	1222.32	2741.2	2148.08	0.0	0.0	1370.6
los	None	dead	0.0	0.0	0.0	0.0	0.0	0.0	0.0	0.0
dup	None	dead	0.0	0.0	0.0	0.0	0.0	0.0	0.0	0.0
hgt	241	GCA.002841695.1.Bacteria.Elusimicrobiota	1559.885	0.0	779.9425	1765.89	1353.88	0.0	0.0	882.945
los	None	dead	0.0	0.0	0.0	0.0	0.0	0.0	0.0	0.0
hgt	669	GCA.002335385.1.Bacteria.Acidobacteriota	1836.34	0.0	918.17	2118.45	1554.23	0.0	0.0	1059.225
los	None	dead	0.0	0.0	0.0	0.0	0.0	0.0	0.0	0.0
spe	1392	1188	3486.295	3139.205	3312.75	3621.84	3350.75	3310.24	2968.17	3295.005
los	1188	GCA.002779205.1.Bacteria.Actinobacteriota	3139.205	0.0	1569.6025	3310.24	2968.17	0.0	0.0	1655.12
spe	1188	1187	3139.205	3067.16	3103.1825	3310.24	2968.17	3235.87	2898.45	3104.345
los	1187	1133	3067.16	2467.96	2767.56	3235.87	2898.45	2738.86	2197.06	2716.465
spe	1187	1186	3067.16	2936.225	3001.6925	3235.87	2898.45	3121.91	2750.54	2993.205
spe	1186	1136	2936.225	2376.455	2656.34	3121.91	2750.54	2654.7	2098.21	2610.06
los	1136	GCA.003157385.1.Bacteria.Actinobacteriota	2376.455	0.0	1188.2275	2654.7	2098.21	0.0	0.0	1327.35
spe	1186	1185	2936.225	2773.915	2855.07	3121.91	2750.54	2967.18	2580.65	2851.28
los	1185	1169	2773.915	2396.405	2585.16	2967.18	2580.65	2605.17	2187.64	2577.41
spe	1185	1184	2773.915	2619.05	2696.4825	2967.18	2580.65	2826.1	2412.0	2689.59
spe	1184	1183	2619.05	2026.845	2322.9475	2826.1	2412.0	2306.44	1747.25	2286.675
los	1183	GCA.000434775.1.Bacteria.Actinobacteriota	2026.845	0.0	1013.4225	2306.44	1747.25	0.0	0.0	1153.22
spe	1184	1180	2619.05	2187.185	2403.1175	2826.1	2412.0	2433.9	1940.47	2383.285
los	1180	GCF.001029505.1.Bacteria.Actinobacteriota	2187.185	0.0	1093.5925	2433.9	1940.47	0.0	0.0	1216.95
spe	1180	1179	2187.185	1862.535	2024.86	2433.9	1940.47	2110.2	1614.87	2024.385
los	1179	1178	1862.535	1673.74	1768.1375	2110.2	1614.87	1926.76	1420.72	1765.46
spe	1179	1173	1862.535	1615.325	1738.93	2110.2	1614.87	1879.87	1350.78	1730.49
