event	left_node	right_node	left_date	right_date	midpoint_date	left_date_lower	left_date_upper	right_date_lower	right_date_upper	midpoint_date_all
spe	1094	1048	3721.555	3560.57	3641.0625	3846.33	3596.78	3688.87	3432.27	3639.3
hgt	None	dead	0.0	0.0	0.0	0.0	0.0	0.0	0.0	0.0
hgt	None	dead	0.0	0.0	0.0	0.0	0.0	0.0	0.0	0.0
spe	1048	1047	3560.57	3546.415	3553.4925	3688.87	3432.27	3674.52	3418.31	3553.59
spe	1047	365	3546.415	3289.67	3418.0425	3674.52	3418.31	3445.84	3133.5	3404.01
los	365	GCA.001730085.1.Bacteria.GCA.001730085	3289.67	0.0	1644.835	3445.84	3133.5	0.0	0.0	1722.92
spe	365	364	3289.67	3190.2	3239.935	3445.84	3133.5	3346.09	3034.31	3240.075
los	364	316	3190.2	2994.185	3092.1925	3346.09	3034.31	3168.47	2819.9	3082.995
spe	364	363	3190.2	2638.385	2914.2925	3346.09	3034.31	2836.23	2440.54	2893.315
los	363	321	2638.385	2458.77	2548.5775	2836.23	2440.54	2694.85	2222.69	2529.46
spe	363	362	2638.385	2473.985	2556.185	2836.23	2440.54	2673.81	2274.16	2555.195
hgt	None	dead	0.0	0.0	0.0	0.0	0.0	0.0	0.0	0.0
dup	None	dead	0.0	0.0	0.0	0.0	0.0	0.0	0.0	0.0
hgt	892	GCA.001873285.1.Bacteria.CG2.30.53.67	2160.3	0.0	1080.15	2442.6	1878.0	0.0	0.0	1221.3
los	None	dead	0.0	0.0	0.0	0.0	0.0	0.0	0.0	0.0
dup	None	dead	0.0	0.0	0.0	0.0	0.0	0.0	0.0	0.0
hgt	720	GCA.002347965.1.Bacteria.UBA2233	2336.65	0.0	1168.325	2619.25	2054.05	0.0	0.0	1309.625
los	None	dead	0.0	0.0	0.0	0.0	0.0	0.0	0.0	0.0
hgt	733	GCA.003235715.1.Bacteria.Nitrospirota	1662.33	0.0	831.165	1919.68	1404.98	0.0	0.0	959.84
los	None	dead	0.0	0.0	0.0	0.0	0.0	0.0	0.0	0.0
spe	362	342	2473.985	2271.435	2372.71	2673.81	2274.16	2476.91	2065.96	2369.885
spe	342	341	2271.435	2005.01	2138.2225	2476.91	2065.96	2220.55	1789.47	2133.19
los	341	GCA.003170085.1.Bacteria.Planctomycetota	2005.01	0.0	1002.505	2220.55	1789.47	0.0	0.0	1110.275
hgt	None	dead	0.0	0.0	0.0	0.0	0.0	0.0	0.0	0.0
spe	341	340	2005.01	1641.945	1823.4775	2220.55	1789.47	1853.74	1430.15	1825.35
los	340	339	1641.945	1498.51	1570.2275	1853.74	1430.15	1713.12	1283.9	1568.82
spe	340	334	1641.945	1433.42	1537.6825	1853.74	1430.15	1653.95	1212.89	1533.315
los	334	332	1433.42	1016.322	1224.871	1653.95	1212.89	1225.76	806.884	1230.417
hgt	1116	GCA.002898575.1.Bacteria.Armatimonadota	2382.81	0.0	1191.405	2709.7	2055.92	0.0	0.0	1354.85
los	None	dead	0.0	0.0	0.0	0.0	0.0	0.0	0.0	0.0
spe	342	328	2271.435	1842.83	2057.1325	2476.91	2065.96	2064.83	1620.83	2048.87
los	328	GCF.002277955.1.Bacteria.Planctomycetota	1842.83	0.0	921.415	2064.83	1620.83	0.0	0.0	1032.415
spe	328	327	1842.83	1542.255	1692.5425	2064.83	1620.83	1770.06	1314.45	1689.64
spe	327	326	1542.255	1215.9915	1379.12325	1770.06	1314.45	1444.02	987.963	1379.0115
hgt	None	dead	0.0	0.0	0.0	0.0	0.0	0.0	0.0	0.0
los	326	GCA.002404095.1.Bacteria.Planctomycetota	1215.9915	0.0	607.99575	1444.02	987.963	0.0	0.0	722.01
hgt	826	GCA.002747355.1.Bacteria.Myxococcota	1516.045	0.0	758.0225	1693.77	1338.32	0.0	0.0	846.885
los	None	dead	0.0	0.0	0.0	0.0	0.0	0.0	0.0	0.0
spe	362	361	2473.985	2351.985	2412.985	2673.81	2274.16	2554.98	2148.99	2411.4
los	361	360	2351.985	2098.525	2225.255	2554.98	2148.99	2317.15	1879.9	2217.44
spe	361	353	2351.985	2183.07	2267.5275	2554.98	2148.99	2393.32	1972.82	2263.9
hgt	None	dead	0.0	0.0	0.0	0.0	0.0	0.0	0.0	0.0
spe	353	352	2183.07	1776.1	1979.585	2393.32	1972.82	2008.33	1543.87	1968.595
los	352	350	1776.1	1516.925	1646.5125	2008.33	1543.87	1763.53	1270.32	1639.325
hgt	840	839	2199.32	2107.47	2153.395	2370.35	2028.29	2276.96	1937.98	2154.165
los	None	dead	0.0	0.0	0.0	0.0	0.0	0.0	0.0	0.0
hgt	None	dead	0.0	0.0	0.0	0.0	0.0	0.0	0.0	0.0
hgt	924	GCA.003221825.1.Bacteria.Gemmatimonadota	1862.1	0.0	931.05	2200.32	1523.88	0.0	0.0	1100.16
los	None	dead	0.0	0.0	0.0	0.0	0.0	0.0	0.0	0.0
spe	840	839	2199.32	2107.47	2153.395	2370.35	2028.29	2276.96	1937.98	2154.165
spe	839	829	2107.47	2062.825	2085.1475	2276.96	1937.98	2232.91	1892.74	2084.85
spe	829	817	2062.825	1903.64	1983.2325	2232.91	1892.74	2075.55	1731.73	1982.32
hgt	None	dead	0.0	0.0	0.0	0.0	0.0	0.0	0.0	0.0
los	817	816	1903.64	1355.92	1629.78	2075.55	1731.73	1564.17	1147.67	1611.61
hgt	188	GCA.001787855.1.Bacteria.Riflebacteria	3280.19	0.0	1640.095	3542.63	3017.75	0.0	0.0	1771.315
los	None	dead	0.0	0.0	0.0	0.0	0.0	0.0	0.0	0.0
spe	817	813	1903.64	1756.665	1830.1525	2075.55	1731.73	1929.08	1584.25	1829.9
spe	813	807	1756.665	1533.145	1644.905	1929.08	1584.25	1724.66	1341.63	1635.355
los	807	GCA.002841945.1.Bacteria.Myxococcota	1533.145	0.0	766.5725	1724.66	1341.63	0.0	0.0	862.33
spe	813	812	1756.665	1631.73	1694.1975	1929.08	1584.25	1817.22	1446.24	1687.66
los	812	GCA.002863065.1.Bacteria.Myxococcota	1631.73	0.0	815.865	1817.22	1446.24	0.0	0.0	908.61
hgt	None	dead	0.0	0.0	0.0	0.0	0.0	0.0	0.0	0.0
hgt	704	GCA.003133645.1.Bacteria.Acidobacteriota	1616.3	0.0	808.15	1839.91	1392.69	0.0	0.0	919.955
los	None	dead	0.0	0.0	0.0	0.0	0.0	0.0	0.0	0.0
spe	812	811	1631.73	1440.74	1536.235	1817.22	1446.24	1635.33	1246.15	1531.685
los	811	GCA.002726535.1.Bacteria.Myxococcota	1440.74	0.0	720.37	1635.33	1246.15	0.0	0.0	817.665
spe	829	828	2062.825	1800.295	1931.56	2232.91	1892.74	1975.41	1625.18	1929.045
los	828	GCA.002699025.1.Bacteria.Myxococcota	1800.295	0.0	900.1475	1975.41	1625.18	0.0	0.0	987.705
spe	828	827	1800.295	1682.675	1741.485	1975.41	1625.18	1859.1	1506.25	1740.83
spe	827	826	1682.675	1516.045	1599.36	1859.1	1506.25	1693.77	1338.32	1598.71
los	826	GCA.002747355.1.Bacteria.Myxococcota	1516.045	0.0	758.0225	1693.77	1338.32	0.0	0.0	846.885
spe	826	825	1516.045	1214.79	1365.4175	1693.77	1338.32	1405.39	1024.19	1358.98
los	825	GCA.002344285.1.Bacteria.Myxococcota	1214.79	0.0	607.395	1405.39	1024.19	0.0	0.0	702.695
spe	827	821	1682.675	1480.98	1581.8275	1859.1	1506.25	1673.3	1288.66	1573.88
los	821	GCA.002841825.1.Bacteria.Myxococcota	1480.98	0.0	740.49	1673.3	1288.66	0.0	0.0	836.65
spe	839	838	2107.47	1933.55	2020.51	2276.96	1937.98	2107.41	1759.69	2018.325
spe	838	834	1933.55	1863.715	1898.6325	2107.41	1759.69	2045.73	1681.7	1894.555
los	834	GCA.001798605.1.Bacteria.Myxococcota	1863.715	0.0	931.8575	2045.73	1681.7	0.0	0.0	1022.865
spe	834	832	1863.715	1622.625	1743.17	2045.73	1681.7	1826.38	1418.87	1732.3
los	832	GCA.002696345.1.Bacteria.Myxococcota	1622.625	0.0	811.3125	1826.38	1418.87	0.0	0.0	913.19
hgt	None	dead	0.0	0.0	0.0	0.0	0.0	0.0	0.0	0.0
los	838	837	1933.55	1633.315	1783.4325	2107.41	1759.69	1837.63	1429.0	1768.205
dup	None	dead	0.0	0.0	0.0	0.0	0.0	0.0	0.0	0.0
hgt	1021	GCA.002686915.1.Bacteria.ARS69	2221.035	0.0	1110.5175	2475.21	1966.86	0.0	0.0	1237.605
los	None	dead	0.0	0.0	0.0	0.0	0.0	0.0	0.0	0.0
dup	None	dead	0.0	0.0	0.0	0.0	0.0	0.0	0.0	0.0
hgt	940	GCA.002127415.1.Bacteria.AABM5.125.24	1909.055	0.0	954.5275	2165.97	1652.14	0.0	0.0	1082.985
los	None	dead	0.0	0.0	0.0	0.0	0.0	0.0	0.0	0.0
hgt	68	GCA.002495185.1.Archaea.Thermoplasmatota	1880.675	0.0	940.3375	2109.24	1652.11	0.0	0.0	1054.62
los	None	dead	0.0	0.0	0.0	0.0	0.0	0.0	0.0	0.0
hgt	None	dead	0.0	0.0	0.0	0.0	0.0	0.0	0.0	0.0
hgt	1020	GCA.001780165.1.Bacteria.Eisenbacteria	1634.295	0.0	817.1475	1925.35	1343.24	0.0	0.0	962.675
los	None	dead	0.0	0.0	0.0	0.0	0.0	0.0	0.0	0.0
hgt	None	dead	0.0	0.0	0.0	0.0	0.0	0.0	0.0	0.0
dup	None	dead	0.0	0.0	0.0	0.0	0.0	0.0	0.0	0.0
hgt	837	GCA.002309015.1.Bacteria.Myxococcota	1633.315	0.0	816.6575	1837.63	1429.0	0.0	0.0	918.815
los	None	dead	0.0	0.0	0.0	0.0	0.0	0.0	0.0	0.0
hgt	709	GCA.003223995.1.Bacteria.Acidobacteriota	1593.285	0.0	796.6425	1842.94	1343.63	0.0	0.0	921.47
los	None	dead	0.0	0.0	0.0	0.0	0.0	0.0	0.0	0.0
spe	353	347	2183.07	2010.41	2096.74	2393.32	1972.82	2237.44	1783.38	2088.35
spe	347	345	2010.41	1703.735	1857.0725	2237.44	1783.38	1950.33	1457.14	1847.29
hgt	None	dead	0.0	0.0	0.0	0.0	0.0	0.0	0.0	0.0
los	345	GCA.002748355.1.Bacteria.Planctomycetota	1703.735	0.0	851.8675	1950.33	1457.14	0.0	0.0	975.165
hgt	1041	GCA.002686955.1.Bacteria.Gemmatimonadota.A	2693.13	0.0	1346.565	2889.17	2497.09	0.0	0.0	1444.585
los	None	dead	0.0	0.0	0.0	0.0	0.0	0.0	0.0	0.0
hgt	None	dead	0.0	0.0	0.0	0.0	0.0	0.0	0.0	0.0
hgt	1004	GCA.001775395.1.Bacteria.Zixibacteria	1511.205	0.0	755.6025	1770.4	1252.01	0.0	0.0	885.2
los	None	dead	0.0	0.0	0.0	0.0	0.0	0.0	0.0	0.0
spe	1047	1046	3546.415	3486.69	3516.5525	3674.52	3418.31	3616.07	3357.31	3515.915
hgt	None	dead	0.0	0.0	0.0	0.0	0.0	0.0	0.0	0.0
hgt	895	GCA.000739515.1.Bacteria.Moduliflexota	2233.715	0.0	1116.8575	2507.56	1959.87	0.0	0.0	1253.78
los	None	dead	0.0	0.0	0.0	0.0	0.0	0.0	0.0	0.0
spe	1046	902	3486.69	3388.51	3437.6	3616.07	3357.31	3521.39	3255.63	3435.85
los	902	901	3388.51	3298.045	3343.2775	3521.39	3255.63	3429.86	3166.23	3343.81
hgt	None	dead	0.0	0.0	0.0	0.0	0.0	0.0	0.0	0.0
hgt	252	GCA.002780705.1.Bacteria.CG03	2384.095	0.0	1192.0475	2613.96	2154.23	0.0	0.0	1306.98
los	None	dead	0.0	0.0	0.0	0.0	0.0	0.0	0.0	0.0
spe	902	390	3388.51	3128.085	3258.2975	3521.39	3255.63	3305.45	2950.72	3236.055
los	390	389	3128.085	2749.555	2938.82	3305.45	2950.72	2964.67	2534.44	2919.945
spe	1046	1045	3486.69	3272.33	3379.51	3616.07	3357.31	3416.5	3128.16	3372.115
spe	1045	921	3272.33	3079.615	3175.9725	3416.5	3128.16	3259.73	2899.5	3158.0
los	921	920	3079.615	2993.31	3036.4625	3259.73	2899.5	3189.4	2797.22	3028.475
hgt	None	dead	0.0	0.0	0.0	0.0	0.0	0.0	0.0	0.0
hgt	185	GCA.001791795.1.Bacteria.Wallbacteria	3376.945	0.0	1688.4725	3617.79	3136.1	0.0	0.0	1808.895
los	None	dead	0.0	0.0	0.0	0.0	0.0	0.0	0.0	0.0
spe	921	905	3079.615	2019.13	2549.3725	3259.73	2899.5	2343.41	1694.85	2477.29
los	905	GCA.001577135.1.Bacteria.Cloacimonadota	2019.13	0.0	1009.565	2343.41	1694.85	0.0	0.0	1171.705
hgt	None	dead	0.0	0.0	0.0	0.0	0.0	0.0	0.0	0.0
hgt	1257	GCF.900104115.1.Bacteria.Firmicutes.A	1358.965	0.0	679.4825	1587.69	1130.24	0.0	0.0	793.845
los	None	dead	0.0	0.0	0.0	0.0	0.0	0.0	0.0	0.0
hgt	None	dead	0.0	0.0	0.0	0.0	0.0	0.0	0.0	0.0
los	1045	1044	3272.33	3049.955	3161.1425	3416.5	3128.16	3206.78	2893.13	3154.815
dup	None	dead	0.0	0.0	0.0	0.0	0.0	0.0	0.0	0.0
hgt	395	GCA.002402635.1.Bacteria.Deferribacterota	1520.715	0.0	760.3575	1836.24	1205.19	0.0	0.0	918.12
los	None	dead	0.0	0.0	0.0	0.0	0.0	0.0	0.0	0.0
hgt	981	GCA.003158365.1.Bacteria.Bacteroidota	1803.65	0.0	901.825	1990.88	1616.42	0.0	0.0	995.44
los	None	dead	0.0	0.0	0.0	0.0	0.0	0.0	0.0	0.0
hgt	None	dead	0.0	0.0	0.0	0.0	0.0	0.0	0.0	0.0
hgt	989	987	1956.7	1590.355	1773.5275	2168.09	1745.31	1826.96	1353.75	1760.92
los	None	dead	0.0	0.0	0.0	0.0	0.0	0.0	0.0	0.0
spe	989	987	1956.7	1590.355	1773.5275	2168.09	1745.31	1826.96	1353.75	1760.92
hgt	995	994	2248.605	2080.615	2164.61	2435.38	2061.83	2290.09	1871.14	2153.26
los	None	dead	0.0	0.0	0.0	0.0	0.0	0.0	0.0	0.0
spe	995	994	2248.605	2080.615	2164.61	2435.38	2061.83	2290.09	1871.14	2153.26
hgt	None	dead	0.0	0.0	0.0	0.0	0.0	0.0	0.0	0.0
hgt	248	GCA.001800245.1.Bacteria.Elusimicrobiota	1213.735	0.0	606.8675	1423.28	1004.19	0.0	0.0	711.64
los	None	dead	0.0	0.0	0.0	0.0	0.0	0.0	0.0	0.0
hgt	None	dead	0.0	0.0	0.0	0.0	0.0	0.0	0.0	0.0
hgt	275	GCA.001784175.1.Bacteria.Lindowbacteria	2878.805	0.0	1439.4025	3143.08	2614.53	0.0	0.0	1571.54
los	None	dead	0.0	0.0	0.0	0.0	0.0	0.0	0.0	0.0
spe	994	992	2080.615	1729.195	1904.905	2290.09	1871.14	1962.87	1495.52	1892.805
hgt	None	dead	0.0	0.0	0.0	0.0	0.0	0.0	0.0	0.0
los	992	GCA.002049825.1.Bacteria.Calditrichota	1729.195	0.0	864.5975	1962.87	1495.52	0.0	0.0	981.435
dup	None	dead	0.0	0.0	0.0	0.0	0.0	0.0	0.0	0.0
hgt	692	GCA.003140235.1.Bacteria.Acidobacteriota	1141.9465	0.0	570.97325	1341.08	942.813	0.0	0.0	670.54
los	None	dead	0.0	0.0	0.0	0.0	0.0	0.0	0.0	0.0
hgt	265	GCA.003290465.1.Bacteria.Sumerlaeota	1973.575	0.0	986.7875	2327.22	1619.93	0.0	0.0	1163.61
los	None	dead	0.0	0.0	0.0	0.0	0.0	0.0	0.0	0.0
hgt	None	dead	0.0	0.0	0.0	0.0	0.0	0.0	0.0	0.0
hgt	697	696	1651.7	1431.15	1541.425	1852.38	1451.02	1624.46	1237.84	1545.11
los	None	dead	0.0	0.0	0.0	0.0	0.0	0.0	0.0	0.0
spe	697	696	1651.7	1431.15	1541.425	1852.38	1451.02	1624.46	1237.84	1545.11
hgt	926	GCA.001780825.1.Bacteria.Gemmatimonadota	2372.335	0.0	1186.1675	2644.81	2099.86	0.0	0.0	1322.405
spe	696	695	1431.15	1321.86	1376.505	1624.46	1237.84	1513.66	1130.06	1377.26
los	695	GCA.003131705.1.Bacteria.Acidobacteriota	1321.86	0.0	660.93	1513.66	1130.06	0.0	0.0	756.83
spe	695	694	1321.86	1248.195	1285.0275	1513.66	1130.06	1437.94	1058.45	1286.055
spe	694	692	1248.195	1141.9465	1195.07075	1437.94	1058.45	1341.08	942.813	1190.3765
los	692	GCA.003140235.1.Bacteria.Acidobacteriota	1141.9465	0.0	570.97325	1341.08	942.813	0.0	0.0	670.54
hgt	None	dead	0.0	0.0	0.0	0.0	0.0	0.0	0.0	0.0
hgt	924	GCA.002348465.1.Bacteria.Gemmatimonadota	1862.1	0.0	931.05	2200.32	1523.88	0.0	0.0	1100.16
los	None	dead	0.0	0.0	0.0	0.0	0.0	0.0	0.0	0.0
hgt	None	dead	0.0	0.0	0.0	0.0	0.0	0.0	0.0	0.0
dup	None	dead	0.0	0.0	0.0	0.0	0.0	0.0	0.0	0.0
hgt	794	GCA.003161515.1.Bacteria.Desulfobacterota.B	1455.87	0.0	727.935	1673.56	1238.18	0.0	0.0	836.78
los	None	dead	0.0	0.0	0.0	0.0	0.0	0.0	0.0	0.0
hgt	697	GCA.003222815.1.Bacteria.Acidobacteriota	1651.7	0.0	825.85	1852.38	1451.02	0.0	0.0	926.19
los	None	dead	0.0	0.0	0.0	0.0	0.0	0.0	0.0	0.0
hgt	None	dead	0.0	0.0	0.0	0.0	0.0	0.0	0.0	0.0
hgt	796	GCA.002238415.1.Bacteria.Desulfobacterota.B	1757.055	0.0	878.5275	1958.83	1555.28	0.0	0.0	979.415
los	None	dead	0.0	0.0	0.0	0.0	0.0	0.0	0.0	0.0
hgt	None	dead	0.0	0.0	0.0	0.0	0.0	0.0	0.0	0.0
hgt	241	GCA.002841695.1.Bacteria.Elusimicrobiota	1559.885	0.0	779.9425	1765.89	1353.88	0.0	0.0	882.945
los	None	dead	0.0	0.0	0.0	0.0	0.0	0.0	0.0	0.0
hgt	None	dead	0.0	0.0	0.0	0.0	0.0	0.0	0.0	0.0
hgt	972	GCA.002779395.1.Bacteria.Bacteroidota	1310.3	0.0	655.15	1508.79	1111.81	0.0	0.0	754.395
los	None	dead	0.0	0.0	0.0	0.0	0.0	0.0	0.0	0.0
hgt	None	dead	0.0	0.0	0.0	0.0	0.0	0.0	0.0	0.0
hgt	914	GCA.002366725.1.Bacteria.WOR.3	2118.525	0.0	1059.2625	2416.47	1820.58	0.0	0.0	1208.235
los	None	dead	0.0	0.0	0.0	0.0	0.0	0.0	0.0	0.0
dup	None	dead	0.0	0.0	0.0	0.0	0.0	0.0	0.0	0.0
hgt	38	GCA.001515205.2.Archaea.Hadarchaeota	2493.245	0.0	1246.6225	2769.67	2216.82	0.0	0.0	1384.835
los	None	dead	0.0	0.0	0.0	0.0	0.0	0.0	0.0	0.0
hgt	116	GCA.001774245.1.Archaea.Thermoproteota	1247.9685	0.0	623.98425	1523.73	972.207	0.0	0.0	761.865
los	None	dead	0.0	0.0	0.0	0.0	0.0	0.0	0.0	0.0
spe	1048	278	3560.57	3428.485	3494.5275	3688.87	3432.27	3570.33	3286.64	3487.755
spe	278	277	3428.485	3180.01	3304.2475	3570.33	3286.64	3363.1	2996.92	3283.625
hgt	None	dead	0.0	0.0	0.0	0.0	0.0	0.0	0.0	0.0
hgt	284	GCA.003164675.1.Bacteria.Verrucomicrobiota	1761.175	0.0	880.5875	2009.73	1512.62	0.0	0.0	1004.865
los	None	dead	0.0	0.0	0.0	0.0	0.0	0.0	0.0	0.0
hgt	None	dead	0.0	0.0	0.0	0.0	0.0	0.0	0.0	0.0
hgt	1109	GCA.002898895.1.Bacteria.Armatimonadota	2159.355	0.0	1079.6775	2458.0	1860.71	0.0	0.0	1229.0
los	None	dead	0.0	0.0	0.0	0.0	0.0	0.0	0.0	0.0
hgt	None	dead	0.0	0.0	0.0	0.0	0.0	0.0	0.0	0.0
hgt	1438	1437	1347.94	1218.17	1283.055	1557.13	1138.75	1425.69	1010.65	1283.89
los	None	dead	0.0	0.0	0.0	0.0	0.0	0.0	0.0	0.0
spe	1438	1437	1347.94	1218.17	1283.055	1557.13	1138.75	1425.69	1010.65	1283.89
hgt	None	dead	0.0	0.0	0.0	0.0	0.0	0.0	0.0	0.0
hgt	None	dead	0.0	0.0	0.0	0.0	0.0	0.0	0.0	0.0
dup	None	dead	0.0	0.0	0.0	0.0	0.0	0.0	0.0	0.0
hgt	1449	GCA.002400365.1.Bacteria.Chloroflexota	1891.395	0.0	945.6975	2134.97	1647.82	0.0	0.0	1067.485
los	None	dead	0.0	0.0	0.0	0.0	0.0	0.0	0.0	0.0
hgt	1119	GCA.002779825.1.Bacteria.Armatimonadota	2017.9	0.0	1008.95	2337.68	1698.12	0.0	0.0	1168.84
los	None	dead	0.0	0.0	0.0	0.0	0.0	0.0	0.0	0.0
hgt	None	dead	0.0	0.0	0.0	0.0	0.0	0.0	0.0	0.0
hgt	1032	GCA.002727195.1.Bacteria.Latescibacterota	1723.11	0.0	861.555	1986.49	1459.73	0.0	0.0	993.245
los	None	dead	0.0	0.0	0.0	0.0	0.0	0.0	0.0	0.0
spe	277	276	3180.01	3119.885	3149.9475	3363.1	2996.92	3312.8	2926.97	3145.035
los	276	275	3119.885	2878.805	2999.345	3312.8	2926.97	3143.08	2614.53	2963.665
hgt	None	dead	0.0	0.0	0.0	0.0	0.0	0.0	0.0	0.0
spe	276	270	3119.885	2795.225	2957.555	3312.8	2926.97	3076.17	2514.28	2913.54
los	270	GCA.001567115.1.Bacteria.OLB16	2795.225	0.0	1397.6125	3076.17	2514.28	0.0	0.0	1538.085
hgt	None	dead	0.0	0.0	0.0	0.0	0.0	0.0	0.0	0.0
hgt	668	GCA.001775755.1.Bacteria.Acidobacteriota	1575.265	0.0	787.6325	1852.06	1298.47	0.0	0.0	926.03
los	None	dead	0.0	0.0	0.0	0.0	0.0	0.0	0.0	0.0
hgt	898	756	3008.34	2635.78	2822.06	3157.32	2859.36	2841.14	2430.42	2793.87
los	None	dead	0.0	0.0	0.0	0.0	0.0	0.0	0.0	0.0
spe	898	756	3008.34	2635.78	2822.06	3157.32	2859.36	2841.14	2430.42	2793.87
spe	756	754	2635.78	2364.085	2499.9325	2841.14	2430.42	2588.61	2139.56	2490.35
los	754	753	2364.085	2099.055	2231.57	2588.61	2139.56	2342.98	1855.13	2221.87
spe	754	746	2364.085	2036.715	2200.4	2588.61	2139.56	2336.38	1737.05	2162.83
los	746	GCA.002238965.1.Bacteria.UBA8248	2036.715	0.0	1018.3575	2336.38	1737.05	0.0	0.0	1168.19
hgt	1333	GCA.002423965.1.Bacteria.Firmicutes.D	2115.765	0.0	1057.8825	2320.01	1911.52	0.0	0.0	1160.005
los	None	dead	0.0	0.0	0.0	0.0	0.0	0.0	0.0	0.0
hgt	None	dead	0.0	0.0	0.0	0.0	0.0	0.0	0.0	0.0
hgt	1216	1215	2264.52	1572.11	1918.315	2522.36	2006.68	1879.68	1264.54	1893.45
los	None	dead	0.0	0.0	0.0	0.0	0.0	0.0	0.0	0.0
spe	1216	1215	2264.52	1572.11	1918.315	2522.36	2006.68	1879.68	1264.54	1893.45
hgt	None	dead	0.0	0.0	0.0	0.0	0.0	0.0	0.0	0.0
dup	None	dead	0.0	0.0	0.0	0.0	0.0	0.0	0.0	0.0
dup	None	dead	0.0	0.0	0.0	0.0	0.0	0.0	0.0	0.0
dup	None	dead	0.0	0.0	0.0	0.0	0.0	0.0	0.0	0.0
hgt	849	GCF.000266945.1.Bacteria.Desulfobacterota	1938.415	0.0	969.2075	2174.57	1702.26	0.0	0.0	1087.285
los	None	dead	0.0	0.0	0.0	0.0	0.0	0.0	0.0	0.0
hgt	None	dead	0.0	0.0	0.0	0.0	0.0	0.0	0.0	0.0
dup	None	dead	0.0	0.0	0.0	0.0	0.0	0.0	0.0	0.0
hgt	837	GCA.001768075.1.Bacteria.Myxococcota	1633.315	0.0	816.6575	1837.63	1429.0	0.0	0.0	918.815
los	None	dead	0.0	0.0	0.0	0.0	0.0	0.0	0.0	0.0
hgt	376	GCA.002418835.1.Bacteria.Spirochaetota	2164.345	0.0	1082.1725	2427.34	1901.35	0.0	0.0	1213.67
los	None	dead	0.0	0.0	0.0	0.0	0.0	0.0	0.0	0.0
hgt	1253	1252	1684.93	1492.085	1588.5075	1873.49	1496.37	1682.67	1301.5	1587.495
los	None	dead	0.0	0.0	0.0	0.0	0.0	0.0	0.0	0.0
spe	1253	1252	1684.93	1492.085	1588.5075	1873.49	1496.37	1682.67	1301.5	1587.495
hgt	None	dead	0.0	0.0	0.0	0.0	0.0	0.0	0.0	0.0
hgt	1319	GCF.900100785.1.Bacteria.Firmicutes.B	1933.46	0.0	966.73	2119.98	1746.94	0.0	0.0	1059.99
los	None	dead	0.0	0.0	0.0	0.0	0.0	0.0	0.0	0.0
spe	1252	1251	1492.085	1313.25	1402.6675	1682.67	1301.5	1519.57	1106.93	1394.8
hgt	None	dead	0.0	0.0	0.0	0.0	0.0	0.0	0.0	0.0
los	1251	GCA.002478485.1.Bacteria.Firmicutes.A	1313.25	0.0	656.625	1519.57	1106.93	0.0	0.0	759.785
hgt	1285	1281	1344.265	1116.4885	1230.37675	1565.83	1122.7	1331.85	901.127	1233.4785
los	None	dead	0.0	0.0	0.0	0.0	0.0	0.0	0.0	0.0
spe	1285	1281	1344.265	1116.4885	1230.37675	1565.83	1122.7	1331.85	901.127	1233.4785
spe	1281	1280	1116.4885	953.42	1034.95425	1331.85	901.127	1163.28	743.56	1037.705
hgt	None	dead	0.0	0.0	0.0	0.0	0.0	0.0	0.0	0.0
los	1280	GCF.000430605.1.Bacteria.Firmicutes.C	953.42	0.0	476.71	1163.28	743.56	0.0	0.0	581.64
hgt	1319	GCF.900100785.1.Bacteria.Firmicutes.B	1933.46	0.0	966.73	2119.98	1746.94	0.0	0.0	1059.99
los	None	dead	0.0	0.0	0.0	0.0	0.0	0.0	0.0	0.0
hgt	946	GCA.002347855.1.Bacteria.Marinisomatota	1709.46	0.0	854.73	1921.62	1497.3	0.0	0.0	960.81
los	None	dead	0.0	0.0	0.0	0.0	0.0	0.0	0.0	0.0
hgt	None	dead	0.0	0.0	0.0	0.0	0.0	0.0	0.0	0.0
dup	None	dead	0.0	0.0	0.0	0.0	0.0	0.0	0.0	0.0
dup	None	dead	0.0	0.0	0.0	0.0	0.0	0.0	0.0	0.0
hgt	1372	GCA.003245625.1.Bacteria.Firmicutes	492.294	0.0	246.147	587.844	396.744	0.0	0.0	293.922
los	None	dead	0.0	0.0	0.0	0.0	0.0	0.0	0.0	0.0
hgt	669	GCA.002335385.1.Bacteria.Acidobacteriota	1836.34	0.0	918.17	2118.45	1554.23	0.0	0.0	1059.225
los	None	dead	0.0	0.0	0.0	0.0	0.0	0.0	0.0	0.0
dup	None	dead	0.0	0.0	0.0	0.0	0.0	0.0	0.0	0.0
dup	None	dead	0.0	0.0	0.0	0.0	0.0	0.0	0.0	0.0
dup	None	dead	0.0	0.0	0.0	0.0	0.0	0.0	0.0	0.0
hgt	1350	GCF.001742305.1.Bacteria.Firmicutes	1409.0	0.0	704.5	1596.52	1221.48	0.0	0.0	798.26
los	None	dead	0.0	0.0	0.0	0.0	0.0	0.0	0.0	0.0
hgt	1263	GCA.002307275.1.Bacteria.Firmicutes.A	1142.5375	0.0	571.26875	1345.02	940.055	0.0	0.0	672.51
los	None	dead	0.0	0.0	0.0	0.0	0.0	0.0	0.0	0.0
dup	None	dead	0.0	0.0	0.0	0.0	0.0	0.0	0.0	0.0
hgt	1191	GCA.002399235.1.Bacteria.Firmicutes.G	2225.115	0.0	1112.5575	2540.46	1909.77	0.0	0.0	1270.23
los	None	dead	0.0	0.0	0.0	0.0	0.0	0.0	0.0	0.0
hgt	1297	GCA.002329495.1.Bacteria.Firmicutes.B	1985.275	0.0	992.6375	2195.62	1774.93	0.0	0.0	1097.81
los	None	dead	0.0	0.0	0.0	0.0	0.0	0.0	0.0	0.0
hgt	702	GCA.003152095.1.Bacteria.Acidobacteriota	1354.27	0.0	677.135	1586.23	1122.31	0.0	0.0	793.115
los	None	dead	0.0	0.0	0.0	0.0	0.0	0.0	0.0	0.0
hgt	None	dead	0.0	0.0	0.0	0.0	0.0	0.0	0.0	0.0
dup	None	dead	0.0	0.0	0.0	0.0	0.0	0.0	0.0	0.0
hgt	613	GCF.003097315.1.Bacteria.Proteobacteria	1345.44	0.0	672.72	1490.64	1200.24	0.0	0.0	745.32
los	None	dead	0.0	0.0	0.0	0.0	0.0	0.0	0.0	0.0
hgt	1355	GCF.004522215.1.Bacteria.Firmicutes	1273.085	0.0	636.5425	1444.33	1101.84	0.0	0.0	722.165
los	None	dead	0.0	0.0	0.0	0.0	0.0	0.0	0.0	0.0
hgt	48	47	1954.89	1758.69	1856.79	2176.6	1733.18	2012.02	1505.36	1840.98
los	None	dead	0.0	0.0	0.0	0.0	0.0	0.0	0.0	0.0
spe	48	47	1954.89	1758.69	1856.79	2176.6	1733.18	2012.02	1505.36	1840.98
spe	277	267	3180.01	2781.505	2980.7575	3363.1	2996.92	3054.3	2508.71	2935.905
los	267	265	2781.505	1973.575	2377.54	3054.3	2508.71	2327.22	1619.93	2337.115
hgt	None	dead	0.0	0.0	0.0	0.0	0.0	0.0	0.0	0.0
hgt	1319	GCF.900100785.1.Bacteria.Firmicutes.B	1933.46	0.0	966.73	2119.98	1746.94	0.0	0.0	1059.99
los	None	dead	0.0	0.0	0.0	0.0	0.0	0.0	0.0	0.0
hgt	None	dead	0.0	0.0	0.0	0.0	0.0	0.0	0.0	0.0
los	278	262	3428.485	3190.66	3309.5725	3570.33	3286.64	3356.76	3024.56	3297.445
hgt	1478	1477	3264.47	3024.12	3144.295	3427.31	3101.63	3199.0	2849.24	3138.275
los	None	dead	0.0	0.0	0.0	0.0	0.0	0.0	0.0	0.0
spe	1478	1477	3264.47	3024.12	3144.295	3427.31	3101.63	3199.0	2849.24	3138.275
hgt	None	dead	0.0	0.0	0.0	0.0	0.0	0.0	0.0	0.0
hgt	684	GCA.002483445.1.Bacteria.Acidobacteriota	1325.86	0.0	662.93	1548.2	1103.52	0.0	0.0	774.1
los	None	dead	0.0	0.0	0.0	0.0	0.0	0.0	0.0	0.0
hgt	None	dead	0.0	0.0	0.0	0.0	0.0	0.0	0.0	0.0
dup	None	dead	0.0	0.0	0.0	0.0	0.0	0.0	0.0	0.0
hgt	1438	GCA.002841995.1.Bacteria.Chloroflexota	1347.94	0.0	673.97	1557.13	1138.75	0.0	0.0	778.565
los	None	dead	0.0	0.0	0.0	0.0	0.0	0.0	0.0	0.0
hgt	220	GCA.003451585.1.Bacteria.Omnitrophota	1323.035	0.0	661.5175	1523.73	1122.34	0.0	0.0	761.865
los	None	dead	0.0	0.0	0.0	0.0	0.0	0.0	0.0	0.0
spe	1477	1431	3024.12	2678.945	2851.5325	3199.0	2849.24	2899.32	2458.57	2828.785
hgt	None	dead	0.0	0.0	0.0	0.0	0.0	0.0	0.0	0.0
hgt	709	GCA.003223145.1.Bacteria.Acidobacteriota	1593.285	0.0	796.6425	1842.94	1343.63	0.0	0.0	921.47
los	None	dead	0.0	0.0	0.0	0.0	0.0	0.0	0.0	0.0
spe	1431	1430	2678.945	2204.905	2441.925	2899.32	2458.57	2528.66	1881.15	2390.235
los	1430	GCA.001795235.1.Bacteria.Chloroflexota	2204.905	0.0	1102.4525	2528.66	1881.15	0.0	0.0	1264.33
hgt	None	dead	0.0	0.0	0.0	0.0	0.0	0.0	0.0	0.0
hgt	829	817	2062.825	1903.64	1983.2325	2232.91	1892.74	2075.55	1731.73	1982.32
los	None	dead	0.0	0.0	0.0	0.0	0.0	0.0	0.0	0.0
spe	829	817	2062.825	1903.64	1983.2325	2232.91	1892.74	2075.55	1731.73	1982.32
spe	817	816	1903.64	1355.92	1629.78	2075.55	1731.73	1564.17	1147.67	1611.61
hgt	None	dead	0.0	0.0	0.0	0.0	0.0	0.0	0.0	0.0
los	816	GCA.002724675.1.Bacteria.Myxococcota.A	1355.92	0.0	677.96	1564.17	1147.67	0.0	0.0	782.085
hgt	918	GCA.001412365.1.Bacteria.WOR.3	2521.105	0.0	1260.5525	2776.44	2265.77	0.0	0.0	1388.22
los	None	dead	0.0	0.0	0.0	0.0	0.0	0.0	0.0	0.0
spe	817	813	1903.64	1756.665	1830.1525	2075.55	1731.73	1929.08	1584.25	1829.9
los	813	812	1756.665	1631.73	1694.1975	1929.08	1584.25	1817.22	1446.24	1687.66
hgt	None	dead	0.0	0.0	0.0	0.0	0.0	0.0	0.0	0.0
spe	813	807	1756.665	1533.145	1644.905	1929.08	1584.25	1724.66	1341.63	1635.355
los	807	GCA.002789955.1.Bacteria.Myxococcota	1533.145	0.0	766.5725	1724.66	1341.63	0.0	0.0	862.33
hgt	1667	GCA.003503675.1.Bacteria.Cyanobacteria	2879.985	0.0	1439.9925	3035.21	2724.76	0.0	0.0	1517.605
los	None	dead	0.0	0.0	0.0	0.0	0.0	0.0	0.0	0.0
hgt	None	dead	0.0	0.0	0.0	0.0	0.0	0.0	0.0	0.0
spe	1431	1427	2678.945	2442.77	2560.8575	2899.32	2458.57	2663.44	2222.1	2560.71
hgt	None	dead	0.0	0.0	0.0	0.0	0.0	0.0	0.0	0.0
los	1427	1426	2442.77	2247.125	2344.9475	2663.44	2222.1	2482.54	2011.71	2337.575
hgt	1475	1463	2647.025	2401.705	2524.365	2858.49	2435.56	2637.86	2165.55	2512.02
los	None	dead	0.0	0.0	0.0	0.0	0.0	0.0	0.0	0.0
spe	1475	1463	2647.025	2401.705	2524.365	2858.49	2435.56	2637.86	2165.55	2512.02
spe	1463	1457	2401.705	1966.385	2184.045	2637.86	2165.55	2253.77	1679.0	2158.43
los	1457	GCF.003967555.1.Bacteria.Chloroflexota	1966.385	0.0	983.1925	2253.77	1679.0	0.0	0.0	1126.885
spe	1463	1462	2401.705	2298.115	2349.91	2637.86	2165.55	2545.29	2050.94	2344.4
spe	1462	1461	2298.115	1906.91	2102.5125	2545.29	2050.94	2201.28	1612.54	2078.915
los	1461	GCA.002413265.1.Bacteria.Chloroflexota	1906.91	0.0	953.455	2201.28	1612.54	0.0	0.0	1100.64
spe	1427	1413	2442.77	2151.5	2297.135	2663.44	2222.1	2387.23	1915.77	2289.605
spe	1413	1412	2151.5	1912.54	2032.02	2387.23	1915.77	2139.54	1685.54	2036.385
los	1412	1411	1912.54	1632.645	1772.5925	2139.54	1685.54	1874.09	1391.2	1765.37
spe	1412	1408	1912.54	1849.35	1880.945	2139.54	1685.54	2074.55	1624.15	1881.845
spe	1408	1402	1849.35	1732.845	1791.0975	2074.55	1624.15	1968.92	1496.77	1785.66
los	1402	GCA.003228115.1.Bacteria.Chloroflexota	1732.845	0.0	866.4225	1968.92	1496.77	0.0	0.0	984.46
spe	1408	1407	1849.35	1756.215	1802.7825	2074.55	1624.15	1988.03	1524.4	1799.475
los	1407	1406	1756.215	1650.16	1703.1875	1988.03	1524.4	1881.35	1418.97	1703.5
spe	1413	1399	2151.5	1824.235	1987.8675	2387.23	1915.77	2117.89	1530.58	1958.905
hgt	None	dead	0.0	0.0	0.0	0.0	0.0	0.0	0.0	0.0
hgt	1411	GCA.002717805.1.Bacteria.Chloroflexota	1632.645	0.0	816.3225	1874.09	1391.2	0.0	0.0	937.045
los	None	dead	0.0	0.0	0.0	0.0	0.0	0.0	0.0	0.0
dup	None	dead	0.0	0.0	0.0	0.0	0.0	0.0	0.0	0.0
hgt	1355	GCF.004522215.1.Bacteria.Firmicutes	1273.085	0.0	636.5425	1444.33	1101.84	0.0	0.0	722.165
los	None	dead	0.0	0.0	0.0	0.0	0.0	0.0	0.0	0.0
hgt	1296	GCF.900176005.1.Bacteria.Firmicutes.B	1805.085	0.0	902.5425	2032.76	1577.41	0.0	0.0	1016.38
los	None	dead	0.0	0.0	0.0	0.0	0.0	0.0	0.0	0.0
hgt	None	dead	0.0	0.0	0.0	0.0	0.0	0.0	0.0	0.0
spe	1477	1476	3024.12	2783.015	2903.5675	3199.0	2849.24	2979.26	2586.77	2892.885
spe	1476	1454	2783.015	2214.935	2498.975	2979.26	2586.77	2430.94	1998.93	2489.095
spe	1454	1453	2214.935	2115.485	2165.21	2430.94	1998.93	2342.31	1888.66	2159.8
spe	1453	1449	2115.485	1891.395	2003.44	2342.31	1888.66	2134.97	1647.82	1995.065
los	1449	GCA.002400365.1.Bacteria.Chloroflexota	1891.395	0.0	945.6975	2134.97	1647.82	0.0	0.0	1067.485
spe	1453	1452	2115.485	1623.74	1869.6125	2342.31	1888.66	1926.13	1321.35	1831.83
hgt	None	dead	0.0	0.0	0.0	0.0	0.0	0.0	0.0	0.0
los	1452	GCA.002423325.1.Bacteria.Chloroflexota	1623.74	0.0	811.87	1926.13	1321.35	0.0	0.0	963.065
hgt	1296	GCF.900176005.1.Bacteria.Firmicutes.B	1805.085	0.0	902.5425	2032.76	1577.41	0.0	0.0	1016.38
los	None	dead	0.0	0.0	0.0	0.0	0.0	0.0	0.0	0.0
hgt	None	dead	0.0	0.0	0.0	0.0	0.0	0.0	0.0	0.0
hgt	1287	GCA.002329525.1.Bacteria.Firmicutes.C	1455.455	0.0	727.7275	1682.3	1228.61	0.0	0.0	841.15
los	None	dead	0.0	0.0	0.0	0.0	0.0	0.0	0.0	0.0
hgt	None	dead	0.0	0.0	0.0	0.0	0.0	0.0	0.0	0.0
hgt	1469	GCA.001898225.1.Bacteria.Chloroflexota	1964.555	0.0	982.2775	2217.5	1711.61	0.0	0.0	1108.75
los	None	dead	0.0	0.0	0.0	0.0	0.0	0.0	0.0	0.0
spe	1454	1446	2214.935	1960.08	2087.5075	2430.94	1998.93	2176.15	1744.01	2087.475
spe	1446	1445	1960.08	1742.485	1851.2825	2176.15	1744.01	1965.0	1519.97	1848.06
spe	1445	1444	1742.485	1539.09	1640.7875	1965.0	1519.97	1770.71	1307.47	1636.235
hgt	None	dead	0.0	0.0	0.0	0.0	0.0	0.0	0.0	0.0
los	1444	GCA.003451595.1.Bacteria.Chloroflexota	1539.09	0.0	769.545	1770.71	1307.47	0.0	0.0	885.355
hgt	1449	GCA.002400365.1.Bacteria.Chloroflexota	1891.395	0.0	945.6975	2134.97	1647.82	0.0	0.0	1067.485
los	None	dead	0.0	0.0	0.0	0.0	0.0	0.0	0.0	0.0
hgt	None	dead	0.0	0.0	0.0	0.0	0.0	0.0	0.0	0.0
dup	None	dead	0.0	0.0	0.0	0.0	0.0	0.0	0.0	0.0
hgt	1444	GCA.003451595.1.Bacteria.Chloroflexota	1539.09	0.0	769.545	1770.71	1307.47	0.0	0.0	885.355
los	None	dead	0.0	0.0	0.0	0.0	0.0	0.0	0.0	0.0
hgt	1467	GCA.002292925.1.Bacteria.Chloroflexota	1808.245	0.0	904.1225	2082.93	1533.56	0.0	0.0	1041.465
los	None	dead	0.0	0.0	0.0	0.0	0.0	0.0	0.0	0.0
spe	1446	1440	1960.08	1813.195	1886.6375	2176.15	1744.01	2028.77	1597.62	1886.885
spe	1440	1439	1813.195	1555.635	1684.415	2028.77	1597.62	1768.59	1342.68	1685.725
los	1439	1438	1555.635	1347.94	1451.7875	1768.59	1342.68	1557.13	1138.75	1453.67
hgt	None	dead	0.0	0.0	0.0	0.0	0.0	0.0	0.0	0.0
hgt	None	dead	0.0	0.0	0.0	0.0	0.0	0.0	0.0	0.0
hgt	857	GCA.002010915.1.Bacteria.Desulfobacterota	1980.505	0.0	990.2525	2203.95	1757.06	0.0	0.0	1101.975
los	None	dead	0.0	0.0	0.0	0.0	0.0	0.0	0.0	0.0
spe	1476	1475	2783.015	2647.025	2715.02	2979.26	2586.77	2858.49	2435.56	2707.41
hgt	None	dead	0.0	0.0	0.0	0.0	0.0	0.0	0.0	0.0
hgt	1178	GCA.002347645.1.Bacteria.Actinobacteriota	1673.74	0.0	836.87	1926.76	1420.72	0.0	0.0	963.38
los	None	dead	0.0	0.0	0.0	0.0	0.0	0.0	0.0	0.0
spe	1475	1463	2647.025	2401.705	2524.365	2858.49	2435.56	2637.86	2165.55	2512.02
los	1463	1462	2401.705	2298.115	2349.91	2637.86	2165.55	2545.29	2050.94	2344.4
spe	1463	1457	2401.705	1966.385	2184.045	2637.86	2165.55	2253.77	1679.0	2158.43
hgt	None	dead	0.0	0.0	0.0	0.0	0.0	0.0	0.0	0.0
los	1457	GCA.002404055.1.Bacteria.Chloroflexota	1966.385	0.0	983.1925	2253.77	1679.0	0.0	0.0	1126.885
dup	None	dead	0.0	0.0	0.0	0.0	0.0	0.0	0.0	0.0
hgt	1312	GCF.002607855.1.Bacteria.Firmicutes.B	1521.75	0.0	760.875	1739.03	1304.47	0.0	0.0	869.515
los	None	dead	0.0	0.0	0.0	0.0	0.0	0.0	0.0	0.0
hgt	1296	GCA.001513545.1.Bacteria.Firmicutes.B	1805.085	0.0	902.5425	2032.76	1577.41	0.0	0.0	1016.38
los	None	dead	0.0	0.0	0.0	0.0	0.0	0.0	0.0	0.0
hgt	None	dead	0.0	0.0	0.0	0.0	0.0	0.0	0.0	0.0
dup	None	dead	0.0	0.0	0.0	0.0	0.0	0.0	0.0	0.0
hgt	1226	GCA.003242195.1.Bacteria.Firmicutes.E	1819.185	0.0	909.5925	2087.96	1550.41	0.0	0.0	1043.98
los	None	dead	0.0	0.0	0.0	0.0	0.0	0.0	0.0	0.0
hgt	1307	GCA.000987045.1.Bacteria.Firmicutes.B	1703.5	0.0	851.75	1894.89	1512.11	0.0	0.0	947.445
los	None	dead	0.0	0.0	0.0	0.0	0.0	0.0	0.0	0.0
hgt	None	dead	0.0	0.0	0.0	0.0	0.0	0.0	0.0	0.0
dup	None	dead	0.0	0.0	0.0	0.0	0.0	0.0	0.0	0.0
hgt	1355	GCF.004522215.1.Bacteria.Firmicutes	1273.085	0.0	636.5425	1444.33	1101.84	0.0	0.0	722.165
los	None	dead	0.0	0.0	0.0	0.0	0.0	0.0	0.0	0.0
hgt	458	GCA.002340345.1.Bacteria.Proteobacteria	1513.53	0.0	756.765	1663.43	1363.63	0.0	0.0	831.715
los	None	dead	0.0	0.0	0.0	0.0	0.0	0.0	0.0	0.0
hgt	None	dead	0.0	0.0	0.0	0.0	0.0	0.0	0.0	0.0
spe	1475	1474	2647.025	2497.34	2572.1825	2858.49	2435.56	2721.69	2272.99	2565.74
spe	1474	1470	2497.34	2147.93	2322.635	2721.69	2272.99	2388.86	1907.0	2314.345
hgt	None	dead	0.0	0.0	0.0	0.0	0.0	0.0	0.0	0.0
los	1470	1469	2147.93	1964.555	2056.2425	2388.86	1907.0	2217.5	1711.61	2050.235
hgt	1228	GCA.003023725.1.Bacteria.Firmicutes.E	2207.365	0.0	1103.6825	2441.9	1972.83	0.0	0.0	1220.95
los	None	dead	0.0	0.0	0.0	0.0	0.0	0.0	0.0	0.0
hgt	None	dead	0.0	0.0	0.0	0.0	0.0	0.0	0.0	0.0
hgt	None	dead	0.0	0.0	0.0	0.0	0.0	0.0	0.0	0.0
dup	None	dead	0.0	0.0	0.0	0.0	0.0	0.0	0.0	0.0
hgt	709	GCA.003223995.1.Bacteria.Acidobacteriota	1593.285	0.0	796.6425	1842.94	1343.63	0.0	0.0	921.47
los	None	dead	0.0	0.0	0.0	0.0	0.0	0.0	0.0	0.0
hgt	650	536	2166.365	1887.95	2027.1575	2307.19	2025.54	2062.1	1713.8	2010.495
los	None	dead	0.0	0.0	0.0	0.0	0.0	0.0	0.0	0.0
hgt	None	dead	0.0	0.0	0.0	0.0	0.0	0.0	0.0	0.0
hgt	680	GCA.002238705.1.Bacteria.Acidobacteriota	1748.645	0.0	874.3225	1979.3	1517.99	0.0	0.0	989.65
los	None	dead	0.0	0.0	0.0	0.0	0.0	0.0	0.0	0.0
spe	650	536	2166.365	1887.95	2027.1575	2307.19	2025.54	2062.1	1713.8	2010.495
hgt	None	dead	0.0	0.0	0.0	0.0	0.0	0.0	0.0	0.0
hgt	825	GCA.002344285.1.Bacteria.Myxococcota	1214.79	0.0	607.395	1405.39	1024.19	0.0	0.0	702.695
los	None	dead	0.0	0.0	0.0	0.0	0.0	0.0	0.0	0.0
hgt	None	dead	0.0	0.0	0.0	0.0	0.0	0.0	0.0	0.0
dup	None	dead	0.0	0.0	0.0	0.0	0.0	0.0	0.0	0.0
hgt	981	980	1803.65	1671.585	1737.6175	1990.88	1616.42	1853.74	1489.43	1740.155
los	None	dead	0.0	0.0	0.0	0.0	0.0	0.0	0.0	0.0
hgt	None	dead	0.0	0.0	0.0	0.0	0.0	0.0	0.0	0.0
spe	981	980	1803.65	1671.585	1737.6175	1990.88	1616.42	1853.74	1489.43	1740.155
spe	980	979	1671.585	1564.47	1618.0275	1853.74	1489.43	1751.15	1377.79	1615.765
los	979	978	1564.47	1435.29	1499.88	1751.15	1377.79	1628.23	1242.35	1496.75
spe	980	972	1671.585	1310.3	1490.9425	1853.74	1489.43	1508.79	1111.81	1482.775
hgt	None	dead	0.0	0.0	0.0	0.0	0.0	0.0	0.0	0.0
los	972	GCA.002779395.1.Bacteria.Bacteroidota	1310.3	0.0	655.15	1508.79	1111.81	0.0	0.0	754.395
hgt	581	GCA.002868855.1.Bacteria.Proteobacteria	1247.6	0.0	623.8	1410.64	1084.56	0.0	0.0	705.32
los	None	dead	0.0	0.0	0.0	0.0	0.0	0.0	0.0	0.0
hgt	711	GCA.001664505.1.Bacteria.Acidobacteriota	1902.735	0.0	951.3675	2119.38	1686.09	0.0	0.0	1059.69
los	None	dead	0.0	0.0	0.0	0.0	0.0	0.0	0.0	0.0
hgt	None	dead	0.0	0.0	0.0	0.0	0.0	0.0	0.0	0.0
hgt	341	340	2005.01	1641.945	1823.4775	2220.55	1789.47	1853.74	1430.15	1825.35
los	None	dead	0.0	0.0	0.0	0.0	0.0	0.0	0.0	0.0
spe	341	340	2005.01	1641.945	1823.4775	2220.55	1789.47	1853.74	1430.15	1825.35
hgt	None	dead	0.0	0.0	0.0	0.0	0.0	0.0	0.0	0.0
hgt	670	GCA.002898535.1.Bacteria.Acidobacteriota	2401.115	0.0	1200.5575	2634.12	2168.11	0.0	0.0	1317.06
los	None	dead	0.0	0.0	0.0	0.0	0.0	0.0	0.0	0.0
hgt	None	dead	0.0	0.0	0.0	0.0	0.0	0.0	0.0	0.0
spe	340	334	1641.945	1433.42	1537.6825	1853.74	1430.15	1653.95	1212.89	1533.315
los	334	GCA.002338715.1.Bacteria.Planctomycetota	1433.42	0.0	716.71	1653.95	1212.89	0.0	0.0	826.975
hgt	None	dead	0.0	0.0	0.0	0.0	0.0	0.0	0.0	0.0
hgt	1678	GCF.000017845.1.Bacteria.Cyanobacteria	892.4805	0.0	446.24025	1125.82	659.141	0.0	0.0	562.91
los	None	dead	0.0	0.0	0.0	0.0	0.0	0.0	0.0	0.0
spe	334	332	1433.42	1016.322	1224.871	1653.95	1212.89	1225.76	806.884	1230.417
hgt	None	dead	0.0	0.0	0.0	0.0	0.0	0.0	0.0	0.0
los	332	GCA.002364485.1.Bacteria.Planctomycetota	1016.322	0.0	508.161	1225.76	806.884	0.0	0.0	612.88
hgt	966	GCA.003167015.1.Bacteria.Bacteroidota	1461.28	0.0	730.64	1661.11	1261.45	0.0	0.0	830.555
los	None	dead	0.0	0.0	0.0	0.0	0.0	0.0	0.0	0.0
dup	None	dead	0.0	0.0	0.0	0.0	0.0	0.0	0.0	0.0
hgt	1695	GCF.000020025.1.Bacteria.Cyanobacteria	878.0175	0.0	439.00875	1068.32	687.715	0.0	0.0	534.16
los	None	dead	0.0	0.0	0.0	0.0	0.0	0.0	0.0	0.0
hgt	1702	GCF.003838225.1.Bacteria.Cyanobacteria	2083.6	0.0	1041.8	2167.45	1999.75	0.0	0.0	1083.725
los	None	dead	0.0	0.0	0.0	0.0	0.0	0.0	0.0	0.0
spe	340	339	1641.945	1498.51	1570.2275	1853.74	1430.15	1713.12	1283.9	1568.82
hgt	None	dead	0.0	0.0	0.0	0.0	0.0	0.0	0.0	0.0
los	339	337	1498.51	1327.975	1413.2425	1713.12	1283.9	1544.74	1111.21	1412.165
hgt	1119	GCF.002973605.1.Bacteria.Armatimonadota	2017.9	0.0	1008.95	2337.68	1698.12	0.0	0.0	1168.84
los	None	dead	0.0	0.0	0.0	0.0	0.0	0.0	0.0	0.0
hgt	1128	GCA.002898935.1.Bacteria.CSP1.3	3162.27	0.0	1581.135	3356.79	2967.75	0.0	0.0	1678.395
los	None	dead	0.0	0.0	0.0	0.0	0.0	0.0	0.0	0.0
hgt	None	dead	0.0	0.0	0.0	0.0	0.0	0.0	0.0	0.0
hgt	282	GCF.900105685.1.Bacteria.Verrucomicrobiota	1374.795	0.0	687.3975	1628.61	1120.98	0.0	0.0	814.305
los	None	dead	0.0	0.0	0.0	0.0	0.0	0.0	0.0	0.0
hgt	None	dead	0.0	0.0	0.0	0.0	0.0	0.0	0.0	0.0
hgt	955	GCF.001280305.1.Bacteria.Bacteroidota	1094.6025	0.0	547.30125	1285.5	903.705	0.0	0.0	642.75
los	None	dead	0.0	0.0	0.0	0.0	0.0	0.0	0.0	0.0
hgt	None	dead	0.0	0.0	0.0	0.0	0.0	0.0	0.0	0.0
hgt	588	587	1783.48	1406.63	1595.055	1926.18	1640.78	1560.81	1252.45	1589.315
los	None	dead	0.0	0.0	0.0	0.0	0.0	0.0	0.0	0.0
spe	588	587	1783.48	1406.63	1595.055	1926.18	1640.78	1560.81	1252.45	1589.315
spe	587	586	1406.63	1290.345	1348.4875	1560.81	1252.45	1452.62	1128.07	1344.44
los	586	GCA.003228965.1.Bacteria.Proteobacteria	1290.345	0.0	645.1725	1452.62	1128.07	0.0	0.0	726.31
spe	586	585	1290.345	1098.223	1194.284	1452.62	1128.07	1267.88	928.566	1190.593
los	585	GCA.002338605.1.Bacteria.Proteobacteria	1098.223	0.0	549.1115	1267.88	928.566	0.0	0.0	633.94
spe	587	581	1406.63	1247.6	1327.115	1560.81	1252.45	1410.64	1084.56	1322.685
los	581	GCA.002868855.1.Bacteria.Proteobacteria	1247.6	0.0	623.8	1410.64	1084.56	0.0	0.0	705.32
spe	581	579	1247.6	971.347	1109.4735	1410.64	1084.56	1155.18	787.514	1099.077
hgt	None	dead	0.0	0.0	0.0	0.0	0.0	0.0	0.0	0.0
dup	None	dead	0.0	0.0	0.0	0.0	0.0	0.0	0.0	0.0
hgt	741	GCA.003220615.1.Bacteria.Methylomirabilota	2099.065	0.0	1049.5325	2384.47	1813.66	0.0	0.0	1192.235
los	None	dead	0.0	0.0	0.0	0.0	0.0	0.0	0.0	0.0
hgt	397	GCF.000526155.1.Bacteria.Desulfobacterota	3012.355	0.0	1506.1775	3169.34	2855.37	0.0	0.0	1584.67
los	None	dead	0.0	0.0	0.0	0.0	0.0	0.0	0.0	0.0
hgt	None	dead	0.0	0.0	0.0	0.0	0.0	0.0	0.0	0.0
hgt	1198	GCA.002159155.1.Bacteria.Firmicutes.G	2386.815	0.0	1193.4075	2646.81	2126.82	0.0	0.0	1323.405
los	None	dead	0.0	0.0	0.0	0.0	0.0	0.0	0.0	0.0
hgt	None	dead	0.0	0.0	0.0	0.0	0.0	0.0	0.0	0.0
dup	None	dead	0.0	0.0	0.0	0.0	0.0	0.0	0.0	0.0
hgt	653	GCF.001399755.1.Bacteria.Proteobacteria	2568.17	0.0	1284.085	2711.59	2424.75	0.0	0.0	1355.795
los	None	dead	0.0	0.0	0.0	0.0	0.0	0.0	0.0	0.0
hgt	None	dead	0.0	0.0	0.0	0.0	0.0	0.0	0.0	0.0
hgt	576	574	1633.525	1374.275	1503.9	1787.8	1479.25	1546.58	1201.97	1494.885
los	None	dead	0.0	0.0	0.0	0.0	0.0	0.0	0.0	0.0
spe	576	574	1633.525	1374.275	1503.9	1787.8	1479.25	1546.58	1201.97	1494.885
hgt	None	dead	0.0	0.0	0.0	0.0	0.0	0.0	0.0	0.0
dup	None	dead	0.0	0.0	0.0	0.0	0.0	0.0	0.0	0.0
hgt	634	GCF.001697225.1.Bacteria.Proteobacteria	1434.16	0.0	717.08	1607.4	1260.92	0.0	0.0	803.7
los	None	dead	0.0	0.0	0.0	0.0	0.0	0.0	0.0	0.0
hgt	552	GCF.001614315.2.Bacteria.Proteobacteria	1397.305	0.0	698.6525	1566.02	1228.59	0.0	0.0	783.01
los	None	dead	0.0	0.0	0.0	0.0	0.0	0.0	0.0	0.0
hgt	None	dead	0.0	0.0	0.0	0.0	0.0	0.0	0.0	0.0
dup	None	dead	0.0	0.0	0.0	0.0	0.0	0.0	0.0	0.0
hgt	529	GCA.002451085.1.Bacteria.Proteobacteria	1818.925	0.0	909.4625	2012.28	1625.57	0.0	0.0	1006.14
los	None	dead	0.0	0.0	0.0	0.0	0.0	0.0	0.0	0.0
dup	None	dead	0.0	0.0	0.0	0.0	0.0	0.0	0.0	0.0
hgt	603	GCA.002085445.1.Bacteria.Proteobacteria	1669.485	0.0	834.7425	1811.47	1527.5	0.0	0.0	905.735
los	None	dead	0.0	0.0	0.0	0.0	0.0	0.0	0.0	0.0
hgt	598	GCA.002292285.1.Bacteria.Proteobacteria	904.2135	0.0	452.10675	1071.01	737.417	0.0	0.0	535.505
los	None	dead	0.0	0.0	0.0	0.0	0.0	0.0	0.0	0.0
hgt	613	612	1345.44	1191.86	1268.65	1490.64	1200.24	1341.59	1042.13	1266.385
los	None	dead	0.0	0.0	0.0	0.0	0.0	0.0	0.0	0.0
spe	613	612	1345.44	1191.86	1268.65	1490.64	1200.24	1341.59	1042.13	1266.385
hgt	None	dead	0.0	0.0	0.0	0.0	0.0	0.0	0.0	0.0
dup	None	dead	0.0	0.0	0.0	0.0	0.0	0.0	0.0	0.0
hgt	568	GCA.002862435.1.Bacteria.Proteobacteria	1463.05	0.0	731.525	1635.35	1290.75	0.0	0.0	817.675
los	None	dead	0.0	0.0	0.0	0.0	0.0	0.0	0.0	0.0
hgt	462	GCF.000315795.1.Bacteria.Proteobacteria	1065.146	0.0	532.573	1220.68	909.612	0.0	0.0	610.34
los	None	dead	0.0	0.0	0.0	0.0	0.0	0.0	0.0	0.0
spe	612	611	1191.86	907.6015	1049.73075	1341.59	1042.13	1068.3	746.903	1044.2465
hgt	None	dead	0.0	0.0	0.0	0.0	0.0	0.0	0.0	0.0
los	611	GCF.000284615.1.Bacteria.Proteobacteria	907.6015	0.0	453.80075	1068.3	746.903	0.0	0.0	534.15
hgt	553	GCF.001641825.1.Bacteria.Proteobacteria	1630.725	0.0	815.3625	1789.39	1472.06	0.0	0.0	894.695
los	None	dead	0.0	0.0	0.0	0.0	0.0	0.0	0.0	0.0
hgt	None	dead	0.0	0.0	0.0	0.0	0.0	0.0	0.0	0.0
spe	1474	1473	2497.34	1423.81	1960.575	2721.69	2272.99	1699.81	1147.81	1934.75
hgt	1169	1168	2396.405	2301.295	2348.85	2605.17	2187.64	2515.41	2087.18	2346.175
los	None	dead	0.0	0.0	0.0	0.0	0.0	0.0	0.0	0.0
spe	1169	1168	2396.405	2301.295	2348.85	2605.17	2187.64	2515.41	2087.18	2346.175
spe	1168	1167	2301.295	2105.28	2203.2875	2515.41	2087.18	2330.25	1880.31	2197.86
spe	1167	1166	2105.28	1472.335	1788.8075	2330.25	1880.31	1697.69	1246.98	1788.615
spe	1166	1165	1472.335	1325.685	1399.01	1697.69	1246.98	1549.4	1101.97	1399.83
los	1165	1155	1325.685	1195.766	1260.7255	1549.4	1101.97	1415.51	976.022	1262.711
spe	1165	1164	1325.685	1172.8835	1249.28425	1549.4	1101.97	1391.91	953.857	1251.6285
spe	1164	1163	1172.8835	995.9815	1084.4325	1391.91	953.857	1205.77	786.193	1089.0515
los	1163	GCA.001437855.1.Bacteria.Actinobacteriota	995.9815	0.0	497.99075	1205.77	786.193	0.0	0.0	602.885
spe	1164	1160	1172.8835	1016.58	1094.73175	1391.91	953.857	1228.58	804.58	1098.245
los	1160	GCF.000015025.1.Bacteria.Actinobacteriota	1016.58	0.0	508.29	1228.58	804.58	0.0	0.0	614.29
spe	1160	1158	1016.58	905.248	960.914	1228.58	804.58	1113.91	696.586	962.583
los	1158	GCF.001942305.1.Bacteria.Actinobacteriota	905.248	0.0	452.624	1113.91	696.586	0.0	0.0	556.955
hgt	None	dead	0.0	0.0	0.0	0.0	0.0	0.0	0.0	0.0
hgt	1180	GCF.001029505.1.Bacteria.Actinobacteriota	2187.185	0.0	1093.5925	2433.9	1940.47	0.0	0.0	1216.95
los	None	dead	0.0	0.0	0.0	0.0	0.0	0.0	0.0	0.0
hgt	None	dead	0.0	0.0	0.0	0.0	0.0	0.0	0.0	0.0
hgt	1143	1141	1828.16	1437.0	1632.58	2065.05	1591.27	1670.58	1203.42	1634.235
los	None	dead	0.0	0.0	0.0	0.0	0.0	0.0	0.0	0.0
spe	1143	1141	1828.16	1437.0	1632.58	2065.05	1591.27	1670.58	1203.42	1634.235
spe	1141	1140	1437.0	1211.153	1324.0765	1670.58	1203.42	1451.23	971.076	1320.828
hgt	None	dead	0.0	0.0	0.0	0.0	0.0	0.0	0.0	0.0
los	1140	GCA.003162395.1.Bacteria.Actinobacteriota	1211.153	0.0	605.5765	1451.23	971.076	0.0	0.0	725.615
hgt	1143	GCA.002352645.1.Bacteria.Actinobacteriota	1828.16	0.0	914.08	2065.05	1591.27	0.0	0.0	1032.525
los	None	dead	0.0	0.0	0.0	0.0	0.0	0.0	0.0	0.0
hgt	None	dead	0.0	0.0	0.0	0.0	0.0	0.0	0.0	0.0
los	1167	GCA.002413185.1.Bacteria.Actinobacteriota	2105.28	0.0	1052.64	2330.25	1880.31	0.0	0.0	1165.125
hgt	1164	1160	1172.8835	1016.58	1094.73175	1391.91	953.857	1228.58	804.58	1098.245
los	None	dead	0.0	0.0	0.0	0.0	0.0	0.0	0.0	0.0
spe	1164	1160	1172.8835	1016.58	1094.73175	1391.91	953.857	1228.58	804.58	1098.245
spe	1160	1158	1016.58	905.248	960.914	1228.58	804.58	1113.91	696.586	962.583
hgt	None	dead	0.0	0.0	0.0	0.0	0.0	0.0	0.0	0.0
los	1158	GCF.900106035.1.Bacteria.Actinobacteriota	905.248	0.0	452.624	1113.91	696.586	0.0	0.0	556.955
hgt	1155	1154	1195.766	907.0585	1051.41225	1415.51	976.022	1120.3	693.817	1054.6635
los	None	dead	0.0	0.0	0.0	0.0	0.0	0.0	0.0	0.0
spe	1155	1154	1195.766	907.0585	1051.41225	1415.51	976.022	1120.3	693.817	1054.6635
hgt	None	dead	0.0	0.0	0.0	0.0	0.0	0.0	0.0	0.0
hgt	873	GCA.002011835.1.Bacteria.Desulfobacterota	1792.01	0.0	896.005	1991.39	1592.63	0.0	0.0	995.695
los	None	dead	0.0	0.0	0.0	0.0	0.0	0.0	0.0	0.0
spe	1168	1148	2301.295	1851.865	2076.58	2515.41	2087.18	2104.07	1599.66	2057.535
los	1148	GCA.003021615.1.Bacteria.Actinobacteriota	1851.865	0.0	925.9325	2104.07	1599.66	0.0	0.0	1052.035
hgt	None	dead	0.0	0.0	0.0	0.0	0.0	0.0	0.0	0.0
hgt	503	GCA.002280485.1.Bacteria.Proteobacteria	930.456	0.0	465.228	1085.53	775.382	0.0	0.0	542.765
los	None	dead	0.0	0.0	0.0	0.0	0.0	0.0	0.0	0.0
hgt	698	686	1924.625	1699.78	1812.2025	2118.09	1731.16	1911.59	1487.97	1803.03
los	None	dead	0.0	0.0	0.0	0.0	0.0	0.0	0.0	0.0
spe	698	686	1924.625	1699.78	1812.2025	2118.09	1731.16	1911.59	1487.97	1803.03
hgt	None	dead	0.0	0.0	0.0	0.0	0.0	0.0	0.0	0.0
hgt	1008	GCA.000447245.1.Bacteria.Zixibacteria	1946.09	0.0	973.045	2197.88	1694.3	0.0	0.0	1098.94
los	None	dead	0.0	0.0	0.0	0.0	0.0	0.0	0.0	0.0
hgt	None	dead	0.0	0.0	0.0	0.0	0.0	0.0	0.0	0.0
hgt	None	dead	0.0	0.0	0.0	0.0	0.0	0.0	0.0	0.0
hgt	1439	GCF.900187885.1.Bacteria.Chloroflexota	1555.635	0.0	777.8175	1768.59	1342.68	0.0	0.0	884.295
los	None	dead	0.0	0.0	0.0	0.0	0.0	0.0	0.0	0.0
spe	686	684	1699.78	1325.86	1512.82	1911.59	1487.97	1548.2	1103.52	1507.555
hgt	None	dead	0.0	0.0	0.0	0.0	0.0	0.0	0.0	0.0
los	684	GCA.003223975.1.Bacteria.Acidobacteriota	1325.86	0.0	662.93	1548.2	1103.52	0.0	0.0	774.1
dup	None	dead	0.0	0.0	0.0	0.0	0.0	0.0	0.0	0.0
hgt	741	GCA.003220615.1.Bacteria.Methylomirabilota	2099.065	0.0	1049.5325	2384.47	1813.66	0.0	0.0	1192.235
los	None	dead	0.0	0.0	0.0	0.0	0.0	0.0	0.0	0.0
hgt	1461	GCA.002413265.1.Bacteria.Chloroflexota	1906.91	0.0	953.455	2201.28	1612.54	0.0	0.0	1100.64
los	None	dead	0.0	0.0	0.0	0.0	0.0	0.0	0.0	0.0
dup	None	dead	0.0	0.0	0.0	0.0	0.0	0.0	0.0	0.0
hgt	797	GCA.002311335.1.Bacteria.Desulfobacterota.B	1933.19	0.0	966.595	2131.05	1735.33	0.0	0.0	1065.525
los	None	dead	0.0	0.0	0.0	0.0	0.0	0.0	0.0	0.0
hgt	791	GCA.002050235.1.Bacteria.Desulfobacterota.B	1320.57	0.0	660.285	1532.25	1108.89	0.0	0.0	766.125
los	None	dead	0.0	0.0	0.0	0.0	0.0	0.0	0.0	0.0
hgt	1385	1384	2489.295	2053.965	2271.63	2657.44	2321.15	2227.59	1880.34	2268.89
los	None	dead	0.0	0.0	0.0	0.0	0.0	0.0	0.0	0.0
spe	1385	1384	2489.295	2053.965	2271.63	2657.44	2321.15	2227.59	1880.34	2268.89
spe	1384	1383	2053.965	1928.425	1991.195	2227.59	1880.34	2100.2	1756.65	1992.12
spe	1383	1382	1928.425	1812.955	1870.69	2100.2	1756.65	1984.88	1641.03	1870.615
spe	1382	1344	1812.955	1531.325	1672.14	1984.88	1641.03	1719.64	1343.01	1663.945
los	1344	GCA.002159075.1.Bacteria.Firmicutes	1531.325	0.0	765.6625	1719.64	1343.01	0.0	0.0	859.82
spe	1382	1381	1812.955	1697.085	1755.02	1984.88	1641.03	1866.73	1527.44	1756.16
los	1381	1351	1697.085	1602.01	1649.5475	1866.73	1527.44	1773.61	1430.41	1648.57
spe	1381	1380	1697.085	1588.96	1643.0225	1866.73	1527.44	1755.87	1422.05	1644.39
los	1380	GCF.001049895.1.Bacteria.Firmicutes	1588.96	0.0	794.48	1755.87	1422.05	0.0	0.0	877.935
spe	1380	1379	1588.96	1514.47	1551.715	1755.87	1422.05	1680.25	1348.69	1552.28
los	1379	1378	1514.47	1207.485	1360.9775	1680.25	1348.69	1362.77	1052.2	1366.225
spe	1379	1355	1514.47	1273.085	1393.7775	1680.25	1348.69	1444.33	1101.84	1391.045
spe	1383	1341	1928.425	1562.96	1745.6925	2100.2	1756.65	1772.81	1353.11	1726.655
hgt	None	dead	0.0	0.0	0.0	0.0	0.0	0.0	0.0	0.0
los	1341	GCF.001311905.1.Bacteria.Firmicutes	1562.96	0.0	781.48	1772.81	1353.11	0.0	0.0	886.405
hgt	1337	GCF.000092905.1.Bacteria.Firmicutes	1358.655	0.0	679.3275	1579.49	1137.82	0.0	0.0	789.745
los	None	dead	0.0	0.0	0.0	0.0	0.0	0.0	0.0	0.0
spe	1384	1338	2053.965	1618.77	1836.3675	2227.59	1880.34	1818.56	1418.98	1823.285
spe	1338	1337	1618.77	1358.655	1488.7125	1818.56	1418.98	1579.49	1137.82	1478.19
los	1337	GCF.000092905.1.Bacteria.Firmicutes	1358.655	0.0	679.3275	1579.49	1137.82	0.0	0.0	789.745
hgt	None	dead	0.0	0.0	0.0	0.0	0.0	0.0	0.0	0.0
hgt	1467	GCA.002440805.1.Bacteria.Chloroflexota	1808.245	0.0	904.1225	2082.93	1533.56	0.0	0.0	1041.465
los	None	dead	0.0	0.0	0.0	0.0	0.0	0.0	0.0	0.0
hgt	None	dead	0.0	0.0	0.0	0.0	0.0	0.0	0.0	0.0
hgt	1355	GCF.004522215.1.Bacteria.Firmicutes	1273.085	0.0	636.5425	1444.33	1101.84	0.0	0.0	722.165
los	None	dead	0.0	0.0	0.0	0.0	0.0	0.0	0.0	0.0
hgt	None	dead	0.0	0.0	0.0	0.0	0.0	0.0	0.0	0.0
hgt	1347	GCF.900099895.1.Bacteria.Firmicutes	1294.365	0.0	647.1825	1476.68	1112.05	0.0	0.0	738.34
los	None	dead	0.0	0.0	0.0	0.0	0.0	0.0	0.0	0.0
dup	None	dead	0.0	0.0	0.0	0.0	0.0	0.0	0.0	0.0
dup	None	dead	0.0	0.0	0.0	0.0	0.0	0.0	0.0	0.0
dup	None	dead	0.0	0.0	0.0	0.0	0.0	0.0	0.0	0.0
dup	None	dead	0.0	0.0	0.0	0.0	0.0	0.0	0.0	0.0
dup	None	dead	0.0	0.0	0.0	0.0	0.0	0.0	0.0	0.0
hgt	598	GCA.002170535.1.Bacteria.Proteobacteria	904.2135	0.0	452.10675	1071.01	737.417	0.0	0.0	535.505
los	None	dead	0.0	0.0	0.0	0.0	0.0	0.0	0.0	0.0
hgt	592	GCF.001720165.1.Bacteria.Proteobacteria	1273.13	0.0	636.565	1434.77	1111.49	0.0	0.0	717.385
los	None	dead	0.0	0.0	0.0	0.0	0.0	0.0	0.0	0.0
dup	None	dead	0.0	0.0	0.0	0.0	0.0	0.0	0.0	0.0
dup	None	dead	0.0	0.0	0.0	0.0	0.0	0.0	0.0	0.0
hgt	439	GCF.001613805.1.Bacteria.Proteobacteria	1430.985	0.0	715.4925	1588.14	1273.83	0.0	0.0	794.07
los	None	dead	0.0	0.0	0.0	0.0	0.0	0.0	0.0	0.0
dup	None	dead	0.0	0.0	0.0	0.0	0.0	0.0	0.0	0.0
hgt	585	GCA.002338605.1.Bacteria.Proteobacteria	1098.223	0.0	549.1115	1267.88	928.566	0.0	0.0	633.94
los	None	dead	0.0	0.0	0.0	0.0	0.0	0.0	0.0	0.0
dup	None	dead	0.0	0.0	0.0	0.0	0.0	0.0	0.0	0.0
hgt	778	GCA.002321895.1.Bacteria.Bdellovibrionota	1621.195	0.0	810.5975	1851.21	1391.18	0.0	0.0	925.605
los	None	dead	0.0	0.0	0.0	0.0	0.0	0.0	0.0	0.0
hgt	498	GCF.000192575.1.Bacteria.Proteobacteria	1143.1505	0.0	571.57525	1299.85	986.451	0.0	0.0	649.925
los	None	dead	0.0	0.0	0.0	0.0	0.0	0.0	0.0	0.0
hgt	1098	GCA.003244105.1.Bacteria.Eremiobacterota	1723.505	0.0	861.7525	2078.78	1368.23	0.0	0.0	1039.39
los	None	dead	0.0	0.0	0.0	0.0	0.0	0.0	0.0	0.0
hgt	None	dead	0.0	0.0	0.0	0.0	0.0	0.0	0.0	0.0
hgt	370	GCF.000092845.1.Bacteria.Spirochaetota	2115.08	0.0	1057.54	2426.61	1803.55	0.0	0.0	1213.305
los	None	dead	0.0	0.0	0.0	0.0	0.0	0.0	0.0	0.0
hgt	None	dead	0.0	0.0	0.0	0.0	0.0	0.0	0.0	0.0
hgt	1259	1253	1830.34	1684.93	1757.635	2010.68	1650.0	1873.49	1496.37	1753.525
los	None	dead	0.0	0.0	0.0	0.0	0.0	0.0	0.0	0.0
spe	1259	1253	1830.34	1684.93	1757.635	2010.68	1650.0	1873.49	1496.37	1753.525
spe	1253	1252	1684.93	1492.085	1588.5075	1873.49	1496.37	1682.67	1301.5	1587.495
los	1252	GCF.900107485.1.Bacteria.Firmicutes.A	1492.085	0.0	746.0425	1682.67	1301.5	0.0	0.0	841.335
spe	1252	1251	1492.085	1313.25	1402.6675	1682.67	1301.5	1519.57	1106.93	1394.8
los	1251	GCA.002478485.1.Bacteria.Firmicutes.A	1313.25	0.0	656.625	1519.57	1106.93	0.0	0.0	759.785
hgt	173	151	2879.565	2655.89	2767.7275	3003.72	2755.41	2813.75	2498.03	2750.875
los	None	dead	0.0	0.0	0.0	0.0	0.0	0.0	0.0	0.0
hgt	None	dead	0.0	0.0	0.0	0.0	0.0	0.0	0.0	0.0
dup	None	dead	0.0	0.0	0.0	0.0	0.0	0.0	0.0	0.0
hgt	1063	GCA.002878315.1.Bacteria.Thermotogota	1808.72	0.0	904.36	2124.28	1493.16	0.0	0.0	1062.14
los	None	dead	0.0	0.0	0.0	0.0	0.0	0.0	0.0	0.0
hgt	849	GCF.000266945.1.Bacteria.Desulfobacterota	1938.415	0.0	969.2075	2174.57	1702.26	0.0	0.0	1087.285
los	None	dead	0.0	0.0	0.0	0.0	0.0	0.0	0.0	0.0
hgt	None	dead	0.0	0.0	0.0	0.0	0.0	0.0	0.0	0.0
hgt	99	GCF.000092185.1.Archaea.Thermoproteota	1639.4	0.0	819.7	1901.87	1376.93	0.0	0.0	950.935
los	None	dead	0.0	0.0	0.0	0.0	0.0	0.0	0.0	0.0
spe	173	151	2879.565	2655.89	2767.7275	3003.72	2755.41	2813.75	2498.03	2750.875
spe	151	147	2655.89	2129.97	2392.93	2813.75	2498.03	2400.45	1859.49	2336.62
los	147	GCA.001940755.1.Archaea.Asgardarchaeota	2129.97	0.0	1064.985	2400.45	1859.49	0.0	0.0	1200.225
spe	151	150	2655.89	1958.415	2307.1525	2813.75	2498.03	2236.46	1680.37	2247.06
hgt	None	dead	0.0	0.0	0.0	0.0	0.0	0.0	0.0	0.0
hgt	133	GCA.002506605.1.Archaea.Thermoproteota	1814.08	0.0	907.04	2092.89	1535.27	0.0	0.0	1046.445
los	None	dead	0.0	0.0	0.0	0.0	0.0	0.0	0.0	0.0
dup	None	dead	0.0	0.0	0.0	0.0	0.0	0.0	0.0	0.0
hgt	139	109	2917.505	2602.795	2760.15	3054.61	2780.4	2795.16	2410.43	2732.52
los	None	dead	0.0	0.0	0.0	0.0	0.0	0.0	0.0	0.0
hgt	None	dead	0.0	0.0	0.0	0.0	0.0	0.0	0.0	0.0
dup	None	dead	0.0	0.0	0.0	0.0	0.0	0.0	0.0	0.0
hgt	400	GCA.002707655.1.Bacteria.SAR324	2394.165	0.0	1197.0825	2660.57	2127.76	0.0	0.0	1330.285
los	None	dead	0.0	0.0	0.0	0.0	0.0	0.0	0.0	0.0
hgt	560	GCA.001735895.1.Bacteria.Proteobacteria	1588.3	0.0	794.15	1745.96	1430.64	0.0	0.0	872.98
los	None	dead	0.0	0.0	0.0	0.0	0.0	0.0	0.0	0.0
hgt	None	dead	0.0	0.0	0.0	0.0	0.0	0.0	0.0	0.0
spe	139	109	2917.505	2602.795	2760.15	3054.61	2780.4	2795.16	2410.43	2732.52
spe	109	108	2602.795	2228.635	2415.715	2795.16	2410.43	2492.25	1965.02	2380.09
los	108	107	2228.635	1874.74	2051.6875	2492.25	1965.02	2176.29	1573.19	2032.72
spe	109	103	2602.795	2146.08	2374.4375	2795.16	2410.43	2387.58	1904.58	2349.87
los	103	GCA.002254745.1.Archaea.Thermoproteota	2146.08	0.0	1073.04	2387.58	1904.58	0.0	0.0	1193.79
spe	103	101	2146.08	1883.85	2014.965	2387.58	1904.58	2144.44	1623.26	2005.42
los	101	99	1883.85	1639.4	1761.625	2144.44	1623.26	1901.87	1376.93	1760.685
dup	None	dead	0.0	0.0	0.0	0.0	0.0	0.0	0.0	0.0
hgt	1402	GCA.003228115.1.Bacteria.Chloroflexota	1732.845	0.0	866.4225	1968.92	1496.77	0.0	0.0	984.46
los	None	dead	0.0	0.0	0.0	0.0	0.0	0.0	0.0	0.0
dup	None	dead	0.0	0.0	0.0	0.0	0.0	0.0	0.0	0.0
hgt	714	GCA.002731215.1.Bacteria.Acidobacteriota	2462.345	0.0	1231.1725	2655.37	2269.32	0.0	0.0	1327.685
los	None	dead	0.0	0.0	0.0	0.0	0.0	0.0	0.0	0.0
dup	None	dead	0.0	0.0	0.0	0.0	0.0	0.0	0.0	0.0
hgt	1461	GCA.002413265.1.Bacteria.Chloroflexota	1906.91	0.0	953.455	2201.28	1612.54	0.0	0.0	1100.64
los	None	dead	0.0	0.0	0.0	0.0	0.0	0.0	0.0	0.0
hgt	746	GCA.002238965.1.Bacteria.UBA8248	2036.715	0.0	1018.3575	2336.38	1737.05	0.0	0.0	1168.19
los	None	dead	0.0	0.0	0.0	0.0	0.0	0.0	0.0	0.0
hgt	984	950	2373.56	1900.505	2137.0325	2552.87	2194.25	2097.29	1703.72	2128.295
los	None	dead	0.0	0.0	0.0	0.0	0.0	0.0	0.0	0.0
spe	984	950	2373.56	1900.505	2137.0325	2552.87	2194.25	2097.29	1703.72	2128.295
hgt	None	dead	0.0	0.0	0.0	0.0	0.0	0.0	0.0	0.0
hgt	595	GCA.002389045.1.Bacteria.Proteobacteria	1214.005	0.0	607.0025	1372.8	1055.21	0.0	0.0	686.4
los	None	dead	0.0	0.0	0.0	0.0	0.0	0.0	0.0	0.0
hgt	None	dead	0.0	0.0	0.0	0.0	0.0	0.0	0.0	0.0
hgt	486	GCF.000264455.2.Bacteria.Proteobacteria	1393.215	0.0	696.6075	1554.79	1231.64	0.0	0.0	777.395
los	None	dead	0.0	0.0	0.0	0.0	0.0	0.0	0.0	0.0
hgt	None	dead	0.0	0.0	0.0	0.0	0.0	0.0	0.0	0.0
hgt	None	dead	0.0	0.0	0.0	0.0	0.0	0.0	0.0	0.0
spe	950	946	1900.505	1709.46	1804.9825	2097.29	1703.72	1921.62	1497.3	1797.295
los	946	GCA.002347855.1.Bacteria.Marinisomatota	1709.46	0.0	854.73	1921.62	1497.3	0.0	0.0	960.81
spe	946	944	1709.46	1432.315	1570.8875	1921.62	1497.3	1664.44	1200.19	1560.905
los	944	GCA.002724735.1.Bacteria.Marinisomatota	1432.315	0.0	716.1575	1664.44	1200.19	0.0	0.0	832.22
hgt	515	514	2002.575	1851.4	1926.9875	2145.74	1859.41	1991.92	1710.88	1928.31
los	None	dead	0.0	0.0	0.0	0.0	0.0	0.0	0.0	0.0
hgt	None	dead	0.0	0.0	0.0	0.0	0.0	0.0	0.0	0.0
spe	515	514	2002.575	1851.4	1926.9875	2145.74	1859.41	1991.92	1710.88	1928.31
spe	514	436	1851.4	1731.205	1791.3025	1991.92	1710.88	1880.65	1581.76	1786.84
hgt	None	dead	0.0	0.0	0.0	0.0	0.0	0.0	0.0	0.0
hgt	453	GCA.003280605.1.Bacteria.Proteobacteria	720.6325	0.0	360.31625	876.145	565.12	0.0	0.0	438.0725
los	None	dead	0.0	0.0	0.0	0.0	0.0	0.0	0.0	0.0
spe	436	435	1731.205	1539.415	1635.31	1880.65	1581.76	1697.37	1381.46	1631.055
los	435	GCA.006969625.1.Bacteria.Proteobacteria	1539.415	0.0	769.7075	1697.37	1381.46	0.0	0.0	848.685
hgt	None	dead	0.0	0.0	0.0	0.0	0.0	0.0	0.0	0.0
spe	435	434	1539.415	1329.5	1434.4575	1697.37	1381.46	1502.98	1156.02	1426.695
los	434	GCA.002898275.1.Bacteria.Proteobacteria	1329.5	0.0	664.75	1502.98	1156.02	0.0	0.0	751.49
hgt	498	GCA.002731375.1.Bacteria.Proteobacteria	1143.1505	0.0	571.57525	1299.85	986.451	0.0	0.0	649.925
los	None	dead	0.0	0.0	0.0	0.0	0.0	0.0	0.0	0.0
spe	514	513	1851.4	1786.09	1818.745	1991.92	1710.88	1924.53	1647.65	1819.785
spe	513	483	1786.09	1736.705	1761.3975	1924.53	1647.65	1875.69	1597.72	1761.125
los	483	482	1736.705	1642.38	1689.5425	1875.69	1597.72	1782.01	1502.75	1689.22
spe	483	447	1736.705	1590.07	1663.3875	1875.69	1597.72	1734.74	1445.4	1660.545
los	447	439	1590.07	1430.985	1510.5275	1734.74	1445.4	1588.14	1273.83	1504.285
spe	447	446	1590.07	1389.555	1489.8125	1734.74	1445.4	1543.03	1236.08	1485.41
los	446	445	1389.555	1267.47	1328.5125	1543.03	1236.08	1430.96	1103.98	1323.505
spe	513	512	1786.09	1671.055	1728.5725	1924.53	1647.65	1813.33	1528.78	1726.655
spe	512	511	1671.055	1589.625	1630.34	1813.33	1528.78	1731.04	1448.21	1630.77
los	511	510	1589.625	1517.685	1553.655	1731.04	1448.21	1658.83	1376.54	1553.79
spe	511	489	1589.625	1225.83	1407.7275	1731.04	1448.21	1388.27	1063.39	1397.215
los	489	GCA.002701885.1.Bacteria.Proteobacteria	1225.83	0.0	612.915	1388.27	1063.39	0.0	0.0	694.135
spe	512	486	1671.055	1393.215	1532.135	1813.33	1528.78	1554.79	1231.64	1522.485
hgt	None	dead	0.0	0.0	0.0	0.0	0.0	0.0	0.0	0.0
los	486	GCF.000264455.2.Bacteria.Proteobacteria	1393.215	0.0	696.6075	1554.79	1231.64	0.0	0.0	777.395
hgt	456	GCF.002148795.1.Bacteria.Proteobacteria	1329.135	0.0	664.5675	1490.23	1168.04	0.0	0.0	745.115
los	None	dead	0.0	0.0	0.0	0.0	0.0	0.0	0.0	0.0
hgt	511	510	1589.625	1517.685	1553.655	1731.04	1448.21	1658.83	1376.54	1553.79
los	None	dead	0.0	0.0	0.0	0.0	0.0	0.0	0.0	0.0
spe	511	510	1589.625	1517.685	1553.655	1731.04	1448.21	1658.83	1376.54	1553.79
spe	510	492	1517.685	1247.39	1382.5375	1658.83	1376.54	1403.42	1091.36	1375.095
hgt	None	dead	0.0	0.0	0.0	0.0	0.0	0.0	0.0	0.0
dup	None	dead	0.0	0.0	0.0	0.0	0.0	0.0	0.0	0.0
hgt	435	GCA.006969625.1.Bacteria.Proteobacteria	1539.415	0.0	769.7075	1697.37	1381.46	0.0	0.0	848.685
los	None	dead	0.0	0.0	0.0	0.0	0.0	0.0	0.0	0.0
hgt	551	GCA.002746645.1.Bacteria.Proteobacteria	1101.556	0.0	550.778	1279.17	923.942	0.0	0.0	639.585
los	None	dead	0.0	0.0	0.0	0.0	0.0	0.0	0.0	0.0
hgt	None	dead	0.0	0.0	0.0	0.0	0.0	0.0	0.0	0.0
hgt	434	GCA.002898275.1.Bacteria.Proteobacteria	1329.5	0.0	664.75	1502.98	1156.02	0.0	0.0	751.49
los	None	dead	0.0	0.0	0.0	0.0	0.0	0.0	0.0	0.0
hgt	None	dead	0.0	0.0	0.0	0.0	0.0	0.0	0.0	0.0
hgt	455	GCF.900102465.1.Bacteria.Proteobacteria	974.476	0.0	487.238	1138.43	810.522	0.0	0.0	569.215
los	None	dead	0.0	0.0	0.0	0.0	0.0	0.0	0.0	0.0
hgt	None	dead	0.0	0.0	0.0	0.0	0.0	0.0	0.0	0.0
hgt	529	GCA.002420425.1.Bacteria.Proteobacteria	1818.925	0.0	909.4625	2012.28	1625.57	0.0	0.0	1006.14
los	None	dead	0.0	0.0	0.0	0.0	0.0	0.0	0.0	0.0
hgt	None	dead	0.0	0.0	0.0	0.0	0.0	0.0	0.0	0.0
hgt	506	GCA.001464215.1.Bacteria.Proteobacteria	1020.1165	0.0	510.05825	1171.97	868.263	0.0	0.0	585.985
los	None	dead	0.0	0.0	0.0	0.0	0.0	0.0	0.0	0.0
hgt	None	dead	0.0	0.0	0.0	0.0	0.0	0.0	0.0	0.0
hgt	439	GCA.002723345.1.Bacteria.Proteobacteria	1430.985	0.0	715.4925	1588.14	1273.83	0.0	0.0	794.07
los	None	dead	0.0	0.0	0.0	0.0	0.0	0.0	0.0	0.0
spe	510	509	1517.685	1417.44	1467.5625	1658.83	1376.54	1560.37	1274.51	1466.67
spe	509	495	1417.44	1152.21	1284.825	1560.37	1274.51	1304.12	1000.3	1280.335
los	495	GCF.003173035.1.Bacteria.Proteobacteria	1152.21	0.0	576.105	1304.12	1000.3	0.0	0.0	652.06
hgt	None	dead	0.0	0.0	0.0	0.0	0.0	0.0	0.0	0.0
hgt	467	GCF.003258945.1.Bacteria.Proteobacteria	1108.71	0.0	554.355	1267.07	950.35	0.0	0.0	633.535
los	None	dead	0.0	0.0	0.0	0.0	0.0	0.0	0.0	0.0
spe	509	508	1417.44	1290.24	1353.84	1560.37	1274.51	1437.86	1142.62	1351.495
hgt	None	dead	0.0	0.0	0.0	0.0	0.0	0.0	0.0	0.0
los	508	498	1290.24	1143.1505	1216.69525	1437.86	1142.62	1299.85	986.451	1212.1555
hgt	468	GCF.900167455.1.Bacteria.Proteobacteria	1270.185	0.0	635.0925	1420.59	1119.78	0.0	0.0	710.295
los	None	dead	0.0	0.0	0.0	0.0	0.0	0.0	0.0	0.0
spe	508	507	1290.24	1064.673	1177.4565	1437.86	1142.62	1214.52	914.826	1176.343
spe	507	503	1064.673	930.456	997.5645	1214.52	914.826	1085.53	775.382	994.951
los	503	GCA.002280485.1.Bacteria.Proteobacteria	930.456	0.0	465.228	1085.53	775.382	0.0	0.0	542.765
spe	503	501	930.456	746.3765	838.41625	1085.53	775.382	912.334	580.419	832.9745
los	501	GCA.003158585.1.Bacteria.Proteobacteria	746.3765	0.0	373.18825	912.334	580.419	0.0	0.0	456.167
spe	507	506	1064.673	1020.1165	1042.39475	1214.52	914.826	1171.97	868.263	1041.3915
los	506	GCA.001464215.1.Bacteria.Proteobacteria	1020.1165	0.0	510.05825	1171.97	868.263	0.0	0.0	585.985
hgt	469	463	1451.305	1313.945	1382.625	1594.82	1307.79	1461.65	1166.24	1380.53
los	None	dead	0.0	0.0	0.0	0.0	0.0	0.0	0.0	0.0
spe	469	463	1451.305	1313.945	1382.625	1594.82	1307.79	1461.65	1166.24	1380.53
spe	463	462	1313.945	1065.146	1189.5455	1461.65	1166.24	1220.68	909.612	1185.631
los	462	GCF.000315795.1.Bacteria.Proteobacteria	1065.146	0.0	532.573	1220.68	909.612	0.0	0.0	610.34
dup	462	GCF.006980715.1.Bacteria.Proteobacteria	1065.146	0.0	532.573	1220.68	909.612	0.0	0.0	610.34
hgt	None	dead	0.0	0.0	0.0	0.0	0.0	0.0	0.0	0.0
hgt	445	GCA.002717225.1.Bacteria.Proteobacteria	1267.47	0.0	633.735	1430.96	1103.98	0.0	0.0	715.48
los	None	dead	0.0	0.0	0.0	0.0	0.0	0.0	0.0	0.0
spe	950	949	1900.505	1614.375	1757.44	2097.29	1703.72	1837.24	1391.51	1744.4
hgt	None	dead	0.0	0.0	0.0	0.0	0.0	0.0	0.0	0.0
los	949	GCA.002452555.1.Bacteria.Marinisomatota	1614.375	0.0	807.1875	1837.24	1391.51	0.0	0.0	918.62
hgt	801	GCA.002328485.1.Bacteria.Desulfobacterota.G	2073.125	0.0	1036.5625	2289.45	1856.8	0.0	0.0	1144.725
los	None	dead	0.0	0.0	0.0	0.0	0.0	0.0	0.0	0.0
dup	None	dead	0.0	0.0	0.0	0.0	0.0	0.0	0.0	0.0
hgt	1020	GCA.003235575.1.Bacteria.Eisenbacteria	1634.295	0.0	817.1475	1925.35	1343.24	0.0	0.0	962.675
los	None	dead	0.0	0.0	0.0	0.0	0.0	0.0	0.0	0.0
dup	None	dead	0.0	0.0	0.0	0.0	0.0	0.0	0.0	0.0
dup	None	dead	0.0	0.0	0.0	0.0	0.0	0.0	0.0	0.0
hgt	1087	GCA.003535305.1.Bacteria.Bipolaricaulota	1326.12	0.0	663.06	1606.52	1045.72	0.0	0.0	803.26
los	None	dead	0.0	0.0	0.0	0.0	0.0	0.0	0.0	0.0
dup	None	dead	0.0	0.0	0.0	0.0	0.0	0.0	0.0	0.0
hgt	1300	GCA.002418765.1.Bacteria.Firmicutes.B	1565.1	0.0	782.55	1781.13	1349.07	0.0	0.0	890.565
los	None	dead	0.0	0.0	0.0	0.0	0.0	0.0	0.0	0.0
hgt	1292	GCF.001950325.1.Bacteria.Firmicutes.B	1962.37	0.0	981.185	2188.61	1736.13	0.0	0.0	1094.305
los	None	dead	0.0	0.0	0.0	0.0	0.0	0.0	0.0	0.0
hgt	1040	1026	2564.675	2285.975	2425.325	2764.82	2364.53	2553.74	2018.21	2391.515
los	None	dead	0.0	0.0	0.0	0.0	0.0	0.0	0.0	0.0
hgt	None	dead	0.0	0.0	0.0	0.0	0.0	0.0	0.0	0.0
spe	1040	1026	2564.675	2285.975	2425.325	2764.82	2364.53	2553.74	2018.21	2391.515
hgt	None	dead	0.0	0.0	0.0	0.0	0.0	0.0	0.0	0.0
hgt	1218	1216	2879.54	2264.52	2572.03	3061.15	2697.93	2522.36	2006.68	2533.915
los	None	dead	0.0	0.0	0.0	0.0	0.0	0.0	0.0	0.0
spe	1218	1216	2879.54	2264.52	2572.03	3061.15	2697.93	2522.36	2006.68	2533.915
hgt	None	dead	0.0	0.0	0.0	0.0	0.0	0.0	0.0	0.0
spe	1216	1215	2264.52	1572.11	1918.315	2522.36	2006.68	1879.68	1264.54	1893.45
hgt	None	dead	0.0	0.0	0.0	0.0	0.0	0.0	0.0	0.0
los	1215	GCA.003070825.1.Bacteria.Firmicutes.F	1572.11	0.0	786.055	1879.68	1264.54	0.0	0.0	939.84
hgt	1317	GCA.002398485.1.Bacteria.Firmicutes.B	1219.28	0.0	609.64	1424.03	1014.53	0.0	0.0	712.015
los	None	dead	0.0	0.0	0.0	0.0	0.0	0.0	0.0	0.0
hgt	1271	1259	1904.435	1830.34	1867.3875	2085.31	1723.56	2010.68	1650.0	1867.655
los	None	dead	0.0	0.0	0.0	0.0	0.0	0.0	0.0	0.0
spe	1271	1259	1904.435	1830.34	1867.3875	2085.31	1723.56	2010.68	1650.0	1867.655
spe	1259	1253	1830.34	1684.93	1757.635	2010.68	1650.0	1873.49	1496.37	1753.525
spe	1253	1252	1684.93	1492.085	1588.5075	1873.49	1496.37	1682.67	1301.5	1587.495
hgt	None	dead	0.0	0.0	0.0	0.0	0.0	0.0	0.0	0.0
los	1252	1251	1492.085	1313.25	1402.6675	1682.67	1301.5	1519.57	1106.93	1394.8
hgt	883	GCA.000961655.1.Bacteria.Desulfobacterota	1441.77	0.0	720.885	1657.06	1226.48	0.0	0.0	828.53
los	None	dead	0.0	0.0	0.0	0.0	0.0	0.0	0.0	0.0
hgt	None	dead	0.0	0.0	0.0	0.0	0.0	0.0	0.0	0.0
los	1253	GCF.900142265.1.Bacteria.Firmicutes.A	1684.93	0.0	842.465	1873.49	1496.37	0.0	0.0	936.745
hgt	1350	GCF.001742305.1.Bacteria.Firmicutes	1409.0	0.0	704.5	1596.52	1221.48	0.0	0.0	798.26
los	None	dead	0.0	0.0	0.0	0.0	0.0	0.0	0.0	0.0
hgt	None	dead	0.0	0.0	0.0	0.0	0.0	0.0	0.0	0.0
hgt	1312	GCF.000019165.1.Bacteria.Firmicutes.B	1521.75	0.0	760.875	1739.03	1304.47	0.0	0.0	869.515
los	None	dead	0.0	0.0	0.0	0.0	0.0	0.0	0.0	0.0
hgt	None	dead	0.0	0.0	0.0	0.0	0.0	0.0	0.0	0.0
hgt	1287	1285	1455.455	1344.265	1399.86	1682.3	1228.61	1565.83	1122.7	1402.5
los	None	dead	0.0	0.0	0.0	0.0	0.0	0.0	0.0	0.0
spe	1287	1285	1455.455	1344.265	1399.86	1682.3	1228.61	1565.83	1122.7	1402.5
spe	1285	1284	1344.265	1051.609	1197.937	1565.83	1122.7	1266.32	836.898	1201.364
los	1284	GCF.000425045.1.Bacteria.Firmicutes.C	1051.609	0.0	525.8045	1266.32	836.898	0.0	0.0	633.16
spe	1285	1281	1344.265	1116.4885	1230.37675	1565.83	1122.7	1331.85	901.127	1233.4785
spe	1281	1280	1116.4885	953.42	1034.95425	1331.85	901.127	1163.28	743.56	1037.705
los	1280	GCF.900104455.1.Bacteria.Firmicutes.C	953.42	0.0	476.71	1163.28	743.56	0.0	0.0	581.64
hgt	None	dead	0.0	0.0	0.0	0.0	0.0	0.0	0.0	0.0
hgt	1300	GCF.000620305.1.Bacteria.Firmicutes.B	1565.1	0.0	782.55	1781.13	1349.07	0.0	0.0	890.565
los	None	dead	0.0	0.0	0.0	0.0	0.0	0.0	0.0	0.0
spe	1259	1258	1830.34	1568.675	1699.5075	2010.68	1650.0	1758.42	1378.93	1694.805
spe	1258	1257	1568.675	1358.965	1463.82	1758.42	1378.93	1587.69	1130.24	1444.33
los	1257	GCA.002297185.1.Bacteria.Firmicutes.A	1358.965	0.0	679.4825	1587.69	1130.24	0.0	0.0	793.845
hgt	None	dead	0.0	0.0	0.0	0.0	0.0	0.0	0.0	0.0
hgt	136	GCA.000375685.1.Archaea.Thermoproteota	2332.2	0.0	1166.1	2572.88	2091.52	0.0	0.0	1286.44
los	None	dead	0.0	0.0	0.0	0.0	0.0	0.0	0.0	0.0
hgt	None	dead	0.0	0.0	0.0	0.0	0.0	0.0	0.0	0.0
hgt	None	dead	0.0	0.0	0.0	0.0	0.0	0.0	0.0	0.0
dup	None	dead	0.0	0.0	0.0	0.0	0.0	0.0	0.0	0.0
hgt	489	GCA.002701885.1.Bacteria.Proteobacteria	1225.83	0.0	612.915	1388.27	1063.39	0.0	0.0	694.135
los	None	dead	0.0	0.0	0.0	0.0	0.0	0.0	0.0	0.0
dup	None	dead	0.0	0.0	0.0	0.0	0.0	0.0	0.0	0.0
hgt	147	GCA.001940725.1.Archaea.Asgardarchaeota	2129.97	0.0	1064.985	2400.45	1859.49	0.0	0.0	1200.225
los	None	dead	0.0	0.0	0.0	0.0	0.0	0.0	0.0	0.0
hgt	60	GCF.002078355.1.Archaea.Thermoplasmatota	1729.97	0.0	864.985	1959.88	1500.06	0.0	0.0	979.94
los	None	dead	0.0	0.0	0.0	0.0	0.0	0.0	0.0	0.0
hgt	517	GCA.002937675.1.Bacteria.Proteobacteria	2211.17	0.0	1105.585	2354.98	2067.36	0.0	0.0	1177.49
los	None	dead	0.0	0.0	0.0	0.0	0.0	0.0	0.0	0.0
hgt	None	dead	0.0	0.0	0.0	0.0	0.0	0.0	0.0	0.0
hgt	1063	1061	1808.72	1460.525	1634.6225	2124.28	1493.16	1770.55	1150.5	1637.39
los	None	dead	0.0	0.0	0.0	0.0	0.0	0.0	0.0	0.0
spe	1063	1061	1808.72	1460.525	1634.6225	2124.28	1493.16	1770.55	1150.5	1637.39
hgt	None	dead	0.0	0.0	0.0	0.0	0.0	0.0	0.0	0.0
hgt	674	GCA.002747255.1.Bacteria.Acidobacteriota	1948.825	0.0	974.4125	2211.19	1686.46	0.0	0.0	1105.595
los	None	dead	0.0	0.0	0.0	0.0	0.0	0.0	0.0	0.0
hgt	None	dead	0.0	0.0	0.0	0.0	0.0	0.0	0.0	0.0
hgt	107	GCA.003019535.1.Archaea.Thermoproteota	1874.74	0.0	937.37	2176.29	1573.19	0.0	0.0	1088.145
los	None	dead	0.0	0.0	0.0	0.0	0.0	0.0	0.0	0.0
hgt	None	dead	0.0	0.0	0.0	0.0	0.0	0.0	0.0	0.0
hgt	199	GCA.003527405.1.Bacteria.Atribacterota	2720.74	0.0	1360.37	2969.79	2471.69	0.0	0.0	1484.895
los	None	dead	0.0	0.0	0.0	0.0	0.0	0.0	0.0	0.0
hgt	None	dead	0.0	0.0	0.0	0.0	0.0	0.0	0.0	0.0
hgt	862	861	1779.145	1645.455	1712.3	1993.79	1564.5	1870.52	1420.39	1707.09
los	None	dead	0.0	0.0	0.0	0.0	0.0	0.0	0.0	0.0
spe	862	861	1779.145	1645.455	1712.3	1993.79	1564.5	1870.52	1420.39	1707.09
hgt	None	dead	0.0	0.0	0.0	0.0	0.0	0.0	0.0	0.0
hgt	274	GCA.000406005.1.Bacteria.Poribacteria	2118.375	0.0	1059.1875	2473.84	1762.91	0.0	0.0	1236.92
los	None	dead	0.0	0.0	0.0	0.0	0.0	0.0	0.0	0.0
dup	None	dead	0.0	0.0	0.0	0.0	0.0	0.0	0.0	0.0
hgt	1240	GCA.002376045.1.Bacteria.Firmicutes.A	2224.995	0.0	1112.4975	2447.68	2002.31	0.0	0.0	1223.84
los	None	dead	0.0	0.0	0.0	0.0	0.0	0.0	0.0	0.0
dup	None	dead	0.0	0.0	0.0	0.0	0.0	0.0	0.0	0.0
hgt	1245	GCA.002399285.1.Bacteria.Firmicutes.A	1615.79	0.0	807.895	1837.85	1393.73	0.0	0.0	918.925
los	None	dead	0.0	0.0	0.0	0.0	0.0	0.0	0.0	0.0
dup	None	dead	0.0	0.0	0.0	0.0	0.0	0.0	0.0	0.0
hgt	1315	GCF.002224645.1.Bacteria.Firmicutes.B	1023.5775	0.0	511.78875	1225.27	821.885	0.0	0.0	612.635
los	None	dead	0.0	0.0	0.0	0.0	0.0	0.0	0.0	0.0
hgt	380	GCA.002406055.1.Bacteria.Spirochaetota	1365.355	0.0	682.6775	1618.24	1112.47	0.0	0.0	809.12
los	None	dead	0.0	0.0	0.0	0.0	0.0	0.0	0.0	0.0
hgt	1210	1209	2781.0	2390.265	2585.6325	2987.0	2575.0	2661.11	2119.42	2553.21
los	None	dead	0.0	0.0	0.0	0.0	0.0	0.0	0.0	0.0
hgt	None	dead	0.0	0.0	0.0	0.0	0.0	0.0	0.0	0.0
hgt	1233	GCA.002291985.1.Bacteria.Firmicutes.E	1501.49	0.0	750.745	1760.32	1242.66	0.0	0.0	880.16
los	None	dead	0.0	0.0	0.0	0.0	0.0	0.0	0.0	0.0
spe	1210	1209	2781.0	2390.265	2585.6325	2987.0	2575.0	2661.11	2119.42	2553.21
spe	1209	1208	2390.265	2182.765	2286.515	2661.11	2119.42	2489.07	1876.46	2268.785
los	1208	GCA.900016865.1.Bacteria.Firmicutes.G	2182.765	0.0	1091.3825	2489.07	1876.46	0.0	0.0	1244.535
