event	left_node	right_node	left_date	right_date	midpoint_date	left_date_lower	left_date_upper	right_date_lower	right_date_upper	midpoint_date_all
spe	889	888	2701.575	2515.76	2608.6675	2862.5	2540.65	2689.37	2342.15	2602.325
hgt	1645	GCF.000212395.1.Bacteria.Thermodesulfobiota	3111.405	0.0	1555.7025	3340.86	2881.95	0.0	0.0	1670.43
spe	888	887	2515.76	2332.115	2423.9375	2689.37	2342.15	2510.45	2153.78	2421.575
hgt	None	dead	0.0	0.0	0.0	0.0	0.0	0.0	0.0	0.0
hgt	866	GCA.002877985.1.Bacteria.Desulfobacterota	1421.715	0.0	710.8575	1644.35	1199.08	0.0	0.0	822.175
los	None	dead	0.0	0.0	0.0	0.0	0.0	0.0	0.0	0.0
hgt	None	dead	0.0	0.0	0.0	0.0	0.0	0.0	0.0	0.0
hgt	837	GCA.001768075.1.Bacteria.Myxococcota	1633.315	0.0	816.6575	1837.63	1429.0	0.0	0.0	918.815
los	None	dead	0.0	0.0	0.0	0.0	0.0	0.0	0.0	0.0
spe	887	886	2332.115	2067.29	2199.7025	2510.45	2153.78	2248.32	1886.26	2198.355
hgt	None	dead	0.0	0.0	0.0	0.0	0.0	0.0	0.0	0.0
hgt	871	GCA.007244385.1.Bacteria.Desulfobacterota	1532.675	0.0	766.3375	1744.25	1321.1	0.0	0.0	872.125
los	None	dead	0.0	0.0	0.0	0.0	0.0	0.0	0.0	0.0
spe	886	885	2067.29	1945.59	2006.44	2248.32	1886.26	2133.66	1757.52	2002.92
spe	885	877	1945.59	1826.365	1885.9775	2133.66	1757.52	2034.01	1618.72	1876.19
los	877	GCA.001797675.1.Bacteria.Desulfobacterota	1826.365	0.0	913.1825	2034.01	1618.72	0.0	0.0	1017.005
spe	885	884	1945.59	1824.105	1884.8475	2133.66	1757.52	2015.87	1632.34	1883.0
los	884	880	1824.105	1550.835	1687.47	2015.87	1632.34	1763.87	1337.8	1676.835
spe	884	883	1824.105	1441.77	1632.9375	2015.87	1632.34	1657.06	1226.48	1621.175
los	883	GCA.001751085.1.Bacteria.Desulfobacterota	1441.77	0.0	720.885	1657.06	1226.48	0.0	0.0	828.53
spe	886	874	2067.29	1965.97	2016.63	2248.32	1886.26	2151.74	1780.2	2014.26
spe	874	873	1965.97	1792.01	1878.99	2151.74	1780.2	1991.39	1592.63	1872.185
los	873	871	1792.01	1532.675	1662.3425	1991.39	1592.63	1744.25	1321.1	1656.245
spe	874	868	1965.97	1758.21	1862.09	2151.74	1780.2	1962.57	1553.85	1852.795
los	868	866	1758.21	1421.715	1589.9625	1962.57	1553.85	1644.35	1199.08	1580.825
spe	887	863	2332.115	2111.78	2221.9475	2510.45	2153.78	2305.71	1917.85	2214.15
los	863	862	2111.78	1779.145	1945.4625	2305.71	1917.85	1993.79	1564.5	1935.105
spe	863	857	2111.78	1980.505	2046.1425	2305.71	1917.85	2203.95	1757.06	2031.385
hgt	None	dead	0.0	0.0	0.0	0.0	0.0	0.0	0.0	0.0
los	857	GCA.001830835.1.Bacteria.Desulfobacterota	1980.505	0.0	990.2525	2203.95	1757.06	0.0	0.0	1101.975
hgt	885	877	1945.59	1826.365	1885.9775	2133.66	1757.52	2034.01	1618.72	1876.19
los	None	dead	0.0	0.0	0.0	0.0	0.0	0.0	0.0	0.0
spe	885	877	1945.59	1826.365	1885.9775	2133.66	1757.52	2034.01	1618.72	1876.19
hgt	871	GCA.007244385.1.Bacteria.Desulfobacterota	1532.675	0.0	766.3375	1744.25	1321.1	0.0	0.0	872.125
hgt	883	GCA.000961655.1.Bacteria.Desulfobacterota	1441.77	0.0	720.885	1657.06	1226.48	0.0	0.0	828.53
hgt	1312	GCF.002607855.1.Bacteria.Firmicutes.B	1521.75	0.0	760.875	1739.03	1304.47	0.0	0.0	869.515
spe	888	854	2515.76	2344.965	2430.3625	2689.37	2342.15	2529.94	2159.99	2424.68
los	854	853	2344.965	2065.005	2204.985	2529.94	2159.99	2302.51	1827.5	2178.72
spe	854	850	2344.965	2301.83	2323.3975	2529.94	2159.99	2492.34	2111.32	2320.63
spe	850	849	2301.83	1938.415	2120.1225	2492.34	2111.32	2174.57	1702.26	2097.3
los	849	GCA.001896555.1.Bacteria.Desulfobacterota	1938.415	0.0	969.2075	2174.57	1702.26	0.0	0.0	1087.285
hgt	None	dead	0.0	0.0	0.0	0.0	0.0	0.0	0.0	0.0
hgt	1326	1325	2448.67	2256.125	2352.3975	2619.66	2277.68	2432.87	2079.38	2349.52
hgt	1333	GCF.900111575.1.Bacteria.Firmicutes.D	2115.765	0.0	1057.8825	2320.01	1911.52	0.0	0.0	1160.005
los	None	dead	0.0	0.0	0.0	0.0	0.0	0.0	0.0	0.0
dup	1326	1325	2448.67	2256.125	2352.3975	2619.66	2277.68	2432.87	2079.38	2349.52
spe	1326	1325	2448.67	2256.125	2352.3975	2619.66	2277.68	2432.87	2079.38	2349.52
los	1325	1297	2256.125	1985.275	2120.7	2432.87	2079.38	2195.62	1774.93	2103.9
spe	1325	1324	2256.125	2152.01	2204.0675	2432.87	2079.38	2327.59	1976.43	2204.65
spe	1324	1323	2152.01	2061.88	2106.945	2327.59	1976.43	2241.44	1882.32	2104.955
hgt	None	dead	0.0	0.0	0.0	0.0	0.0	0.0	0.0	0.0
los	1323	1319	2061.88	1933.46	1997.67	2241.44	1882.32	2119.98	1746.94	1994.19
hgt	1473	GCA.001443375.1.Bacteria.Chloroflexota	1423.81	0.0	711.905	1699.81	1147.81	0.0	0.0	849.905
hgt	769	GCA.001798135.1.Bacteria.UBA10199	1907.64	0.0	953.82	2101.44	1713.84	0.0	0.0	1050.72
los	None	dead	0.0	0.0	0.0	0.0	0.0	0.0	0.0	0.0
hgt	1469	GCA.001898225.1.Bacteria.Chloroflexota	1964.555	0.0	982.2775	2217.5	1711.61	0.0	0.0	1108.75
hgt	736	GCA.001803795.1.Bacteria.Nitrospirota	1883.24	0.0	941.62	2143.89	1622.59	0.0	0.0	1071.945
spe	1323	1322	2061.88	1700.81	1881.345	2241.44	1882.32	1909.29	1492.33	1866.885
hgt	955	GCA.001769655.1.Bacteria.Bacteroidota	1094.6025	0.0	547.30125	1285.5	903.705	0.0	0.0	642.75
hgt	1004	GCA.002791595.1.Bacteria.Zixibacteria	1511.205	0.0	755.6025	1770.4	1252.01	0.0	0.0	885.2
los	1322	GCA.001512665.1.Bacteria.Firmicutes.B	1700.81	0.0	850.405	1909.29	1492.33	0.0	0.0	954.645
hgt	None	dead	0.0	0.0	0.0	0.0	0.0	0.0	0.0	0.0
hgt	1350	GCF.001742305.1.Bacteria.Firmicutes	1409.0	0.0	704.5	1596.52	1221.48	0.0	0.0	798.26
los	None	dead	0.0	0.0	0.0	0.0	0.0	0.0	0.0	0.0
spe	1324	1308	2152.01	1925.235	2038.6225	2327.59	1976.43	2113.94	1736.53	2032.06
los	1308	1300	1925.235	1565.1	1745.1675	2113.94	1736.53	1781.13	1349.07	1731.505
spe	1308	1307	1925.235	1703.5	1814.3675	2113.94	1736.53	1894.89	1512.11	1813.025
los	1307	1305	1703.5	1518.03	1610.765	1894.89	1512.11	1722.41	1313.65	1604.27
dup	1307	GCA.000987045.1.Bacteria.Firmicutes.B	1703.5	0.0	851.75	1894.89	1512.11	0.0	0.0	947.445
hgt	603	GCA.002085445.1.Bacteria.Proteobacteria	1669.485	0.0	834.7425	1811.47	1527.5	0.0	0.0	905.735
hgt	1439	GCF.900187885.1.Bacteria.Chloroflexota	1555.635	0.0	777.8175	1768.59	1342.68	0.0	0.0	884.295
hgt	732	GCA.002011735.1.Bacteria.Nitrospirota	1418.365	0.0	709.1825	1679.42	1157.31	0.0	0.0	839.71
dup	1307	GCA.000987045.1.Bacteria.Firmicutes.B	1703.5	0.0	851.75	1894.89	1512.11	0.0	0.0	947.445
hgt	749	GCA.003229375.1.Bacteria.Nitrospinota	1781.81	0.0	890.905	2044.22	1519.4	0.0	0.0	1022.11
dup	749	GCA.003229375.1.Bacteria.Nitrospinota	1781.81	0.0	890.905	2044.22	1519.4	0.0	0.0	1022.11
hgt	None	dead	0.0	0.0	0.0	0.0	0.0	0.0	0.0	0.0
hgt	1173	GCA.002897715.1.Bacteria.Actinobacteriota	1615.325	0.0	807.6625	1879.87	1350.78	0.0	0.0	939.935
hgt	None	dead	0.0	0.0	0.0	0.0	0.0	0.0	0.0	0.0
hgt	736	GCA.003454665.1.Bacteria.Nitrospirota	1883.24	0.0	941.62	2143.89	1622.59	0.0	0.0	1071.945
hgt	386	GCA.002450905.1.Bacteria.Spirochaetota	2009.02	0.0	1004.51	2288.32	1729.72	0.0	0.0	1144.16
los	None	dead	0.0	0.0	0.0	0.0	0.0	0.0	0.0	0.0
hgt	1119	GCA.002779825.1.Bacteria.Armatimonadota	2017.9	0.0	1008.95	2337.68	1698.12	0.0	0.0	1168.84
hgt	275	GCA.001784175.1.Bacteria.Lindowbacteria	2878.805	0.0	1439.4025	3143.08	2614.53	0.0	0.0	1571.54
los	None	dead	0.0	0.0	0.0	0.0	0.0	0.0	0.0	0.0
hgt	1173	GCA.002897715.1.Bacteria.Actinobacteriota	1615.325	0.0	807.6625	1879.87	1350.78	0.0	0.0	939.935
hgt	None	dead	0.0	0.0	0.0	0.0	0.0	0.0	0.0	0.0
hgt	None	dead	0.0	0.0	0.0	0.0	0.0	0.0	0.0	0.0
hgt	892	GCA.001873285.1.Bacteria.CG2.30.53.67	2160.3	0.0	1080.15	2442.6	1878.0	0.0	0.0	1221.3
hgt	753	GCA.001803565.1.Bacteria.Nitrospinota.B	2099.055	0.0	1049.5275	2342.98	1855.13	0.0	0.0	1171.49
los	None	dead	0.0	0.0	0.0	0.0	0.0	0.0	0.0	0.0
hgt	733	GCA.003235715.1.Bacteria.Nitrospirota	1662.33	0.0	831.165	1919.68	1404.98	0.0	0.0	959.84
hgt	1166	GCF.004348535.1.Bacteria.Actinobacteriota	1472.335	0.0	736.1675	1697.69	1246.98	0.0	0.0	848.845
hgt	727	GCA.001803815.1.Bacteria.Nitrospirota	1801.01	0.0	900.505	2055.82	1546.2	0.0	0.0	1027.91
hgt	193	GCA.001873945.1.Bacteria.UBA9089	2415.11	0.0	1207.555	2728.71	2101.51	0.0	0.0	1364.355
los	None	dead	0.0	0.0	0.0	0.0	0.0	0.0	0.0	0.0
hgt	636	GCA.002840095.1.Bacteria.Proteobacteria	1603.01	0.0	801.505	1754.71	1451.31	0.0	0.0	877.355
hgt	1355	GCF.004522215.1.Bacteria.Firmicutes	1273.085	0.0	636.5425	1444.33	1101.84	0.0	0.0	722.165
hgt	861	GCA.001304105.1.Bacteria.Desulfobacterota	1645.455	0.0	822.7275	1870.52	1420.39	0.0	0.0	935.26
hgt	None	dead	0.0	0.0	0.0	0.0	0.0	0.0	0.0	0.0
hgt	128	GCA.002011075.1.Archaea.Thermoproteota	930.467	0.0	465.2335	1201.25	659.684	0.0	0.0	600.625
los	None	dead	0.0	0.0	0.0	0.0	0.0	0.0	0.0	0.0
hgt	None	dead	0.0	0.0	0.0	0.0	0.0	0.0	0.0	0.0
hgt	1449	GCA.002400365.1.Bacteria.Chloroflexota	1891.395	0.0	945.6975	2134.97	1647.82	0.0	0.0	1067.485
los	None	dead	0.0	0.0	0.0	0.0	0.0	0.0	0.0	0.0
spe	1326	1325	2448.67	2256.125	2352.3975	2619.66	2277.68	2432.87	2079.38	2349.52
hgt	None	dead	0.0	0.0	0.0	0.0	0.0	0.0	0.0	0.0
hgt	849	GCF.000266945.1.Bacteria.Desulfobacterota	1938.415	0.0	969.2075	2174.57	1702.26	0.0	0.0	1087.285
los	None	dead	0.0	0.0	0.0	0.0	0.0	0.0	0.0	0.0
hgt	None	dead	0.0	0.0	0.0	0.0	0.0	0.0	0.0	0.0
hgt	1444	GCA.003451595.1.Bacteria.Chloroflexota	1539.09	0.0	769.545	1770.71	1307.47	0.0	0.0	885.355
los	None	dead	0.0	0.0	0.0	0.0	0.0	0.0	0.0	0.0
hgt	None	dead	0.0	0.0	0.0	0.0	0.0	0.0	0.0	0.0
hgt	None	dead	0.0	0.0	0.0	0.0	0.0	0.0	0.0	0.0
hgt	1350	GCF.001742305.1.Bacteria.Firmicutes	1409.0	0.0	704.5	1596.52	1221.48	0.0	0.0	798.26
los	None	dead	0.0	0.0	0.0	0.0	0.0	0.0	0.0	0.0
spe	1325	1324	2256.125	2152.01	2204.0675	2432.87	2079.38	2327.59	1976.43	2204.65
spe	1324	1308	2152.01	1925.235	2038.6225	2327.59	1976.43	2113.94	1736.53	2032.06
los	1308	1307	1925.235	1703.5	1814.3675	2113.94	1736.53	1894.89	1512.11	1813.025
spe	1308	1300	1925.235	1565.1	1745.1675	2113.94	1736.53	1781.13	1349.07	1731.505
los	1300	GCA.002418765.1.Bacteria.Firmicutes.B	1565.1	0.0	782.55	1781.13	1349.07	0.0	0.0	890.565
spe	1324	1323	2152.01	2061.88	2106.945	2327.59	1976.43	2241.44	1882.32	2104.955
los	1323	1319	2061.88	1933.46	1997.67	2241.44	1882.32	2119.98	1746.94	1994.19
hgt	None	dead	0.0	0.0	0.0	0.0	0.0	0.0	0.0	0.0
hgt	1287	GCA.002329525.1.Bacteria.Firmicutes.C	1455.455	0.0	727.7275	1682.3	1228.61	0.0	0.0	841.15
los	None	dead	0.0	0.0	0.0	0.0	0.0	0.0	0.0	0.0
spe	1323	1322	2061.88	1700.81	1881.345	2241.44	1882.32	1909.29	1492.33	1866.885
los	1322	GCA.001512665.1.Bacteria.Firmicutes.B	1700.81	0.0	850.405	1909.29	1492.33	0.0	0.0	954.645
hgt	1384	1383	2053.965	1928.425	1991.195	2227.59	1880.34	2100.2	1756.65	1992.12
los	None	dead	0.0	0.0	0.0	0.0	0.0	0.0	0.0	0.0
spe	1384	1383	2053.965	1928.425	1991.195	2227.59	1880.34	2100.2	1756.65	1992.12
spe	1383	1341	1928.425	1562.96	1745.6925	2100.2	1756.65	1772.81	1353.11	1726.655
los	1341	GCF.001311905.1.Bacteria.Firmicutes	1562.96	0.0	781.48	1772.81	1353.11	0.0	0.0	886.405
spe	1383	1382	1928.425	1812.955	1870.69	2100.2	1756.65	1984.88	1641.03	1870.615
los	1382	1344	1812.955	1531.325	1672.14	1984.88	1641.03	1719.64	1343.01	1663.945
dup	1382	1381	1812.955	1697.085	1755.02	1984.88	1641.03	1866.73	1527.44	1756.16
spe	1382	1381	1812.955	1697.085	1755.02	1984.88	1641.03	1866.73	1527.44	1756.16
spe	1381	1380	1697.085	1588.96	1643.0225	1866.73	1527.44	1755.87	1422.05	1644.39
los	1380	1379	1588.96	1514.47	1551.715	1755.87	1422.05	1680.25	1348.69	1552.28
spe	1381	1351	1697.085	1602.01	1649.5475	1866.73	1527.44	1773.61	1430.41	1648.57
los	1351	1350	1602.01	1409.0	1505.505	1773.61	1430.41	1596.52	1221.48	1497.545
spe	1351	1347	1602.01	1294.365	1448.1875	1773.61	1430.41	1476.68	1112.05	1442.83
los	1347	GCF.900099895.1.Bacteria.Firmicutes	1294.365	0.0	647.1825	1476.68	1112.05	0.0	0.0	738.34
spe	1382	1381	1812.955	1697.085	1755.02	1984.88	1641.03	1866.73	1527.44	1756.16
spe	1381	1380	1697.085	1588.96	1643.0225	1866.73	1527.44	1755.87	1422.05	1644.39
los	1380	1379	1588.96	1514.47	1551.715	1755.87	1422.05	1680.25	1348.69	1552.28
spe	1381	1351	1697.085	1602.01	1649.5475	1866.73	1527.44	1773.61	1430.41	1648.57
spe	1351	1350	1602.01	1409.0	1505.505	1773.61	1430.41	1596.52	1221.48	1497.545
los	1350	GCF.000942395.1.Bacteria.Firmicutes	1409.0	0.0	704.5	1596.52	1221.48	0.0	0.0	798.26
spe	1351	1347	1602.01	1294.365	1448.1875	1773.61	1430.41	1476.68	1112.05	1442.83
los	1347	GCF.900099895.1.Bacteria.Firmicutes	1294.365	0.0	647.1825	1476.68	1112.05	0.0	0.0	738.34
spe	1325	1297	2256.125	1985.275	2120.7	2432.87	2079.38	2195.62	1774.93	2103.9
los	1297	GCA.002329495.1.Bacteria.Firmicutes.B	1985.275	0.0	992.6375	2195.62	1774.93	0.0	0.0	1097.81
hgt	None	dead	0.0	0.0	0.0	0.0	0.0	0.0	0.0	0.0
spe	1297	1296	1985.275	1805.085	1895.18	2195.62	1774.93	2032.76	1577.41	1886.515
los	1296	GCA.001513545.1.Bacteria.Firmicutes.B	1805.085	0.0	902.5425	2032.76	1577.41	0.0	0.0	1016.38
hgt	1292	GCF.001950325.1.Bacteria.Firmicutes.B	1962.37	0.0	981.185	2188.61	1736.13	0.0	0.0	1094.305
los	None	dead	0.0	0.0	0.0	0.0	0.0	0.0	0.0	0.0
hgt	None	dead	0.0	0.0	0.0	0.0	0.0	0.0	0.0	0.0
hgt	892	GCA.001873285.1.Bacteria.CG2.30.53.67	2160.3	0.0	1080.15	2442.6	1878.0	0.0	0.0	1221.3
hgt	1307	GCA.000987045.1.Bacteria.Firmicutes.B	1703.5	0.0	851.75	1894.89	1512.11	0.0	0.0	947.445
los	None	dead	0.0	0.0	0.0	0.0	0.0	0.0	0.0	0.0
hgt	1020	GCA.001780165.1.Bacteria.Eisenbacteria	1634.295	0.0	817.1475	1925.35	1343.24	0.0	0.0	962.675
hgt	1437	GCA.002702065.1.Bacteria.Chloroflexota	1218.17	0.0	609.085	1425.69	1010.65	0.0	0.0	712.845
spe	850	846	2301.83	2027.01	2164.42	2492.34	2111.32	2255.26	1798.76	2145.55
los	846	GCA.002327765.1.Bacteria.Desulfobacterota.E	2027.01	0.0	1013.505	2255.26	1798.76	0.0	0.0	1127.63
hgt	839	838	2107.47	1933.55	2020.51	2276.96	1937.98	2107.41	1759.69	2018.325
hgt	None	dead	0.0	0.0	0.0	0.0	0.0	0.0	0.0	0.0
hgt	659	GCF.000021725.1.Bacteria.Campylobacterota	1482.555	0.0	741.2775	1819.93	1145.18	0.0	0.0	909.965
los	None	dead	0.0	0.0	0.0	0.0	0.0	0.0	0.0	0.0
hgt	None	dead	0.0	0.0	0.0	0.0	0.0	0.0	0.0	0.0
hgt	396	GCF.000177635.2.Bacteria.Chrysiogenota	2626.695	0.0	1313.3475	2851.47	2401.92	0.0	0.0	1425.735
hgt	674	GCA.002298155.1.Bacteria.Acidobacteriota	1948.825	0.0	974.4125	2211.19	1686.46	0.0	0.0	1105.595
los	None	dead	0.0	0.0	0.0	0.0	0.0	0.0	0.0	0.0
spe	839	838	2107.47	1933.55	2020.51	2276.96	1937.98	2107.41	1759.69	2018.325
hgt	None	dead	0.0	0.0	0.0	0.0	0.0	0.0	0.0	0.0
spe	838	834	1933.55	1863.715	1898.6325	2107.41	1759.69	2045.73	1681.7	1894.555
los	834	832	1863.715	1622.625	1743.17	2045.73	1681.7	1826.38	1418.87	1732.3
hgt	None	dead	0.0	0.0	0.0	0.0	0.0	0.0	0.0	0.0
hgt	992	GCF.001886815.1.Bacteria.Calditrichota	1729.195	0.0	864.5975	1962.87	1495.52	0.0	0.0	981.435
hgt	332	GCA.002704825.1.Bacteria.Planctomycetota	1016.322	0.0	508.161	1225.76	806.884	0.0	0.0	612.88
hgt	949	GCA.001872685.1.Bacteria.Marinisomatota	1614.375	0.0	807.1875	1837.24	1391.51	0.0	0.0	918.62
los	None	dead	0.0	0.0	0.0	0.0	0.0	0.0	0.0	0.0
hgt	987	GCA.002085355.1.Bacteria.KSB1	1590.355	0.0	795.1775	1826.96	1353.75	0.0	0.0	913.48
hgt	None	dead	0.0	0.0	0.0	0.0	0.0	0.0	0.0	0.0
hgt	686	GCA.002451015.1.Bacteria.Acidobacteriota	1699.78	0.0	849.89	1911.59	1487.97	0.0	0.0	955.795
los	None	dead	0.0	0.0	0.0	0.0	0.0	0.0	0.0	0.0
hgt	None	dead	0.0	0.0	0.0	0.0	0.0	0.0	0.0	0.0
hgt	807	GCA.002789955.1.Bacteria.Myxococcota	1533.145	0.0	766.5725	1724.66	1341.63	0.0	0.0	862.33
los	None	dead	0.0	0.0	0.0	0.0	0.0	0.0	0.0	0.0
hgt	837	GCA.001768075.1.Bacteria.Myxococcota	1633.315	0.0	816.6575	1837.63	1429.0	0.0	0.0	918.815
hgt	706	704	1817.88	1616.3	1717.09	2043.39	1592.37	1839.91	1392.69	1718.04
hgt	1439	GCF.900187885.1.Bacteria.Chloroflexota	1555.635	0.0	777.8175	1768.59	1342.68	0.0	0.0	884.295
hgt	1444	GCA.003451595.1.Bacteria.Chloroflexota	1539.09	0.0	769.545	1770.71	1307.47	0.0	0.0	885.355
los	None	dead	0.0	0.0	0.0	0.0	0.0	0.0	0.0	0.0
spe	706	704	1817.88	1616.3	1717.09	2043.39	1592.37	1839.91	1392.69	1718.04
spe	704	702	1616.3	1354.27	1485.285	1839.91	1392.69	1586.23	1122.31	1481.11
los	702	GCA.003223635.1.Bacteria.Acidobacteriota	1354.27	0.0	677.135	1586.23	1122.31	0.0	0.0	793.115
spe	838	837	1933.55	1633.315	1783.4325	2107.41	1759.69	1837.63	1429.0	1768.205
hgt	868	GCA.002347095.1.Bacteria.Desulfobacterota	1758.21	0.0	879.105	1962.57	1553.85	0.0	0.0	981.285
los	837	GCA.002309015.1.Bacteria.Myxococcota	1633.315	0.0	816.6575	1837.63	1429.0	0.0	0.0	918.815
hgt	826	GCA.002747355.1.Bacteria.Myxococcota	1516.045	0.0	758.0225	1693.77	1338.32	0.0	0.0	846.885
