event	left_node	right_node	left_date	right_date	midpoint_date	left_date_lower	left_date_upper	right_date_lower	right_date_upper	midpoint_date_all
spe	1045	1044	3272.33	3049.955	3161.1425	3416.5	3128.16	3206.78	2893.13	3154.815
spe	1044	936	3049.955	2851.625	2950.79	3206.78	2893.13	3043.2	2660.05	2933.415
los	936	935	2851.625	2109.88	2480.7525	3043.2	2660.05	2366.86	1852.9	2448.05
spe	936	926	2851.625	2372.335	2611.98	3043.2	2660.05	2644.81	2099.86	2571.53
spe	926	924	2372.335	1862.1	2117.2175	2644.81	2099.86	2200.32	1523.88	2084.345
dup	924	GCA.003221825.1.Bacteria.Gemmatimonadota	1862.1	0.0	931.05	2200.32	1523.88	0.0	0.0	1100.16
hgt	None	dead	0.0	0.0	0.0	0.0	0.0	0.0	0.0	0.0
los	926	GCA.001780825.1.Bacteria.Gemmatimonadota	2372.335	0.0	1186.1675	2644.81	2099.86	0.0	0.0	1322.405
dup	None	dead	0.0	0.0	0.0	0.0	0.0	0.0	0.0	0.0
hgt	692	GCA.003140235.1.Bacteria.Acidobacteriota	1141.9465	0.0	570.97325	1341.08	942.813	0.0	0.0	670.54
los	None	dead	0.0	0.0	0.0	0.0	0.0	0.0	0.0	0.0
hgt	1113	1109	2606.93	2159.355	2383.1425	2864.7	2349.16	2458.0	1860.71	2362.705
los	None	dead	0.0	0.0	0.0	0.0	0.0	0.0	0.0	0.0
spe	1113	1109	2606.93	2159.355	2383.1425	2864.7	2349.16	2458.0	1860.71	2362.705
spe	1109	1108	2159.355	1806.035	1982.695	2458.0	1860.71	2105.57	1506.5	1982.25
los	1108	GCA.002431715.1.Bacteria.Armatimonadota	1806.035	0.0	903.0175	2105.57	1506.5	0.0	0.0	1052.785
spe	1108	1106	1806.035	1668.05	1737.0425	2105.57	1506.5	1965.72	1370.38	1737.975
los	1106	GCA.003134215.1.Bacteria.Armatimonadota	1668.05	0.0	834.025	1965.72	1370.38	0.0	0.0	982.86
spe	1044	1043	3049.955	2969.625	3009.79	3206.78	2893.13	3130.45	2808.8	3007.79
los	1043	1011	2969.625	2792.03	2880.8275	3130.45	2808.8	2963.73	2620.33	2875.39
spe	1043	1042	2969.625	2835.45	2902.5375	3130.45	2808.8	3011.03	2659.87	2895.16
hgt	None	dead	0.0	0.0	0.0	0.0	0.0	0.0	0.0	0.0
hgt	967	GCF.000013045.1.Bacteria.Bacteroidota	1840.425	0.0	920.2125	2031.87	1648.98	0.0	0.0	1015.935
los	None	dead	0.0	0.0	0.0	0.0	0.0	0.0	0.0	0.0
spe	1042	1022	2835.45	2605.7	2720.575	3011.03	2659.87	2814.49	2396.91	2703.97
los	1022	1016	2605.7	2392.195	2498.9475	2814.49	2396.91	2657.9	2126.49	2470.49
spe	1022	1021	2605.7	2221.035	2413.3675	2814.49	2396.91	2475.21	1966.86	2390.675
hgt	None	dead	0.0	0.0	0.0	0.0	0.0	0.0	0.0	0.0
hgt	None	dead	0.0	0.0	0.0	0.0	0.0	0.0	0.0	0.0
hgt	1226	GCA.003242195.1.Bacteria.Firmicutes.E	1819.185	0.0	909.5925	2087.96	1550.41	0.0	0.0	1043.98
los	None	dead	0.0	0.0	0.0	0.0	0.0	0.0	0.0	0.0
hgt	None	dead	0.0	0.0	0.0	0.0	0.0	0.0	0.0	0.0
hgt	None	dead	0.0	0.0	0.0	0.0	0.0	0.0	0.0	0.0
hgt	1098	GCA.003167155.1.Bacteria.Eremiobacterota	1723.505	0.0	861.7525	2078.78	1368.23	0.0	0.0	1039.39
los	None	dead	0.0	0.0	0.0	0.0	0.0	0.0	0.0	0.0
hgt	None	dead	0.0	0.0	0.0	0.0	0.0	0.0	0.0	0.0
hgt	711	GCA.001664505.1.Bacteria.Acidobacteriota	1902.735	0.0	951.3675	2119.38	1686.09	0.0	0.0	1059.69
los	None	dead	0.0	0.0	0.0	0.0	0.0	0.0	0.0	0.0
hgt	841	840	2397.295	2199.32	2298.3075	2565.35	2229.24	2370.35	2028.29	2296.82
los	None	dead	0.0	0.0	0.0	0.0	0.0	0.0	0.0	0.0
spe	841	840	2397.295	2199.32	2298.3075	2565.35	2229.24	2370.35	2028.29	2296.82
spe	840	804	2199.32	2020.19	2109.755	2370.35	2028.29	2257.86	1782.52	2076.435
hgt	None	dead	0.0	0.0	0.0	0.0	0.0	0.0	0.0	0.0
los	804	GCA.002731275.1.Bacteria.Myxococcota	2020.19	0.0	1010.095	2257.86	1782.52	0.0	0.0	1128.93
hgt	265	GCA.003290465.1.Bacteria.Sumerlaeota	1973.575	0.0	986.7875	2327.22	1619.93	0.0	0.0	1163.61
los	None	dead	0.0	0.0	0.0	0.0	0.0	0.0	0.0	0.0
hgt	None	dead	0.0	0.0	0.0	0.0	0.0	0.0	0.0	0.0
dup	None	dead	0.0	0.0	0.0	0.0	0.0	0.0	0.0	0.0
hgt	1154	GCF.001591405.1.Bacteria.Actinobacteria	907.0585	0.0	453.52925	1120.3	693.817	0.0	0.0	560.15
los	None	dead	0.0	0.0	0.0	0.0	0.0	0.0	0.0	0.0
dup	None	dead	0.0	0.0	0.0	0.0	0.0	0.0	0.0	0.0
hgt	288	GCA.002382525.1.Bacteria.Verrucomicrobiota	1656.495	0.0	828.2475	1919.97	1393.02	0.0	0.0	959.985
los	None	dead	0.0	0.0	0.0	0.0	0.0	0.0	0.0	0.0
dup	None	dead	0.0	0.0	0.0	0.0	0.0	0.0	0.0	0.0
hgt	1660	GCA.003149375.1.Bacteria.Cyanobacteria	2420.975	0.0	1210.4875	2692.99	2148.96	0.0	0.0	1346.495
los	None	dead	0.0	0.0	0.0	0.0	0.0	0.0	0.0	0.0
hgt	477	GCA.001897475.1.Bacteria.Proteobacteria	981.752	0.0	490.876	1141.03	822.474	0.0	0.0	570.515
los	None	dead	0.0	0.0	0.0	0.0	0.0	0.0	0.0	0.0
hgt	None	dead	0.0	0.0	0.0	0.0	0.0	0.0	0.0	0.0
spe	840	839	2199.32	2107.47	2153.395	2370.35	2028.29	2276.96	1937.98	2154.165
los	839	838	2107.47	1933.55	2020.51	2276.96	1937.98	2107.41	1759.69	2018.325
spe	839	829	2107.47	2062.825	2085.1475	2276.96	1937.98	2232.91	1892.74	2084.85
spe	829	817	2062.825	1903.64	1983.2325	2232.91	1892.74	2075.55	1731.73	1982.32
los	817	816	1903.64	1355.92	1629.78	2075.55	1731.73	1564.17	1147.67	1611.61
spe	817	813	1903.64	1756.665	1830.1525	2075.55	1731.73	1929.08	1584.25	1829.9
los	813	812	1756.665	1631.73	1694.1975	1929.08	1584.25	1817.22	1446.24	1687.66
spe	813	807	1756.665	1533.145	1644.905	1929.08	1584.25	1724.66	1341.63	1635.355
los	807	GCA.002841945.1.Bacteria.Myxococcota	1533.145	0.0	766.5725	1724.66	1341.63	0.0	0.0	862.33
hgt	None	dead	0.0	0.0	0.0	0.0	0.0	0.0	0.0	0.0
dup	None	dead	0.0	0.0	0.0	0.0	0.0	0.0	0.0	0.0
dup	None	dead	0.0	0.0	0.0	0.0	0.0	0.0	0.0	0.0
hgt	536	GCF.002940605.1.Bacteria.Proteobacteria	1887.95	0.0	943.975	2062.1	1713.8	0.0	0.0	1031.05
los	None	dead	0.0	0.0	0.0	0.0	0.0	0.0	0.0	0.0
hgt	768	GCA.001798715.1.Bacteria.UBA10199	1764.5	0.0	882.25	1966.37	1562.63	0.0	0.0	983.185
los	None	dead	0.0	0.0	0.0	0.0	0.0	0.0	0.0	0.0
dup	None	dead	0.0	0.0	0.0	0.0	0.0	0.0	0.0	0.0
hgt	350	GCA.003509045.1.Bacteria.Planctomycetota	1516.925	0.0	758.4625	1763.53	1270.32	0.0	0.0	881.765
los	None	dead	0.0	0.0	0.0	0.0	0.0	0.0	0.0	0.0
hgt	603	602	1669.485	1587.075	1628.28	1811.47	1527.5	1728.53	1445.62	1628.545
los	None	dead	0.0	0.0	0.0	0.0	0.0	0.0	0.0	0.0
hgt	None	dead	0.0	0.0	0.0	0.0	0.0	0.0	0.0	0.0
spe	603	602	1669.485	1587.075	1628.28	1811.47	1527.5	1728.53	1445.62	1628.545
spe	602	592	1587.075	1273.13	1430.1025	1728.53	1445.62	1434.77	1111.49	1420.01
los	592	GCF.001720165.1.Bacteria.Proteobacteria	1273.13	0.0	636.565	1434.77	1111.49	0.0	0.0	717.385
spe	602	601	1587.075	1425.555	1506.315	1728.53	1445.62	1571.06	1280.05	1504.29
los	601	595	1425.555	1214.005	1319.78	1571.06	1280.05	1372.8	1055.21	1313.135
spe	601	600	1425.555	1212.31	1318.9325	1571.06	1280.05	1364.67	1059.95	1315.505
los	600	598	1212.31	904.2135	1058.26175	1364.67	1059.95	1071.01	737.417	1051.0435
hgt	711	GCA.001664505.1.Bacteria.Acidobacteriota	1902.735	0.0	951.3675	2119.38	1686.09	0.0	0.0	1059.69
los	None	dead	0.0	0.0	0.0	0.0	0.0	0.0	0.0	0.0
hgt	None	dead	0.0	0.0	0.0	0.0	0.0	0.0	0.0	0.0
dup	None	dead	0.0	0.0	0.0	0.0	0.0	0.0	0.0	0.0
hgt	552	GCF.001614315.2.Bacteria.Proteobacteria	1397.305	0.0	698.6525	1566.02	1228.59	0.0	0.0	783.01
los	None	dead	0.0	0.0	0.0	0.0	0.0	0.0	0.0	0.0
hgt	581	GCA.002868855.1.Bacteria.Proteobacteria	1247.6	0.0	623.8	1410.64	1084.56	0.0	0.0	705.32
los	None	dead	0.0	0.0	0.0	0.0	0.0	0.0	0.0	0.0
hgt	None	dead	0.0	0.0	0.0	0.0	0.0	0.0	0.0	0.0
hgt	None	dead	0.0	0.0	0.0	0.0	0.0	0.0	0.0	0.0
hgt	1474	1473	2497.34	1423.81	1960.575	2721.69	2272.99	1699.81	1147.81	1934.75
los	None	dead	0.0	0.0	0.0	0.0	0.0	0.0	0.0	0.0
spe	1474	1473	2497.34	1423.81	1960.575	2721.69	2272.99	1699.81	1147.81	1934.75
hgt	None	dead	0.0	0.0	0.0	0.0	0.0	0.0	0.0	0.0
hgt	1469	GCA.001898225.1.Bacteria.Chloroflexota	1964.555	0.0	982.2775	2217.5	1711.61	0.0	0.0	1108.75
los	None	dead	0.0	0.0	0.0	0.0	0.0	0.0	0.0	0.0
hgt	None	dead	0.0	0.0	0.0	0.0	0.0	0.0	0.0	0.0
hgt	697	GCA.003222815.1.Bacteria.Acidobacteriota	1651.7	0.0	825.85	1852.38	1451.02	0.0	0.0	926.19
los	None	dead	0.0	0.0	0.0	0.0	0.0	0.0	0.0	0.0
spe	829	828	2062.825	1800.295	1931.56	2232.91	1892.74	1975.41	1625.18	1929.045
hgt	None	dead	0.0	0.0	0.0	0.0	0.0	0.0	0.0	0.0
hgt	1396	GCA.003244045.1.Bacteria.Dormibacterota	2089.7	0.0	1044.85	2454.33	1725.07	0.0	0.0	1227.165
los	None	dead	0.0	0.0	0.0	0.0	0.0	0.0	0.0	0.0
spe	828	827	1800.295	1682.675	1741.485	1975.41	1625.18	1859.1	1506.25	1740.83
spe	827	821	1682.675	1480.98	1581.8275	1859.1	1506.25	1673.3	1288.66	1573.88
los	821	GCA.002841825.1.Bacteria.Myxococcota	1480.98	0.0	740.49	1673.3	1288.66	0.0	0.0	836.65
spe	827	826	1682.675	1516.045	1599.36	1859.1	1506.25	1693.77	1338.32	1598.71
los	826	GCA.002747355.1.Bacteria.Myxococcota	1516.045	0.0	758.0225	1693.77	1338.32	0.0	0.0	846.885
spe	826	825	1516.045	1214.79	1365.4175	1693.77	1338.32	1405.39	1024.19	1358.98
hgt	1169	1145	2396.405	2028.235	2212.32	2605.17	2187.64	2257.09	1799.38	2202.275
los	None	dead	0.0	0.0	0.0	0.0	0.0	0.0	0.0	0.0
hgt	None	dead	0.0	0.0	0.0	0.0	0.0	0.0	0.0	0.0
hgt	1178	1177	1673.74	1440.505	1557.1225	1926.76	1420.72	1704.68	1176.33	1551.545
los	None	dead	0.0	0.0	0.0	0.0	0.0	0.0	0.0	0.0
spe	1178	1177	1673.74	1440.505	1557.1225	1926.76	1420.72	1704.68	1176.33	1551.545
spe	1169	1145	2396.405	2028.235	2212.32	2605.17	2187.64	2257.09	1799.38	2202.275
hgt	None	dead	0.0	0.0	0.0	0.0	0.0	0.0	0.0	0.0
hgt	1140	GCA.003162395.1.Bacteria.Actinobacteriota	1211.153	0.0	605.5765	1451.23	971.076	0.0	0.0	725.615
los	None	dead	0.0	0.0	0.0	0.0	0.0	0.0	0.0	0.0
spe	1145	1143	2028.235	1828.16	1928.1975	2257.09	1799.38	2065.05	1591.27	1924.18
spe	1143	1141	1828.16	1437.0	1632.58	2065.05	1591.27	1670.58	1203.42	1634.235
spe	1141	1140	1437.0	1211.153	1324.0765	1670.58	1203.42	1451.23	971.076	1320.828
los	1140	GCA.003162395.1.Bacteria.Actinobacteriota	1211.153	0.0	605.5765	1451.23	971.076	0.0	0.0	725.615
hgt	1469	1467	1964.555	1808.245	1886.4	2217.5	1711.61	2082.93	1533.56	1875.53
los	None	dead	0.0	0.0	0.0	0.0	0.0	0.0	0.0	0.0
spe	1469	1467	1964.555	1808.245	1886.4	2217.5	1711.61	2082.93	1533.56	1875.53
dup	None	dead	0.0	0.0	0.0	0.0	0.0	0.0	0.0	0.0
dup	None	dead	0.0	0.0	0.0	0.0	0.0	0.0	0.0	0.0
hgt	767	GCA.002796325.1.Bacteria.UBA10199	1602.15	0.0	801.075	1809.98	1394.32	0.0	0.0	904.99
los	None	dead	0.0	0.0	0.0	0.0	0.0	0.0	0.0	0.0
hgt	1663	GCA.001464165.1.Bacteria.Cyanobacteria	2468.245	0.0	1234.1225	2741.36	2195.13	0.0	0.0	1370.68
los	None	dead	0.0	0.0	0.0	0.0	0.0	0.0	0.0	0.0
dup	None	dead	0.0	0.0	0.0	0.0	0.0	0.0	0.0	0.0
hgt	930	GCA.002449765.1.Bacteria.Fibrobacterota	1430.65	0.0	715.325	1712.47	1148.83	0.0	0.0	856.235
los	None	dead	0.0	0.0	0.0	0.0	0.0	0.0	0.0	0.0
hgt	293	GCA.002429065.1.Bacteria.Verrucomicrobiota	1839.63	0.0	919.815	2093.59	1585.67	0.0	0.0	1046.795
los	None	dead	0.0	0.0	0.0	0.0	0.0	0.0	0.0	0.0
hgt	None	dead	0.0	0.0	0.0	0.0	0.0	0.0	0.0	0.0
dup	293	GCA.002429065.1.Bacteria.Verrucomicrobiota	1839.63	0.0	919.815	2093.59	1585.67	0.0	0.0	1046.795
hgt	967	966	1840.425	1461.28	1650.8525	2031.87	1648.98	1661.11	1261.45	1646.66
los	None	dead	0.0	0.0	0.0	0.0	0.0	0.0	0.0	0.0
spe	967	966	1840.425	1461.28	1650.8525	2031.87	1648.98	1661.11	1261.45	1646.66
hgt	None	dead	0.0	0.0	0.0	0.0	0.0	0.0	0.0	0.0
hgt	775	GCA.001797335.1.Bacteria.Bdellovibrionota.E	1870.575	0.0	935.2875	2071.84	1669.31	0.0	0.0	1035.92
los	None	dead	0.0	0.0	0.0	0.0	0.0	0.0	0.0	0.0
spe	966	965	1461.28	1235.75	1348.515	1661.11	1261.45	1425.34	1046.16	1353.635
spe	965	964	1235.75	1085.5365	1160.64325	1425.34	1046.16	1271.22	899.853	1162.5965
los	964	GCA.002483345.1.Bacteria.Bacteroidota	1085.5365	0.0	542.76825	1271.22	899.853	0.0	0.0	635.61
spe	964	963	1085.5365	962.706	1024.12125	1271.22	899.853	1143.39	782.022	1026.621
los	963	GCF.900116225.1.Bacteria.Bacteroidota	962.706	0.0	481.353	1143.39	782.022	0.0	0.0	571.695
spe	963	962	962.706	817.4985	890.10225	1143.39	782.022	989.119	645.878	894.634
los	962	GCA.002455375.1.Bacteria.Bacteroidota	817.4985	0.0	408.74925	989.119	645.878	0.0	0.0	494.5595
spe	962	961	817.4985	672.025	744.76175	989.119	645.878	829.441	514.609	751.864
los	961	GCF.900489485.1.Bacteria.Bacteroidota	672.025	0.0	336.0125	829.441	514.609	0.0	0.0	414.7205
spe	965	955	1235.75	1094.6025	1165.17625	1425.34	1046.16	1285.5	903.705	1164.5225
los	955	GCA.001769655.1.Bacteria.Bacteroidota	1094.6025	0.0	547.30125	1285.5	903.705	0.0	0.0	642.75
spe	1021	1020	2221.035	1634.295	1927.665	2475.21	1966.86	1925.35	1343.24	1909.225
hgt	None	dead	0.0	0.0	0.0	0.0	0.0	0.0	0.0	0.0
los	1020	GCA.003235575.1.Bacteria.Eisenbacteria	1634.295	0.0	817.1475	1925.35	1343.24	0.0	0.0	962.675
dup	None	dead	0.0	0.0	0.0	0.0	0.0	0.0	0.0	0.0
hgt	702	GCA.003223635.1.Bacteria.Acidobacteriota	1354.27	0.0	677.135	1586.23	1122.31	0.0	0.0	793.115
los	None	dead	0.0	0.0	0.0	0.0	0.0	0.0	0.0	0.0
hgt	48	GCA.003009755.1.Archaea.Thermoplasmatota	1954.89	0.0	977.445	2176.6	1733.18	0.0	0.0	1088.3
los	None	dead	0.0	0.0	0.0	0.0	0.0	0.0	0.0	0.0
spe	1042	1041	2835.45	2693.13	2764.29	3011.03	2659.87	2889.17	2497.09	2754.06
hgt	None	dead	0.0	0.0	0.0	0.0	0.0	0.0	0.0	0.0
hgt	1169	1168	2396.405	2301.295	2348.85	2605.17	2187.64	2515.41	2087.18	2346.175
los	None	dead	0.0	0.0	0.0	0.0	0.0	0.0	0.0	0.0
spe	1169	1168	2396.405	2301.295	2348.85	2605.17	2187.64	2515.41	2087.18	2346.175
spe	1168	1148	2301.295	1851.865	2076.58	2515.41	2087.18	2104.07	1599.66	2057.535
los	1148	GCA.003021615.1.Bacteria.Actinobacteriota	1851.865	0.0	925.9325	2104.07	1599.66	0.0	0.0	1052.035
spe	1168	1167	2301.295	2105.28	2203.2875	2515.41	2087.18	2330.25	1880.31	2197.86
los	1167	GCA.002413185.1.Bacteria.Actinobacteriota	2105.28	0.0	1052.64	2330.25	1880.31	0.0	0.0	1165.125
dup	1167	1166	2105.28	1472.335	1788.8075	2330.25	1880.31	1697.69	1246.98	1788.615
spe	1167	1166	2105.28	1472.335	1788.8075	2330.25	1880.31	1697.69	1246.98	1788.615
los	1166	GCF.004348535.1.Bacteria.Actinobacteriota	1472.335	0.0	736.1675	1697.69	1246.98	0.0	0.0	848.845
spe	1166	1165	1472.335	1325.685	1399.01	1697.69	1246.98	1549.4	1101.97	1399.83
spe	1165	1164	1325.685	1172.8835	1249.28425	1549.4	1101.97	1391.91	953.857	1251.6285
los	1164	1163	1172.8835	995.9815	1084.4325	1391.91	953.857	1205.77	786.193	1089.0515
spe	1164	1160	1172.8835	1016.58	1094.73175	1391.91	953.857	1228.58	804.58	1098.245
los	1160	1158	1016.58	905.248	960.914	1228.58	804.58	1113.91	696.586	962.583
spe	1165	1155	1325.685	1195.766	1260.7255	1549.4	1101.97	1415.51	976.022	1262.711
los	1155	1154	1195.766	907.0585	1051.41225	1415.51	976.022	1120.3	693.817	1054.6635
spe	1167	1166	2105.28	1472.335	1788.8075	2330.25	1880.31	1697.69	1246.98	1788.615
spe	1166	1165	1472.335	1325.685	1399.01	1697.69	1246.98	1549.4	1101.97	1399.83
spe	1165	1155	1325.685	1195.766	1260.7255	1549.4	1101.97	1415.51	976.022	1262.711
los	1155	GCF.003443735.1.Bacteria.Actinobacteriota	1195.766	0.0	597.883	1415.51	976.022	0.0	0.0	707.755
spe	1155	1154	1195.766	907.0585	1051.41225	1415.51	976.022	1120.3	693.817	1054.6635
los	1154	GCF.001591405.1.Bacteria.Actinobacteria	907.0585	0.0	453.52925	1120.3	693.817	0.0	0.0	560.15
spe	1165	1164	1325.685	1172.8835	1249.28425	1549.4	1101.97	1391.91	953.857	1251.6285
spe	1164	1163	1172.8835	995.9815	1084.4325	1391.91	953.857	1205.77	786.193	1089.0515
los	1163	GCA.001437855.1.Bacteria.Actinobacteriota	995.9815	0.0	497.99075	1205.77	786.193	0.0	0.0	602.885
spe	1164	1160	1172.8835	1016.58	1094.73175	1391.91	953.857	1228.58	804.58	1098.245
los	1160	GCF.000015025.1.Bacteria.Actinobacteriota	1016.58	0.0	508.29	1228.58	804.58	0.0	0.0	614.29
spe	1160	1158	1016.58	905.248	960.914	1228.58	804.58	1113.91	696.586	962.583
hgt	None	dead	0.0	0.0	0.0	0.0	0.0	0.0	0.0	0.0
dup	None	dead	0.0	0.0	0.0	0.0	0.0	0.0	0.0	0.0
hgt	816	GCA.002707085.1.Bacteria.Myxococcota.A	1355.92	0.0	677.96	1564.17	1147.67	0.0	0.0	782.085
los	None	dead	0.0	0.0	0.0	0.0	0.0	0.0	0.0	0.0
hgt	832	GCA.002721815.1.Bacteria.Myxococcota	1622.625	0.0	811.3125	1826.38	1418.87	0.0	0.0	913.19
los	None	dead	0.0	0.0	0.0	0.0	0.0	0.0	0.0	0.0
hgt	None	dead	0.0	0.0	0.0	0.0	0.0	0.0	0.0	0.0
los	1041	1040	2693.13	2564.675	2628.9025	2889.17	2497.09	2764.82	2364.53	2626.85
hgt	1720	1719	2606.555	2498.57	2552.5625	2696.39	2516.72	2595.21	2401.93	2549.16
los	None	dead	0.0	0.0	0.0	0.0	0.0	0.0	0.0	0.0
hgt	None	dead	0.0	0.0	0.0	0.0	0.0	0.0	0.0	0.0
hgt	811	GCA.002728755.1.Bacteria.Myxococcota	1440.74	0.0	720.37	1635.33	1246.15	0.0	0.0	817.665
los	None	dead	0.0	0.0	0.0	0.0	0.0	0.0	0.0	0.0
spe	1720	1719	2606.555	2498.57	2552.5625	2696.39	2516.72	2595.21	2401.93	2549.16
spe	1719	1718	2498.57	2360.855	2429.7125	2595.21	2401.93	2455.4	2266.31	2430.76
spe	1718	1717	2360.855	2145.98	2253.4175	2455.4	2266.31	2280.59	2011.37	2233.385
los	1717	1716	2145.98	1755.0	1950.49	2280.59	2011.37	1914.22	1595.78	1938.185
spe	1718	1704	2360.855	2247.23	2304.0425	2455.4	2266.31	2338.81	2155.65	2305.525
los	1704	1672	2247.23	2002.185	2124.7075	2338.81	2155.65	2153.78	1850.59	2094.7
spe	1704	1703	2247.23	2155.655	2201.4425	2338.81	2155.65	2243.27	2068.04	2203.425
spe	1703	1679	2155.655	1829.33	1992.4925	2243.27	2068.04	1977.8	1680.86	1962.065
spe	1679	1678	1829.33	892.4805	1360.90525	1977.8	1680.86	1125.82	659.141	1318.4705
los	1678	1676	892.4805	250.8965	571.6885	1125.82	659.141	362.735	139.058	632.439
spe	1703	1702	2155.655	2083.6	2119.6275	2243.27	2068.04	2167.45	1999.75	2121.51
spe	1702	1701	2083.6	2042.11	2062.855	2167.45	1999.75	2121.49	1962.73	2065.09
spe	1701	1685	2042.11	1873.315	1957.7125	2121.49	1962.73	1989.89	1756.74	1939.115
los	1685	1684	1873.315	1661.66	1767.4875	1989.89	1756.74	1813.5	1509.82	1749.855
spe	1701	1700	2042.11	1961.585	2001.8475	2121.49	1962.73	2035.9	1887.27	2004.38
spe	1700	1688	1961.585	1636.375	1798.98	2035.9	1887.27	1774.1	1498.65	1767.275
hgt	None	dead	0.0	0.0	0.0	0.0	0.0	0.0	0.0	0.0
hgt	1684	GCF.000316115.1.Bacteria.Cyanobacteria	1661.66	0.0	830.83	1813.5	1509.82	0.0	0.0	906.75
los	None	dead	0.0	0.0	0.0	0.0	0.0	0.0	0.0	0.0
hgt	None	dead	0.0	0.0	0.0	0.0	0.0	0.0	0.0	0.0
hgt	1672	GCF.002251945.1.Bacteria.Cyanobacteria	2002.185	0.0	1001.0925	2153.78	1850.59	0.0	0.0	1076.89
los	None	dead	0.0	0.0	0.0	0.0	0.0	0.0	0.0	0.0
spe	1700	1699	1961.585	1903.88	1932.7325	2035.9	1887.27	1972.93	1834.83	1935.365
spe	1699	1698	1903.88	1614.145	1759.0125	1972.93	1834.83	1628.1	1600.19	1786.56
los	1698	1692	1614.145	178.9818	896.5634	1628.1	1600.19	287.502	70.4616	849.2808
spe	1698	1697	1614.145	1294.515	1454.33	1628.1	1600.19	1416.54	1172.49	1400.295
spe	1697	1695	1294.515	878.0175	1086.26625	1416.54	1172.49	1068.32	687.715	1052.1275
los	1695	Nostoc.sp.PCC7120	878.0175	0.0	439.00875	1068.32	687.715	0.0	0.0	534.16
hgt	None	dead	0.0	0.0	0.0	0.0	0.0	0.0	0.0	0.0
hgt	1684	GCA.001698445.1.Bacteria.Cyanobacteria	1661.66	0.0	830.83	1813.5	1509.82	0.0	0.0	906.75
los	None	dead	0.0	0.0	0.0	0.0	0.0	0.0	0.0	0.0
