event	left_node	right_node	left_date	right_date	midpoint_date	left_date_lower	left_date_upper	right_date_lower	right_date_upper	midpoint_date_all
spe	889	888	2916.985	2827.975	2872.48	3062.93	2771.04	2977.09	2678.86	2870.895
spe	888	854	2827.975	2738.145	2783.06	2977.09	2678.86	2894.15	2582.14	2779.615
los	854	853	2738.145	2576.375	2657.26	2894.15	2582.14	2761.44	2391.31	2642.73
spe	854	850	2738.145	2713.455	2725.8	2894.15	2582.14	2872.64	2554.27	2724.21
los	850	846	2713.455	2541.4	2627.4275	2872.64	2554.27	2725.16	2357.64	2615.14
spe	850	849	2713.455	2490.935	2602.195	2872.64	2554.27	2688.39	2293.48	2583.06
los	849	GCA.001896555.1.Bacteria.Desulfobacterota	2490.935	0.0	1245.4675	2688.39	2293.48	0.0	0.0	1344.195
spe	888	887	2827.975	2727.215	2777.595	2977.09	2678.86	2881.55	2572.88	2774.985
hgt	397	GCF.000526155.1.Bacteria.Desulfobacterota	3038.98	0.0	1519.49	3186.65	2891.31	0.0	0.0	1593.325
hgt	1326	1325	2719.225	2604.385	2661.805	2868.22	2570.23	2756.95	2451.82	2660.02
spe	887	886	2727.215	2570.925	2649.07	2881.55	2572.88	2733.26	2408.59	2645.07
los	886	885	2570.925	2490.35	2530.6375	2733.26	2408.59	2660.72	2319.98	2526.62
spe	886	874	2570.925	2502.96	2536.9425	2733.26	2408.59	2671.83	2334.09	2533.675
los	874	868	2502.96	2357.855	2430.4075	2671.83	2334.09	2546.99	2168.72	2420.275
spe	874	873	2502.96	2374.525	2438.7425	2671.83	2334.09	2555.16	2193.89	2432.86
los	873	871	2374.525	2172.555	2273.54	2555.16	2193.89	2382.24	1962.87	2259.015
hgt	None	dead	0.0	0.0	0.0	0.0	0.0	0.0	0.0	0.0
hgt	1449	GCA.002400365.1.Bacteria.Chloroflexota	2414.175	0.0	1207.0875	2615.97	2212.38	0.0	0.0	1307.985
los	None	dead	0.0	0.0	0.0	0.0	0.0	0.0	0.0	0.0
hgt	None	dead	0.0	0.0	0.0	0.0	0.0	0.0	0.0	0.0
dup	None	dead	0.0	0.0	0.0	0.0	0.0	0.0	0.0	0.0
hgt	1355	GCF.004522215.1.Bacteria.Firmicutes	1845.21	0.0	922.605	2026.05	1664.37	0.0	0.0	1013.025
los	None	dead	0.0	0.0	0.0	0.0	0.0	0.0	0.0	0.0
hgt	1178	GCA.002347645.1.Bacteria.Actinobacteriota	2241.835	0.0	1120.9175	2458.12	2025.55	0.0	0.0	1229.06
los	None	dead	0.0	0.0	0.0	0.0	0.0	0.0	0.0	0.0
hgt	None	dead	0.0	0.0	0.0	0.0	0.0	0.0	0.0	0.0
dup	None	dead	0.0	0.0	0.0	0.0	0.0	0.0	0.0	0.0
hgt	861	GCA.002327985.1.Bacteria.Desulfobacterota	2265.965	0.0	1132.9825	2474.98	2056.95	0.0	0.0	1237.49
los	None	dead	0.0	0.0	0.0	0.0	0.0	0.0	0.0	0.0
dup	None	dead	0.0	0.0	0.0	0.0	0.0	0.0	0.0	0.0
hgt	220	GCA.003451585.1.Bacteria.Omnitrophota	2041.98	0.0	1020.99	2253.94	1830.02	0.0	0.0	1126.97
los	None	dead	0.0	0.0	0.0	0.0	0.0	0.0	0.0	0.0
dup	None	dead	0.0	0.0	0.0	0.0	0.0	0.0	0.0	0.0
hgt	1020	GCA.003235575.1.Bacteria.Eisenbacteria	2279.22	0.0	1139.61	2521.79	2036.65	0.0	0.0	1260.895
los	None	dead	0.0	0.0	0.0	0.0	0.0	0.0	0.0	0.0
hgt	753	GCA.001803565.1.Bacteria.Nitrospinota.B	2583.27	0.0	1291.635	2768.8	2397.74	0.0	0.0	1384.4
los	None	dead	0.0	0.0	0.0	0.0	0.0	0.0	0.0	0.0
dup	1326	1325	2719.225	2604.385	2661.805	2868.22	2570.23	2756.95	2451.82	2660.02
spe	1326	1325	2719.225	2604.385	2661.805	2868.22	2570.23	2756.95	2451.82	2660.02
los	1325	1297	2604.385	2420.65	2512.5175	2756.95	2451.82	2602.22	2239.08	2498.015
spe	1325	1324	2604.385	2536.255	2570.32	2756.95	2451.82	2694.52	2377.99	2567.47
los	1324	1323	2536.255	2478.3	2507.2775	2694.52	2377.99	2641.49	2315.11	2504.815
spe	1324	1308	2536.255	2377.745	2457.0	2694.52	2377.99	2550.36	2205.13	2449.825
spe	1308	1307	2377.745	2196.38	2287.0625	2550.36	2205.13	2389.69	2003.07	2276.715
los	1307	1305	2196.38	2012.42	2104.4	2389.69	2003.07	2240.7	1784.14	2086.915
spe	1308	1300	2377.745	2090.18	2233.9625	2550.36	2205.13	2311.51	1868.85	2209.605
los	1300	GCF.000620305.1.Bacteria.Firmicutes.B	2090.18	0.0	1045.09	2311.51	1868.85	0.0	0.0	1155.755
spe	1326	1325	2719.225	2604.385	2661.805	2868.22	2570.23	2756.95	2451.82	2660.02
spe	1325	1297	2604.385	2420.65	2512.5175	2756.95	2451.82	2602.22	2239.08	2498.015
los	1297	GCA.002329495.1.Bacteria.Firmicutes.B	2420.65	0.0	1210.325	2602.22	2239.08	0.0	0.0	1301.11
spe	1297	1296	2420.65	2280.145	2350.3975	2602.22	2239.08	2486.05	2074.24	2338.23
hgt	849	GCF.000266945.1.Bacteria.Desulfobacterota	2490.935	0.0	1245.4675	2688.39	2293.48	0.0	0.0	1344.195
hgt	1315	GCF.002224645.1.Bacteria.Firmicutes.B	1580.985	0.0	790.4925	1858.57	1303.4	0.0	0.0	929.285
dup	1315	GCF.002224645.1.Bacteria.Firmicutes.B	1580.985	0.0	790.4925	1858.57	1303.4	0.0	0.0	929.285
hgt	38	GCA.001515205.2.Archaea.Hadarchaeota	2538.31	0.0	1269.155	2727.65	2348.97	0.0	0.0	1363.825
spe	1325	1324	2604.385	2536.255	2570.32	2756.95	2451.82	2694.52	2377.99	2567.47
spe	1324	1323	2536.255	2478.3	2507.2775	2694.52	2377.99	2641.49	2315.11	2504.815
los	1323	1322	2478.3	2209.475	2343.8875	2641.49	2315.11	2414.01	2004.94	2323.215
spe	1323	1319	2478.3	2388.655	2433.4775	2641.49	2315.11	2562.17	2215.14	2428.315
hgt	674	GCA.002298155.1.Bacteria.Acidobacteriota	2473.205	0.0	1236.6025	2675.97	2270.44	0.0	0.0	1337.985
hgt	1257	GCF.900104115.1.Bacteria.Firmicutes.A	1906.6	0.0	953.3	2148.79	1664.41	0.0	0.0	1074.395
spe	1319	1318	2388.655	2305.29	2346.9725	2562.17	2215.14	2488.59	2121.99	2342.08
hgt	1296	GCF.900176005.1.Bacteria.Firmicutes.B	2280.145	0.0	1140.0725	2486.05	2074.24	0.0	0.0	1243.025
los	1318	1317	2305.29	1778.785	2042.0375	2488.59	2121.99	2035.34	1522.23	2005.41
spe	1318	1312	2305.29	2058.365	2181.8275	2488.59	2121.99	2278.56	1838.17	2163.38
hgt	1307	GCA.000987045.1.Bacteria.Firmicutes.B	2196.38	0.0	1098.19	2389.69	2003.07	0.0	0.0	1194.845
los	1312	GCF.002607855.1.Bacteria.Firmicutes.B	2058.365	0.0	1029.1825	2278.56	1838.17	0.0	0.0	1139.28
spe	1324	1308	2536.255	2377.745	2457.0	2694.52	2377.99	2550.36	2205.13	2449.825
hgt	None	dead	0.0	0.0	0.0	0.0	0.0	0.0	0.0	0.0
los	1308	1307	2377.745	2196.38	2287.0625	2550.36	2205.13	2389.69	2003.07	2276.715
hgt	613	GCF.003097315.1.Bacteria.Proteobacteria	1943.945	0.0	971.9725	2109.42	1778.47	0.0	0.0	1054.71
los	None	dead	0.0	0.0	0.0	0.0	0.0	0.0	0.0	0.0
spe	1308	1300	2377.745	2090.18	2233.9625	2550.36	2205.13	2311.51	1868.85	2209.605
los	1300	GCF.000620305.1.Bacteria.Firmicutes.B	2090.18	0.0	1045.09	2311.51	1868.85	0.0	0.0	1155.755
dup	1300	GCA.002418765.1.Bacteria.Firmicutes.B	2090.18	0.0	1045.09	2311.51	1868.85	0.0	0.0	1155.755
hgt	595	GCA.002389045.1.Bacteria.Proteobacteria	1816.095	0.0	908.0475	2002.91	1629.28	0.0	0.0	1001.455
hgt	1469	GCA.001898225.1.Bacteria.Chloroflexota	2472.76	0.0	1236.38	2679.0	2266.52	0.0	0.0	1339.5
spe	887	863	2727.215	2597.055	2662.135	2881.55	2572.88	2762.98	2431.13	2656.34
spe	863	857	2597.055	2515.41	2556.2325	2762.98	2431.13	2699.69	2331.13	2547.055
los	857	GCA.001830835.1.Bacteria.Desulfobacterota	2515.41	0.0	1257.705	2699.69	2331.13	0.0	0.0	1349.845
spe	863	862	2597.055	2368.33	2482.6925	2762.98	2431.13	2561.03	2175.63	2469.305
los	862	GCA.002782605.1.Bacteria.Desulfobacterota	2368.33	0.0	1184.165	2561.03	2175.63	0.0	0.0	1280.515
spe	862	861	2368.33	2265.965	2317.1475	2561.03	2175.63	2474.98	2056.95	2308.99
los	861	GCA.001304105.1.Bacteria.Desulfobacterota	2265.965	0.0	1132.9825	2474.98	2056.95	0.0	0.0	1237.49
