event	left_node	right_node	left_date	right_date	midpoint_date
spe	1727	1726	3460.76	3442.105	3451.4325
spe	1726	1094	3442.105	3407.45	3424.7775
los	1094	1093	3407.45	3335.31	3371.38
spe	1094	1048	3407.45	3324.645	3366.0475
spe	1048	278	3324.645	3267.455	3296.05
los	278	262	3267.455	3164.4	3215.9275
spe	278	277	3267.455	3169.945	3218.7
los	277	276	3169.945	3142.94	3156.4425
spe	277	267	3169.945	2989.33	3079.6375
los	267	265	2989.33	2505.165	2747.2475
spe	1048	1047	3324.645	3317.54	3321.0925
los	1047	365	3317.54	3204.425	3260.9825
spe	1047	1046	3317.54	3288.18	3302.86
spe	1046	1045	3288.18	3193.355	3240.7675
spe	1045	1044	3193.355	3092.405	3142.88
los	1044	1043	3092.405	3056.385	3074.395
spe	1044	936	3092.405	3003.555	3047.98
los	936	926	3003.555	2762.32	2882.9375
spe	936	935	3003.555	2600.975	2802.265
los	935	GCA.001789205.1.Bacteria.Fibrobacterota	2600.975	0.0	1300.4875
spe	935	934	2600.975	2533.955	2567.465
los	934	GCA.001045525.1.Bacteria.Fibrobacterota	2533.955	0.0	1266.9775
spe	934	932	2533.955	2324.52	2429.2375
los	932	930	2324.52	2114.665	2219.5925
hgt	None	dead	0.0	0.0	0.0
los	1045	921	3193.355	3111.29	3152.3225
hgt	647	646	2391.055	2358.03	2374.5425
los	None	dead	0.0	0.0	0.0
spe	647	646	2391.055	2358.03	2374.5425
spe	646	588	2358.03	2283.06	2320.545
los	588	587	2283.06	1996.16	2139.61
spe	588	576	2283.06	2178.965	2231.0125
los	576	574	2178.965	1962.545	2070.755
spe	646	645	2358.03	2312.285	2335.1575
los	645	644	2312.285	2211.125	2261.705
spe	645	631	2312.285	2258.31	2285.2975
los	631	630	2258.31	2159.7	2209.005
spe	631	603	2258.31	2200.665	2229.4875
los	603	GCA.002085445.1.Bacteria.Proteobacteria	2200.665	0.0	1100.3325
spe	603	602	2200.665	2136.455	2168.56
spe	602	592	2136.455	1879.945	2008.2
los	592	GCF.000024725.1.Bacteria.Proteobacteria	1879.945	0.0	939.9725
spe	602	601	2136.455	2005.515	2070.985
hgt	434	GCA.002898275.1.Bacteria.Proteobacteria	1886.935	0.0	943.4675
los	601	600	2005.515	1814.2	1909.8575
spe	601	595	2005.515	1816.095	1910.805
hgt	456	GCF.002148795.1.Bacteria.Proteobacteria	1898.57	0.0	949.285
hgt	462	GCF.006980715.1.Bacteria.Proteobacteria	1641.635	0.0	820.8175
hgt	529	GCA.002420425.1.Bacteria.Proteobacteria	2307.945	0.0	1153.9725
los	595	GCA.002454015.1.Bacteria.Proteobacteria	1816.095	0.0	908.0475
dup	1046	902	3288.18	3241.035	3264.6075
hgt	None	dead	0.0	0.0	0.0
hgt	359	GCF.000949635.1.Bacteria.Planctomycetota	2462.325	0.0	1231.1625
los	None	dead	0.0	0.0	0.0
hgt	None	dead	0.0	0.0	0.0
hgt	966	GCA.003167015.1.Bacteria.Bacteroidota	2094.155	0.0	1047.0775
los	None	dead	0.0	0.0	0.0
spe	1046	902	3288.18	3241.035	3264.6075
spe	902	390	3241.035	3122.13	3181.5825
hgt	659	GCF.000021725.1.Bacteria.Campylobacterota	2073.72	0.0	1036.86
los	390	GCA.002780065.1.Bacteria.UBA8481	3122.13	0.0	1561.065
spe	390	389	3122.13	2948.12	3035.125
spe	389	371	2948.12	2834.115	2891.1175
los	371	GCF.900112165.1.Bacteria.Spirochaetota	2834.115	0.0	1417.0575
spe	371	370	2834.115	2617.22	2725.6675
los	370	GCF.000092845.1.Bacteria.Spirochaetota	2617.22	0.0	1308.61
spe	389	388	2948.12	2845.905	2897.0125
spe	388	376	2845.905	2638.94	2742.4225
los	376	374	2638.94	2303.81	2471.375
spe	388	387	2845.905	2737.525	2791.715
spe	387	386	2737.525	2547.685	2642.605
los	386	GCA.002450905.1.Bacteria.Spirochaetota	2547.685	0.0	1273.8425
hgt	None	dead	0.0	0.0	0.0
hgt	477	GCA.001897475.1.Bacteria.Proteobacteria	1568.215	0.0	784.1075
los	None	dead	0.0	0.0	0.0
hgt	941	GCA.003477045.1.Bacteria.Delongbacteria	2724.93	0.0	1362.465
los	387	383	2737.525	2480.61	2609.0675
spe	902	901	3241.035	3194.215	3217.625
spe	901	663	3194.215	3149.67	3171.9425
spe	663	662	3149.67	3108.12	3128.895
los	662	400	3108.12	2693.845	2900.9825
spe	662	661	3108.12	3075.81	3091.965
los	661	655	3075.81	3042.74	3059.275
spe	661	660	3075.81	2810.715	2943.2625
los	660	GCA.002395105.1.Bacteria.Proteobacteria	2810.715	0.0	1405.3575
spe	660	659	2810.715	2073.72	2442.2175
los	659	GCF.000021725.1.Bacteria.Campylobacterota	2073.72	0.0	1036.86
spe	663	397	3149.67	3038.98	3094.325
los	397	GCF.000526155.1.Bacteria.Desulfobacterota	3038.98	0.0	1519.49
spe	397	396	3038.98	2831.62	2935.3
los	396	395	2831.62	2049.66	2440.64
spe	901	900	3194.215	3136.94	3165.5775
spe	900	899	3136.94	3089.895	3113.4175
los	899	898	3089.895	3060.73	3075.3125
spe	899	743	3089.895	3035.675	3062.785
los	743	742	3035.675	2922.825	2979.25
spe	743	721	3035.675	2908.09	2971.8825
los	721	GCA.003230535.1.Bacteria.SZUA.182	2908.09	0.0	1454.045
spe	721	720	2908.09	2734.075	2821.0825
los	720	GCA.001775255.1.Bacteria.Desulfobacterota.D	2734.075	0.0	1367.0375
hgt	None	dead	0.0	0.0	0.0
los	900	716	3136.94	2935.17	3036.055
hgt	1078	1076	2475.305	2070.835	2273.07
los	None	dead	0.0	0.0	0.0
spe	1078	1076	2475.305	2070.835	2273.07
spe	1046	902	3288.18	3241.035	3264.6075
los	902	390	3241.035	3122.13	3181.5825
spe	902	901	3241.035	3194.215	3217.625
spe	901	900	3194.215	3136.94	3165.5775
spe	900	899	3136.94	3089.895	3113.4175
hgt	None	dead	0.0	0.0	0.0
los	899	898	3089.895	3060.73	3075.3125
hgt	794	GCA.003161515.1.Bacteria.Desulfobacterota.B	2136.5	0.0	1068.25
los	None	dead	0.0	0.0	0.0
spe	899	743	3089.895	3035.675	3062.785
hgt	None	dead	0.0	0.0	0.0
hgt	837	GCA.001768075.1.Bacteria.Myxococcota	2276.83	0.0	1138.415
los	None	dead	0.0	0.0	0.0
hgt	None	dead	0.0	0.0	0.0
los	743	721	3035.675	2908.09	2971.8825
hgt	977	GCA.001567195.1.Bacteria.Bacteroidota	1840.405	0.0	920.2025
los	None	dead	0.0	0.0	0.0
spe	743	742	3035.675	2922.825	2979.25
spe	742	738	2922.825	2756.645	2839.735
los	738	737	2756.645	2630.42	2693.5325
spe	738	728	2756.645	2549.51	2653.0775
los	728	727	2549.51	2370.105	2459.8075
spe	728	724	2549.51	2245.41	2397.46
los	724	GCA.001803875.1.Bacteria.Nitrospirota	2245.41	0.0	1122.705
hgt	None	dead	0.0	0.0	0.0
los	742	741	2922.825	2582.55	2752.6875
hgt	697	GCA.003222815.1.Bacteria.Acidobacteriota	2258.95	0.0	1129.475
los	None	dead	0.0	0.0	0.0
spe	900	716	3136.94	2935.17	3036.055
spe	716	670	2935.17	2753.645	2844.4075
los	670	669	2753.645	2395.145	2574.395
spe	716	715	2935.17	2853.34	2894.255
los	715	714	2853.34	2786.11	2819.725
spe	715	675	2853.34	2652.03	2752.685
los	675	GCA.002789615.1.Bacteria.Acidobacteriota	2652.03	0.0	1326.015
spe	675	674	2652.03	2473.205	2562.6175
los	674	GCA.002747255.1.Bacteria.Acidobacteriota	2473.205	0.0	1236.6025
spe	901	663	3194.215	3149.67	3171.9425
hgt	None	dead	0.0	0.0	0.0
hgt	749	GCA.002705185.1.Bacteria.Nitrospinota	2363.875	0.0	1181.9375
los	None	dead	0.0	0.0	0.0
hgt	None	dead	0.0	0.0	0.0
los	663	397	3149.67	3038.98	3094.325
hgt	647	646	2391.055	2358.03	2374.5425
los	None	dead	0.0	0.0	0.0
spe	647	646	2391.055	2358.03	2374.5425
spe	646	588	2358.03	2283.06	2320.545
los	588	576	2283.06	2178.965	2231.0125
spe	588	587	2283.06	1996.16	2139.61
los	587	581	1996.16	1845.545	1920.8525
spe	587	586	1996.16	1895.525	1945.8425
los	586	GCA.003228965.1.Bacteria.Proteobacteria	1895.525	0.0	947.7625
spe	586	585	1895.525	1706.285	1800.905
los	585	GCA.002338605.1.Bacteria.Proteobacteria	1706.285	0.0	853.1425
spe	646	645	2358.03	2312.285	2335.1575
los	645	631	2312.285	2258.31	2285.2975
spe	645	644	2312.285	2211.125	2261.705
spe	644	643	2211.125	2071.11	2141.1175
los	643	639	2071.11	1859.94	1965.525
spe	643	642	2071.11	1939.07	2005.09
los	642	GCA.001464965.1.Bacteria.Proteobacteria	1939.07	0.0	969.535
spe	644	636	2211.125	2146.87	2178.9975
hgt	552	GCF.001614315.2.Bacteria.Proteobacteria	1988.77	0.0	994.385
los	636	GCA.002840095.1.Bacteria.Proteobacteria	2146.87	0.0	1073.435
spe	636	634	2146.87	2007.49	2077.18
hgt	579	GCA.003155415.1.Bacteria.Proteobacteria	1566.0	0.0	783.0
los	634	GCF.002020875.1.Bacteria.Proteobacteria	2007.49	0.0	1003.745
hgt	711	GCA.001664505.1.Bacteria.Acidobacteriota	2445.625	0.0	1222.8125
hgt	568	GCA.002862435.1.Bacteria.Proteobacteria	2035.48	0.0	1017.74
spe	663	662	3149.67	3108.12	3128.895
los	662	400	3108.12	2693.845	2900.9825
spe	662	661	3108.12	3075.81	3091.965
los	661	660	3075.81	2810.715	2943.2625
spe	661	655	3075.81	3042.74	3059.275
spe	655	403	3042.74	2763.35	2903.045
hgt	574	GCF.900112605.1.Bacteria.Proteobacteria	1962.545	0.0	981.2725
los	403	GCF.001907975.1.Bacteria.Proteobacteria	2763.35	0.0	1381.675
hgt	553	GCF.001641825.1.Bacteria.Proteobacteria	2172.955	0.0	1086.4775
hgt	None	dead	0.0	0.0	0.0
hgt	751	GCA.002500605.1.Bacteria.Nitrospinota	2475.955	0.0	1237.9775
los	None	dead	0.0	0.0	0.0
spe	655	654	3042.74	2959.21	3000.975
spe	654	520	2959.21	2901.66	2930.435
spe	520	406	2901.66	2769.905	2835.7825
hgt	1041	GCA.002686955.1.Bacteria.Gemmatimonadota.A	2930.085	0.0	1465.0425
los	406	GCF.002795805.1.Bacteria.Proteobacteria	2769.905	0.0	1384.9525
hgt	None	dead	0.0	0.0	0.0
spe	520	519	2901.66	2801.035	2851.3475
spe	519	518	2801.035	2664.915	2732.975
hgt	804	GCA.003247575.1.Bacteria.Myxococcota.A	2545.8	0.0	1272.9
los	518	GCA.002689455.1.Bacteria.Proteobacteria	2664.915	0.0	1332.4575
spe	518	517	2664.915	2543.2	2604.0575
los	517	GCA.002937675.1.Bacteria.Proteobacteria	2543.2	0.0	1271.6
spe	517	516	2543.2	2488.715	2515.9575
los	516	428	2488.715	2413.865	2451.29
spe	516	515	2488.715	2401.52	2445.1175
los	515	GCA.002632265.1.Bacteria.Proteobacteria	2401.52	0.0	1200.76
spe	515	514	2401.52	2299.515	2350.5175
los	514	436	2299.515	2217.14	2258.3275
spe	514	513	2299.515	2253.55	2276.5325
spe	513	512	2253.55	2172.63	2213.09
los	512	486	2172.63	1956.2	2064.415
spe	512	511	2172.63	2112.01	2142.32
los	511	510	2112.01	2056.505	2084.2575
spe	511	489	2112.01	1797.555	1954.7825
los	489	GCA.002701885.1.Bacteria.Proteobacteria	1797.555	0.0	898.7775
hgt	None	dead	0.0	0.0	0.0
hgt	944	GCA.002712165.1.Bacteria.Proteobacteria	2081.795	0.0	1040.8975
los	None	dead	0.0	0.0	0.0
spe	513	483	2253.55	2221.01	2237.28
spe	483	447	2221.01	2113.215	2167.1125
los	447	439	2113.215	1983.035	2048.125
spe	447	446	2113.215	1951.09	2032.1525
los	446	445	1951.09	1836.495	1893.7925
spe	483	482	2221.01	2151.75	2186.38
los	482	481	2151.75	2091.815	2121.7825
spe	482	458	2151.75	2053.74	2102.745
los	458	GCA.002340345.1.Bacteria.Proteobacteria	2053.74	0.0	1026.87
spe	458	456	2053.74	1898.57	1976.155
los	456	GCF.002148795.1.Bacteria.Proteobacteria	1898.57	0.0	949.285
spe	456	455	1898.57	1531.25	1714.91
los	455	454	1531.25	1369.765	1450.5075
hgt	462	GCF.006980715.1.Bacteria.Proteobacteria	1641.635	0.0	820.8175
hgt	458	GCA.002340345.1.Bacteria.Proteobacteria	2053.74	0.0	1026.87
hgt	646	645	2358.03	2312.285	2335.1575
los	None	dead	0.0	0.0	0.0
spe	646	645	2358.03	2312.285	2335.1575
spe	645	644	2312.285	2211.125	2261.705
los	644	643	2211.125	2071.11	2141.1175
spe	644	636	2211.125	2146.87	2178.9975
spe	636	634	2146.87	2007.49	2077.18
los	634	GCF.001697225.1.Bacteria.Proteobacteria	2007.49	0.0	1003.745
hgt	612	611	1796.185	1493.79	1644.9875
hgt	546	GCA.002747435.1.Bacteria.Proteobacteria	2056.155	0.0	1028.0775
hgt	868	GCA.002347095.1.Bacteria.Desulfobacterota	2357.855	0.0	1178.9275
hgt	183	GCA.002402105.1.Bacteria.UBP17	3092.06	0.0	1546.03
spe	612	611	1796.185	1493.79	1644.9875
spe	645	631	2312.285	2258.31	2285.2975
spe	631	603	2258.31	2200.665	2229.4875
los	603	602	2200.665	2136.455	2168.56
spe	631	630	2258.31	2159.7	2209.005
spe	630	614	2159.7	2046.215	2102.9575
los	614	606	2046.215	1897.115	1971.665
spe	614	613	2046.215	1943.945	1995.08
los	613	612	1943.945	1796.185	1870.065
hgt	400	GCA.002401295.1.Bacteria.SAR324	2693.845	0.0	1346.9225
hgt	674	GCA.002747255.1.Bacteria.Acidobacteriota	2473.205	0.0	1236.6025
hgt	1015	GCA.002790835.1.Bacteria.Krumholzibacteriota	2593.17	0.0	1296.585
los	630	629	2159.7	2023.035	2091.3675
spe	654	653	2959.21	2771.345	2865.2775
hgt	546	GCF.000021985.1.Bacteria.Proteobacteria	2056.155	0.0	1028.0775
hgt	574	GCF.000374645.1.Bacteria.Proteobacteria	1962.545	0.0	981.2725
spe	653	652	2771.345	2671.985	2721.665
los	652	526	2671.985	2470.255	2571.12
spe	652	651	2671.985	2583.355	2627.67
los	651	533	2583.355	2458.635	2520.995
spe	651	650	2583.355	2528.52	2555.9375
los	650	536	2528.52	2343.3	2435.91
spe	650	649	2528.52	2487.635	2508.0775
spe	649	648	2487.635	2440.92	2464.2775
los	648	562	2440.92	2333.93	2387.425
spe	648	647	2440.92	2391.055	2415.9875
los	647	646	2391.055	2358.03	2374.5425
spe	647	571	2391.055	2282.495	2336.775
los	571	565	2282.495	2067.745	2175.12
spe	571	570	2282.495	2165.975	2224.235
los	570	568	2165.975	2035.48	2100.7275
spe	649	543	2487.635	2384.42	2436.0275
los	543	539	2384.42	2248.565	2316.4925
spe	543	542	2384.42	2266.915	2325.6675
los	542	GCA.002631715.1.Bacteria.Proteobacteria	2266.915	0.0	1133.4575
hgt	None	dead	0.0	0.0	0.0
hgt	1476	1454	2948.885	2633.59	2791.2375
los	None	dead	0.0	0.0	0.0
spe	1476	1454	2948.885	2633.59	2791.2375
spe	1454	1446	2633.59	2467.265	2550.4275
spe	1446	1440	2467.265	2358.68	2412.9725
los	1440	1439	2358.68	2159.315	2258.9975
hgt	None	dead	0.0	0.0	0.0
los	1446	1445	2467.265	2304.44	2385.8525
hgt	1173	GCA.001768675.1.Bacteria.Actinobacteriota	2194.99	0.0	1097.495
los	None	dead	0.0	0.0	0.0
spe	1454	1453	2633.59	2571.245	2602.4175
spe	1453	1449	2571.245	2414.175	2492.71
los	1449	GCA.002366595.1.Bacteria.Chloroflexota	2414.175	0.0	1207.0875
hgt	None	dead	0.0	0.0	0.0
los	1453	1452	2571.245	2204.94	2388.0925
hgt	1688	GCF.000353285.1.Bacteria.Cyanobacteria	1799.565	0.0	899.7825
los	None	dead	0.0	0.0	0.0
spe	1726	1725	3442.105	3410.995	3426.55
hgt	None	dead	0.0	0.0	0.0
dup	None	dead	0.0	0.0	0.0
hgt	1226	GCA.003242195.1.Bacteria.Firmicutes.E	2297.705	0.0	1148.8525
los	None	dead	0.0	0.0	0.0
dup	None	dead	0.0	0.0	0.0
hgt	797	GCA.002311335.1.Bacteria.Desulfobacterota.B	2488.59	0.0	1244.295
los	None	dead	0.0	0.0	0.0
hgt	816	GCA.002724675.1.Bacteria.Myxococcota.A	2057.94	0.0	1028.97
los	None	dead	0.0	0.0	0.0
spe	1725	1724	3410.995	3346.625	3378.81
spe	1724	1642	3346.625	3305.11	3325.8675
hgt	None	dead	0.0	0.0	0.0
spe	1642	1478	3305.11	3178.32	3241.715
spe	1478	1477	3178.32	3065.68	3122.0
spe	1477	1431	3065.68	2900.705	2983.1925
hgt	None	dead	0.0	0.0	0.0
los	1431	1430	2900.705	2636.055	2768.38
hgt	1406	GCA.002710215.1.Bacteria.Chloroflexota	2276.4	0.0	1138.2
los	None	dead	0.0	0.0	0.0
spe	1431	1427	2900.705	2775.63	2838.1675
hgt	None	dead	0.0	0.0	0.0
los	1427	1426	2775.63	2665.03	2720.33
hgt	1402	GCA.003228115.1.Bacteria.Chloroflexota	2331.705	0.0	1165.8525
los	None	dead	0.0	0.0	0.0
spe	1427	1413	2775.63	2608.425	2692.0275
spe	1413	1412	2608.425	2456.73	2532.5775
los	1412	1408	2456.73	2414.235	2435.4825
spe	1412	1411	2456.73	2250.5	2353.615
los	1411	GCA.002717805.1.Bacteria.Chloroflexota	2250.5	0.0	1125.25
spe	1413	1399	2608.425	2391.86	2500.1425
los	1399	GCA.002708145.1.Bacteria.Chloroflexota	2391.86	0.0	1195.93
spe	1477	1476	3065.68	2948.885	3007.2825
los	1476	1454	2948.885	2633.59	2791.2375
dup	1476	1475	2948.885	2883.705	2916.295
hgt	None	dead	0.0	0.0	0.0
dup	None	dead	0.0	0.0	0.0
hgt	1098	GCA.003244105.1.Bacteria.Eremiobacterota	2247.98	0.0	1123.99
los	None	dead	0.0	0.0	0.0
hgt	817	813	2468.695	2371.52	2420.1075
los	None	dead	0.0	0.0	0.0
spe	817	813	2468.695	2371.52	2420.1075
spe	813	807	2371.52	2202.835	2287.1775
los	807	GCA.002841945.1.Bacteria.Myxococcota	2202.835	0.0	1101.4175
spe	813	812	2371.52	2281.345	2326.4325
hgt	352	GCA.002167285.1.Bacteria.Planctomycetota	2391.045	0.0	1195.5225
dup	812	811	2281.345	2134.02	2207.6825
spe	812	811	2281.345	2134.02	2207.6825
los	811	GCA.002728755.1.Bacteria.Myxococcota	2134.02	0.0	1067.01
hgt	834	832	2442.985	2268.205	2355.595
spe	812	811	2281.345	2134.02	2207.6825
hgt	924	GCA.002348465.1.Bacteria.Gemmatimonadota	2422.26	0.0	1211.13
los	811	GCA.002726535.1.Bacteria.Myxococcota	2134.02	0.0	1067.01
hgt	804	GCA.002731275.1.Bacteria.Myxococcota	2545.8	0.0	1272.9
spe	834	832	2442.985	2268.205	2355.595
hgt	None	dead	0.0	0.0	0.0
dup	None	dead	0.0	0.0	0.0
hgt	1337	GCF.000092905.1.Bacteria.Firmicutes	1832.425	0.0	916.2125
los	None	dead	0.0	0.0	0.0
dup	None	dead	0.0	0.0	0.0
dup	None	dead	0.0	0.0	0.0
hgt	1167	GCA.002413185.1.Bacteria.Actinobacteriota	2503.64	0.0	1251.82
los	None	dead	0.0	0.0	0.0
hgt	1177	GCA.003138355.1.Bacteria.Actinobacteriota	2055.195	0.0	1027.5975
los	None	dead	0.0	0.0	0.0
hgt	1355	GCF.004522215.1.Bacteria.Firmicutes	1845.21	0.0	922.605
los	None	dead	0.0	0.0	0.0
dup	1355	GCF.004522215.1.Bacteria.Firmicutes	1845.21	0.0	922.605
spe	1476	1475	2948.885	2883.705	2916.295
spe	1475	1463	2883.705	2750.56	2817.1325
spe	1463	1462	2750.56	2688.275	2719.4175
spe	1462	1461	2688.275	2433.39	2560.8325
los	1461	GCA.002413265.1.Bacteria.Chloroflexota	2433.39	0.0	1216.695
hgt	1439	GCF.900187885.1.Bacteria.Chloroflexota	2159.315	0.0	1079.6575
los	1462	GCA.002436065.1.Bacteria.Chloroflexota	2688.275	0.0	1344.1375
spe	1463	1457	2750.56	2476.295	2613.4275
hgt	1437	GCA.002702065.1.Bacteria.Chloroflexota	1859.345	0.0	929.6725
hgt	1467	GCA.002292925.1.Bacteria.Chloroflexota	2363.295	0.0	1181.6475
los	1457	GCF.003967555.1.Bacteria.Chloroflexota	2476.295	0.0	1238.1475
spe	1475	1474	2883.705	2804.86	2844.2825
spe	1474	1473	2804.86	2043.005	2423.9325
los	1473	GCA.001443375.1.Bacteria.Chloroflexota	2043.005	0.0	1021.5025
spe	1474	1470	2804.86	2595.865	2700.3625
los	1470	GCF.000025005.1.Bacteria.Chloroflexota	2595.865	0.0	1297.9325
spe	1470	1469	2595.865	2472.76	2534.3125
los	1469	GCA.001898225.1.Bacteria.Chloroflexota	2472.76	0.0	1236.38
spe	1469	1467	2472.76	2363.295	2418.0275
los	1467	GCA.002292925.1.Bacteria.Chloroflexota	2363.295	0.0	1181.6475
spe	1476	1475	2948.885	2883.705	2916.295
spe	1475	1474	2883.705	2804.86	2844.2825
los	1474	1473	2804.86	2043.005	2423.9325
spe	1474	1470	2804.86	2595.865	2700.3625
hgt	1439	1438	2159.315	1986.755	2073.035
spe	1439	1438	2159.315	1986.755	2073.035
spe	1438	1437	1986.755	1859.345	1923.05
los	1437	GCA.002702065.1.Bacteria.Chloroflexota	1859.345	0.0	929.6725
spe	1470	1469	2595.865	2472.76	2534.3125
hgt	1180	GCF.001029505.1.Bacteria.Actinobacteriota	2587.79	0.0	1293.895
los	1469	1467	2472.76	2363.295	2418.0275
spe	1475	1463	2883.705	2750.56	2817.1325
spe	1463	1462	2750.56	2688.275	2719.4175
hgt	746	GCF.900079095.1.Bacteria.Tectomicrobia	2548.44	0.0	1274.22
los	1462	1461	2688.275	2433.39	2560.8325
hgt	1237	1221	2784.985	2447.11	2616.0475
los	1463	1457	2750.56	2476.295	2613.4275
spe	1237	1221	2784.985	2447.11	2616.0475
hgt	1240	GCA.002376045.1.Bacteria.Firmicutes.A	2549.06	0.0	1274.53
hgt	1305	GCF.002207765.1.Bacteria.Firmicutes.B	2012.42	0.0	1006.21
spe	1478	1396	3178.32	2525.675	2851.9975
hgt	1020	GCA.001780165.1.Bacteria.Eisenbacteria	2279.22	0.0	1139.61
hgt	239	GCA.003158755.1.Bacteria.Elusimicrobiota	2146.715	0.0	1073.3575
los	1396	GCA.003244045.1.Bacteria.Dormibacterota	2525.675	0.0	1262.8375
hgt	1457	GCF.003967555.1.Bacteria.Chloroflexota	2476.295	0.0	1238.1475
hgt	1145	1143	2458.975	2319.725	2389.35
spe	1145	1143	2458.975	2319.725	2389.35
hgt	791	GCA.002050235.1.Bacteria.Desulfobacterota.B	2015.09	0.0	1007.545
spe	1143	1141	2319.725	2008.575	2164.15
hgt	1178	GCA.002347645.1.Bacteria.Actinobacteriota	2241.835	0.0	1120.9175
hgt	1167	1166	2503.64	1991.825	2247.7325
spe	1141	1140	2008.575	1795.075	1901.825
hgt	1145	GCA.001767695.1.Bacteria.Actinobacteriota	2458.975	0.0	1229.4875
hgt	821	GCF.000737335.2.Bacteria.Proteobacteria	2160.835	0.0	1080.4175
los	1140	GCA.003162395.1.Bacteria.Actinobacteriota	1795.075	0.0	897.5375
spe	1167	1166	2503.64	1991.825	2247.7325
spe	1166	1165	1991.825	1840.865	1916.345
spe	1165	1164	1840.865	1690.82	1765.8425
spe	1164	1163	1690.82	1488.035	1589.4275
los	1163	GCA.001437855.1.Bacteria.Actinobacteriota	1488.035	0.0	744.0175
spe	1164	1160	1690.82	1520.98	1605.9
spe	1160	1158	1520.98	1386.605	1453.7925
hgt	1154	GCF.001591405.1.Bacteria.Actinobacteria	1356.86	0.0	678.43
spe	1165	1155	1840.865	1711.135	1776.0
spe	1155	1154	1711.135	1356.86	1533.9975
los	1154	GCF.001591405.1.Bacteria.Actinobacteria	1356.86	0.0	678.43
hgt	179	178	3169.885	3109.52	3139.7025
los	None	dead	0.0	0.0	0.0
spe	179	178	3169.885	3109.52	3139.7025
spe	178	32	3109.52	2887.43	2998.475
hgt	None	dead	0.0	0.0	0.0
los	32	31	2887.43	2641.745	2764.5875
hgt	1216	GCF.000020005.1.Bacteria.Firmicutes.D	2550.05	0.0	1275.025
los	None	dead	0.0	0.0	0.0
hgt	None	dead	0.0	0.0	0.0
hgt	1126	1125	2983.51	2875.28	2929.395
spe	32	26	2887.43	905.1525	1896.29125
los	26	GCA.002841105.1.Archaea.Altiarchaeota	905.1525	0.0	452.57625
dup	1126	1125	2983.51	2875.28	2929.395
spe	1126	1125	2983.51	2875.28	2929.395
los	1125	1124	2875.28	2740.045	2807.6625
spe	1125	1119	2875.28	2529.245	2702.2625
los	1119	GCF.002973605.1.Bacteria.Armatimonadota	2529.245	0.0	1264.6225
spe	1126	1125	2983.51	2875.28	2929.395
spe	1125	1124	2875.28	2740.045	2807.6625
los	1124	GCA.002409445.1.Bacteria.Armatimonadota	2740.045	0.0	1370.0225
spe	1124	1123	2740.045	2570.025	2655.035
los	1123	GCA.003542955.1.Bacteria.Armatimonadota	2570.025	0.0	1285.0125
spe	1125	1119	2875.28	2529.245	2702.2625
los	1119	GCF.002973605.1.Bacteria.Armatimonadota	2529.245	0.0	1264.6225
dup	1119	GCA.002779825.1.Bacteria.Armatimonadota	2529.245	0.0	1264.6225
hgt	259	GCA.001778375.1.Bacteria.Firestonebacteria	2840.805	0.0	1420.4025
hgt	352	350	2391.045	2200.88	2295.9625
hgt	320	GCA.002746535.1.Bacteria.Planctomycetota	2697.03	0.0	1348.515
hgt	289	GCA.002708005.1.Bacteria.Verrucomicrobiota	2498.78	0.0	1249.39
hgt	302	GCF.000170755.1.Bacteria.Verrucomicrobiota	2089.845	0.0	1044.9225
spe	352	350	2391.045	2200.88	2295.9625
hgt	326	GCA.002404095.1.Bacteria.Planctomycetota	1901.84	0.0	950.92
hgt	347	GCA.002683135.1.Bacteria.Planctomycetota	2546.45	0.0	1273.225
hgt	1041	GCA.002686955.1.Bacteria.Gemmatimonadota.A	2930.085	0.0	1465.0425
hgt	94	93	2874.54	2781.775	2828.1575
los	None	dead	0.0	0.0	0.0
spe	94	93	2874.54	2781.775	2828.1575
spe	93	92	2781.775	2715.565	2748.67
los	92	70	2715.565	2480.265	2597.915
spe	92	91	2715.565	2548.71	2632.1375
los	91	GCA.003034855.1.Archaea.Halobacteriota	2548.71	0.0	1274.355
spe	91	90	2548.71	2426.545	2487.6275
los	90	74	2426.545	2278.05	2352.2975
spe	90	89	2426.545	2320.405	2373.475
los	89	88	2320.405	2221.93	2271.1675
spe	89	77	2320.405	2081.03	2200.7175
hgt	86	GCA.001412335.1.Archaea.Halobacteriota	2014.745	0.0	1007.3725
hgt	1330	GCA.003444595.1.Bacteria.Firmicutes.D	2416.115	0.0	1208.0575
spe	178	177	3109.52	2987.475	3048.4975
spe	177	95	2987.475	2895.515	2941.495
los	95	39	2895.515	2772.035	2833.775
spe	95	94	2895.515	2874.54	2885.0275
los	94	93	2874.54	2781.775	2828.1575
spe	94	42	2874.54	2631.08	2752.81
los	42	GCA.002502135.1.Archaea.Undinarchaeota	2631.08	0.0	1315.54
spe	177	176	2987.475	2870.105	2928.79
los	176	140	2870.105	2794.965	2832.535
spe	176	175	2870.105	2794.775	2832.44
spe	175	143	2794.775	2511.185	2652.98
los	143	GCA.001563325.1.Archaea.Asgardarchaeota	2511.185	0.0	1255.5925
spe	175	174	2794.775	2722.305	2758.54
los	174	GCA.001940665.1.Archaea.Asgardarchaeota	2722.305	0.0	1361.1525
spe	174	173	2722.305	2663.205	2692.755
los	173	172	2663.205	1793.615	2228.41
spe	173	151	2663.205	2556.275	2609.74
los	151	150	2556.275	2169.605	2362.94
spe	151	147	2556.275	2281.01	2418.6425
hgt	None	dead	0.0	0.0	0.0
dup	None	dead	0.0	0.0	0.0
hgt	274	GCA.000406005.1.Bacteria.Poribacteria	2618.66	0.0	1309.33
los	None	dead	0.0	0.0	0.0
dup	None	dead	0.0	0.0	0.0
hgt	282	GCF.900105685.1.Bacteria.Verrucomicrobiota	2053.795	0.0	1026.8975
los	None	dead	0.0	0.0	0.0
hgt	714	713	2786.11	2694.49	2740.3
los	None	dead	0.0	0.0	0.0
spe	714	713	2786.11	2694.49	2740.3
spe	713	699	2694.49	2612.33	2653.41
los	699	698	2612.33	2454.615	2533.4725
spe	699	681	2612.33	2463.525	2537.9275
los	681	680	2463.525	2328.61	2396.0675
spe	713	712	2694.49	2570.455	2632.4725
los	712	711	2570.455	2445.625	2508.04
spe	712	706	2570.455	2384.34	2477.3975
los	706	GCA.002327305.1.Bacteria.Acidobacteriota	2384.34	0.0	1192.17
spe	706	704	2384.34	2238.87	2311.605
los	704	GCA.003133645.1.Bacteria.Acidobacteriota	2238.87	0.0	1119.435
spe	704	702	2238.87	2020.225	2129.5475
hgt	1045	1044	3193.355	3092.405	3142.88
hgt	None	dead	0.0	0.0	0.0
hgt	846	GCF.001611275.1.Bacteria.Desulfobacterota	2541.4	0.0	1270.7
los	None	dead	0.0	0.0	0.0
hgt	None	dead	0.0	0.0	0.0
los	1642	1641	3305.11	3138.575	3221.8425
hgt	1412	1408	2456.73	2414.235	2435.4825
los	None	dead	0.0	0.0	0.0
spe	1412	1408	2456.73	2414.235	2435.4825
spe	1408	1407	2414.235	2350.905	2382.57
los	1407	1406	2350.905	2276.4	2313.6525
spe	1408	1402	2414.235	2331.705	2372.97
los	1402	GCA.003228115.1.Bacteria.Chloroflexota	2331.705	0.0	1165.8525
spe	1045	1044	3193.355	3092.405	3142.88
spe	1044	936	3092.405	3003.555	3047.98
los	936	935	3003.555	2600.975	2802.265
spe	936	926	3003.555	2762.32	2882.9375
los	926	924	2762.32	2422.26	2592.29
spe	1044	1043	3092.405	3056.385	3074.395
hgt	None	dead	0.0	0.0	0.0
los	1043	1011	3056.385	2970.39	3013.3875
hgt	816	GCA.002707085.1.Bacteria.Myxococcota.A	2057.94	0.0	1028.97
los	None	dead	0.0	0.0	0.0
hgt	364	363	3156.3	2895.655	3025.9775
hgt	None	dead	0.0	0.0	0.0
spe	1043	1042	3056.385	2996.785	3026.585
spe	1042	1022	2996.785	2889.48	2943.1325
spe	1022	1021	2889.48	2684.73	2787.105
los	1021	1020	2684.73	2279.22	2481.975
hgt	None	dead	0.0	0.0	0.0
hgt	395	GCF.000487995.1.Bacteria.Deferribacterota	2049.66	0.0	1024.83
los	None	dead	0.0	0.0	0.0
hgt	None	dead	0.0	0.0	0.0
los	1022	1016	2889.48	2781.455	2835.4675
hgt	515	514	2401.52	2299.515	2350.5175
los	None	dead	0.0	0.0	0.0
dup	515	514	2401.52	2299.515	2350.5175
spe	515	514	2401.52	2299.515	2350.5175
hgt	None	dead	0.0	0.0	0.0
los	514	436	2299.515	2217.14	2258.3275
hgt	612	GCF.003612015.1.Bacteria.Proteobacteria	1796.185	0.0	898.0925
los	None	dead	0.0	0.0	0.0
spe	514	513	2299.515	2253.55	2276.5325
spe	513	483	2253.55	2221.01	2237.28
spe	483	482	2221.01	2151.75	2186.38
spe	482	481	2151.75	2091.815	2121.7825
los	481	480	2091.815	1990.065	2040.94
spe	481	469	2091.815	2003.935	2047.875
los	469	463	2003.935	1889.86	1946.8975
spe	469	468	2003.935	1847.82	1925.8775
los	468	GCF.900167455.1.Bacteria.Proteobacteria	1847.82	0.0	923.91
spe	468	467	1847.82	1693.575	1770.6975
los	467	GCA.002291925.1.Bacteria.Proteobacteria	1693.575	0.0	846.7875
hgt	None	dead	0.0	0.0	0.0
los	482	458	2151.75	2053.74	2102.745
hgt	503	GCA.002280485.1.Bacteria.Proteobacteria	1517.515	0.0	758.7575
los	None	dead	0.0	0.0	0.0
spe	483	447	2221.01	2113.215	2167.1125
hgt	None	dead	0.0	0.0	0.0
los	447	446	2113.215	1951.09	2032.1525
hgt	579	GCA.003137095.1.Bacteria.Proteobacteria	1566.0	0.0	783.0
los	None	dead	0.0	0.0	0.0
spe	447	439	2113.215	1983.035	2048.125
los	439	GCA.002723345.1.Bacteria.Proteobacteria	1983.035	0.0	991.5175
hgt	807	GCA.002841945.1.Bacteria.Myxococcota	2202.835	0.0	1101.4175
spe	513	512	2253.55	2172.63	2213.09
spe	512	511	2172.63	2112.01	2142.32
los	511	489	2112.01	1797.555	1954.7825
spe	511	510	2112.01	2056.505	2084.2575
spe	510	509	2056.505	1977.465	2016.985
los	509	508	1977.465	1872.275	1924.87
spe	509	495	1977.465	1736.875	1857.17
hgt	536	GCF.900111015.1.Bacteria.Proteobacteria	2343.3	0.0	1171.65
hgt	463	GCF.002251795.1.Bacteria.Proteobacteria	1889.86	0.0	944.93
hgt	468	GCF.900167455.1.Bacteria.Proteobacteria	1847.82	0.0	923.91
spe	510	492	2056.505	1826.375	1941.44
hgt	434	GCA.002238885.1.Bacteria.Proteobacteria	1886.935	0.0	943.4675
los	492	GCF.900172325.1.Bacteria.Proteobacteria	1826.375	0.0	913.1875
spe	512	486	2172.63	1956.2	2064.415
hgt	536	GCF.002940605.1.Bacteria.Proteobacteria	2343.3	0.0	1171.65
los	486	GCA.002721365.1.Bacteria.Proteobacteria	1956.2	0.0	978.1
hgt	498	GCF.000192575.1.Bacteria.Proteobacteria	1734.36	0.0	867.18
dup	498	GCF.000192575.1.Bacteria.Proteobacteria	1734.36	0.0	867.18
dup	515	514	2401.52	2299.515	2350.5175
spe	515	514	2401.52	2299.515	2350.5175
los	514	436	2299.515	2217.14	2258.3275
spe	514	513	2299.515	2253.55	2276.5325
los	513	483	2253.55	2221.01	2237.28
spe	513	512	2253.55	2172.63	2213.09
los	512	511	2172.63	2112.01	2142.32
spe	512	486	2172.63	1956.2	2064.415
los	486	GCF.000264455.2.Bacteria.Proteobacteria	1956.2	0.0	978.1
hgt	None	dead	0.0	0.0	0.0
hgt	874	873	2502.96	2374.525	2438.7425
spe	515	514	2401.52	2299.515	2350.5175
spe	514	436	2299.515	2217.14	2258.3275
spe	436	435	2217.14	2071.245	2144.1925
hgt	None	dead	0.0	0.0	0.0
los	435	434	2071.245	1886.935	1979.09
hgt	492	GCF.900172325.1.Bacteria.Proteobacteria	1826.375	0.0	913.1875
los	None	dead	0.0	0.0	0.0
spe	514	513	2299.515	2253.55	2276.5325
los	513	512	2253.55	2172.63	2213.09
spe	513	483	2253.55	2221.01	2237.28
los	483	482	2221.01	2151.75	2186.38
spe	483	447	2221.01	2113.215	2167.1125
spe	447	446	2113.215	1951.09	2032.1525
los	446	GCA.002717185.1.Bacteria.Proteobacteria	1951.09	0.0	975.545
spe	446	445	1951.09	1836.495	1893.7925
los	445	444	1836.495	1669.2	1752.8475
spe	447	439	2113.215	1983.035	2048.125
los	439	GCF.001613805.1.Bacteria.Proteobacteria	1983.035	0.0	991.5175
hgt	None	dead	0.0	0.0	0.0
hgt	462	GCF.000315795.1.Bacteria.Proteobacteria	1641.635	0.0	820.8175
los	None	dead	0.0	0.0	0.0
spe	874	873	2502.96	2374.525	2438.7425
spe	873	871	2374.525	2172.555	2273.54
hgt	849	GCF.000266945.1.Bacteria.Desulfobacterota	2490.935	0.0	1245.4675
los	871	GCA.002899795.1.Bacteria.Desulfobacterota	2172.555	0.0	1086.2775
hgt	509	508	1977.465	1872.275	1924.87
los	None	dead	0.0	0.0	0.0
spe	509	508	1977.465	1872.275	1924.87
spe	508	498	1872.275	1734.36	1803.3175
los	498	GCF.000192575.1.Bacteria.Proteobacteria	1734.36	0.0	867.18
hgt	None	dead	0.0	0.0	0.0
hgt	453	GCA.003280605.1.Bacteria.Proteobacteria	1231.6385	0.0	615.81925
los	None	dead	0.0	0.0	0.0
spe	508	507	1872.275	1662.025	1767.15
spe	507	506	1662.025	1610.765	1636.395
los	506	GCA.001464215.1.Bacteria.Proteobacteria	1610.765	0.0	805.3825
spe	507	503	1662.025	1517.515	1589.77
los	503	GCA.002280485.1.Bacteria.Proteobacteria	1517.515	0.0	758.7575
spe	503	501	1517.515	1305.64	1411.5775
los	501	GCA.003158585.1.Bacteria.Proteobacteria	1305.64	0.0	652.82
spe	1042	1041	2996.785	2930.085	2963.435
los	1041	GCA.002686955.1.Bacteria.Gemmatimonadota.A	2930.085	0.0	1465.0425
spe	1041	1040	2930.085	2866.055	2898.07
los	1040	1026	2866.055	2705.74	2785.8975
spe	1040	1039	2866.055	2842.87	2854.4625
los	1039	1029	2842.87	2585.52	2714.195
spe	1039	1038	2842.87	2619.59	2731.23
los	1038	1037	2619.59	2504.31	2561.95
spe	1038	1032	2619.59	2327.38	2473.485
dup	None	dead	0.0	0.0	0.0
hgt	320	GCA.003245715.1.Bacteria.Planctomycetota	2697.03	0.0	1348.515
los	None	dead	0.0	0.0	0.0
hgt	568	GCF.001051235.1.Bacteria.Proteobacteria	2035.48	0.0	1017.74
los	None	dead	0.0	0.0	0.0
spe	364	363	3156.3	2895.655	3025.9775
spe	363	321	2895.655	2808.805	2852.23
los	321	320	2808.805	2697.03	2752.9175
spe	363	362	2895.655	2809.515	2852.585
spe	362	361	2809.515	2745.685	2777.6
hgt	None	dead	0.0	0.0	0.0
los	361	360	2745.685	2603.365	2674.525
hgt	293	GCA.003246265.1.Bacteria.Verrucomicrobiota	2421.68	0.0	1210.84
los	None	dead	0.0	0.0	0.0
spe	361	353	2745.685	2650.1	2697.8925
los	353	352	2650.1	2391.045	2520.5725
spe	353	347	2650.1	2546.45	2598.275
los	347	GCA.002683135.1.Bacteria.Planctomycetota	2546.45	0.0	1273.225
spe	347	345	2546.45	2344.43	2445.44
los	345	GCA.002746235.1.Bacteria.Planctomycetota	2344.43	0.0	1172.215
spe	362	342	2809.515	2698.49	2754.0025
los	342	328	2698.49	2426.155	2562.3225
spe	342	341	2698.49	2533.375	2615.9325
los	341	GCA.003170085.1.Bacteria.Planctomycetota	2533.375	0.0	1266.6875
spe	341	340	2533.375	2278.045	2405.71
los	340	339	2278.045	2169.255	2223.65
spe	340	334	2278.045	2115.87	2196.9575
spe	334	332	2115.87	1728.22	1922.045
los	332	GCA.002364485.1.Bacteria.Planctomycetota	1728.22	0.0	864.11
hgt	None	dead	0.0	0.0	0.0
spe	1724	1723	3346.625	3248.065	3297.345
spe	1723	1722	3248.065	3101.365	3174.715
los	1722	1664	3101.365	2826.835	2964.1
spe	1722	1721	3101.365	3037.59	3069.4775
los	1721	1667	3037.59	2851.115	2944.3525
spe	1721	1720	3037.59	2606.445	2822.0175
los	1720	1719	2606.445	2506.285	2556.365
spe	1723	1657	3248.065	3169.355	3208.71
hgt	None	dead	0.0	0.0	0.0
los	1657	1645	3169.355	3078.905	3124.13
hgt	686	GCA.002451015.1.Bacteria.Acidobacteriota	2295.75	0.0	1147.875
los	None	dead	0.0	0.0	0.0
spe	1657	1656	3169.355	3046.235	3107.795
hgt	None	dead	0.0	0.0	0.0
los	1656	1655	3046.235	2626.04	2836.1375
hgt	84	GCF.000970205.1.Archaea.Halobacteriota	1868.445	0.0	934.2225
los	None	dead	0.0	0.0	0.0
hgt	743	742	3035.675	2922.825	2979.25
spe	1656	1652	3046.235	2760.21	2903.2225
los	1652	1648	2760.21	2370.01	2565.11
spe	1652	1651	2760.21	2569.225	2664.7175
los	1651	GCA.001783275.1.Bacteria.Margulisbacteria	2569.225	0.0	1284.6125
spe	743	742	3035.675	2922.825	2979.25
spe	742	741	2922.825	2582.55	2752.6875
los	741	GCA.001771285.1.Bacteria.Methylomirabilota	2582.55	0.0	1291.275
spe	742	738	2922.825	2756.645	2839.735
hgt	1080	GCF.001547735.1.Bacteria.Thermosulfidibacterota	2861.12	0.0	1430.56
los	738	728	2756.645	2549.51	2653.0775
spe	738	737	2756.645	2630.42	2693.5325
spe	737	733	2630.42	2275.95	2453.185
los	733	732	2275.95	2077.52	2176.735
hgt	None	dead	0.0	0.0	0.0
hgt	880	GCF.000195295.1.Bacteria.Desulfobacterota	2202.89	0.0	1101.445
los	None	dead	0.0	0.0	0.0
hgt	892	GCA.001873285.1.Bacteria.CG2.30.53.67	2624.55	0.0	1312.275
los	737	736	2630.42	2435.77	2533.095
dup	None	dead	0.0	0.0	0.0
hgt	709	GCA.003223995.1.Bacteria.Acidobacteriota	2213.91	0.0	1106.955
los	None	dead	0.0	0.0	0.0
hgt	1699	GCF.000317045.1.Bacteria.Cyanobacteria	1966.585	0.0	983.2925
los	None	dead	0.0	0.0	0.0
spe	1725	1393	3410.995	3339.09	3375.0425
spe	1393	1392	3339.09	3284.295	3311.6925
hgt	None	dead	0.0	0.0	0.0
los	1392	1188	3284.295	3109.515	3196.905
hgt	1284	GCF.001553315.1.Bacteria.Firmicutes.C	1576.575	0.0	788.2875
los	None	dead	0.0	0.0	0.0
spe	1392	1391	3284.295	3133.07	3208.6825
los	1391	1211	3133.07	3013.88	3073.475
spe	1391	1390	3133.07	3070.6	3101.835
los	1390	1218	3070.6	2947.155	3008.8775
spe	1390	1389	3070.6	3027.58	3049.09
los	1389	1237	3027.58	2784.985	2906.2825
spe	1389	1388	3027.58	2941.055	2984.3175
spe	1388	1274	2941.055	2802.895	2871.975
hgt	None	dead	0.0	0.0	0.0
los	1274	1240	2802.895	2549.06	2675.9775
hgt	1684	GCA.001698445.1.Bacteria.Cyanobacteria	1851.405	0.0	925.7025
los	None	dead	0.0	0.0	0.0
spe	1274	1273	2802.895	2658.63	2730.7625
hgt	None	dead	0.0	0.0	0.0
hgt	1718	1704	2393.24	2299.84	2346.54
los	None	dead	0.0	0.0	0.0
dup	1718	1704	2393.24	2299.84	2346.54
spe	1718	1704	2393.24	2299.84	2346.54
spe	1704	1672	2299.84	2154.84	2227.34
los	1672	GCF.000015965.1.Bacteria.Cyanobacteria	2154.84	0.0	1077.42
spe	1704	1703	2299.84	2220.145	2259.9925
los	1703	1679	2220.145	2001.685	2110.915
spe	1703	1702	2220.145	2160.51	2190.3275
los	1702	GCF.003838225.1.Bacteria.Cyanobacteria	2160.51	0.0	1080.255
spe	1702	1701	2160.51	2117.68	2139.095
spe	1701	1700	2117.68	2037.95	2077.815
spe	1700	1688	2037.95	1799.565	1918.7575
los	1688	GCF.000353285.1.Bacteria.Cyanobacteria	1799.565	0.0	899.7825
spe	1700	1699	2037.95	1966.585	2002.2675
los	1699	GCF.000317045.1.Bacteria.Cyanobacteria	1966.585	0.0	983.2925
spe	1699	1698	1966.585	1629.64	1798.1125
spe	1698	1692	1629.64	247.20855	938.42428
spe	1698	1697	1629.64	1386.915	1508.2775
spe	1697	1695	1386.915	955.3765	1171.14575
spe	1701	1685	2117.68	2011.14	2064.41
spe	1685	1684	2011.14	1851.405	1931.2725
hgt	1679	GCF.000473895.1.Bacteria.Cyanobacteria	2001.685	0.0	1000.8425
los	1684	GCA.001698445.1.Bacteria.Cyanobacteria	1851.405	0.0	925.7025
hgt	1719	GCF.000013205.1.Bacteria.Cyanobacteria	2506.285	0.0	1253.1425
spe	1718	1704	2393.24	2299.84	2346.54
los	1704	1672	2299.84	2154.84	2227.34
spe	1704	1703	2299.84	2220.145	2259.9925
spe	1703	1702	2220.145	2160.51	2190.3275
los	1702	1701	2160.51	2117.68	2139.095
spe	1703	1679	2220.145	2001.685	2110.915
los	1679	GCF.000473895.1.Bacteria.Cyanobacteria	2001.685	0.0	1000.8425
spe	1679	1678	2001.685	1122.4185	1562.05175
spe	1678	1676	1122.4185	295.292	708.85525
hgt	1325	1324	2604.385	2536.255	2570.32
los	1273	GCF.000166335.1.Bacteria.Firmicutes.A	2658.63	0.0	1329.315
spe	1325	1324	2604.385	2536.255	2570.32
spe	1324	1308	2536.255	2377.745	2457.0
hgt	None	dead	0.0	0.0	0.0
los	1308	1307	2377.745	2196.38	2287.0625
hgt	695	GCA.003131705.1.Bacteria.Acidobacteriota	1981.07	0.0	990.535
los	None	dead	0.0	0.0	0.0
spe	1308	1300	2377.745	2090.18	2233.9625
los	1300	GCA.002418765.1.Bacteria.Firmicutes.B	2090.18	0.0	1045.09
spe	1324	1323	2536.255	2478.3	2507.2775
los	1323	1322	2478.3	2209.475	2343.8875
spe	1323	1319	2478.3	2388.655	2433.4775
spe	1319	1318	2388.655	2305.29	2346.9725
los	1318	1317	2305.29	1778.785	2042.0375
spe	1318	1312	2305.29	2058.365	2181.8275
los	1312	GCF.002607855.1.Bacteria.Firmicutes.B	2058.365	0.0	1029.1825
hgt	1263	GCA.002307275.1.Bacteria.Firmicutes.A	1696.805	0.0	848.4025
hgt	1330	GCA.003444595.1.Bacteria.Firmicutes.D	2416.115	0.0	1208.0575
hgt	None	dead	0.0	0.0	0.0
hgt	1360	GCF.002902625.1.Bacteria.Firmicutes	1402.385	0.0	701.1925
los	None	dead	0.0	0.0	0.0
spe	1273	1272	2658.63	2548.195	2603.4125
spe	1272	1246	2548.195	2308.455	2428.325
los	1246	GCF.000213255.1.Bacteria.Firmicutes.A	2308.455	0.0	1154.2275
spe	1246	1245	2308.455	2107.795	2208.125
los	1245	GCF.900129115.1.Bacteria.Firmicutes.A	2107.795	0.0	1053.8975
spe	1272	1271	2548.195	2346.495	2447.345
los	1271	1270	2346.495	2201.025	2273.76
spe	1271	1259	2346.495	2295.84	2321.1675
los	1259	1258	2295.84	2095.365	2195.6025
spe	1259	1253	2295.84	2190.3	2243.07
spe	1253	1252	2190.3	2040.145	2115.2225
los	1252	GCF.900107485.1.Bacteria.Firmicutes.A	2040.145	0.0	1020.0725
spe	1252	1251	2040.145	1879.525	1959.835
los	1251	GCA.900066305.1.Bacteria.Firmicutes.A	1879.525	0.0	939.7625
hgt	370	GCF.000092845.1.Bacteria.Spirochaetota	2617.22	0.0	1308.61
spe	1388	1387	2941.055	2902.155	2921.605
spe	1387	1386	2902.155	2794.775	2848.465
los	1386	1330	2794.775	2416.115	2605.445
spe	1386	1385	2794.775	2733.33	2764.0525
los	1385	1333	2733.33	2457.61	2595.47
spe	1385	1384	2733.33	2455.815	2594.5725
spe	1384	1338	2455.815	2111.765	2283.79
los	1338	1337	2111.765	1832.425	1972.095
spe	1384	1383	2455.815	2371.08	2413.4475
spe	1383	1341	2371.08	2078.19	2224.635
los	1341	GCF.001311905.1.Bacteria.Firmicutes	2078.19	0.0	1039.095
spe	1383	1382	2371.08	2292.545	2331.8125
los	1382	1344	2292.545	2055.27	2173.9075
spe	1382	1381	2292.545	2205.155	2248.85
los	1381	1351	2205.155	2134.51	2169.8325
spe	1381	1380	2205.155	2120.065	2162.61
spe	1380	1379	2120.065	2060.89	2090.4775
los	1379	1378	2060.89	1789.555	1925.2225
spe	1379	1355	2060.89	1845.21	1953.05
spe	1387	1327	2902.155	2828.71	2865.4325
spe	1327	1326	2828.71	2719.225	2773.9675
los	1326	1292	2719.225	2370.88	2545.0525
spe	1326	1325	2719.225	2604.385	2661.805
spe	1325	1297	2604.385	2420.65	2512.5175
los	1297	1296	2420.65	2280.145	2350.3975
spe	1325	1324	2604.385	2536.255	2570.32
spe	1324	1308	2536.255	2377.745	2457.0
spe	1308	1300	2377.745	2090.18	2233.9625
los	1300	GCF.000620305.1.Bacteria.Firmicutes.B	2090.18	0.0	1045.09
hgt	1271	1259	2346.495	2295.84	2321.1675
los	1308	1307	2377.745	2196.38	2287.0625
spe	1271	1259	2346.495	2295.84	2321.1675
spe	1259	1258	2295.84	2095.365	2195.6025
los	1258	1257	2095.365	1906.6	2000.9825
spe	1259	1253	2295.84	2190.3	2243.07
los	1253	GCF.900142265.1.Bacteria.Firmicutes.A	2190.3	0.0	1095.15
spe	1253	1252	2190.3	2040.145	2115.2225
spe	1252	1251	2040.145	1879.525	1959.835
hgt	1315	GCF.002224645.1.Bacteria.Firmicutes.B	1580.985	0.0	790.4925
los	1251	GCA.002478485.1.Bacteria.Firmicutes.A	1879.525	0.0	939.7625
spe	1324	1323	2536.255	2478.3	2507.2775
los	1323	1322	2478.3	2209.475	2343.8875
spe	1323	1319	2478.3	2388.655	2433.4775
spe	1319	1318	2388.655	2305.29	2346.9725
los	1318	1317	2305.29	1778.785	2042.0375
spe	1318	1312	2305.29	2058.365	2181.8275
los	1312	GCF.000019165.1.Bacteria.Firmicutes.B	2058.365	0.0	1029.1825
spe	1327	1289	2828.71	2635.61	2732.16
hgt	1382	1381	2292.545	2205.155	2248.85
los	1289	GCA.002345475.1.Bacteria.Firmicutes.H	2635.61	0.0	1317.805
spe	1382	1381	2292.545	2205.155	2248.85
spe	1381	1380	2205.155	2120.065	2162.61
los	1380	GCF.001049895.1.Bacteria.Firmicutes	2120.065	0.0	1060.0325
spe	1380	1379	2120.065	2060.89	2090.4775
los	1379	1378	2060.89	1789.555	1925.2225
spe	1379	1355	2060.89	1845.21	1953.05
los	1355	GCF.000503775.1.Bacteria.Firmicutes	1845.21	0.0	922.605
spe	1381	1351	2205.155	2134.51	2169.8325
los	1351	1350	2134.51	1969.515	2052.0125
spe	1351	1347	2134.51	1852.54	1993.525
los	1347	GCF.001561915.1.Bacteria.Firmicutes	1852.54	0.0	926.27
spe	1289	1288	2635.61	2207.725	2421.6675
hgt	1645	GCF.000212395.1.Bacteria.Thermodesulfobiota	3078.905	0.0	1539.4525
los	1288	GCA.002411145.1.Bacteria.Firmicutes.C	2207.725	0.0	1103.8625
dup	1288	1287	2207.725	1965.585	2086.655
spe	1288	1287	2207.725	1965.585	2086.655
spe	1287	1285	1965.585	1868.68	1917.1325
los	1285	1284	1868.68	1576.575	1722.6275
spe	1285	1281	1868.68	1642.245	1755.4625
spe	1281	1280	1642.245	1441.56	1541.9025
los	1280	GCF.900104455.1.Bacteria.Firmicutes.C	1441.56	0.0	720.78
spe	1288	1287	2207.725	1965.585	2086.655
spe	1287	1285	1965.585	1868.68	1917.1325
los	1285	1284	1868.68	1576.575	1722.6275
spe	1285	1281	1868.68	1642.245	1755.4625
los	1281	GCF.002257705.1.Bacteria.Firmicutes.C	1642.245	0.0	821.1225
spe	1281	1280	1642.245	1441.56	1541.9025
los	1280	GCF.000430605.1.Bacteria.Firmicutes.C	1441.56	0.0	720.78
hgt	1119	GCF.002973605.1.Bacteria.Armatimonadota	2529.245	0.0	1264.6225
los	1287	GCA.002329525.1.Bacteria.Firmicutes.C	1965.585	0.0	982.7925
spe	1393	1129	3339.09	3221.86	3280.475
spe	1129	1128	3221.86	3141.47	3181.665
spe	1128	1127	3141.47	3088.445	3114.9575
los	1127	1126	3088.445	2983.51	3035.9775
spe	1127	1113	3088.445	2866.74	2977.5925
los	1113	1112	2866.74	2593.11	2729.925
spe	1113	1109	2866.74	2582.96	2724.85
los	1109	GCA.002898895.1.Bacteria.Armatimonadota	2582.96	0.0	1291.48
spe	1109	1108	2582.96	2327.505	2455.2325
los	1108	GCA.002431715.1.Bacteria.Armatimonadota	2327.505	0.0	1163.7525
spe	1108	1106	2327.505	2220.8	2274.1525
los	1106	GCF.000427095.1.Bacteria.Armatimonadota	2220.8	0.0	1110.4
hgt	1148	GCF.000969705.1.Bacteria.Actinobacteriota	2328.75	0.0	1164.375
hgt	None	dead	0.0	0.0	0.0
dup	None	dead	0.0	0.0	0.0
dup	None	dead	0.0	0.0	0.0
hgt	1344	GCF.000218765.1.Bacteria.Firmicutes	2055.27	0.0	1027.635
los	None	dead	0.0	0.0	0.0
dup	None	dead	0.0	0.0	0.0
hgt	1307	GCA.000987045.1.Bacteria.Firmicutes.B	2196.38	0.0	1098.19
los	None	dead	0.0	0.0	0.0
dup	None	dead	0.0	0.0	0.0
hgt	600	GCA.002007425.1.Bacteria.Proteobacteria	1814.2	0.0	907.1
los	None	dead	0.0	0.0	0.0
hgt	532	GCA.002405475.1.Bacteria.Proteobacteria	2186.645	0.0	1093.3225
los	None	dead	0.0	0.0	0.0
dup	None	dead	0.0	0.0	0.0
hgt	326	GCF.900129635.1.Bacteria.Planctomycetota	1901.84	0.0	950.92
los	None	dead	0.0	0.0	0.0
hgt	1444	GCA.003451595.1.Bacteria.Chloroflexota	2137.48	0.0	1068.74
los	None	dead	0.0	0.0	0.0
hgt	None	dead	0.0	0.0	0.0
hgt	826	825	2185.76	1914.98	2050.37
los	None	dead	0.0	0.0	0.0
spe	826	825	2185.76	1914.98	2050.37
hgt	None	dead	0.0	0.0	0.0
dup	None	dead	0.0	0.0	0.0
hgt	1350	GCF.001742305.1.Bacteria.Firmicutes	1969.515	0.0	984.7575
los	None	dead	0.0	0.0	0.0
dup	None	dead	0.0	0.0	0.0
hgt	383	GCA.001829315.1.Bacteria.Spirochaetota	2480.61	0.0	1240.305
los	None	dead	0.0	0.0	0.0
hgt	1269	GCF.002252565.1.Bacteria.Firmicutes.A	2051.8	0.0	1025.9
los	None	dead	0.0	0.0	0.0
hgt	None	dead	0.0	0.0	0.0
hgt	694	GCA.001767075.1.Bacteria.Acidobacteriota	1909.495	0.0	954.7475
los	None	dead	0.0	0.0	0.0
hgt	None	dead	0.0	0.0	0.0
los	1129	1101	3221.86	3151.28	3186.57
hgt	728	727	2549.51	2370.105	2459.8075
los	None	dead	0.0	0.0	0.0
spe	728	727	2549.51	2370.105	2459.8075
hgt	853	GCA.001797415.1.Bacteria.Desulfobacterota	2576.375	0.0	1288.1875
hgt	756	GCA.001790645.1.Bacteria.Schekmanbacteria	2888.115	0.0	1444.0575
