event	left_node	right_node	left_date	right_date	midpoint_date	left_date_lower	left_date_upper	right_date_lower	right_date_upper	midpoint_date_all
hgt	None	dead	0.0	0.0	0.0	0.0	0.0	0.0	0.0	0.0
hgt	339	GCA.002311745.1.Bacteria.Planctomycetota	2169.255	0.0	1084.6275	2369.72	1968.79	0.0	0.0	1184.86
los	None	dead	0.0	0.0	0.0	0.0	0.0	0.0	0.0	0.0
hgt	None	dead	0.0	0.0	0.0	0.0	0.0	0.0	0.0	0.0
hgt	169	168	1519.325	1456.38	1487.8525	1708.56	1330.09	1643.76	1269.0	1488.78
los	None	dead	0.0	0.0	0.0	0.0	0.0	0.0	0.0	0.0
dup	169	168	1519.325	1456.38	1487.8525	1708.56	1330.09	1643.76	1269.0	1488.78
spe	169	168	1519.325	1456.38	1487.8525	1708.56	1330.09	1643.76	1269.0	1488.78
los	168	167	1456.38	1318.1	1387.24	1643.76	1269.0	1513.48	1122.72	1383.24
spe	168	160	1456.38	1363.29	1409.835	1643.76	1269.0	1551.64	1174.94	1409.35
los	160	GCA.015473125.1.Eukaryota.Viridiplantae	1363.29	0.0	681.645	1551.64	1174.94	0.0	0.0	775.82
spe	160	159	1363.29	1225.785	1294.5375	1551.64	1174.94	1392.48	1059.09	1305.365
los	159	GCF.000091205.1.Eukaryota.Rhodophyta	1225.785	0.0	612.8925	1392.48	1059.09	0.0	0.0	696.24
spe	169	168	1519.325	1456.38	1487.8525	1708.56	1330.09	1643.76	1269.0	1488.78
spe	168	160	1456.38	1363.29	1409.835	1643.76	1269.0	1551.64	1174.94	1409.35
los	160	159	1363.29	1225.785	1294.5375	1551.64	1174.94	1392.48	1059.09	1305.365
spe	168	167	1456.38	1318.1	1387.24	1643.76	1269.0	1513.48	1122.72	1383.24
los	167	GCA.000004985.1.Eukaryota.Heterolobosea	1318.1	0.0	659.05	1513.48	1122.72	0.0	0.0	756.74
spe	167	166	1318.1	1127.658	1222.879	1513.48	1122.72	1331.56	923.756	1218.618
dup	166	GCA.000209225.1.Eukaryota.Cnidaria	1127.658	0.0	563.829	1331.56	923.756	0.0	0.0	665.78
spe	166	165	1127.658	859.368	993.513	1331.56	923.756	1091.7	627.036	979.298
hgt	None	dead	0.0	0.0	0.0	0.0	0.0	0.0	0.0	0.0
hgt	1667	GCA.002783405.1.Bacteria.Cyanobacteria	2851.115	0.0	1425.5575	2991.25	2710.98	0.0	0.0	1495.625
los	None	dead	0.0	0.0	0.0	0.0	0.0	0.0	0.0	0.0
hgt	None	dead	0.0	0.0	0.0	0.0	0.0	0.0	0.0	0.0
hgt	816	GCA.002707085.1.Bacteria.Myxococcota.A	2057.94	0.0	1028.97	2275.98	1839.9	0.0	0.0	1137.99
los	None	dead	0.0	0.0	0.0	0.0	0.0	0.0	0.0	0.0
spe	1727	1726	3460.76	3442.105	3451.4325	3608.87	3312.65	3587.74	3296.47	3452.67
hgt	None	dead	0.0	0.0	0.0	0.0	0.0	0.0	0.0	0.0
hgt	1180	GCF.001029505.1.Bacteria.Actinobacteriota	2587.79	0.0	1293.895	2773.12	2402.46	0.0	0.0	1386.56
los	None	dead	0.0	0.0	0.0	0.0	0.0	0.0	0.0	0.0
spe	1726	1725	3442.105	3410.995	3426.55	3587.74	3296.47	3554.71	3267.28	3427.51
los	1725	1393	3410.995	3339.09	3375.0425	3554.71	3267.28	3482.84	3195.34	3375.025
spe	1725	1724	3410.995	3346.625	3378.81	3554.71	3267.28	3486.29	3206.96	3380.835
spe	1724	1642	3346.625	3305.11	3325.8675	3486.29	3206.96	3444.34	3165.88	3326.085
los	1642	1641	3305.11	3138.575	3221.8425	3444.34	3165.88	3281.68	2995.47	3219.905
spe	1642	1478	3305.11	3178.32	3241.715	3444.34	3165.88	3320.39	3036.25	3240.295
spe	1478	1477	3178.32	3065.68	3122.0	3320.39	3036.25	3209.37	2921.99	3121.19
spe	1477	1476	3065.68	2948.885	3007.2825	3209.37	2921.99	3099.11	2798.66	3004.015
hgt	None	dead	0.0	0.0	0.0	0.0	0.0	0.0	0.0	0.0
hgt	756	GCA.001790645.1.Bacteria.Schekmanbacteria	2888.115	0.0	1444.0575	3046.49	2729.74	0.0	0.0	1523.245
los	None	dead	0.0	0.0	0.0	0.0	0.0	0.0	0.0	0.0
spe	1476	1454	2948.885	2633.59	2791.2375	3099.11	2798.66	2806.22	2460.96	2780.035
spe	1454	1453	2633.59	2571.245	2602.4175	2806.22	2460.96	2752.52	2389.97	2598.095
los	1453	1449	2571.245	2414.175	2492.71	2752.52	2389.97	2615.97	2212.38	2482.45
spe	1453	1452	2571.245	2204.94	2388.0925	2752.52	2389.97	2468.84	1941.04	2346.78
los	1452	GCA.002423325.1.Bacteria.Chloroflexota	2204.94	0.0	1102.47	2468.84	1941.04	0.0	0.0	1234.42
spe	1454	1446	2633.59	2467.265	2550.4275	2806.22	2460.96	2650.86	2283.67	2544.945
los	1446	1440	2467.265	2358.68	2412.9725	2650.86	2283.67	2549.6	2167.76	2409.31
spe	1446	1445	2467.265	2304.44	2385.8525	2650.86	2283.67	2498.38	2110.5	2380.68
los	1445	GCA.003130875.1.Bacteria.Chloroflexota	2304.44	0.0	1152.22	2498.38	2110.5	0.0	0.0	1249.19
spe	1445	1444	2304.44	2137.48	2220.96	2498.38	2110.5	2354.92	1920.04	2209.21
los	1444	GCA.003451595.1.Bacteria.Chloroflexota	2137.48	0.0	1068.74	2354.92	1920.04	0.0	0.0	1177.46
spe	1476	1475	2948.885	2883.705	2916.295	3099.11	2798.66	3039.71	2727.7	2913.405
spe	1475	1474	2883.705	2804.86	2844.2825	3039.71	2727.7	2967.88	2641.84	2840.775
los	1474	1473	2804.86	2043.005	2423.9325	2967.88	2641.84	2324.44	1761.57	2364.725
spe	1474	1470	2804.86	2595.865	2700.3625	2967.88	2641.84	2779.45	2412.28	2690.08
los	1470	1469	2595.865	2472.76	2534.3125	2779.45	2412.28	2679.0	2266.52	2522.985
spe	1475	1463	2883.705	2750.56	2817.1325	3039.71	2727.7	2918.34	2582.78	2811.245
spe	1463	1462	2750.56	2688.275	2719.4175	2918.34	2582.78	2865.83	2510.72	2714.53
los	1462	GCA.002436065.1.Bacteria.Chloroflexota	2688.275	0.0	1344.1375	2865.83	2510.72	0.0	0.0	1432.915
spe	1462	1461	2688.275	2433.39	2560.8325	2865.83	2510.72	2666.93	2199.85	2532.84
los	1461	GCA.002413265.1.Bacteria.Chloroflexota	2433.39	0.0	1216.695	2666.93	2199.85	0.0	0.0	1333.465
spe	1463	1457	2750.56	2476.295	2613.4275	2918.34	2582.78	2697.47	2255.12	2586.73
hgt	None	dead	0.0	0.0	0.0	0.0	0.0	0.0	0.0	0.0
los	1457	GCA.002404055.1.Bacteria.Chloroflexota	2476.295	0.0	1238.1475	2697.47	2255.12	0.0	0.0	1348.735
hgt	1109	GCA.002898895.1.Bacteria.Armatimonadota	2582.96	0.0	1291.48	2796.46	2369.46	0.0	0.0	1398.23
los	None	dead	0.0	0.0	0.0	0.0	0.0	0.0	0.0	0.0
spe	1477	1431	3065.68	2900.705	2983.1925	3209.37	2921.99	3055.74	2745.67	2977.52
spe	1431	1427	2900.705	2775.63	2838.1675	3055.74	2745.67	2935.39	2615.87	2835.805
los	1427	1426	2775.63	2665.03	2720.33	2935.39	2615.87	2834.44	2495.62	2715.505
hgt	None	dead	0.0	0.0	0.0	0.0	0.0	0.0	0.0	0.0
spe	1427	1413	2775.63	2608.425	2692.0275	2935.39	2615.87	2782.72	2434.13	2684.76
los	1413	1412	2608.425	2456.73	2532.5775	2782.72	2434.13	2635.79	2277.67	2530.195
hgt	None	dead	0.0	0.0	0.0	0.0	0.0	0.0	0.0	0.0
hgt	1469	GCA.001898225.1.Bacteria.Chloroflexota	2472.76	0.0	1236.38	2679.0	2266.52	0.0	0.0	1339.5
los	None	dead	0.0	0.0	0.0	0.0	0.0	0.0	0.0	0.0
spe	1413	1399	2608.425	2391.86	2500.1425	2782.72	2434.13	2619.19	2164.53	2473.625
los	1399	GCA.002708145.1.Bacteria.Chloroflexota	2391.86	0.0	1195.93	2619.19	2164.53	0.0	0.0	1309.595
dup	None	dead	0.0	0.0	0.0	0.0	0.0	0.0	0.0	0.0
hgt	994	GCA.001304035.1.Bacteria.SM23.31	2567.69	0.0	1283.845	2744.85	2390.53	0.0	0.0	1372.425
los	None	dead	0.0	0.0	0.0	0.0	0.0	0.0	0.0	0.0
dup	None	dead	0.0	0.0	0.0	0.0	0.0	0.0	0.0	0.0
hgt	746	GCF.900079095.1.Bacteria.Tectomicrobia	2548.44	0.0	1274.22	2767.72	2329.16	0.0	0.0	1383.86
los	None	dead	0.0	0.0	0.0	0.0	0.0	0.0	0.0	0.0
hgt	274	GCA.000406005.1.Bacteria.Poribacteria	2618.66	0.0	1309.33	2849.97	2387.35	0.0	0.0	1424.985
los	None	dead	0.0	0.0	0.0	0.0	0.0	0.0	0.0	0.0
hgt	None	dead	0.0	0.0	0.0	0.0	0.0	0.0	0.0	0.0
dup	None	dead	0.0	0.0	0.0	0.0	0.0	0.0	0.0	0.0
hgt	400	GCA.002401295.1.Bacteria.SAR324	2693.845	0.0	1346.9225	2881.53	2506.16	0.0	0.0	1440.765
los	None	dead	0.0	0.0	0.0	0.0	0.0	0.0	0.0	0.0
hgt	1462	GCA.002436065.1.Bacteria.Chloroflexota	2688.275	0.0	1344.1375	2865.83	2510.72	0.0	0.0	1432.915
los	None	dead	0.0	0.0	0.0	0.0	0.0	0.0	0.0	0.0
hgt	None	dead	0.0	0.0	0.0	0.0	0.0	0.0	0.0	0.0
hgt	1032	GCA.002727195.1.Bacteria.Latescibacterota	2327.38	0.0	1163.69	2556.02	2098.74	0.0	0.0	1278.01
los	None	dead	0.0	0.0	0.0	0.0	0.0	0.0	0.0	0.0
spe	1431	1430	2900.705	2636.055	2768.38	3055.74	2745.67	2857.47	2414.64	2735.19
hgt	None	dead	0.0	0.0	0.0	0.0	0.0	0.0	0.0	0.0
los	1430	GCA.002239025.1.Bacteria.Chloroflexota	2636.055	0.0	1318.0275	2857.47	2414.64	0.0	0.0	1428.735
hgt	698	686	2454.615	2295.75	2375.1825	2624.66	2284.57	2486.27	2105.23	2364.945
los	None	dead	0.0	0.0	0.0	0.0	0.0	0.0	0.0	0.0
hgt	None	dead	0.0	0.0	0.0	0.0	0.0	0.0	0.0	0.0
hgt	1098	GCA.003244105.1.Bacteria.Eremiobacterota	2247.98	0.0	1123.99	2544.35	1951.61	0.0	0.0	1272.175
los	None	dead	0.0	0.0	0.0	0.0	0.0	0.0	0.0	0.0
spe	698	686	2454.615	2295.75	2375.1825	2624.66	2284.57	2486.27	2105.23	2364.945
spe	686	684	2295.75	1980.48	2138.115	2486.27	2105.23	2216.57	1744.39	2115.33
los	684	GCA.002483445.1.Bacteria.Acidobacteriota	1980.48	0.0	990.24	2216.57	1744.39	0.0	0.0	1108.285
hgt	None	dead	0.0	0.0	0.0	0.0	0.0	0.0	0.0	0.0
hgt	1185	1169	2913.82	2691.26	2802.54	3065.51	2762.13	2854.89	2527.63	2796.57
los	None	dead	0.0	0.0	0.0	0.0	0.0	0.0	0.0	0.0
hgt	None	dead	0.0	0.0	0.0	0.0	0.0	0.0	0.0	0.0
hgt	1021	GCA.002686915.1.Bacteria.ARS69	2684.73	0.0	1342.365	2864.65	2504.81	0.0	0.0	1432.325
los	None	dead	0.0	0.0	0.0	0.0	0.0	0.0	0.0	0.0
spe	1185	1169	2913.82	2691.26	2802.54	3065.51	2762.13	2854.89	2527.63	2796.57
spe	1169	1168	2691.26	2631.565	2661.4125	2854.89	2527.63	2798.58	2464.55	2659.72
los	1168	1148	2631.565	2328.75	2480.1575	2798.58	2464.55	2528.83	2128.67	2463.625
spe	1168	1167	2631.565	2503.64	2567.6025	2798.58	2464.55	2682.48	2324.8	2561.69
los	1167	1166	2503.64	1991.825	2247.7325	2682.48	2324.8	2191.81	1791.84	2237.16
spe	1169	1145	2691.26	2458.975	2575.1175	2854.89	2527.63	2644.12	2273.83	2564.36
spe	1145	1143	2458.975	2319.725	2389.35	2644.12	2273.83	2519.3	2120.15	2382.135
los	1143	GCA.002352645.1.Bacteria.Actinobacteriota	2319.725	0.0	1159.8625	2519.3	2120.15	0.0	0.0	1259.65
spe	1143	1141	2319.725	2008.575	2164.15	2519.3	2120.15	2245.24	1771.91	2145.605
spe	1141	1140	2008.575	1795.075	1901.825	2245.24	1771.91	2067.33	1522.82	1884.03
los	1140	GCA.003162395.1.Bacteria.Actinobacteriota	1795.075	0.0	897.5375	2067.33	1522.82	0.0	0.0	1033.665
hgt	None	dead	0.0	0.0	0.0	0.0	0.0	0.0	0.0	0.0
spe	1478	1396	3178.32	2525.675	2851.9975	3320.39	3036.25	2773.68	2277.67	2799.03
hgt	None	dead	0.0	0.0	0.0	0.0	0.0	0.0	0.0	0.0
hgt	832	GCA.002696345.1.Bacteria.Myxococcota	2268.205	0.0	1134.1025	2461.92	2074.49	0.0	0.0	1230.96
los	None	dead	0.0	0.0	0.0	0.0	0.0	0.0	0.0	0.0
hgt	None	dead	0.0	0.0	0.0	0.0	0.0	0.0	0.0	0.0
hgt	955	GCF.001280305.1.Bacteria.Bacteroidota	1759.09	0.0	879.545	1989.55	1528.63	0.0	0.0	994.775
los	None	dead	0.0	0.0	0.0	0.0	0.0	0.0	0.0	0.0
hgt	None	dead	0.0	0.0	0.0	0.0	0.0	0.0	0.0	0.0
los	1396	GCA.003151665.1.Bacteria.Dormibacterota	2525.675	0.0	1262.8375	2773.68	2277.67	0.0	0.0	1386.84
hgt	702	GCA.003152095.1.Bacteria.Acidobacteriota	2020.225	0.0	1010.1125	2250.44	1790.01	0.0	0.0	1125.22
los	None	dead	0.0	0.0	0.0	0.0	0.0	0.0	0.0	0.0
hgt	None	dead	0.0	0.0	0.0	0.0	0.0	0.0	0.0	0.0
hgt	979	GCA.002763895.1.Bacteria.Bacteroidota	2181.785	0.0	1090.8925	2367.29	1996.28	0.0	0.0	1183.645
los	None	dead	0.0	0.0	0.0	0.0	0.0	0.0	0.0	0.0
hgt	None	dead	0.0	0.0	0.0	0.0	0.0	0.0	0.0	0.0
hgt	746	GCA.002238965.1.Bacteria.UBA8248	2548.44	0.0	1274.22	2767.72	2329.16	0.0	0.0	1383.86
los	None	dead	0.0	0.0	0.0	0.0	0.0	0.0	0.0	0.0
hgt	None	dead	0.0	0.0	0.0	0.0	0.0	0.0	0.0	0.0
hgt	1461	GCA.002413265.1.Bacteria.Chloroflexota	2433.39	0.0	1216.695	2666.93	2199.85	0.0	0.0	1333.465
los	None	dead	0.0	0.0	0.0	0.0	0.0	0.0	0.0	0.0
hgt	None	dead	0.0	0.0	0.0	0.0	0.0	0.0	0.0	0.0
hgt	1167	1166	2503.64	1991.825	2247.7325	2682.48	2324.8	2191.81	1791.84	2237.16
los	None	dead	0.0	0.0	0.0	0.0	0.0	0.0	0.0	0.0
dup	1167	1166	2503.64	1991.825	2247.7325	2682.48	2324.8	2191.81	1791.84	2237.16
spe	1167	1166	2503.64	1991.825	2247.7325	2682.48	2324.8	2191.81	1791.84	2237.16
los	1166	GCF.004348535.1.Bacteria.Actinobacteriota	1991.825	0.0	995.9125	2191.81	1791.84	0.0	0.0	1095.905
spe	1166	1165	1991.825	1840.865	1916.345	2191.81	1791.84	2058.77	1622.96	1907.385
los	1165	1164	1840.865	1690.82	1765.8425	2058.77	1622.96	1917.35	1464.29	1761.53
spe	1165	1155	1840.865	1711.135	1776.0	2058.77	1622.96	1936.0	1486.27	1772.52
los	1155	1154	1711.135	1356.86	1533.9975	1936.0	1486.27	1624.69	1089.03	1512.515
spe	1167	1166	2503.64	1991.825	2247.7325	2682.48	2324.8	2191.81	1791.84	2237.16
spe	1166	1165	1991.825	1840.865	1916.345	2191.81	1791.84	2058.77	1622.96	1907.385
spe	1165	1155	1840.865	1711.135	1776.0	2058.77	1622.96	1936.0	1486.27	1772.52
los	1155	GCF.003443735.1.Bacteria.Actinobacteriota	1711.135	0.0	855.5675	1936.0	1486.27	0.0	0.0	968.0
spe	1155	1154	1711.135	1356.86	1533.9975	1936.0	1486.27	1624.69	1089.03	1512.515
hgt	None	dead	0.0	0.0	0.0	0.0	0.0	0.0	0.0	0.0
hgt	1163	GCF.000384115.1.Bacteria.Actinobacteriota	1488.035	0.0	744.0175	1730.27	1245.8	0.0	0.0	865.135
los	None	dead	0.0	0.0	0.0	0.0	0.0	0.0	0.0	0.0
dup	1154	GCF.003047285.1.Bacteria.Actinobacteriota	1356.86	0.0	678.43	1624.69	1089.03	0.0	0.0	812.345
spe	1165	1164	1840.865	1690.82	1765.8425	2058.77	1622.96	1917.35	1464.29	1761.53
los	1164	1163	1690.82	1488.035	1589.4275	1917.35	1464.29	1730.27	1245.8	1581.575
spe	1164	1160	1690.82	1520.98	1605.9	1917.35	1464.29	1761.58	1280.38	1598.865
spe	1160	1158	1520.98	1386.605	1453.7925	1761.58	1280.38	1639.35	1133.86	1447.72
los	1158	GCF.001942305.1.Bacteria.Actinobacteriota	1386.605	0.0	693.3025	1639.35	1133.86	0.0	0.0	819.675
hgt	None	dead	0.0	0.0	0.0	0.0	0.0	0.0	0.0	0.0
hgt	670	GCA.002898535.1.Bacteria.Acidobacteriota	2753.645	0.0	1376.8225	2923.59	2583.7	0.0	0.0	1461.795
los	None	dead	0.0	0.0	0.0	0.0	0.0	0.0	0.0	0.0
hgt	798	797	2657.78	2488.59	2573.185	2816.13	2499.43	2661.77	2315.41	2565.77
los	None	dead	0.0	0.0	0.0	0.0	0.0	0.0	0.0	0.0
hgt	None	dead	0.0	0.0	0.0	0.0	0.0	0.0	0.0	0.0
hgt	681	GCA.002712885.1.Bacteria.Acidobacteriota	2463.525	0.0	1231.7625	2639.97	2287.08	0.0	0.0	1319.985
los	None	dead	0.0	0.0	0.0	0.0	0.0	0.0	0.0	0.0
spe	798	797	2657.78	2488.59	2573.185	2816.13	2499.43	2661.77	2315.41	2565.77
spe	797	796	2488.59	2368.175	2428.3825	2661.77	2315.41	2549.94	2186.41	2424.09
los	796	GCA.002238415.1.Bacteria.Desulfobacterota.B	2368.175	0.0	1184.0875	2549.94	2186.41	0.0	0.0	1274.97
spe	796	795	2368.175	2229.875	2299.025	2549.94	2186.41	2422.94	2036.81	2293.375
los	795	794	2229.875	2136.5	2183.1875	2422.94	2036.81	2343.87	1929.13	2176.035
spe	795	791	2229.875	2015.09	2122.4825	2422.94	2036.81	2237.3	1792.88	2107.91
los	791	GCA.002898795.1.Bacteria.Desulfobacterota.B	2015.09	0.0	1007.545	2237.3	1792.88	0.0	0.0	1118.65
hgt	None	dead	0.0	0.0	0.0	0.0	0.0	0.0	0.0	0.0
hgt	1427	1413	2775.63	2608.425	2692.0275	2935.39	2615.87	2782.72	2434.13	2684.76
los	None	dead	0.0	0.0	0.0	0.0	0.0	0.0	0.0	0.0
dup	1427	1413	2775.63	2608.425	2692.0275	2935.39	2615.87	2782.72	2434.13	2684.76
spe	1427	1413	2775.63	2608.425	2692.0275	2935.39	2615.87	2782.72	2434.13	2684.76
spe	1413	1399	2608.425	2391.86	2500.1425	2782.72	2434.13	2619.19	2164.53	2473.625
los	1399	GCA.002450835.1.Bacteria.Chloroflexota	2391.86	0.0	1195.93	2619.19	2164.53	0.0	0.0	1309.595
spe	1413	1412	2608.425	2456.73	2532.5775	2782.72	2434.13	2635.79	2277.67	2530.195
spe	1412	1408	2456.73	2414.235	2435.4825	2635.79	2277.67	2597.86	2230.61	2433.2
los	1408	1402	2414.235	2331.705	2372.97	2597.86	2230.61	2524.09	2139.32	2368.59
spe	1408	1407	2414.235	2350.905	2382.57	2597.86	2230.61	2541.49	2160.32	2379.09
los	1407	1406	2350.905	2276.4	2313.6525	2541.49	2160.32	2475.71	2077.09	2309.29
spe	1412	1411	2456.73	2250.5	2353.615	2635.79	2277.67	2459.44	2041.56	2338.675
hgt	None	dead	0.0	0.0	0.0	0.0	0.0	0.0	0.0	0.0
hgt	1402	GCA.002721445.1.Bacteria.Chloroflexota	2331.705	0.0	1165.8525	2524.09	2139.32	0.0	0.0	1262.045
los	None	dead	0.0	0.0	0.0	0.0	0.0	0.0	0.0	0.0
spe	1427	1413	2775.63	2608.425	2692.0275	2935.39	2615.87	2782.72	2434.13	2684.76
los	1413	1399	2608.425	2391.86	2500.1425	2782.72	2434.13	2619.19	2164.53	2473.625
dup	1413	1412	2608.425	2456.73	2532.5775	2782.72	2434.13	2635.79	2277.67	2530.195
spe	1413	1412	2608.425	2456.73	2532.5775	2782.72	2434.13	2635.79	2277.67	2530.195
los	1412	1411	2456.73	2250.5	2353.615	2635.79	2277.67	2459.44	2041.56	2338.675
spe	1412	1408	2456.73	2414.235	2435.4825	2635.79	2277.67	2597.86	2230.61	2433.2
los	1408	1407	2414.235	2350.905	2382.57	2597.86	2230.61	2541.49	2160.32	2379.09
spe	1408	1402	2414.235	2331.705	2372.97	2597.86	2230.61	2524.09	2139.32	2368.59
los	1402	GCA.002721445.1.Bacteria.Chloroflexota	2331.705	0.0	1165.8525	2524.09	2139.32	0.0	0.0	1262.045
spe	1413	1412	2608.425	2456.73	2532.5775	2782.72	2434.13	2635.79	2277.67	2530.195
spe	1412	1411	2456.73	2250.5	2353.615	2635.79	2277.67	2459.44	2041.56	2338.675
los	1411	GCA.002717805.1.Bacteria.Chloroflexota	2250.5	0.0	1125.25	2459.44	2041.56	0.0	0.0	1229.72
spe	1412	1408	2456.73	2414.235	2435.4825	2635.79	2277.67	2597.86	2230.61	2433.2
los	1408	1402	2414.235	2331.705	2372.97	2597.86	2230.61	2524.09	2139.32	2368.59
spe	1408	1407	2414.235	2350.905	2382.57	2597.86	2230.61	2541.49	2160.32	2379.09
los	1407	GCA.002717565.1.Bacteria.Chloroflexota	2350.905	0.0	1175.4525	2541.49	2160.32	0.0	0.0	1270.745
spe	1407	1406	2350.905	2276.4	2313.6525	2541.49	2160.32	2475.71	2077.09	2309.29
hgt	None	dead	0.0	0.0	0.0	0.0	0.0	0.0	0.0	0.0
hgt	1069	GCF.000378005.1.Bacteria.Coprothermobacterota	2559.465	0.0	1279.7325	2777.02	2341.91	0.0	0.0	1388.51
los	None	dead	0.0	0.0	0.0	0.0	0.0	0.0	0.0	0.0
spe	1724	1723	3346.625	3248.065	3297.345	3486.29	3206.96	3383.97	3112.16	3299.225
los	1723	1657	3248.065	3169.355	3208.71	3383.97	3112.16	3311.52	3027.19	3205.58
hgt	None	dead	0.0	0.0	0.0	0.0	0.0	0.0	0.0	0.0
hgt	327	326	2199.545	1901.84	2050.6925	2411.52	1987.57	2150.28	1653.4	2032.46
los	None	dead	0.0	0.0	0.0	0.0	0.0	0.0	0.0	0.0
spe	327	326	2199.545	1901.84	2050.6925	2411.52	1987.57	2150.28	1653.4	2032.46
spe	1723	1722	3248.065	3101.365	3174.715	3383.97	3112.16	3228.11	2974.62	3179.295
los	1722	1664	3101.365	2826.835	2964.1	3228.11	2974.62	2973.28	2680.39	2954.25
spe	1722	1721	3101.365	3037.59	3069.4775	3228.11	2974.62	3161.79	2913.39	3070.75
los	1721	1667	3037.59	2851.115	2944.3525	3161.79	2913.39	2991.25	2710.98	2936.385
spe	1721	1720	3037.59	2606.445	2822.0175	3161.79	2913.39	2696.98	2515.91	2838.85
spe	1720	1719	2606.445	2506.285	2556.365	2696.98	2515.91	2604.85	2407.72	2552.35
los	1719	GCF.000013205.1.Bacteria.Cyanobacteria	2506.285	0.0	1253.1425	2604.85	2407.72	0.0	0.0	1302.425
spe	1719	1718	2506.285	2393.24	2449.7625	2604.85	2407.72	2492.26	2294.22	2449.535
los	1718	1717	2393.24	2268.17	2330.705	2492.26	2294.22	2385.3	2151.04	2321.65
spe	1718	1704	2393.24	2299.84	2346.54	2492.26	2294.22	2399.06	2200.62	2346.44
spe	1704	1672	2299.84	2154.84	2227.34	2399.06	2200.62	2280.19	2029.49	2214.275
los	1672	GCF.000015965.1.Bacteria.Cyanobacteria	2154.84	0.0	1077.42	2280.19	2029.49	0.0	0.0	1140.095
hgt	None	dead	0.0	0.0	0.0	0.0	0.0	0.0	0.0	0.0
hgt	1685	GCF.000018105.1.Bacteria.Cyanobacteria	2011.14	0.0	1005.57	2124.52	1897.76	0.0	0.0	1062.26
los	None	dead	0.0	0.0	0.0	0.0	0.0	0.0	0.0	0.0
spe	1704	1703	2299.84	2220.145	2259.9925	2399.06	2200.62	2317.57	2122.72	2260.89
hgt	None	dead	0.0	0.0	0.0	0.0	0.0	0.0	0.0	0.0
hgt	1698	1697	1629.64	1386.915	1508.2775	1658.88	1600.4	1498.21	1275.62	1467.25
los	None	dead	0.0	0.0	0.0	0.0	0.0	0.0	0.0	0.0
spe	1698	1697	1629.64	1386.915	1508.2775	1658.88	1600.4	1498.21	1275.62	1467.25
spe	1697	1695	1386.915	955.3765	1171.14575	1498.21	1275.62	1178.07	732.683	1115.4465
spe	1703	1702	2220.145	2160.51	2190.3275	2317.57	2122.72	2257.39	2063.63	2190.6
spe	1702	1701	2160.51	2117.68	2139.095	2257.39	2063.63	2210.97	2024.39	2140.89
spe	1701	1685	2117.68	2011.14	2064.41	2210.97	2024.39	2124.52	1897.76	2054.365
los	1685	GCF.000018105.1.Bacteria.Cyanobacteria	2011.14	0.0	1005.57	2124.52	1897.76	0.0	0.0	1062.26
spe	1685	1684	2011.14	1851.405	1931.2725	2124.52	1897.76	1997.61	1705.2	1914.86
los	1684	GCF.000316115.1.Bacteria.Cyanobacteria	1851.405	0.0	925.7025	1997.61	1705.2	0.0	0.0	998.805
spe	1701	1700	2117.68	2037.95	2077.815	2210.97	2024.39	2130.46	1945.44	2078.205
spe	1700	1688	2037.95	1799.565	1918.7575	2130.46	1945.44	1942.05	1657.08	1893.77
spe	1700	1699	2037.95	1966.585	2002.2675	2130.46	1945.44	2051.72	1881.45	2005.955
hgt	None	dead	0.0	0.0	0.0	0.0	0.0	0.0	0.0	0.0
los	1699	1698	1966.585	1629.64	1798.1125	2051.72	1881.45	1658.88	1600.4	1826.06
hgt	1684	GCF.000316115.1.Bacteria.Cyanobacteria	1851.405	0.0	925.7025	1997.61	1705.2	0.0	0.0	998.805
los	None	dead	0.0	0.0	0.0	0.0	0.0	0.0	0.0	0.0
spe	1703	1679	2220.145	2001.685	2110.915	2317.57	2122.72	2133.82	1869.55	2093.56
spe	1679	1678	2001.685	1122.4185	1562.05175	2133.82	1869.55	1385.17	859.667	1496.7435
los	1678	1676	1122.4185	295.292	708.85525	1385.17	859.667	427.194	163.39	774.28
spe	1726	1094	3442.105	3407.45	3424.7775	3587.74	3296.47	3553.34	3261.56	3424.65
spe	1094	1048	3407.45	3324.645	3366.0475	3553.34	3261.56	3468.94	3180.35	3366.845
spe	1048	1047	3324.645	3317.54	3321.0925	3468.94	3180.35	3462.08	3173.0	3320.97
spe	1047	365	3317.54	3204.425	3260.9825	3462.08	3173.0	3352.46	3056.39	3259.235
los	365	GCA.001730085.1.Bacteria.GCA.001730085	3204.425	0.0	1602.2125	3352.46	3056.39	0.0	0.0	1676.23
spe	365	364	3204.425	3156.3	3180.3625	3352.46	3056.39	3302.8	3009.8	3181.13
los	364	316	3156.3	3070.49	3113.395	3302.8	3009.8	3218.67	2922.31	3112.555
spe	364	363	3156.3	2895.655	3025.9775	3302.8	3009.8	3047.21	2744.1	3023.45
spe	363	321	2895.655	2808.805	2852.23	3047.21	2744.1	2975.88	2641.73	2844.47
los	321	320	2808.805	2697.03	2752.9175	2975.88	2641.73	2876.69	2517.37	2746.625
spe	363	362	2895.655	2809.515	2852.585	3047.21	2744.1	2963.97	2655.06	2851.135
los	362	342	2809.515	2698.49	2754.0025	2963.97	2655.06	2862.25	2534.73	2749.35
hgt	None	dead	0.0	0.0	0.0	0.0	0.0	0.0	0.0	0.0
spe	362	361	2809.515	2745.685	2777.6	2963.97	2655.06	2904.81	2586.56	2775.265
los	361	360	2745.685	2603.365	2674.525	2904.81	2586.56	2777.61	2429.12	2666.965
spe	361	353	2745.685	2650.1	2697.8925	2904.81	2586.56	2818.66	2481.54	2693.175
los	353	352	2650.1	2391.045	2520.5725	2818.66	2481.54	2583.76	2198.33	2508.495
spe	353	347	2650.1	2546.45	2598.275	2818.66	2481.54	2726.66	2366.24	2592.45
los	347	345	2546.45	2344.43	2445.44	2726.66	2366.24	2550.58	2138.28	2432.47
hgt	702	GCA.003223635.1.Bacteria.Acidobacteriota	2020.225	0.0	1010.1125	2250.44	1790.01	0.0	0.0	1125.22
los	None	dead	0.0	0.0	0.0	0.0	0.0	0.0	0.0	0.0
spe	1047	1046	3317.54	3288.18	3302.86	3462.08	3173.0	3432.51	3143.85	3302.965
spe	1046	902	3288.18	3241.035	3264.6075	3432.51	3143.85	3385.47	3096.6	3264.555
los	902	901	3241.035	3194.215	3217.625	3385.47	3096.6	3337.52	3050.91	3218.19
spe	902	390	3241.035	3122.13	3181.5825	3385.47	3096.6	3271.16	2973.1	3179.285
los	390	GCA.002780065.1.Bacteria.UBA8481	3122.13	0.0	1561.065	3271.16	2973.1	0.0	0.0	1635.58
spe	390	389	3122.13	2948.12	3035.125	3271.16	2973.1	3102.94	2793.3	3032.23
los	389	371	2948.12	2834.115	2891.1175	3102.94	2793.3	3005.3	2662.93	2882.935
spe	389	388	2948.12	2845.905	2897.0125	3102.94	2793.3	3007.1	2684.71	2893.825
los	388	387	2845.905	2737.525	2791.715	3007.1	2684.71	2906.8	2568.25	2787.675
spe	388	376	2845.905	2638.94	2742.4225	3007.1	2684.71	2822.05	2455.83	2731.465
los	376	374	2638.94	2303.81	2471.375	2822.05	2455.83	2531.31	2076.31	2449.18
spe	1046	1045	3288.18	3193.355	3240.7675	3432.51	3143.85	3339.4	3047.31	3239.91
los	1045	921	3193.355	3111.29	3152.3225	3339.4	3047.31	3259.48	2963.1	3151.25
spe	1045	1044	3193.355	3092.405	3142.88	3339.4	3047.31	3238.13	2946.68	3143.04
los	1044	1043	3092.405	3056.385	3074.395	3238.13	2946.68	3202.8	2909.97	3074.05
hgt	None	dead	0.0	0.0	0.0	0.0	0.0	0.0	0.0	0.0
hgt	183	GCA.002402105.1.Bacteria.UBP17	3092.06	0.0	1546.03	3327.02	2857.1	0.0	0.0	1663.51
los	None	dead	0.0	0.0	0.0	0.0	0.0	0.0	0.0	0.0
spe	1044	936	3092.405	3003.555	3047.98	3238.13	2946.68	3155.32	2851.79	3044.96
los	936	935	3003.555	2600.975	2802.265	3155.32	2851.79	2794.79	2407.16	2781.24
spe	936	926	3003.555	2762.32	2882.9375	3155.32	2851.79	2945.47	2579.17	2867.245
los	926	GCA.001780825.1.Bacteria.Gemmatimonadota	2762.32	0.0	1381.16	2945.47	2579.17	0.0	0.0	1472.735
spe	926	924	2762.32	2422.26	2592.29	2945.47	2579.17	2682.06	2162.46	2553.965
hgt	None	dead	0.0	0.0	0.0	0.0	0.0	0.0	0.0	0.0
hgt	780	GCA.001769805.1.Bacteria.Bdellovibrionota	2414.4	0.0	1207.2	2599.71	2229.09	0.0	0.0	1299.855
los	None	dead	0.0	0.0	0.0	0.0	0.0	0.0	0.0	0.0
hgt	None	dead	0.0	0.0	0.0	0.0	0.0	0.0	0.0	0.0
hgt	477	GCA.001897475.1.Bacteria.Proteobacteria	1568.215	0.0	784.1075	1778.86	1357.57	0.0	0.0	889.43
los	None	dead	0.0	0.0	0.0	0.0	0.0	0.0	0.0	0.0
spe	1048	278	3324.645	3267.455	3296.05	3468.94	3180.35	3413.03	3121.88	3295.41
los	278	262	3267.455	3164.4	3215.9275	3413.03	3121.88	3310.34	3018.46	3215.745
spe	278	277	3267.455	3169.945	3218.7	3413.03	3121.88	3319.44	3020.45	3216.74
spe	277	267	3169.945	2989.33	3079.6375	3319.44	3020.45	3160.51	2818.15	3068.795
hgt	None	dead	0.0	0.0	0.0	0.0	0.0	0.0	0.0	0.0
hgt	178	177	3109.52	2987.475	3048.4975	3270.62	2948.42	3145.38	2829.57	3050.095
los	None	dead	0.0	0.0	0.0	0.0	0.0	0.0	0.0	0.0
dup	178	177	3109.52	2987.475	3048.4975	3270.62	2948.42	3145.38	2829.57	3050.095
hgt	None	dead	0.0	0.0	0.0	0.0	0.0	0.0	0.0	0.0
dup	None	dead	0.0	0.0	0.0	0.0	0.0	0.0	0.0	0.0
hgt	1079	1078	2652.83	2475.305	2564.0675	2850.84	2454.82	2693.96	2256.65	2553.745
los	None	dead	0.0	0.0	0.0	0.0	0.0	0.0	0.0	0.0
spe	1079	1078	2652.83	2475.305	2564.0675	2850.84	2454.82	2693.96	2256.65	2553.745
hgt	None	dead	0.0	0.0	0.0	0.0	0.0	0.0	0.0	0.0
dup	None	dead	0.0	0.0	0.0	0.0	0.0	0.0	0.0	0.0
hgt	982	GCF.001535965.1.Bacteria.Bacteroidota	2450.7	0.0	1225.35	2617.0	2284.4	0.0	0.0	1308.5
los	None	dead	0.0	0.0	0.0	0.0	0.0	0.0	0.0	0.0
hgt	1082	GCA.002011615.1.Bacteria.WOR.3	3015.205	0.0	1507.6025	3182.06	2848.35	0.0	0.0	1591.03
los	None	dead	0.0	0.0	0.0	0.0	0.0	0.0	0.0	0.0
hgt	None	dead	0.0	0.0	0.0	0.0	0.0	0.0	0.0	0.0
hgt	1068	GCA.002877955.1.Bacteria.Caldisericota	2377.575	0.0	1188.7875	2621.46	2133.69	0.0	0.0	1310.73
los	None	dead	0.0	0.0	0.0	0.0	0.0	0.0	0.0	0.0
spe	1078	1076	2475.305	2070.835	2273.07	2693.96	2256.65	2334.5	1807.17	2250.565
dup	None	dead	0.0	0.0	0.0	0.0	0.0	0.0	0.0	0.0
hgt	674	GCA.002298155.1.Bacteria.Acidobacteriota	2473.205	0.0	1236.6025	2675.97	2270.44	0.0	0.0	1337.985
los	None	dead	0.0	0.0	0.0	0.0	0.0	0.0	0.0	0.0
dup	None	dead	0.0	0.0	0.0	0.0	0.0	0.0	0.0	0.0
hgt	159	GCF.000091205.1.Eukaryota.Rhodophyta	1225.785	0.0	612.8925	1392.48	1059.09	0.0	0.0	696.24
los	None	dead	0.0	0.0	0.0	0.0	0.0	0.0	0.0	0.0
hgt	47	GCA.002494765.1.Archaea.Thermoplasmatota	2175.095	0.0	1087.5475	2371.63	1978.56	0.0	0.0	1185.815
los	None	dead	0.0	0.0	0.0	0.0	0.0	0.0	0.0	0.0
hgt	None	dead	0.0	0.0	0.0	0.0	0.0	0.0	0.0	0.0
hgt	65	GCA.001800745.1.Archaea.Thermoplasmatota	1926.01	0.0	963.005	2135.57	1716.45	0.0	0.0	1067.785
los	None	dead	0.0	0.0	0.0	0.0	0.0	0.0	0.0	0.0
hgt	None	dead	0.0	0.0	0.0	0.0	0.0	0.0	0.0	0.0
dup	None	dead	0.0	0.0	0.0	0.0	0.0	0.0	0.0	0.0
hgt	515	GCA.002632265.1.Bacteria.Proteobacteria	2401.52	0.0	1200.76	2548.4	2254.64	0.0	0.0	1274.2
los	None	dead	0.0	0.0	0.0	0.0	0.0	0.0	0.0	0.0
dup	None	dead	0.0	0.0	0.0	0.0	0.0	0.0	0.0	0.0
hgt	1228	GCA.003023725.1.Bacteria.Firmicutes.E	2573.425	0.0	1286.7125	2761.84	2385.01	0.0	0.0	1380.92
los	None	dead	0.0	0.0	0.0	0.0	0.0	0.0	0.0	0.0
dup	None	dead	0.0	0.0	0.0	0.0	0.0	0.0	0.0	0.0
hgt	720	GCA.002347965.1.Bacteria.UBA2233	2734.075	0.0	1367.0375	2916.96	2551.19	0.0	0.0	1458.48
los	None	dead	0.0	0.0	0.0	0.0	0.0	0.0	0.0	0.0
hgt	352	GCA.002167285.1.Bacteria.Planctomycetota	2391.045	0.0	1195.5225	2583.76	2198.33	0.0	0.0	1291.88
los	None	dead	0.0	0.0	0.0	0.0	0.0	0.0	0.0	0.0
spe	178	177	3109.52	2987.475	3048.4975	3270.62	2948.42	3145.38	2829.57	3050.095
los	177	176	2987.475	2870.105	2928.79	3145.38	2829.57	3029.57	2710.64	2928.01
spe	177	95	2987.475	2895.515	2941.495	3145.38	2829.57	3052.55	2738.48	2941.93
spe	95	39	2895.515	2772.035	2833.775	3052.55	2738.48	2935.32	2608.75	2830.65
los	39	35	2772.035	2625.215	2698.625	2935.32	2608.75	2814.09	2436.34	2685.83
spe	39	38	2772.035	2538.31	2655.1725	2935.32	2608.75	2727.65	2348.97	2642.145
los	38	GCA.001515205.2.Archaea.Hadarchaeota	2538.31	0.0	1269.155	2727.65	2348.97	0.0	0.0	1363.825
spe	95	94	2895.515	2874.54	2885.0275	3052.55	2738.48	3031.65	2717.43	2884.99
hgt	None	dead	0.0	0.0	0.0	0.0	0.0	0.0	0.0	0.0
hgt	654	653	2959.21	2771.345	2865.2775	3102.9	2815.52	2913.41	2629.28	2866.09
los	None	dead	0.0	0.0	0.0	0.0	0.0	0.0	0.0	0.0
spe	654	653	2959.21	2771.345	2865.2775	3102.9	2815.52	2913.41	2629.28	2866.09
spe	653	652	2771.345	2671.985	2721.665	2913.41	2629.28	2814.28	2529.69	2721.55
los	652	526	2671.985	2470.255	2571.12	2814.28	2529.69	2632.1	2308.41	2561.345
dup	652	651	2671.985	2583.355	2627.67	2814.28	2529.69	2725.11	2441.6	2627.94
spe	652	651	2671.985	2583.355	2627.67	2814.28	2529.69	2725.11	2441.6	2627.94
spe	651	533	2583.355	2458.635	2520.995	2725.11	2441.6	2609.15	2308.12	2516.615
los	533	532	2458.635	2186.645	2322.64	2609.15	2308.12	2379.45	1993.84	2301.495
spe	533	529	2458.635	2307.945	2383.29	2609.15	2308.12	2475.73	2140.16	2374.655
los	529	GCA.002420425.1.Bacteria.Proteobacteria	2307.945	0.0	1153.9725	2475.73	2140.16	0.0	0.0	1237.865
spe	651	650	2583.355	2528.52	2555.9375	2725.11	2441.6	2669.79	2387.25	2556.18
los	650	536	2528.52	2343.3	2435.91	2669.79	2387.25	2502.24	2184.36	2427.075
spe	650	649	2528.52	2487.635	2508.0775	2669.79	2387.25	2629.66	2345.61	2507.7
los	649	543	2487.635	2384.42	2436.0275	2629.66	2345.61	2534.92	2233.92	2431.79
dup	649	648	2487.635	2440.92	2464.2775	2629.66	2345.61	2583.69	2298.15	2463.905
dup	649	648	2487.635	2440.92	2464.2775	2629.66	2345.61	2583.69	2298.15	2463.905
spe	649	648	2487.635	2440.92	2464.2775	2629.66	2345.61	2583.69	2298.15	2463.905
spe	648	562	2440.92	2333.93	2387.425	2583.69	2298.15	2481.45	2186.41	2385.05
los	562	561	2333.93	2282.175	2308.0525	2481.45	2186.41	2433.26	2131.09	2306.27
spe	562	546	2333.93	2056.155	2195.0425	2481.45	2186.41	2233.12	1879.19	2180.32
los	546	GCA.002747435.1.Bacteria.Proteobacteria	2056.155	0.0	1028.0775	2233.12	1879.19	0.0	0.0	1116.56
spe	648	647	2440.92	2391.055	2415.9875	2583.69	2298.15	2533.91	2248.2	2415.945
spe	647	646	2391.055	2358.03	2374.5425	2533.91	2248.2	2502.58	2213.48	2373.695
los	646	588	2358.03	2283.06	2320.545	2502.58	2213.48	2432.98	2133.14	2317.86
spe	646	645	2358.03	2312.285	2335.1575	2502.58	2213.48	2458.58	2165.99	2334.285
los	645	631	2312.285	2258.31	2285.2975	2458.58	2165.99	2406.05	2110.57	2284.575
spe	645	644	2312.285	2211.125	2261.705	2458.58	2165.99	2362.51	2059.74	2259.16
los	644	643	2211.125	2071.11	2141.1175	2362.51	2059.74	2233.72	1908.5	2135.505
spe	644	636	2211.125	2146.87	2178.9975	2362.51	2059.74	2302.89	1990.85	2176.68
los	636	GCA.002840095.1.Bacteria.Proteobacteria	2146.87	0.0	1073.435	2302.89	1990.85	0.0	0.0	1151.445
spe	636	634	2146.87	2007.49	2077.18	2302.89	1990.85	2185.15	1829.83	2066.36
los	634	GCF.002020875.1.Bacteria.Proteobacteria	2007.49	0.0	1003.745	2185.15	1829.83	0.0	0.0	1092.575
spe	647	571	2391.055	2282.495	2336.775	2533.91	2248.2	2431.81	2133.18	2333.545
los	571	565	2282.495	2067.745	2175.12	2431.81	2133.18	2247.81	1887.68	2159.745
spe	571	570	2282.495	2165.975	2224.235	2431.81	2133.18	2326.89	2005.06	2218.435
los	570	GCA.002255365.1.Bacteria.Proteobacteria	2165.975	0.0	1082.9875	2326.89	2005.06	0.0	0.0	1163.445
spe	570	568	2165.975	2035.48	2100.7275	2326.89	2005.06	2214.09	1856.87	2091.88
los	568	GCF.001051235.1.Bacteria.Proteobacteria	2035.48	0.0	1017.74	2214.09	1856.87	0.0	0.0	1107.045
hgt	None	dead	0.0	0.0	0.0	0.0	0.0	0.0	0.0	0.0
hgt	598	GCA.002292285.1.Bacteria.Proteobacteria	1497.41	0.0	748.705	1713.35	1281.47	0.0	0.0	856.675
los	None	dead	0.0	0.0	0.0	0.0	0.0	0.0	0.0	0.0
spe	649	648	2487.635	2440.92	2464.2775	2629.66	2345.61	2583.69	2298.15	2463.905
spe	648	562	2440.92	2333.93	2387.425	2583.69	2298.15	2481.45	2186.41	2385.05
los	562	546	2333.93	2056.155	2195.0425	2481.45	2186.41	2233.12	1879.19	2180.32
spe	562	561	2333.93	2282.175	2308.0525	2481.45	2186.41	2433.26	2131.09	2306.27
los	561	560	2282.175	2138.97	2210.5725	2433.26	2131.09	2303.08	1974.86	2204.06
spe	561	553	2282.175	2172.955	2227.565	2433.26	2131.09	2336.27	2009.64	2221.45
los	553	GCF.001641825.1.Bacteria.Proteobacteria	2172.955	0.0	1086.4775	2336.27	2009.64	0.0	0.0	1168.135
spe	553	552	2172.955	1988.77	2080.8625	2336.27	2009.64	2174.6	1802.94	2069.605
los	552	551	1988.77	1711.785	1850.2775	2174.6	1802.94	1939.79	1483.78	1829.19
spe	648	647	2440.92	2391.055	2415.9875	2583.69	2298.15	2533.91	2248.2	2415.945
spe	647	571	2391.055	2282.495	2336.775	2533.91	2248.2	2431.81	2133.18	2333.545
los	571	565	2282.495	2067.745	2175.12	2431.81	2133.18	2247.81	1887.68	2159.745
spe	571	570	2282.495	2165.975	2224.235	2431.81	2133.18	2326.89	2005.06	2218.435
los	570	GCA.002255365.1.Bacteria.Proteobacteria	2165.975	0.0	1082.9875	2326.89	2005.06	0.0	0.0	1163.445
spe	570	568	2165.975	2035.48	2100.7275	2326.89	2005.06	2214.09	1856.87	2091.88
los	568	GCA.002862435.1.Bacteria.Proteobacteria	2035.48	0.0	1017.74	2214.09	1856.87	0.0	0.0	1107.045
spe	647	646	2391.055	2358.03	2374.5425	2533.91	2248.2	2502.58	2213.48	2373.695
spe	646	645	2358.03	2312.285	2335.1575	2502.58	2213.48	2458.58	2165.99	2334.285
spe	645	644	2312.285	2211.125	2261.705	2458.58	2165.99	2362.51	2059.74	2259.16
los	644	643	2211.125	2071.11	2141.1175	2362.51	2059.74	2233.72	1908.5	2135.505
spe	644	636	2211.125	2146.87	2178.9975	2362.51	2059.74	2302.89	1990.85	2176.68
spe	636	634	2146.87	2007.49	2077.18	2302.89	1990.85	2185.15	1829.83	2066.36
los	634	GCF.001697225.1.Bacteria.Proteobacteria	2007.49	0.0	1003.745	2185.15	1829.83	0.0	0.0	1092.575
spe	645	631	2312.285	2258.31	2285.2975	2458.58	2165.99	2406.05	2110.57	2284.575
los	631	630	2258.31	2159.7	2209.005	2406.05	2110.57	2311.95	2007.45	2206.75
hgt	None	dead	0.0	0.0	0.0	0.0	0.0	0.0	0.0	0.0
dup	None	dead	0.0	0.0	0.0	0.0	0.0	0.0	0.0	0.0
hgt	542	GCA.002631715.1.Bacteria.Proteobacteria	2266.915	0.0	1133.4575	2432.28	2101.55	0.0	0.0	1216.14
los	None	dead	0.0	0.0	0.0	0.0	0.0	0.0	0.0	0.0
hgt	551	GCA.002746645.1.Bacteria.Proteobacteria	1711.785	0.0	855.8925	1939.79	1483.78	0.0	0.0	969.895
los	None	dead	0.0	0.0	0.0	0.0	0.0	0.0	0.0	0.0
spe	631	603	2258.31	2200.665	2229.4875	2406.05	2110.57	2350.69	2050.64	2228.345
los	603	GCA.002085445.1.Bacteria.Proteobacteria	2200.665	0.0	1100.3325	2350.69	2050.64	0.0	0.0	1175.345
dup	603	602	2200.665	2136.455	2168.56	2350.69	2050.64	2288.0	1984.91	2167.8
spe	603	602	2200.665	2136.455	2168.56	2350.69	2050.64	2288.0	1984.91	2167.8
spe	602	601	2136.455	2005.515	2070.985	2288.0	1984.91	2169.0	1842.03	2065.015
los	601	595	2005.515	1816.095	1910.805	2169.0	1842.03	2002.91	1629.28	1899.14
spe	601	600	2005.515	1814.2	1909.8575	2169.0	1842.03	1996.49	1631.91	1900.455
los	600	598	1814.2	1497.41	1655.805	1996.49	1631.91	1713.35	1281.47	1638.98
hgt	None	dead	0.0	0.0	0.0	0.0	0.0	0.0	0.0	0.0
spe	602	592	2136.455	1879.945	2008.2	2288.0	1984.91	2061.78	1698.11	1993.055
hgt	None	dead	0.0	0.0	0.0	0.0	0.0	0.0	0.0	0.0
hgt	546	GCA.002747435.1.Bacteria.Proteobacteria	2056.155	0.0	1028.0775	2233.12	1879.19	0.0	0.0	1116.56
los	None	dead	0.0	0.0	0.0	0.0	0.0	0.0	0.0	0.0
hgt	560	558	2138.97	1998.285	2068.6275	2303.08	1974.86	2181.41	1815.16	2059.12
los	None	dead	0.0	0.0	0.0	0.0	0.0	0.0	0.0	0.0
spe	560	558	2138.97	1998.285	2068.6275	2303.08	1974.86	2181.41	1815.16	2059.12
hgt	None	dead	0.0	0.0	0.0	0.0	0.0	0.0	0.0	0.0
hgt	576	GCA.002432655.1.Bacteria.Proteobacteria	2178.965	0.0	1089.4825	2336.84	2021.09	0.0	0.0	1168.42
los	None	dead	0.0	0.0	0.0	0.0	0.0	0.0	0.0	0.0
hgt	None	dead	0.0	0.0	0.0	0.0	0.0	0.0	0.0	0.0
hgt	542	GCA.002352565.1.Bacteria.Proteobacteria	2266.915	0.0	1133.4575	2432.28	2101.55	0.0	0.0	1216.14
los	None	dead	0.0	0.0	0.0	0.0	0.0	0.0	0.0	0.0
spe	558	557	1998.285	1783.96	1891.1225	2181.41	1815.16	2002.84	1565.08	1873.245
hgt	None	dead	0.0	0.0	0.0	0.0	0.0	0.0	0.0	0.0
los	557	GCA.002007405.1.Bacteria.Proteobacteria	1783.96	0.0	891.98	2002.84	1565.08	0.0	0.0	1001.42
hgt	603	GCA.002085445.1.Bacteria.Proteobacteria	2200.665	0.0	1100.3325	2350.69	2050.64	0.0	0.0	1175.345
los	None	dead	0.0	0.0	0.0	0.0	0.0	0.0	0.0	0.0
spe	603	602	2200.665	2136.455	2168.56	2350.69	2050.64	2288.0	1984.91	2167.8
los	602	592	2136.455	1879.945	2008.2	2288.0	1984.91	2061.78	1698.11	1993.055
spe	602	601	2136.455	2005.515	2070.985	2288.0	1984.91	2169.0	1842.03	2065.015
spe	601	595	2005.515	1816.095	1910.805	2169.0	1842.03	2002.91	1629.28	1899.14
los	595	GCA.002454015.1.Bacteria.Proteobacteria	1816.095	0.0	908.0475	2002.91	1629.28	0.0	0.0	1001.455
spe	601	600	2005.515	1814.2	1909.8575	2169.0	1842.03	1996.49	1631.91	1900.455
los	600	GCA.002007425.1.Bacteria.Proteobacteria	1814.2	0.0	907.1	1996.49	1631.91	0.0	0.0	998.245
spe	600	598	1814.2	1497.41	1655.805	1996.49	1631.91	1713.35	1281.47	1638.98
los	598	GCA.002292285.1.Bacteria.Proteobacteria	1497.41	0.0	748.705	1713.35	1281.47	0.0	0.0	856.675
spe	646	588	2358.03	2283.06	2320.545	2502.58	2213.48	2432.98	2133.14	2317.86
los	588	587	2283.06	1996.16	2139.61	2432.98	2133.14	2165.59	1826.73	2129.855
hgt	None	dead	0.0	0.0	0.0	0.0	0.0	0.0	0.0	0.0
spe	588	576	2283.06	2178.965	2231.0125	2432.98	2133.14	2336.84	2021.09	2227.035
los	576	GCA.002432655.1.Bacteria.Proteobacteria	2178.965	0.0	1089.4825	2336.84	2021.09	0.0	0.0	1168.42
spe	576	574	2178.965	1962.545	2070.755	2336.84	2021.09	2146.1	1778.99	2057.915
los	574	GCF.000374645.1.Bacteria.Proteobacteria	1962.545	0.0	981.2725	2146.1	1778.99	0.0	0.0	1073.05
hgt	529	GCA.002420425.1.Bacteria.Proteobacteria	2307.945	0.0	1153.9725	2475.73	2140.16	0.0	0.0	1237.865
los	None	dead	0.0	0.0	0.0	0.0	0.0	0.0	0.0	0.0
spe	649	648	2487.635	2440.92	2464.2775	2629.66	2345.61	2583.69	2298.15	2463.905
los	648	562	2440.92	2333.93	2387.425	2583.69	2298.15	2481.45	2186.41	2385.05
spe	648	647	2440.92	2391.055	2415.9875	2583.69	2298.15	2533.91	2248.2	2415.945
los	647	571	2391.055	2282.495	2336.775	2533.91	2248.2	2431.81	2133.18	2333.545
spe	647	646	2391.055	2358.03	2374.5425	2533.91	2248.2	2502.58	2213.48	2373.695
los	646	588	2358.03	2283.06	2320.545	2502.58	2213.48	2432.98	2133.14	2317.86
spe	646	645	2358.03	2312.285	2335.1575	2502.58	2213.48	2458.58	2165.99	2334.285
spe	645	631	2312.285	2258.31	2285.2975	2458.58	2165.99	2406.05	2110.57	2284.575
los	631	630	2258.31	2159.7	2209.005	2406.05	2110.57	2311.95	2007.45	2206.75
spe	631	603	2258.31	2200.665	2229.4875	2406.05	2110.57	2350.69	2050.64	2228.345
los	603	GCA.002085445.1.Bacteria.Proteobacteria	2200.665	0.0	1100.3325	2350.69	2050.64	0.0	0.0	1175.345
spe	603	602	2200.665	2136.455	2168.56	2350.69	2050.64	2288.0	1984.91	2167.8
los	602	592	2136.455	1879.945	2008.2	2288.0	1984.91	2061.78	1698.11	1993.055
spe	602	601	2136.455	2005.515	2070.985	2288.0	1984.91	2169.0	1842.03	2065.015
los	601	600	2005.515	1814.2	1909.8575	2169.0	1842.03	1996.49	1631.91	1900.455
spe	601	595	2005.515	1816.095	1910.805	2169.0	1842.03	2002.91	1629.28	1899.14
los	595	GCA.002389045.1.Bacteria.Proteobacteria	1816.095	0.0	908.0475	2002.91	1629.28	0.0	0.0	1001.455
spe	645	644	2312.285	2211.125	2261.705	2458.58	2165.99	2362.51	2059.74	2259.16
los	644	636	2211.125	2146.87	2178.9975	2362.51	2059.74	2302.89	1990.85	2176.68
dup	644	643	2211.125	2071.11	2141.1175	2362.51	2059.74	2233.72	1908.5	2135.505
spe	644	643	2211.125	2071.11	2141.1175	2362.51	2059.74	2233.72	1908.5	2135.505
los	643	639	2071.11	1859.94	1965.525	2233.72	1908.5	2065.68	1654.2	1943.96
spe	643	642	2071.11	1939.07	2005.09	2233.72	1908.5	2120.83	1757.31	1995.515
los	642	GCA.001447805.1.Bacteria.Proteobacteria	1939.07	0.0	969.535	2120.83	1757.31	0.0	0.0	1060.415
spe	644	643	2211.125	2071.11	2141.1175	2362.51	2059.74	2233.72	1908.5	2135.505
spe	643	642	2071.11	1939.07	2005.09	2233.72	1908.5	2120.83	1757.31	1995.515
los	642	GCA.001464965.1.Bacteria.Proteobacteria	1939.07	0.0	969.535	2120.83	1757.31	0.0	0.0	1060.415
spe	643	639	2071.11	1859.94	1965.525	2233.72	1908.5	2065.68	1654.2	1943.96
spe	652	651	2671.985	2583.355	2627.67	2814.28	2529.69	2725.11	2441.6	2627.94
los	651	533	2583.355	2458.635	2520.995	2725.11	2441.6	2609.15	2308.12	2516.615
spe	651	650	2583.355	2528.52	2555.9375	2725.11	2441.6	2669.79	2387.25	2556.18
los	650	536	2528.52	2343.3	2435.91	2669.79	2387.25	2502.24	2184.36	2427.075
spe	650	649	2528.52	2487.635	2508.0775	2669.79	2387.25	2629.66	2345.61	2507.7
los	649	543	2487.635	2384.42	2436.0275	2629.66	2345.61	2534.92	2233.92	2431.79
spe	649	648	2487.635	2440.92	2464.2775	2629.66	2345.61	2583.69	2298.15	2463.905
spe	648	647	2440.92	2391.055	2415.9875	2583.69	2298.15	2533.91	2248.2	2415.945
los	647	646	2391.055	2358.03	2374.5425	2533.91	2248.2	2502.58	2213.48	2373.695
spe	647	571	2391.055	2282.495	2336.775	2533.91	2248.2	2431.81	2133.18	2333.545
hgt	None	dead	0.0	0.0	0.0	0.0	0.0	0.0	0.0	0.0
spe	571	570	2282.495	2165.975	2224.235	2431.81	2133.18	2326.89	2005.06	2218.435
los	570	568	2165.975	2035.48	2100.7275	2326.89	2005.06	2214.09	1856.87	2091.88
hgt	514	513	2299.515	2253.55	2276.5325	2448.11	2150.92	2403.09	2104.01	2276.06
los	None	dead	0.0	0.0	0.0	0.0	0.0	0.0	0.0	0.0
dup	514	513	2299.515	2253.55	2276.5325	2448.11	2150.92	2403.09	2104.01	2276.06
hgt	None	dead	0.0	0.0	0.0	0.0	0.0	0.0	0.0	0.0
hgt	453	GCA.002457765.1.Bacteria.Proteobacteria	1231.6385	0.0	615.81925	1464.03	999.247	0.0	0.0	732.015
los	None	dead	0.0	0.0	0.0	0.0	0.0	0.0	0.0	0.0
dup	514	513	2299.515	2253.55	2276.5325	2448.11	2150.92	2403.09	2104.01	2276.06
hgt	None	dead	0.0	0.0	0.0	0.0	0.0	0.0	0.0	0.0
hgt	462	GCF.000315795.1.Bacteria.Proteobacteria	1641.635	0.0	820.8175	1844.48	1438.79	0.0	0.0	922.24
los	None	dead	0.0	0.0	0.0	0.0	0.0	0.0	0.0	0.0
dup	514	513	2299.515	2253.55	2276.5325	2448.11	2150.92	2403.09	2104.01	2276.06
spe	514	513	2299.515	2253.55	2276.5325	2448.11	2150.92	2403.09	2104.01	2276.06
spe	513	483	2253.55	2221.01	2237.28	2403.09	2104.01	2370.99	2071.03	2237.06
spe	483	482	2221.01	2151.75	2186.38	2370.99	2071.03	2305.03	1998.47	2184.73
los	482	458	2151.75	2053.74	2102.745	2305.03	1998.47	2214.88	1892.6	2098.815
spe	482	481	2151.75	2091.815	2121.7825	2305.03	1998.47	2249.28	1934.35	2119.69
los	481	480	2091.815	1990.065	2040.94	2249.28	1934.35	2158.12	1822.01	2035.645
spe	481	469	2091.815	2003.935	2047.875	2249.28	1934.35	2168.56	1839.31	2044.295
los	469	468	2003.935	1847.82	1925.8775	2168.56	1839.31	2029.0	1666.64	1917.6
spe	469	463	2003.935	1889.86	1946.8975	2168.56	1839.31	2062.81	1716.91	1942.735
los	463	GCF.002251795.1.Bacteria.Proteobacteria	1889.86	0.0	944.93	2062.81	1716.91	0.0	0.0	1031.405
spe	463	462	1889.86	1641.635	1765.7475	2062.81	1716.91	1844.48	1438.79	1750.8
los	462	GCF.000315795.1.Bacteria.Proteobacteria	1641.635	0.0	820.8175	1844.48	1438.79	0.0	0.0	922.24
spe	483	447	2221.01	2113.215	2167.1125	2370.99	2071.03	2272.38	1954.05	2162.52
spe	447	439	2113.215	1983.035	2048.125	2272.38	1954.05	2153.66	1812.41	2042.395
los	439	GCF.001613805.1.Bacteria.Proteobacteria	1983.035	0.0	991.5175	2153.66	1812.41	0.0	0.0	1076.83
spe	447	446	2113.215	1951.09	2032.1525	2272.38	1954.05	2125.17	1777.01	2024.695
los	446	GCA.002717185.1.Bacteria.Proteobacteria	1951.09	0.0	975.545	2125.17	1777.01	0.0	0.0	1062.585
hgt	None	dead	0.0	0.0	0.0	0.0	0.0	0.0	0.0	0.0
spe	446	445	1951.09	1836.495	1893.7925	2125.17	1777.01	2032.31	1640.68	1882.925
los	445	GCA.002717225.1.Bacteria.Proteobacteria	1836.495	0.0	918.2475	2032.31	1640.68	0.0	0.0	1016.155
spe	445	444	1836.495	1669.2	1752.8475	2032.31	1640.68	1892.76	1445.64	1738.975
los	444	GCA.002348425.1.Bacteria.Proteobacteria	1669.2	0.0	834.6	1892.76	1445.64	0.0	0.0	946.38
hgt	434	GCA.002898275.1.Bacteria.Proteobacteria	1886.935	0.0	943.4675	2078.21	1695.66	0.0	0.0	1039.105
los	None	dead	0.0	0.0	0.0	0.0	0.0	0.0	0.0	0.0
spe	513	512	2253.55	2172.63	2213.09	2403.09	2104.01	2326.95	2018.31	2210.7
los	512	486	2172.63	1956.2	2064.415	2326.95	2018.31	2130.74	1781.66	2054.305
spe	512	511	2172.63	2112.01	2142.32	2326.95	2018.31	2268.74	1955.28	2141.115
los	511	489	2112.01	1797.555	1954.7825	2268.74	1955.28	1997.49	1597.62	1933.18
spe	511	510	2112.01	2056.505	2084.2575	2268.74	1955.28	2217.29	1895.72	2082.23
los	510	492	2056.505	1826.375	1941.44	2217.29	1895.72	2015.92	1636.83	1927.06
spe	510	509	2056.505	1977.465	2016.985	2217.29	1895.72	2143.57	1811.36	2014.325
los	509	508	1977.465	1872.275	1924.87	2143.57	1811.36	2045.43	1699.12	1921.345
spe	509	495	1977.465	1736.875	1857.17	2143.57	1811.36	1936.33	1537.42	1840.495
hgt	None	dead	0.0	0.0	0.0	0.0	0.0	0.0	0.0	0.0
hgt	467	GCF.003258945.1.Bacteria.Proteobacteria	1693.575	0.0	846.7875	1896.55	1490.6	0.0	0.0	948.275
los	None	dead	0.0	0.0	0.0	0.0	0.0	0.0	0.0	0.0
hgt	None	dead	0.0	0.0	0.0	0.0	0.0	0.0	0.0	0.0
hgt	944	GCA.002712165.1.Bacteria.Proteobacteria	2081.795	0.0	1040.8975	2308.24	1855.35	0.0	0.0	1154.12
los	None	dead	0.0	0.0	0.0	0.0	0.0	0.0	0.0	0.0
spe	514	513	2299.515	2253.55	2276.5325	2448.11	2150.92	2403.09	2104.01	2276.06
spe	513	512	2253.55	2172.63	2213.09	2403.09	2104.01	2326.95	2018.31	2210.7
los	512	486	2172.63	1956.2	2064.415	2326.95	2018.31	2130.74	1781.66	2054.305
spe	512	511	2172.63	2112.01	2142.32	2326.95	2018.31	2268.74	1955.28	2141.115
los	511	510	2112.01	2056.505	2084.2575	2268.74	1955.28	2217.29	1895.72	2082.23
spe	511	489	2112.01	1797.555	1954.7825	2268.74	1955.28	1997.49	1597.62	1933.18
los	489	GCA.002701885.1.Bacteria.Proteobacteria	1797.555	0.0	898.7775	1997.49	1597.62	0.0	0.0	998.745
spe	513	483	2253.55	2221.01	2237.28	2403.09	2104.01	2370.99	2071.03	2237.06
spe	483	447	2221.01	2113.215	2167.1125	2370.99	2071.03	2272.38	1954.05	2162.52
los	447	439	2113.215	1983.035	2048.125	2272.38	1954.05	2153.66	1812.41	2042.395
hgt	None	dead	0.0	0.0	0.0	0.0	0.0	0.0	0.0	0.0
spe	447	446	2113.215	1951.09	2032.1525	2272.38	1954.05	2125.17	1777.01	2024.695
los	446	GCA.002717185.1.Bacteria.Proteobacteria	1951.09	0.0	975.545	2125.17	1777.01	0.0	0.0	1062.585
spe	446	445	1951.09	1836.495	1893.7925	2125.17	1777.01	2032.31	1640.68	1882.925
los	445	444	1836.495	1669.2	1752.8475	2032.31	1640.68	1892.76	1445.64	1738.975
hgt	506	GCA.002480495.1.Bacteria.Proteobacteria	1610.765	0.0	805.3825	1805.19	1416.34	0.0	0.0	902.595
los	None	dead	0.0	0.0	0.0	0.0	0.0	0.0	0.0	0.0
hgt	None	dead	0.0	0.0	0.0	0.0	0.0	0.0	0.0	0.0
hgt	514	436	2299.515	2217.14	2258.3275	2448.11	2150.92	2372.03	2062.25	2255.18
los	None	dead	0.0	0.0	0.0	0.0	0.0	0.0	0.0	0.0
spe	514	436	2299.515	2217.14	2258.3275	2448.11	2150.92	2372.03	2062.25	2255.18
spe	436	435	2217.14	2071.245	2144.1925	2372.03	2062.25	2233.96	1908.53	2140.28
los	435	GCA.006969625.1.Bacteria.Proteobacteria	2071.245	0.0	1035.6225	2233.96	1908.53	0.0	0.0	1116.98
spe	435	434	2071.245	1886.935	1979.09	2233.96	1908.53	2078.21	1695.66	1964.81
los	434	GCA.002898275.1.Bacteria.Proteobacteria	1886.935	0.0	943.4675	2078.21	1695.66	0.0	0.0	1039.105
spe	483	482	2221.01	2151.75	2186.38	2370.99	2071.03	2305.03	1998.47	2184.73
los	482	481	2151.75	2091.815	2121.7825	2305.03	1998.47	2249.28	1934.35	2119.69
spe	482	458	2151.75	2053.74	2102.745	2305.03	1998.47	2214.88	1892.6	2098.815
los	458	GCA.002340345.1.Bacteria.Proteobacteria	2053.74	0.0	1026.87	2214.88	1892.6	0.0	0.0	1107.44
spe	458	456	2053.74	1898.57	1976.155	2214.88	1892.6	2073.0	1724.14	1969.51
spe	456	455	1898.57	1531.25	1714.91	2073.0	1724.14	1740.35	1322.15	1697.575
spe	455	454	1531.25	1369.765	1450.5075	1740.35	1322.15	1591.74	1147.79	1444.07
hgt	None	dead	0.0	0.0	0.0	0.0	0.0	0.0	0.0	0.0
hgt	517	GCA.002937675.1.Bacteria.Proteobacteria	2543.2	0.0	1271.6	2689.47	2396.93	0.0	0.0	1344.735
los	None	dead	0.0	0.0	0.0	0.0	0.0	0.0	0.0	0.0
hgt	None	dead	0.0	0.0	0.0	0.0	0.0	0.0	0.0	0.0
hgt	444	GCA.002348425.1.Bacteria.Proteobacteria	1669.2	0.0	834.6	1892.76	1445.64	0.0	0.0	946.38
los	None	dead	0.0	0.0	0.0	0.0	0.0	0.0	0.0	0.0
hgt	None	dead	0.0	0.0	0.0	0.0	0.0	0.0	0.0	0.0
hgt	468	GCF.900167455.1.Bacteria.Proteobacteria	1847.82	0.0	923.91	2029.0	1666.64	0.0	0.0	1014.5
los	None	dead	0.0	0.0	0.0	0.0	0.0	0.0	0.0	0.0
spe	454	453	1369.765	1231.6385	1300.70175	1591.74	1147.79	1464.03	999.247	1295.4935
hgt	None	dead	0.0	0.0	0.0	0.0	0.0	0.0	0.0	0.0
los	453	GCA.002457765.1.Bacteria.Proteobacteria	1231.6385	0.0	615.81925	1464.03	999.247	0.0	0.0	732.015
hgt	435	GCA.006969625.1.Bacteria.Proteobacteria	2071.245	0.0	1035.6225	2233.96	1908.53	0.0	0.0	1116.98
los	None	dead	0.0	0.0	0.0	0.0	0.0	0.0	0.0	0.0
spe	514	513	2299.515	2253.55	2276.5325	2448.11	2150.92	2403.09	2104.01	2276.06
spe	513	483	2253.55	2221.01	2237.28	2403.09	2104.01	2370.99	2071.03	2237.06
los	483	447	2221.01	2113.215	2167.1125	2370.99	2071.03	2272.38	1954.05	2162.52
spe	483	482	2221.01	2151.75	2186.38	2370.99	2071.03	2305.03	1998.47	2184.73
los	482	458	2151.75	2053.74	2102.745	2305.03	1998.47	2214.88	1892.6	2098.815
spe	482	481	2151.75	2091.815	2121.7825	2305.03	1998.47	2249.28	1934.35	2119.69
los	481	480	2091.815	1990.065	2040.94	2249.28	1934.35	2158.12	1822.01	2035.645
spe	481	469	2091.815	2003.935	2047.875	2249.28	1934.35	2168.56	1839.31	2044.295
los	469	468	2003.935	1847.82	1925.8775	2168.56	1839.31	2029.0	1666.64	1917.6
spe	469	463	2003.935	1889.86	1946.8975	2168.56	1839.31	2062.81	1716.91	1942.735
los	463	462	1889.86	1641.635	1765.7475	2062.81	1716.91	1844.48	1438.79	1750.8
spe	513	512	2253.55	2172.63	2213.09	2403.09	2104.01	2326.95	2018.31	2210.7
los	512	486	2172.63	1956.2	2064.415	2326.95	2018.31	2130.74	1781.66	2054.305
spe	512	511	2172.63	2112.01	2142.32	2326.95	2018.31	2268.74	1955.28	2141.115
los	511	489	2112.01	1797.555	1954.7825	2268.74	1955.28	1997.49	1597.62	1933.18
spe	511	510	2112.01	2056.505	2084.2575	2268.74	1955.28	2217.29	1895.72	2082.23
los	510	509	2056.505	1977.465	2016.985	2217.29	1895.72	2143.57	1811.36	2014.325
spe	510	492	2056.505	1826.375	1941.44	2217.29	1895.72	2015.92	1636.83	1927.06
spe	514	513	2299.515	2253.55	2276.5325	2448.11	2150.92	2403.09	2104.01	2276.06
spe	513	483	2253.55	2221.01	2237.28	2403.09	2104.01	2370.99	2071.03	2237.06
los	483	482	2221.01	2151.75	2186.38	2370.99	2071.03	2305.03	1998.47	2184.73
spe	483	447	2221.01	2113.215	2167.1125	2370.99	2071.03	2272.38	1954.05	2162.52
los	447	446	2113.215	1951.09	2032.1525	2272.38	1954.05	2125.17	1777.01	2024.695
spe	447	439	2113.215	1983.035	2048.125	2272.38	1954.05	2153.66	1812.41	2042.395
los	439	GCA.002723345.1.Bacteria.Proteobacteria	1983.035	0.0	991.5175	2153.66	1812.41	0.0	0.0	1076.83
spe	513	512	2253.55	2172.63	2213.09	2403.09	2104.01	2326.95	2018.31	2210.7
los	512	486	2172.63	1956.2	2064.415	2326.95	2018.31	2130.74	1781.66	2054.305
spe	512	511	2172.63	2112.01	2142.32	2326.95	2018.31	2268.74	1955.28	2141.115
los	511	489	2112.01	1797.555	1954.7825	2268.74	1955.28	1997.49	1597.62	1933.18
spe	511	510	2112.01	2056.505	2084.2575	2268.74	1955.28	2217.29	1895.72	2082.23
los	510	492	2056.505	1826.375	1941.44	2217.29	1895.72	2015.92	1636.83	1927.06
spe	510	509	2056.505	1977.465	2016.985	2217.29	1895.72	2143.57	1811.36	2014.325
los	509	495	1977.465	1736.875	1857.17	2143.57	1811.36	1936.33	1537.42	1840.495
spe	509	508	1977.465	1872.275	1924.87	2143.57	1811.36	2045.43	1699.12	1921.345
spe	508	498	1872.275	1734.36	1803.3175	2045.43	1699.12	1926.5	1542.22	1793.825
los	498	GCA.002731375.1.Bacteria.Proteobacteria	1734.36	0.0	867.18	1926.5	1542.22	0.0	0.0	963.25
spe	508	507	1872.275	1662.025	1767.15	2045.43	1699.12	1849.48	1474.57	1760.0
los	507	506	1662.025	1610.765	1636.395	1849.48	1474.57	1805.19	1416.34	1632.91
spe	507	503	1662.025	1517.515	1589.77	1849.48	1474.57	1721.78	1313.25	1581.365
los	503	501	1517.515	1305.64	1411.5775	1721.78	1313.25	1547.22	1064.06	1392.92
spe	571	565	2282.495	2067.745	2175.12	2431.81	2133.18	2247.81	1887.68	2159.745
dup	565	GCF.002958735.1.Bacteria.Proteobacteria	2067.745	0.0	1033.8725	2247.81	1887.68	0.0	0.0	1123.905
hgt	None	dead	0.0	0.0	0.0	0.0	0.0	0.0	0.0	0.0
los	565	GCF.000239355.1.Bacteria.Proteobacteria	2067.745	0.0	1033.8725	2247.81	1887.68	0.0	0.0	1123.905
hgt	613	612	1943.945	1796.185	1870.065	2109.42	1778.47	1978.58	1613.79	1861.605
los	None	dead	0.0	0.0	0.0	0.0	0.0	0.0	0.0	0.0
spe	613	612	1943.945	1796.185	1870.065	2109.42	1778.47	1978.58	1613.79	1861.605
hgt	None	dead	0.0	0.0	0.0	0.0	0.0	0.0	0.0	0.0
hgt	506	GCA.001464215.1.Bacteria.Proteobacteria	1610.765	0.0	805.3825	1805.19	1416.34	0.0	0.0	902.595
los	None	dead	0.0	0.0	0.0	0.0	0.0	0.0	0.0	0.0
spe	612	611	1796.185	1493.79	1644.9875	1978.58	1613.79	1717.52	1270.06	1624.32
hgt	None	dead	0.0	0.0	0.0	0.0	0.0	0.0	0.0	0.0
hgt	613	GCF.003097315.1.Bacteria.Proteobacteria	1943.945	0.0	971.9725	2109.42	1778.47	0.0	0.0	1054.71
los	None	dead	0.0	0.0	0.0	0.0	0.0	0.0	0.0	0.0
spe	648	562	2440.92	2333.93	2387.425	2583.69	2298.15	2481.45	2186.41	2385.05
los	562	546	2333.93	2056.155	2195.0425	2481.45	2186.41	2233.12	1879.19	2180.32
spe	562	561	2333.93	2282.175	2308.0525	2481.45	2186.41	2433.26	2131.09	2306.27
spe	561	553	2282.175	2172.955	2227.565	2433.26	2131.09	2336.27	2009.64	2221.45
los	553	552	2172.955	1988.77	2080.8625	2336.27	2009.64	2174.6	1802.94	2069.605
spe	561	560	2282.175	2138.97	2210.5725	2433.26	2131.09	2303.08	1974.86	2204.06
spe	560	558	2138.97	1998.285	2068.6275	2303.08	1974.86	2181.41	1815.16	2059.12
los	558	GCA.002386945.1.Bacteria.Proteobacteria	1998.285	0.0	999.1425	2181.41	1815.16	0.0	0.0	1090.705
hgt	None	dead	0.0	0.0	0.0	0.0	0.0	0.0	0.0	0.0
hgt	416	GCA.002938255.1.Bacteria.Proteobacteria	2073.61	0.0	1036.805	2245.54	1901.68	0.0	0.0	1122.77
los	None	dead	0.0	0.0	0.0	0.0	0.0	0.0	0.0	0.0
spe	558	557	1998.285	1783.96	1891.1225	2181.41	1815.16	2002.84	1565.08	1873.245
los	557	GCA.002728355.1.Bacteria.Proteobacteria	1783.96	0.0	891.98	2002.84	1565.08	0.0	0.0	1001.42
hgt	None	dead	0.0	0.0	0.0	0.0	0.0	0.0	0.0	0.0
hgt	532	GCA.002405475.1.Bacteria.Proteobacteria	2186.645	0.0	1093.3225	2379.45	1993.84	0.0	0.0	1189.725
los	None	dead	0.0	0.0	0.0	0.0	0.0	0.0	0.0	0.0
hgt	None	dead	0.0	0.0	0.0	0.0	0.0	0.0	0.0	0.0
hgt	532	GCA.001750625.1.Bacteria.Proteobacteria	2186.645	0.0	1093.3225	2379.45	1993.84	0.0	0.0	1189.725
los	None	dead	0.0	0.0	0.0	0.0	0.0	0.0	0.0	0.0
hgt	None	dead	0.0	0.0	0.0	0.0	0.0	0.0	0.0	0.0
hgt	406	GCA.001872725.1.Bacteria.Proteobacteria	2769.905	0.0	1384.9525	2921.46	2618.35	0.0	0.0	1460.73
los	None	dead	0.0	0.0	0.0	0.0	0.0	0.0	0.0	0.0
spe	94	42	2874.54	2631.08	2752.81	3031.65	2717.43	2832.32	2429.84	2730.745
hgt	None	dead	0.0	0.0	0.0	0.0	0.0	0.0	0.0	0.0
los	42	GCA.002502135.1.Archaea.Undinarchaeota	2631.08	0.0	1315.54	2832.32	2429.84	0.0	0.0	1416.16
dup	None	dead	0.0	0.0	0.0	0.0	0.0	0.0	0.0	0.0
hgt	724	GCA.001914955.1.Bacteria.Nitrospirota	2245.41	0.0	1122.705	2488.94	2001.88	0.0	0.0	1244.47
los	None	dead	0.0	0.0	0.0	0.0	0.0	0.0	0.0	0.0
hgt	753	751	2583.27	2475.955	2529.6125	2768.8	2397.74	2677.33	2274.58	2521.69
los	None	dead	0.0	0.0	0.0	0.0	0.0	0.0	0.0	0.0
spe	753	751	2583.27	2475.955	2529.6125	2768.8	2397.74	2677.33	2274.58	2521.69
spe	751	749	2475.955	2363.875	2419.915	2677.33	2274.58	2575.43	2152.32	2414.825
hgt	None	dead	0.0	0.0	0.0	0.0	0.0	0.0	0.0	0.0
los	749	GCA.003229375.1.Bacteria.Nitrospinota	2363.875	0.0	1181.9375	2575.43	2152.32	0.0	0.0	1287.715
hgt	853	GCA.001797415.1.Bacteria.Desulfobacterota	2576.375	0.0	1288.1875	2761.44	2391.31	0.0	0.0	1380.72
los	None	dead	0.0	0.0	0.0	0.0	0.0	0.0	0.0	0.0
spe	94	93	2874.54	2781.775	2828.1575	3031.65	2717.43	2937.35	2626.2	2828.925
los	93	GCF.000025525.1.Archaea.Methanobacteriota.A	2781.775	0.0	1390.8875	2937.35	2626.2	0.0	0.0	1468.675
spe	93	92	2781.775	2715.565	2748.67	2937.35	2626.2	2870.72	2560.41	2748.88
los	92	70	2715.565	2480.265	2597.915	2870.72	2560.41	2639.53	2321.0	2595.86
hgt	None	dead	0.0	0.0	0.0	0.0	0.0	0.0	0.0	0.0
spe	92	91	2715.565	2548.71	2632.1375	2870.72	2560.41	2710.79	2386.63	2628.675
los	91	GCA.003034855.1.Archaea.Halobacteriota	2548.71	0.0	1274.355	2710.79	2386.63	0.0	0.0	1355.395
spe	91	90	2548.71	2426.545	2487.6275	2710.79	2386.63	2587.9	2265.19	2487.99
los	90	74	2426.545	2278.05	2352.2975	2587.9	2265.19	2455.2	2100.9	2344.4
spe	90	89	2426.545	2320.405	2373.475	2587.9	2265.19	2487.89	2152.92	2370.41
los	89	88	2320.405	2221.93	2271.1675	2487.89	2152.92	2396.19	2047.67	2267.78
spe	89	77	2320.405	2081.03	2200.7175	2487.89	2152.92	2277.46	1884.6	2186.245
los	77	GCA.001766825.1.Archaea.Halobacteriota	2081.03	0.0	1040.515	2277.46	1884.6	0.0	0.0	1138.73
hgt	118	116	2278.345	1726.54	2002.4425	2478.81	2077.88	2006.45	1446.63	1962.72
los	None	dead	0.0	0.0	0.0	0.0	0.0	0.0	0.0	0.0
spe	118	116	2278.345	1726.54	2002.4425	2478.81	2077.88	2006.45	1446.63	1962.72
hgt	None	dead	0.0	0.0	0.0	0.0	0.0	0.0	0.0	0.0
hgt	123	113	2509.405	2352.095	2430.75	2676.61	2342.2	2536.91	2167.28	2421.945
los	None	dead	0.0	0.0	0.0	0.0	0.0	0.0	0.0	0.0
spe	123	113	2509.405	2352.095	2430.75	2676.61	2342.2	2536.91	2167.28	2421.945
spe	178	177	3109.52	2987.475	3048.4975	3270.62	2948.42	3145.38	2829.57	3050.095
spe	177	176	2987.475	2870.105	2928.79	3145.38	2829.57	3029.57	2710.64	2928.01
spe	176	175	2870.105	2794.775	2832.44	3029.57	2710.64	2957.01	2632.54	2831.055
los	175	174	2794.775	2722.305	2758.54	2957.01	2632.54	2888.31	2556.3	2756.655
spe	175	143	2794.775	2511.185	2652.98	2957.01	2632.54	2712.39	2309.98	2633.495
los	143	GCA.001563325.1.Archaea.Asgardarchaeota	2511.185	0.0	1255.5925	2712.39	2309.98	0.0	0.0	1356.195
spe	176	140	2870.105	2794.965	2832.535	3029.57	2710.64	2954.89	2635.04	2832.305
los	140	GCF.000019605.1.Archaea.Thermoproteota	2794.965	0.0	1397.4825	2954.89	2635.04	0.0	0.0	1477.445
spe	140	139	2794.965	2746.6	2770.7825	2954.89	2635.04	2906.36	2586.84	2770.865
los	139	109	2746.6	2611.625	2679.1125	2906.36	2586.84	2779.64	2443.61	2674.985
spe	139	138	2746.6	2683.72	2715.16	2906.36	2586.84	2844.85	2522.59	2714.475
spe	138	124	2683.72	2576.715	2630.2175	2844.85	2522.59	2744.68	2408.75	2626.8
los	124	GCA.002495485.1.Archaea.Thermoproteota	2576.715	0.0	1288.3575	2744.68	2408.75	0.0	0.0	1372.34
spe	124	123	2576.715	2509.405	2543.06	2744.68	2408.75	2676.61	2342.2	2543.44
los	123	113	2509.405	2352.095	2430.75	2676.61	2342.2	2536.91	2167.28	2421.945
spe	123	122	2509.405	2416.7	2463.0525	2676.61	2342.2	2593.5	2239.9	2458.255
los	122	118	2416.7	2278.345	2347.5225	2593.5	2239.9	2478.81	2077.88	2335.69
spe	122	121	2416.7	2129.565	2273.1325	2593.5	2239.9	2347.3	1911.83	2252.665
los	121	GCA.001775995.1.Archaea.Thermoproteota	2129.565	0.0	1064.7825	2347.3	1911.83	0.0	0.0	1173.65
spe	138	137	2683.72	2562.75	2623.235	2844.85	2522.59	2734.97	2390.53	2617.69
los	137	GCA.002255045.1.Archaea.Thermoproteota	2562.75	0.0	1281.375	2734.97	2390.53	0.0	0.0	1367.485
dup	137	136	2562.75	2489.555	2526.1525	2734.97	2390.53	2665.95	2313.16	2524.065
spe	137	136	2562.75	2489.555	2526.1525	2734.97	2390.53	2665.95	2313.16	2524.065
spe	136	134	2489.555	2351.985	2420.77	2665.95	2313.16	2536.09	2167.88	2416.915
los	134	130	2351.985	2259.135	2305.56	2536.09	2167.88	2456.17	2062.1	2299.095
spe	134	133	2351.985	2194.065	2273.025	2536.09	2167.88	2406.16	1981.97	2259.03
los	133	GCA.000405685.1.Archaea.Thermoproteota	2194.065	0.0	1097.0325	2406.16	1981.97	0.0	0.0	1203.08
hgt	None	dead	0.0	0.0	0.0	0.0	0.0	0.0	0.0	0.0
hgt	107	GCA.003019535.1.Archaea.Thermoproteota	2229.765	0.0	1114.8825	2447.7	2011.83	0.0	0.0	1223.85
los	None	dead	0.0	0.0	0.0	0.0	0.0	0.0	0.0	0.0
spe	137	136	2562.75	2489.555	2526.1525	2734.97	2390.53	2665.95	2313.16	2524.065
los	136	GCA.000375685.1.Archaea.Thermoproteota	2489.555	0.0	1244.7775	2665.95	2313.16	0.0	0.0	1332.975
hgt	None	dead	0.0	0.0	0.0	0.0	0.0	0.0	0.0	0.0
hgt	147	GCA.001940725.1.Archaea.Asgardarchaeota	2281.01	0.0	1140.505	2488.59	2073.43	0.0	0.0	1244.295
los	None	dead	0.0	0.0	0.0	0.0	0.0	0.0	0.0	0.0
spe	136	134	2489.555	2351.985	2420.77	2665.95	2313.16	2536.09	2167.88	2416.915
los	134	133	2351.985	2194.065	2273.025	2536.09	2167.88	2406.16	1981.97	2259.03
spe	134	130	2351.985	2259.135	2305.56	2536.09	2167.88	2456.17	2062.1	2299.095
los	130	GCA.001510295.1.Archaea.Thermoproteota	2259.135	0.0	1129.5675	2456.17	2062.1	0.0	0.0	1228.085
spe	130	128	2259.135	1456.455	1857.795	2456.17	2062.1	1742.17	1170.74	1813.455
spe	177	95	2987.475	2895.515	2941.495	3145.38	2829.57	3052.55	2738.48	2941.93
spe	95	94	2895.515	2874.54	2885.0275	3052.55	2738.48	3031.65	2717.43	2884.99
los	94	42	2874.54	2631.08	2752.81	3031.65	2717.43	2832.32	2429.84	2730.745
spe	94	93	2874.54	2781.775	2828.1575	3031.65	2717.43	2937.35	2626.2	2828.925
spe	93	92	2781.775	2715.565	2748.67	2937.35	2626.2	2870.72	2560.41	2748.88
los	92	70	2715.565	2480.265	2597.915	2870.72	2560.41	2639.53	2321.0	2595.86
spe	92	91	2715.565	2548.71	2632.1375	2870.72	2560.41	2710.79	2386.63	2628.675
dup	91	90	2548.71	2426.545	2487.6275	2710.79	2386.63	2587.9	2265.19	2487.99
spe	91	90	2548.71	2426.545	2487.6275	2710.79	2386.63	2587.9	2265.19	2487.99
los	90	74	2426.545	2278.05	2352.2975	2587.9	2265.19	2455.2	2100.9	2344.4
spe	90	89	2426.545	2320.405	2373.475	2587.9	2265.19	2487.89	2152.92	2370.41
los	89	77	2320.405	2081.03	2200.7175	2487.89	2152.92	2277.46	1884.6	2186.245
spe	89	88	2320.405	2221.93	2271.1675	2487.89	2152.92	2396.19	2047.67	2267.78
spe	88	87	2221.93	2144.39	2183.16	2396.19	2047.67	2323.79	1964.99	2180.59
los	87	GCA.002256595.1.Archaea.Halobacteriota	2144.39	0.0	1072.195	2323.79	1964.99	0.0	0.0	1161.895
spe	87	86	2144.39	2014.745	2079.5675	2323.79	1964.99	2208.35	1821.14	2072.465
los	86	GCA.001412335.1.Archaea.Halobacteriota	2014.745	0.0	1007.3725	2208.35	1821.14	0.0	0.0	1104.175
spe	86	84	2014.745	1868.445	1941.595	2208.35	1821.14	2080.58	1656.31	1932.33
los	84	GCF.000011005.1.Archaea.Euryarchaeota	1868.445	0.0	934.2225	2080.58	1656.31	0.0	0.0	1040.29
spe	88	80	2221.93	2032.885	2127.4075	2396.19	2047.67	2234.17	1831.6	2113.895
hgt	None	dead	0.0	0.0	0.0	0.0	0.0	0.0	0.0	0.0
hgt	84	GCF.000011005.1.Archaea.Euryarchaeota	1868.445	0.0	934.2225	2080.58	1656.31	0.0	0.0	1040.29
los	None	dead	0.0	0.0	0.0	0.0	0.0	0.0	0.0	0.0
spe	91	90	2548.71	2426.545	2487.6275	2710.79	2386.63	2587.9	2265.19	2487.99
spe	90	74	2426.545	2278.05	2352.2975	2587.9	2265.19	2455.2	2100.9	2344.4
los	74	GCF.000194625.1.Archaea.Halobacteriota	2278.05	0.0	1139.025	2455.2	2100.9	0.0	0.0	1227.6
spe	90	89	2426.545	2320.405	2373.475	2587.9	2265.19	2487.89	2152.92	2370.41
los	89	88	2320.405	2221.93	2271.1675	2487.89	2152.92	2396.19	2047.67	2267.78
spe	89	77	2320.405	2081.03	2200.7175	2487.89	2152.92	2277.46	1884.6	2186.245
los	77	GCA.003194435.1.Archaea.Halobacteriota	2081.03	0.0	1040.515	2277.46	1884.6	0.0	0.0	1138.73
spe	95	39	2895.515	2772.035	2833.775	3052.55	2738.48	2935.32	2608.75	2830.65
los	39	35	2772.035	2625.215	2698.625	2935.32	2608.75	2814.09	2436.34	2685.83
hgt	None	dead	0.0	0.0	0.0	0.0	0.0	0.0	0.0	0.0
spe	39	38	2772.035	2538.31	2655.1725	2935.32	2608.75	2727.65	2348.97	2642.145
los	38	GCF.002214485.1.Archaea.Methanobacteriota.B	2538.31	0.0	1269.155	2727.65	2348.97	0.0	0.0	1363.825
hgt	29	GCA.001742785.1.Archaea.Altiarchaeota	2305.1	0.0	1152.55	2555.27	2054.93	0.0	0.0	1277.635
los	None	dead	0.0	0.0	0.0	0.0	0.0	0.0	0.0	0.0
hgt	None	dead	0.0	0.0	0.0	0.0	0.0	0.0	0.0	0.0
hgt	61	60	2318.855	2157.845	2238.35	2484.93	2152.78	2341.56	1974.13	2229.53
los	None	dead	0.0	0.0	0.0	0.0	0.0	0.0	0.0	0.0
spe	61	60	2318.855	2157.845	2238.35	2484.93	2152.78	2341.56	1974.13	2229.53
spe	60	59	2157.845	1950.86	2054.3525	2341.56	1974.13	2148.2	1753.52	2047.54
hgt	None	dead	0.0	0.0	0.0	0.0	0.0	0.0	0.0	0.0
los	59	GCA.002011395.1.Archaea.Thermoplasmatota	1950.86	0.0	975.43	2148.2	1753.52	0.0	0.0	1074.1
hgt	769	GCA.001798135.1.Bacteria.UBA10199	2474.02	0.0	1237.01	2648.53	2299.51	0.0	0.0	1324.265
los	None	dead	0.0	0.0	0.0	0.0	0.0	0.0	0.0	0.0
hgt	None	dead	0.0	0.0	0.0	0.0	0.0	0.0	0.0	0.0
dup	None	dead	0.0	0.0	0.0	0.0	0.0	0.0	0.0	0.0
hgt	1068	GCA.002428295.1.Bacteria.Caldisericota	2377.575	0.0	1188.7875	2621.46	2133.69	0.0	0.0	1310.73
los	None	dead	0.0	0.0	0.0	0.0	0.0	0.0	0.0	0.0
hgt	None	dead	0.0	0.0	0.0	0.0	0.0	0.0	0.0	0.0
hgt	967	966	2386.18	2094.155	2240.1675	2566.06	2206.3	2298.82	1889.49	2227.775
los	None	dead	0.0	0.0	0.0	0.0	0.0	0.0	0.0	0.0
spe	967	966	2386.18	2094.155	2240.1675	2566.06	2206.3	2298.82	1889.49	2227.775
spe	966	965	2094.155	1893.24	1993.6975	2298.82	1889.49	2109.26	1677.22	1988.02
los	965	964	1893.24	1750.505	1821.8725	2109.26	1677.22	1974.3	1526.71	1817.985
spe	965	955	1893.24	1759.09	1826.165	2109.26	1677.22	1989.55	1528.63	1818.945
los	955	GCF.001280305.1.Bacteria.Bacteroidota	1759.09	0.0	879.545	1989.55	1528.63	0.0	0.0	994.775
hgt	None	dead	0.0	0.0	0.0	0.0	0.0	0.0	0.0	0.0
hgt	961	GCA.001769385.1.Bacteria.Bacteroidota	1247.9425	0.0	623.97125	1496.26	999.625	0.0	0.0	748.13
los	None	dead	0.0	0.0	0.0	0.0	0.0	0.0	0.0	0.0
dup	None	dead	0.0	0.0	0.0	0.0	0.0	0.0	0.0	0.0
hgt	395	GCA.002402635.1.Bacteria.Deferribacterota	2049.66	0.0	1024.83	2351.06	1748.26	0.0	0.0	1175.53
los	None	dead	0.0	0.0	0.0	0.0	0.0	0.0	0.0	0.0
hgt	415	GCA.002717245.1.Bacteria.Proteobacteria	1888.055	0.0	944.0275	2082.43	1693.68	0.0	0.0	1041.215
los	None	dead	0.0	0.0	0.0	0.0	0.0	0.0	0.0	0.0
spe	267	265	2989.33	2505.165	2747.2475	3160.51	2818.15	2750.37	2259.96	2710.235
hgt	None	dead	0.0	0.0	0.0	0.0	0.0	0.0	0.0	0.0
hgt	249	245	2408.17	2346.24	2377.205	2580.96	2235.38	2522.01	2170.47	2375.715
los	None	dead	0.0	0.0	0.0	0.0	0.0	0.0	0.0	0.0
spe	249	245	2408.17	2346.24	2377.205	2580.96	2235.38	2522.01	2170.47	2375.715
spe	245	241	2346.24	2226.475	2286.3575	2522.01	2170.47	2413.27	2039.68	2280.845
los	241	GCA.002841695.1.Bacteria.Elusimicrobiota	2226.475	0.0	1113.2375	2413.27	2039.68	0.0	0.0	1206.635
spe	241	239	2226.475	2146.715	2186.595	2413.27	2039.68	2343.88	1949.55	2181.41
los	239	GCF.001027545.1.Bacteria.Elusimicrobiota	2146.715	0.0	1073.3575	2343.88	1949.55	0.0	0.0	1171.94
hgt	None	dead	0.0	0.0	0.0	0.0	0.0	0.0	0.0	0.0
hgt	660	659	2810.715	2073.72	2442.2175	2982.77	2638.66	2328.01	1819.43	2401.1
los	None	dead	0.0	0.0	0.0	0.0	0.0	0.0	0.0	0.0
spe	660	659	2810.715	2073.72	2442.2175	2982.77	2638.66	2328.01	1819.43	2401.1
spe	245	244	2346.24	2178.39	2262.315	2522.01	2170.47	2377.56	1979.22	2250.615
hgt	None	dead	0.0	0.0	0.0	0.0	0.0	0.0	0.0	0.0
los	244	GCA.001800095.1.Bacteria.Elusimicrobiota	2178.39	0.0	1089.195	2377.56	1979.22	0.0	0.0	1188.78
hgt	284	282	2369.92	2053.795	2211.8575	2568.85	2170.99	2296.91	1810.68	2189.765
los	None	dead	0.0	0.0	0.0	0.0	0.0	0.0	0.0	0.0
spe	284	282	2369.92	2053.795	2211.8575	2568.85	2170.99	2296.91	1810.68	2189.765
hgt	None	dead	0.0	0.0	0.0	0.0	0.0	0.0	0.0	0.0
hgt	328	GCF.002277955.1.Bacteria.Planctomycetota	2426.155	0.0	1213.0775	2612.85	2239.46	0.0	0.0	1306.425
los	None	dead	0.0	0.0	0.0	0.0	0.0	0.0	0.0	0.0
hgt	None	dead	0.0	0.0	0.0	0.0	0.0	0.0	0.0	0.0
hgt	288	GCA.002382525.1.Bacteria.Verrucomicrobiota	2297.655	0.0	1148.8275	2522.23	2073.08	0.0	0.0	1261.115
los	None	dead	0.0	0.0	0.0	0.0	0.0	0.0	0.0	0.0
hgt	None	dead	0.0	0.0	0.0	0.0	0.0	0.0	0.0	0.0
los	265	GCA.003501375.1.Bacteria.Sumerlaeota	2505.165	0.0	1252.5825	2750.37	2259.96	0.0	0.0	1375.185
dup	None	dead	0.0	0.0	0.0	0.0	0.0	0.0	0.0	0.0
hgt	155	GCA.000315625.1.Eukaryota.Cryptophyceae	1364.875	0.0	682.4375	1566.16	1163.59	0.0	0.0	783.08
los	None	dead	0.0	0.0	0.0	0.0	0.0	0.0	0.0	0.0
hgt	334	332	2115.87	1728.22	1922.045	2325.24	1906.5	1979.25	1477.19	1901.215
los	None	dead	0.0	0.0	0.0	0.0	0.0	0.0	0.0	0.0
spe	334	332	2115.87	1728.22	1922.045	2325.24	1906.5	1979.25	1477.19	1901.215
hgt	None	dead	0.0	0.0	0.0	0.0	0.0	0.0	0.0	0.0
hgt	None	dead	0.0	0.0	0.0	0.0	0.0	0.0	0.0	0.0
hgt	None	dead	0.0	0.0	0.0	0.0	0.0	0.0	0.0	0.0
dup	None	dead	0.0	0.0	0.0	0.0	0.0	0.0	0.0	0.0
hgt	380	GCF.000758165.1.Bacteria.Spirochaetota	2063.635	0.0	1031.8175	2301.87	1825.4	0.0	0.0	1150.935
los	None	dead	0.0	0.0	0.0	0.0	0.0	0.0	0.0	0.0
hgt	1098	GCA.003167155.1.Bacteria.Eremiobacterota	2247.98	0.0	1123.99	2544.35	1951.61	0.0	0.0	1272.175
los	None	dead	0.0	0.0	0.0	0.0	0.0	0.0	0.0	0.0
hgt	None	dead	0.0	0.0	0.0	0.0	0.0	0.0	0.0	0.0
dup	None	dead	0.0	0.0	0.0	0.0	0.0	0.0	0.0	0.0
hgt	288	GCA.002323895.1.Bacteria.Verrucomicrobiota	2297.655	0.0	1148.8275	2522.23	2073.08	0.0	0.0	1261.115
los	None	dead	0.0	0.0	0.0	0.0	0.0	0.0	0.0	0.0
dup	None	dead	0.0	0.0	0.0	0.0	0.0	0.0	0.0	0.0
hgt	767	GCA.002796325.1.Bacteria.UBA10199	2265.96	0.0	1132.98	2459.42	2072.5	0.0	0.0	1229.71
los	None	dead	0.0	0.0	0.0	0.0	0.0	0.0	0.0	0.0
hgt	932	GCA.002414805.1.Bacteria.Fibrobacterota	2324.52	0.0	1162.26	2547.45	2101.59	0.0	0.0	1273.725
los	None	dead	0.0	0.0	0.0	0.0	0.0	0.0	0.0	0.0
hgt	None	dead	0.0	0.0	0.0	0.0	0.0	0.0	0.0	0.0
spe	277	276	3169.945	3142.94	3156.4425	3319.44	3020.45	3295.82	2990.06	3154.75
los	276	275	3142.94	3039.065	3091.0025	3295.82	2990.06	3208.38	2869.75	3082.785
spe	276	270	3142.94	2997.52	3070.23	3295.82	2990.06	3178.82	2816.22	3056.02
hgt	None	dead	0.0	0.0	0.0	0.0	0.0	0.0	0.0	0.0
hgt	None	dead	0.0	0.0	0.0	0.0	0.0	0.0	0.0	0.0
hgt	536	GCF.002940605.1.Bacteria.Proteobacteria	2343.3	0.0	1171.65	2502.24	2184.36	0.0	0.0	1251.12
los	None	dead	0.0	0.0	0.0	0.0	0.0	0.0	0.0	0.0
hgt	403	GCF.900177345.1.Bacteria.Proteobacteria	2763.35	0.0	1381.675	2930.03	2596.67	0.0	0.0	1465.015
los	None	dead	0.0	0.0	0.0	0.0	0.0	0.0	0.0	0.0
hgt	None	dead	0.0	0.0	0.0	0.0	0.0	0.0	0.0	0.0
dup	None	dead	0.0	0.0	0.0	0.0	0.0	0.0	0.0	0.0
hgt	585	GCA.002338605.1.Bacteria.Proteobacteria	1706.285	0.0	853.1425	1917.52	1495.05	0.0	0.0	958.76
los	None	dead	0.0	0.0	0.0	0.0	0.0	0.0	0.0	0.0
hgt	1663	GCA.001464165.1.Bacteria.Cyanobacteria	2633.14	0.0	1316.57	2823.95	2442.33	0.0	0.0	1411.975
los	None	dead	0.0	0.0	0.0	0.0	0.0	0.0	0.0	0.0
hgt	None	dead	0.0	0.0	0.0	0.0	0.0	0.0	0.0	0.0
hgt	1720	1719	2606.445	2506.285	2556.365	2696.98	2515.91	2604.85	2407.72	2552.35
los	None	dead	0.0	0.0	0.0	0.0	0.0	0.0	0.0	0.0
hgt	None	dead	0.0	0.0	0.0	0.0	0.0	0.0	0.0	0.0
hgt	220	GCA.001805375.1.Bacteria.Omnitrophota	2041.98	0.0	1020.99	2253.94	1830.02	0.0	0.0	1126.97
los	None	dead	0.0	0.0	0.0	0.0	0.0	0.0	0.0	0.0
spe	1720	1719	2606.445	2506.285	2556.365	2696.98	2515.91	2604.85	2407.72	2552.35
spe	1719	1718	2506.285	2393.24	2449.7625	2604.85	2407.72	2492.26	2294.22	2449.535
los	1718	1704	2393.24	2299.84	2346.54	2492.26	2294.22	2399.06	2200.62	2346.44
spe	1718	1717	2393.24	2268.17	2330.705	2492.26	2294.22	2385.3	2151.04	2321.65
los	1717	1716	2268.17	2013.02	2140.595	2385.3	2151.04	2161.01	1865.03	2125.165
hgt	588	587	2283.06	1996.16	2139.61	2432.98	2133.14	2165.59	1826.73	2129.855
los	None	dead	0.0	0.0	0.0	0.0	0.0	0.0	0.0	0.0
spe	588	587	2283.06	1996.16	2139.61	2432.98	2133.14	2165.59	1826.73	2129.855
spe	587	586	1996.16	1895.525	1945.8425	2165.59	1826.73	2076.74	1714.31	1939.95
los	586	GCA.003228965.1.Bacteria.Proteobacteria	1895.525	0.0	947.7625	2076.74	1714.31	0.0	0.0	1038.37
spe	586	585	1895.525	1706.285	1800.905	2076.74	1714.31	1917.52	1495.05	1785.895
los	585	GCA.002338605.1.Bacteria.Proteobacteria	1706.285	0.0	853.1425	1917.52	1495.05	0.0	0.0	958.76
spe	587	581	1996.16	1845.545	1920.8525	2165.59	1826.73	2033.36	1657.73	1911.66
los	581	GCA.002868855.1.Bacteria.Proteobacteria	1845.545	0.0	922.7725	2033.36	1657.73	0.0	0.0	1016.68
spe	581	579	1845.545	1566.0	1705.7725	2033.36	1657.73	1791.46	1340.54	1686.95
hgt	783	782	2802.765	2703.34	2753.0525	2953.24	2652.29	2858.98	2547.7	2750.47
los	None	dead	0.0	0.0	0.0	0.0	0.0	0.0	0.0	0.0
spe	783	782	2802.765	2703.34	2753.0525	2953.24	2652.29	2858.98	2547.7	2750.47
spe	782	781	2703.34	2586.935	2645.1375	2858.98	2547.7	2753.73	2420.14	2639.56
spe	781	775	2586.935	2456.23	2521.5825	2753.73	2420.14	2635.44	2277.02	2515.375
los	775	773	2456.23	2375.125	2415.6775	2635.44	2277.02	2563.53	2186.72	2411.08
spe	781	780	2586.935	2414.4	2500.6675	2753.73	2420.14	2599.71	2229.09	2491.41
spe	780	778	2414.4	2281.75	2348.075	2599.71	2229.09	2486.04	2077.46	2338.585
los	778	GCA.002321895.1.Bacteria.Bdellovibrionota	2281.75	0.0	1140.875	2486.04	2077.46	0.0	0.0	1243.02
hgt	None	dead	0.0	0.0	0.0	0.0	0.0	0.0	0.0	0.0
los	780	GCA.001769805.1.Bacteria.Bdellovibrionota	2414.4	0.0	1207.2	2599.71	2229.09	0.0	0.0	1299.855
dup	None	dead	0.0	0.0	0.0	0.0	0.0	0.0	0.0	0.0
hgt	302	GCF.000170755.1.Bacteria.Verrucomicrobiota	2089.845	0.0	1044.9225	2315.83	1863.86	0.0	0.0	1157.915
los	None	dead	0.0	0.0	0.0	0.0	0.0	0.0	0.0	0.0
hgt	320	GCA.002746535.1.Bacteria.Planctomycetota	2697.03	0.0	1348.515	2876.69	2517.37	0.0	0.0	1438.345
los	None	dead	0.0	0.0	0.0	0.0	0.0	0.0	0.0	0.0
spe	782	770	2703.34	2621.185	2662.2625	2858.98	2547.7	2785.83	2456.54	2657.76
los	770	GCA.002787535.1.Bacteria.Bdellovibrionota	2621.185	0.0	1310.5925	2785.83	2456.54	0.0	0.0	1392.915
spe	770	769	2621.185	2474.02	2547.6025	2785.83	2456.54	2648.53	2299.51	2542.67
los	769	GCA.001798135.1.Bacteria.UBA10199	2474.02	0.0	1237.01	2648.53	2299.51	0.0	0.0	1324.265
dup	769	768	2474.02	2381.62	2427.82	2648.53	2299.51	2564.17	2199.07	2423.8
spe	769	768	2474.02	2381.62	2427.82	2648.53	2299.51	2564.17	2199.07	2423.8
los	768	GCA.001798715.1.Bacteria.UBA10199	2381.62	0.0	1190.81	2564.17	2199.07	0.0	0.0	1282.085
spe	768	767	2381.62	2265.96	2323.79	2564.17	2199.07	2459.42	2072.5	2318.335
los	767	GCA.002796325.1.Bacteria.UBA10199	2265.96	0.0	1132.98	2459.42	2072.5	0.0	0.0	1229.71
spe	767	766	2265.96	2115.535	2190.7475	2459.42	2072.5	2326.52	1904.55	2181.985
los	766	GCA.001798075.1.Bacteria.UBA10199	2115.535	0.0	1057.7675	2326.52	1904.55	0.0	0.0	1163.26
spe	769	768	2474.02	2381.62	2427.82	2648.53	2299.51	2564.17	2199.07	2423.8
spe	768	767	2381.62	2265.96	2323.79	2564.17	2199.07	2459.42	2072.5	2318.335
los	767	GCA.002796325.1.Bacteria.UBA10199	2265.96	0.0	1132.98	2459.42	2072.5	0.0	0.0	1229.71
spe	767	766	2265.96	2115.535	2190.7475	2459.42	2072.5	2326.52	1904.55	2181.985
los	766	GCA.001798185.1.Bacteria.UBA10199	2115.535	0.0	1057.7675	2326.52	1904.55	0.0	0.0	1163.26
hgt	228	227	2768.615	2748.92	2758.7675	2930.14	2607.09	2912.2	2585.64	2757.89
los	None	dead	0.0	0.0	0.0	0.0	0.0	0.0	0.0	0.0
dup	228	227	2768.615	2748.92	2758.7675	2930.14	2607.09	2912.2	2585.64	2757.89
spe	228	227	2768.615	2748.92	2758.7675	2930.14	2607.09	2912.2	2585.64	2757.89
spe	227	225	2748.92	2609.595	2679.2575	2912.2	2585.64	2776.49	2442.7	2677.45
los	225	207	2609.595	2529.79	2569.6925	2776.49	2442.7	2710.32	2349.26	2562.875
spe	225	224	2609.595	2564.83	2587.2125	2776.49	2442.7	2734.98	2394.68	2585.585
los	224	210	2564.83	2377.125	2470.9775	2734.98	2394.68	2575.36	2178.89	2456.935
spe	224	223	2564.83	2501.375	2533.1025	2734.98	2394.68	2673.97	2328.78	2531.88
los	223	213	2501.375	2348.89	2425.1325	2673.97	2328.78	2541.49	2156.29	2415.13
spe	223	222	2501.375	2307.48	2404.4275	2673.97	2328.78	2490.77	2124.19	2399.08
los	222	216	2307.48	2167.33	2237.405	2490.77	2124.19	2366.8	1967.86	2229.315
spe	222	221	2307.48	2232.655	2270.0675	2490.77	2124.19	2421.55	2043.76	2267.265
los	221	GCA.002796125.1.Bacteria.Omnitrophota	2232.655	0.0	1116.3275	2421.55	2043.76	0.0	0.0	1210.775
spe	221	220	2232.655	2041.98	2137.3175	2421.55	2043.76	2253.94	1830.02	2125.785
los	220	GCA.003451585.1.Bacteria.Omnitrophota	2041.98	0.0	1020.99	2253.94	1830.02	0.0	0.0	1126.97
spe	228	227	2768.615	2748.92	2758.7675	2930.14	2607.09	2912.2	2585.64	2757.89
spe	227	225	2748.92	2609.595	2679.2575	2912.2	2585.64	2776.49	2442.7	2677.45
los	225	207	2609.595	2529.79	2569.6925	2776.49	2442.7	2710.32	2349.26	2562.875
spe	225	224	2609.595	2564.83	2587.2125	2776.49	2442.7	2734.98	2394.68	2585.585
los	224	223	2564.83	2501.375	2533.1025	2734.98	2394.68	2673.97	2328.78	2531.88
spe	224	210	2564.83	2377.125	2470.9775	2734.98	2394.68	2575.36	2178.89	2456.935
los	210	GCA.002779345.1.Bacteria.Omnitrophota	2377.125	0.0	1188.5625	2575.36	2178.89	0.0	0.0	1287.68
hgt	None	dead	0.0	0.0	0.0	0.0	0.0	0.0	0.0	0.0
hgt	930	GCA.003455335.1.Bacteria.Fibrobacterota	2114.665	0.0	1057.3325	2371.39	1857.94	0.0	0.0	1185.695
los	None	dead	0.0	0.0	0.0	0.0	0.0	0.0	0.0	0.0
hgt	None	dead	0.0	0.0	0.0	0.0	0.0	0.0	0.0	0.0
dup	None	dead	0.0	0.0	0.0	0.0	0.0	0.0	0.0	0.0
hgt	400	GCA.002707655.1.Bacteria.SAR324	2693.845	0.0	1346.9225	2881.53	2506.16	0.0	0.0	1440.765
los	None	dead	0.0	0.0	0.0	0.0	0.0	0.0	0.0	0.0
dup	None	dead	0.0	0.0	0.0	0.0	0.0	0.0	0.0	0.0
hgt	386	GCA.002450905.1.Bacteria.Spirochaetota	2547.685	0.0	1273.8425	2749.56	2345.81	0.0	0.0	1374.78
los	None	dead	0.0	0.0	0.0	0.0	0.0	0.0	0.0	0.0
hgt	374	GCF.000266885.1.Bacteria.Spirochaetota	2303.81	0.0	1151.905	2531.31	2076.31	0.0	0.0	1265.655
los	None	dead	0.0	0.0	0.0	0.0	0.0	0.0	0.0	0.0
hgt	None	dead	0.0	0.0	0.0	0.0	0.0	0.0	0.0	0.0
dup	None	dead	0.0	0.0	0.0	0.0	0.0	0.0	0.0	0.0
hgt	68	GCA.002495185.1.Archaea.Thermoplasmatota	2254.26	0.0	1127.13	2432.16	2076.36	0.0	0.0	1216.08
los	None	dead	0.0	0.0	0.0	0.0	0.0	0.0	0.0	0.0
hgt	1143	GCA.002352645.1.Bacteria.Actinobacteriota	2319.725	0.0	1159.8625	2519.3	2120.15	0.0	0.0	1259.65
los	None	dead	0.0	0.0	0.0	0.0	0.0	0.0	0.0	0.0
spe	1094	1093	3407.45	3335.31	3371.38	3553.34	3261.56	3481.64	3188.98	3371.16
los	1093	1055	3335.31	3175.955	3255.6325	3481.64	3188.98	3349.14	3002.77	3242.205
hgt	None	dead	0.0	0.0	0.0	0.0	0.0	0.0	0.0	0.0
hgt	791	GCA.002898795.1.Bacteria.Desulfobacterota.B	2015.09	0.0	1007.545	2237.3	1792.88	0.0	0.0	1118.65
los	None	dead	0.0	0.0	0.0	0.0	0.0	0.0	0.0	0.0
spe	1093	1092	3335.31	3257.545	3296.4275	3481.64	3188.98	3404.95	3110.14	3295.89
los	1092	1058	3257.545	2874.585	3066.065	3404.95	3110.14	3067.3	2681.87	3043.41
hgt	None	dead	0.0	0.0	0.0	0.0	0.0	0.0	0.0	0.0
dup	None	dead	0.0	0.0	0.0	0.0	0.0	0.0	0.0	0.0
hgt	1177	GCA.001464275.1.Bacteria.Actinobacteriota	2055.195	0.0	1027.5975	2300.55	1809.84	0.0	0.0	1150.275
los	None	dead	0.0	0.0	0.0	0.0	0.0	0.0	0.0	0.0
hgt	1106	GCA.003134215.1.Bacteria.Armatimonadota	2220.8	0.0	1110.4	2480.29	1961.31	0.0	0.0	1240.145
los	None	dead	0.0	0.0	0.0	0.0	0.0	0.0	0.0	0.0
spe	1092	1091	3257.545	3200.245	3228.895	3404.95	3110.14	3351.29	3049.2	3227.075
los	1091	1083	3200.245	3106.26	3153.2525	3351.29	3049.2	3261.47	2951.05	3151.17
hgt	None	dead	0.0	0.0	0.0	0.0	0.0	0.0	0.0	0.0
spe	1091	1090	3200.245	3052.03	3126.1375	3351.29	3049.2	3225.98	2878.08	3114.685
los	1090	GCA.000353875.1.Bacteria.Atribacterota	3052.03	0.0	1526.015	3225.98	2878.08	0.0	0.0	1612.99
hgt	None	dead	0.0	0.0	0.0	0.0	0.0	0.0	0.0	0.0
hgt	1020	GCA.001780165.1.Bacteria.Eisenbacteria	2279.22	0.0	1139.61	2521.79	2036.65	0.0	0.0	1260.895
los	None	dead	0.0	0.0	0.0	0.0	0.0	0.0	0.0	0.0
hgt	None	dead	0.0	0.0	0.0	0.0	0.0	0.0	0.0	0.0
hgt	536	GCF.900111015.1.Bacteria.Proteobacteria	2343.3	0.0	1171.65	2502.24	2184.36	0.0	0.0	1251.12
los	None	dead	0.0	0.0	0.0	0.0	0.0	0.0	0.0	0.0
spe	1090	1088	3052.03	2199.325	2625.6775	3225.98	2878.08	2463.66	1934.99	2580.485
los	1088	GCA.002010365.1.Bacteria.Bipolaricaulota	2199.325	0.0	1099.6625	2463.66	1934.99	0.0	0.0	1231.83
spe	1088	1087	2199.325	1892.775	2046.05	2463.66	1934.99	2196.66	1588.89	2026.275
hgt	None	dead	0.0	0.0	0.0	0.0	0.0	0.0	0.0	0.0
los	1087	GCA.003535305.1.Bacteria.Bipolaricaulota	1892.775	0.0	946.3875	2196.66	1588.89	0.0	0.0	1098.33
hgt	574	GCF.000374645.1.Bacteria.Proteobacteria	1962.545	0.0	981.2725	2146.1	1778.99	0.0	0.0	1073.05
los	None	dead	0.0	0.0	0.0	0.0	0.0	0.0	0.0	0.0
dup	None	dead	0.0	0.0	0.0	0.0	0.0	0.0	0.0	0.0
hgt	345	GCA.002748355.1.Bacteria.Planctomycetota	2344.43	0.0	1172.215	2550.58	2138.28	0.0	0.0	1275.29
los	None	dead	0.0	0.0	0.0	0.0	0.0	0.0	0.0	0.0
hgt	711	GCA.001664505.1.Bacteria.Acidobacteriota	2445.625	0.0	1222.8125	2626.53	2264.72	0.0	0.0	1313.265
los	None	dead	0.0	0.0	0.0	0.0	0.0	0.0	0.0	0.0
