event	left_node	right_node	left_date	right_date	midpoint_date
spe	1728	1727	0.0	3460.76	1730.38
hgt	None	dead	0.0	0.0	0.0
hgt	832	GCA.002721815.1.Bacteria.Myxococcota	2268.205	0.0	1134.1025
los	None	dead	0.0	0.0	0.0
spe	1727	189	3460.76	3366.71	3413.735
los	189	185	3366.71	3290.735	3328.7225
spe	189	188	3366.71	3243.0	3304.855
hgt	None	dead	0.0	0.0	0.0
los	188	GCA.002869225.1.Bacteria.Muirbacteria	3243.0	0.0	1621.5
hgt	74	GCA.002011165.1.Archaea.Halobacteriota	2278.05	0.0	1139.025
los	None	dead	0.0	0.0	0.0
spe	1727	1726	3460.76	3442.105	3451.4325
spe	1726	1725	3442.105	3410.995	3426.55
spe	1725	1393	3410.995	3339.09	3375.0425
spe	1393	1129	3339.09	3221.86	3280.475
los	1129	1128	3221.86	3141.47	3181.665
hgt	None	dead	0.0	0.0	0.0
hgt	807	GCA.002789955.1.Bacteria.Myxococcota	2202.835	0.0	1101.4175
los	None	dead	0.0	0.0	0.0
spe	1129	1101	3221.86	3151.28	3186.57
los	1101	GCA.002410925.1.Bacteria.UBP13	3151.28	0.0	1575.64
spe	1101	1099	3151.28	3010.445	3080.8625
los	1099	GCA.900313515.1.Bacteria.Eremiobacterota	3010.445	0.0	1505.2225
spe	1099	1098	3010.445	2247.98	2629.2125
hgt	None	dead	0.0	0.0	0.0
hgt	None	dead	0.0	0.0	0.0
hgt	1047	1046	3317.54	3288.18	3302.86
los	None	dead	0.0	0.0	0.0
spe	1047	1046	3317.54	3288.18	3302.86
hgt	None	dead	0.0	0.0	0.0
dup	None	dead	0.0	0.0	0.0
hgt	873	GCA.002011835.1.Bacteria.Desulfobacterota	2374.525	0.0	1187.2625
los	None	dead	0.0	0.0	0.0
hgt	1177	GCA.001464275.1.Bacteria.Actinobacteriota	2055.195	0.0	1027.5975
los	None	dead	0.0	0.0	0.0
spe	1046	902	3288.18	3241.035	3264.6075
los	902	390	3241.035	3122.13	3181.5825
spe	902	901	3241.035	3194.215	3217.625
spe	901	900	3194.215	3136.94	3165.5775
los	900	899	3136.94	3089.895	3113.4175
spe	900	716	3136.94	2935.17	3036.055
los	716	670	2935.17	2753.645	2844.4075
spe	716	715	2935.17	2853.34	2894.255
los	715	675	2853.34	2652.03	2752.685
spe	715	714	2853.34	2786.11	2819.725
los	714	GCA.002731215.1.Bacteria.Acidobacteriota	2786.11	0.0	1393.055
spe	714	713	2786.11	2694.49	2740.3
spe	713	699	2694.49	2612.33	2653.41
los	699	681	2612.33	2463.525	2537.9275
spe	699	698	2612.33	2454.615	2533.4725
los	698	686	2454.615	2295.75	2375.1825
spe	698	697	2454.615	2258.95	2356.7825
los	697	696	2258.95	2077.305	2168.1275
spe	713	712	2694.49	2570.455	2632.4725
los	712	711	2570.455	2445.625	2508.04
spe	712	706	2570.455	2384.34	2477.3975
spe	706	704	2384.34	2238.87	2311.605
los	704	GCA.003133645.1.Bacteria.Acidobacteriota	2238.87	0.0	1119.435
spe	704	702	2238.87	2020.225	2129.5475
hgt	None	dead	0.0	0.0	0.0
hgt	714	GCA.002731215.1.Bacteria.Acidobacteriota	2786.11	0.0	1393.055
los	None	dead	0.0	0.0	0.0
hgt	None	dead	0.0	0.0	0.0
spe	901	663	3194.215	3149.67	3171.9425
spe	663	397	3149.67	3038.98	3094.325
spe	397	396	3038.98	2831.62	2935.3
los	396	395	2831.62	2049.66	2440.64
hgt	None	dead	0.0	0.0	0.0
los	397	GCF.000526155.1.Bacteria.Desulfobacterota	3038.98	0.0	1519.49
dup	None	dead	0.0	0.0	0.0
hgt	1284	GCF.001553315.1.Bacteria.Firmicutes.C	1576.575	0.0	788.2875
los	None	dead	0.0	0.0	0.0
dup	None	dead	0.0	0.0	0.0
hgt	551	GCA.002699105.1.Bacteria.Bacteroidota	1711.785	0.0	855.8925
los	None	dead	0.0	0.0	0.0
dup	None	dead	0.0	0.0	0.0
hgt	227	GCA.001804315.1.Bacteria.Omnitrophota	2748.92	0.0	1374.46
los	None	dead	0.0	0.0	0.0
hgt	220	GCA.001805375.1.Bacteria.Omnitrophota	2041.98	0.0	1020.99
los	None	dead	0.0	0.0	0.0
spe	663	662	3149.67	3108.12	3128.895
hgt	None	dead	0.0	0.0	0.0
hgt	332	GCA.002364485.1.Bacteria.Planctomycetota	1728.22	0.0	864.11
los	None	dead	0.0	0.0	0.0
spe	662	661	3108.12	3075.81	3091.965
los	661	660	3075.81	2810.715	2943.2625
hgt	None	dead	0.0	0.0	0.0
spe	661	655	3075.81	3042.74	3059.275
los	655	403	3042.74	2763.35	2903.045
spe	655	654	3042.74	2959.21	3000.975
spe	654	520	2959.21	2901.66	2930.435
los	520	519	2901.66	2801.035	2851.3475
spe	520	406	2901.66	2769.905	2835.7825
los	406	GCF.002795805.1.Bacteria.Proteobacteria	2769.905	0.0	1384.9525
spe	654	653	2959.21	2771.345	2865.2775
los	653	GCF.001399755.1.Bacteria.Proteobacteria	2771.345	0.0	1385.6725
hgt	None	dead	0.0	0.0	0.0
hgt	347	GCA.002683135.1.Bacteria.Planctomycetota	2546.45	0.0	1273.225
los	None	dead	0.0	0.0	0.0
spe	653	652	2771.345	2671.985	2721.665
los	652	526	2671.985	2470.255	2571.12
spe	652	651	2671.985	2583.355	2627.67
hgt	None	dead	0.0	0.0	0.0
hgt	612	611	1796.185	1493.79	1644.9875
los	None	dead	0.0	0.0	0.0
spe	612	611	1796.185	1493.79	1644.9875
hgt	None	dead	0.0	0.0	0.0
dup	None	dead	0.0	0.0	0.0
hgt	568	GCF.001051235.1.Bacteria.Proteobacteria	2035.48	0.0	1017.74
los	None	dead	0.0	0.0	0.0
hgt	598	GCA.002292285.1.Bacteria.Proteobacteria	1497.41	0.0	748.705
los	None	dead	0.0	0.0	0.0
spe	651	533	2583.355	2458.635	2520.995
spe	533	532	2458.635	2186.645	2322.64
hgt	None	dead	0.0	0.0	0.0
los	532	GCA.001750625.1.Bacteria.Proteobacteria	2186.645	0.0	1093.3225
hgt	576	574	2178.965	1962.545	2070.755
los	None	dead	0.0	0.0	0.0
spe	576	574	2178.965	1962.545	2070.755
hgt	None	dead	0.0	0.0	0.0
hgt	519	GCF.002109495.1.Bacteria.Proteobacteria	2801.035	0.0	1400.5175
los	None	dead	0.0	0.0	0.0
hgt	None	dead	0.0	0.0	0.0
hgt	570	GCA.002255365.1.Bacteria.Proteobacteria	2165.975	0.0	1082.9875
los	None	dead	0.0	0.0	0.0
dup	533	529	2458.635	2307.945	2383.29
spe	533	529	2458.635	2307.945	2383.29
los	529	GCA.002451085.1.Bacteria.Proteobacteria	2307.945	0.0	1153.9725
hgt	None	dead	0.0	0.0	0.0
spe	533	529	2458.635	2307.945	2383.29
hgt	None	dead	0.0	0.0	0.0
los	529	GCA.002420425.1.Bacteria.Proteobacteria	2307.945	0.0	1153.9725
hgt	515	514	2401.52	2299.515	2350.5175
los	None	dead	0.0	0.0	0.0
dup	515	514	2401.52	2299.515	2350.5175
spe	515	514	2401.52	2299.515	2350.5175
los	514	436	2299.515	2217.14	2258.3275
spe	514	513	2299.515	2253.55	2276.5325
spe	513	512	2253.55	2172.63	2213.09
los	512	511	2172.63	2112.01	2142.32
spe	512	486	2172.63	1956.2	2064.415
los	486	GCA.002721365.1.Bacteria.Proteobacteria	1956.2	0.0	978.1
spe	513	483	2253.55	2221.01	2237.28
spe	483	447	2221.01	2113.215	2167.1125
los	447	446	2113.215	1951.09	2032.1525
spe	447	439	2113.215	1983.035	2048.125
los	439	GCA.002723345.1.Bacteria.Proteobacteria	1983.035	0.0	991.5175
spe	483	482	2221.01	2151.75	2186.38
spe	482	458	2151.75	2053.74	2102.745
los	458	456	2053.74	1898.57	1976.155
spe	482	481	2151.75	2091.815	2121.7825
los	481	480	2091.815	1990.065	2040.94
hgt	None	dead	0.0	0.0	0.0
spe	481	469	2091.815	2003.935	2047.875
los	469	463	2003.935	1889.86	1946.8975
spe	469	468	2003.935	1847.82	1925.8775
los	468	467	1847.82	1693.575	1770.6975
hgt	517	GCA.002937675.1.Bacteria.Proteobacteria	2543.2	0.0	1271.6
los	None	dead	0.0	0.0	0.0
dup	515	514	2401.52	2299.515	2350.5175
spe	515	514	2401.52	2299.515	2350.5175
spe	514	436	2299.515	2217.14	2258.3275
los	436	GCA.002722885.1.Bacteria.Proteobacteria	2217.14	0.0	1108.57
spe	436	435	2217.14	2071.245	2144.1925
los	435	GCA.006969625.1.Bacteria.Proteobacteria	2071.245	0.0	1035.6225
spe	435	434	2071.245	1886.935	1979.09
los	434	GCA.002898275.1.Bacteria.Proteobacteria	1886.935	0.0	943.4675
dup	514	513	2299.515	2253.55	2276.5325
spe	514	513	2299.515	2253.55	2276.5325
spe	513	483	2253.55	2221.01	2237.28
los	483	447	2221.01	2113.215	2167.1125
spe	483	482	2221.01	2151.75	2186.38
los	482	481	2151.75	2091.815	2121.7825
spe	482	458	2151.75	2053.74	2102.745
los	458	GCA.002340345.1.Bacteria.Proteobacteria	2053.74	0.0	1026.87
spe	458	456	2053.74	1898.57	1976.155
los	456	GCF.002148795.1.Bacteria.Proteobacteria	1898.57	0.0	949.285
spe	456	455	1898.57	1531.25	1714.91
los	455	454	1531.25	1369.765	1450.5075
spe	513	512	2253.55	2172.63	2213.09
los	512	511	2172.63	2112.01	2142.32
hgt	None	dead	0.0	0.0	0.0
spe	512	486	2172.63	1956.2	2064.415
los	486	GCF.000264455.2.Bacteria.Proteobacteria	1956.2	0.0	978.1
hgt	501	GCA.003454415.1.Bacteria.Proteobacteria	1305.64	0.0	652.82
los	None	dead	0.0	0.0	0.0
spe	514	513	2299.515	2253.55	2276.5325
spe	513	483	2253.55	2221.01	2237.28
spe	483	447	2221.01	2113.215	2167.1125
spe	447	439	2113.215	1983.035	2048.125
hgt	None	dead	0.0	0.0	0.0
los	439	GCF.001613805.1.Bacteria.Proteobacteria	1983.035	0.0	991.5175
hgt	489	GCA.002348365.1.Bacteria.Proteobacteria	1797.555	0.0	898.7775
los	None	dead	0.0	0.0	0.0
spe	447	446	2113.215	1951.09	2032.1525
spe	446	445	1951.09	1836.495	1893.7925
spe	445	444	1836.495	1669.2	1752.8475
los	444	GCA.002348425.1.Bacteria.Proteobacteria	1669.2	0.0	834.6
hgt	None	dead	0.0	0.0	0.0
hgt	436	GCA.002722885.1.Bacteria.Proteobacteria	2217.14	0.0	1108.57
los	None	dead	0.0	0.0	0.0
spe	483	482	2221.01	2151.75	2186.38
spe	482	481	2151.75	2091.815	2121.7825
los	481	480	2091.815	1990.065	2040.94
spe	481	469	2091.815	2003.935	2047.875
los	469	468	2003.935	1847.82	1925.8775
spe	469	463	2003.935	1889.86	1946.8975
los	463	GCF.002251795.1.Bacteria.Proteobacteria	1889.86	0.0	944.93
spe	463	462	1889.86	1641.635	1765.7475
los	462	GCF.000315795.1.Bacteria.Proteobacteria	1641.635	0.0	820.8175
spe	482	458	2151.75	2053.74	2102.745
los	458	GCA.002340345.1.Bacteria.Proteobacteria	2053.74	0.0	1026.87
spe	458	456	2053.74	1898.57	1976.155
spe	456	455	1898.57	1531.25	1714.91
los	455	GCF.900102465.1.Bacteria.Proteobacteria	1531.25	0.0	765.625
spe	455	454	1531.25	1369.765	1450.5075
los	454	GCA.002709155.1.Bacteria.Proteobacteria	1369.765	0.0	684.8825
spe	454	453	1369.765	1231.6385	1300.70175
los	453	GCA.003280605.1.Bacteria.Proteobacteria	1231.6385	0.0	615.81925
spe	513	512	2253.55	2172.63	2213.09
los	512	486	2172.63	1956.2	2064.415
spe	512	511	2172.63	2112.01	2142.32
los	511	489	2112.01	1797.555	1954.7825
spe	511	510	2112.01	2056.505	2084.2575
hgt	None	dead	0.0	0.0	0.0
hgt	434	GCA.002898275.1.Bacteria.Proteobacteria	1886.935	0.0	943.4675
los	None	dead	0.0	0.0	0.0
hgt	None	dead	0.0	0.0	0.0
hgt	455	454	1531.25	1369.765	1450.5075
los	None	dead	0.0	0.0	0.0
spe	455	454	1531.25	1369.765	1450.5075
spe	454	453	1369.765	1231.6385	1300.70175
los	453	GCA.002457765.1.Bacteria.Proteobacteria	1231.6385	0.0	615.81925
spe	510	492	2056.505	1826.375	1941.44
spe	510	509	2056.505	1977.465	2016.985
spe	509	508	1977.465	1872.275	1924.87
los	508	507	1872.275	1662.025	1767.15
spe	508	498	1872.275	1734.36	1803.3175
los	498	GCF.000192575.1.Bacteria.Proteobacteria	1734.36	0.0	867.18
spe	509	495	1977.465	1736.875	1857.17
hgt	None	dead	0.0	0.0	0.0
los	495	GCF.003173035.1.Bacteria.Proteobacteria	1736.875	0.0	868.4375
dup	None	dead	0.0	0.0	0.0
hgt	462	GCF.000315795.1.Bacteria.Proteobacteria	1641.635	0.0	820.8175
los	None	dead	0.0	0.0	0.0
hgt	435	GCA.006969625.1.Bacteria.Proteobacteria	2071.245	0.0	1035.6225
los	None	dead	0.0	0.0	0.0
spe	515	514	2401.52	2299.515	2350.5175
los	514	436	2299.515	2217.14	2258.3275
spe	514	513	2299.515	2253.55	2276.5325
spe	513	512	2253.55	2172.63	2213.09
los	512	486	2172.63	1956.2	2064.415
spe	512	511	2172.63	2112.01	2142.32
los	511	489	2112.01	1797.555	1954.7825
spe	511	510	2112.01	2056.505	2084.2575
los	510	492	2056.505	1826.375	1941.44
spe	510	509	2056.505	1977.465	2016.985
los	509	508	1977.465	1872.275	1924.87
spe	509	495	1977.465	1736.875	1857.17
los	495	GCA.002796975.1.Bacteria.Proteobacteria	1736.875	0.0	868.4375
spe	513	483	2253.55	2221.01	2237.28
los	483	447	2221.01	2113.215	2167.1125
spe	483	482	2221.01	2151.75	2186.38
los	482	458	2151.75	2053.74	2102.745
spe	482	481	2151.75	2091.815	2121.7825
los	481	480	2091.815	1990.065	2040.94
spe	481	469	2091.815	2003.935	2047.875
spe	469	463	2003.935	1889.86	1946.8975
los	463	462	1889.86	1641.635	1765.7475
spe	469	468	2003.935	1847.82	1925.8775
los	468	GCF.900167455.1.Bacteria.Proteobacteria	1847.82	0.0	923.91
spe	468	467	1847.82	1693.575	1770.6975
los	467	GCA.002291925.1.Bacteria.Proteobacteria	1693.575	0.0	846.7875
hgt	649	648	2487.635	2440.92	2464.2775
los	None	dead	0.0	0.0	0.0
dup	649	648	2487.635	2440.92	2464.2775
spe	649	648	2487.635	2440.92	2464.2775
los	648	562	2440.92	2333.93	2387.425
spe	648	647	2440.92	2391.055	2415.9875
spe	647	646	2391.055	2358.03	2374.5425
los	646	588	2358.03	2283.06	2320.545
spe	646	645	2358.03	2312.285	2335.1575
los	645	631	2312.285	2258.31	2285.2975
spe	645	644	2312.285	2211.125	2261.705
los	644	643	2211.125	2071.11	2141.1175
spe	644	636	2211.125	2146.87	2178.9975
los	636	GCA.002840095.1.Bacteria.Proteobacteria	2146.87	0.0	1073.435
spe	636	634	2146.87	2007.49	2077.18
los	634	GCF.001697225.1.Bacteria.Proteobacteria	2007.49	0.0	1003.745
spe	647	571	2391.055	2282.495	2336.775
los	571	570	2282.495	2165.975	2224.235
spe	571	565	2282.495	2067.745	2175.12
los	565	GCF.000239355.1.Bacteria.Proteobacteria	2067.745	0.0	1033.8725
dup	649	648	2487.635	2440.92	2464.2775
spe	649	648	2487.635	2440.92	2464.2775
spe	648	562	2440.92	2333.93	2387.425
los	562	546	2333.93	2056.155	2195.0425
spe	562	561	2333.93	2282.175	2308.0525
los	561	553	2282.175	2172.955	2227.565
spe	561	560	2282.175	2138.97	2210.5725
spe	560	558	2138.97	1998.285	2068.6275
los	558	557	1998.285	1783.96	1891.1225
spe	648	647	2440.92	2391.055	2415.9875
los	647	571	2391.055	2282.495	2336.775
spe	647	646	2391.055	2358.03	2374.5425
hgt	None	dead	0.0	0.0	0.0
hgt	600	GCA.002007425.1.Bacteria.Proteobacteria	1814.2	0.0	907.1
los	None	dead	0.0	0.0	0.0
spe	646	588	2358.03	2283.06	2320.545
los	588	576	2283.06	2178.965	2231.0125
hgt	None	dead	0.0	0.0	0.0
spe	588	587	2283.06	1996.16	2139.61
los	587	586	1996.16	1895.525	1945.8425
spe	587	581	1996.16	1845.545	1920.8525
hgt	None	dead	0.0	0.0	0.0
los	581	579	1845.545	1566.0	1705.7725
hgt	542	GCA.002631715.1.Bacteria.Proteobacteria	2266.915	0.0	1133.4575
los	None	dead	0.0	0.0	0.0
hgt	553	552	2172.955	1988.77	2080.8625
los	None	dead	0.0	0.0	0.0
spe	553	552	2172.955	1988.77	2080.8625
spe	552	551	1988.77	1711.785	1850.2775
los	551	GCA.002699105.1.Bacteria.Bacteroidota	1711.785	0.0	855.8925
spe	646	645	2358.03	2312.285	2335.1575
spe	645	644	2312.285	2211.125	2261.705
spe	644	636	2211.125	2146.87	2178.9975
los	636	634	2146.87	2007.49	2077.18
spe	644	643	2211.125	2071.11	2141.1175
los	643	639	2071.11	1859.94	1965.525
spe	643	642	2071.11	1939.07	2005.09
spe	645	631	2312.285	2258.31	2285.2975
spe	631	603	2258.31	2200.665	2229.4875
los	603	GCA.002085445.1.Bacteria.Proteobacteria	2200.665	0.0	1100.3325
spe	603	602	2200.665	2136.455	2168.56
spe	602	592	2136.455	1879.945	2008.2
los	592	GCF.001720165.1.Bacteria.Proteobacteria	1879.945	0.0	939.9725
spe	602	601	2136.455	2005.515	2070.985
los	601	600	2005.515	1814.2	1909.8575
spe	601	595	2005.515	1816.095	1910.805
los	595	GCA.002454015.1.Bacteria.Proteobacteria	1816.095	0.0	908.0475
hgt	None	dead	0.0	0.0	0.0
los	631	630	2258.31	2159.7	2209.005
dup	None	dead	0.0	0.0	0.0
hgt	576	GCA.002432655.1.Bacteria.Proteobacteria	2178.965	0.0	1089.4825
los	None	dead	0.0	0.0	0.0
hgt	653	GCF.001399755.1.Bacteria.Proteobacteria	2771.345	0.0	1385.6725
los	None	dead	0.0	0.0	0.0
spe	649	648	2487.635	2440.92	2464.2775
hgt	None	dead	0.0	0.0	0.0
spe	648	647	2440.92	2391.055	2415.9875
spe	647	571	2391.055	2282.495	2336.775
los	571	565	2282.495	2067.745	2175.12
spe	571	570	2282.495	2165.975	2224.235
los	570	GCA.002255365.1.Bacteria.Proteobacteria	2165.975	0.0	1082.9875
spe	570	568	2165.975	2035.48	2100.7275
los	568	GCF.001051235.1.Bacteria.Proteobacteria	2035.48	0.0	1017.74
spe	647	646	2391.055	2358.03	2374.5425
los	646	588	2358.03	2283.06	2320.545
spe	646	645	2358.03	2312.285	2335.1575
los	645	631	2312.285	2258.31	2285.2975
spe	645	644	2312.285	2211.125	2261.705
los	644	643	2211.125	2071.11	2141.1175
spe	644	636	2211.125	2146.87	2178.9975
los	636	GCA.002840095.1.Bacteria.Proteobacteria	2146.87	0.0	1073.435
spe	636	634	2146.87	2007.49	2077.18
los	634	GCF.002020875.1.Bacteria.Proteobacteria	2007.49	0.0	1003.745
dup	None	dead	0.0	0.0	0.0
hgt	536	GCF.900111015.1.Bacteria.Proteobacteria	2343.3	0.0	1171.65
los	None	dead	0.0	0.0	0.0
hgt	612	GCF.003612015.1.Bacteria.Proteobacteria	1796.185	0.0	898.0925
los	None	dead	0.0	0.0	0.0
spe	648	562	2440.92	2333.93	2387.425
spe	562	546	2333.93	2056.155	2195.0425
los	546	GCA.002747435.1.Bacteria.Proteobacteria	2056.155	0.0	1028.0775
spe	562	561	2333.93	2282.175	2308.0525
los	561	560	2282.175	2138.97	2210.5725
spe	561	553	2282.175	2172.955	2227.565
los	553	552	2172.955	1988.77	2080.8625
spe	651	650	2583.355	2528.52	2555.9375
spe	650	649	2528.52	2487.635	2508.0775
los	649	648	2487.635	2440.92	2464.2775
spe	649	543	2487.635	2384.42	2436.0275
los	543	539	2384.42	2248.565	2316.4925
spe	543	542	2384.42	2266.915	2325.6675
los	542	GCA.002631715.1.Bacteria.Proteobacteria	2266.915	0.0	1133.4575
spe	650	536	2528.52	2343.3	2435.91
los	536	GCF.900111015.1.Bacteria.Proteobacteria	2343.3	0.0	1171.65
dup	None	dead	0.0	0.0	0.0
hgt	1140	GCA.002722565.1.Bacteria.Actinobacteriota	1795.075	0.0	897.5375
los	None	dead	0.0	0.0	0.0
hgt	265	GCA.003290465.1.Bacteria.Sumerlaeota	2505.165	0.0	1252.5825
los	None	dead	0.0	0.0	0.0
hgt	None	dead	0.0	0.0	0.0
dup	None	dead	0.0	0.0	0.0
hgt	345	GCA.002746235.1.Bacteria.Planctomycetota	2344.43	0.0	1172.215
los	None	dead	0.0	0.0	0.0
hgt	840	839	2651.205	2599.34	2625.2725
los	None	dead	0.0	0.0	0.0
spe	840	839	2651.205	2599.34	2625.2725
spe	839	829	2599.34	2568.27	2583.805
los	829	817	2568.27	2468.695	2518.4825
spe	829	828	2568.27	2398.31	2483.29
los	828	827	2398.31	2313.915	2356.1125
spe	839	838	2599.34	2486.025	2542.6825
los	838	837	2486.025	2276.83	2381.4275
hgt	None	dead	0.0	0.0	0.0
spe	838	834	2486.025	2442.985	2464.505
los	834	GCA.001798605.1.Bacteria.Myxococcota	2442.985	0.0	1221.4925
spe	834	832	2442.985	2268.205	2355.595
los	832	GCA.002696345.1.Bacteria.Myxococcota	2268.205	0.0	1134.1025
dup	None	dead	0.0	0.0	0.0
hgt	568	GCA.002862435.1.Bacteria.Proteobacteria	2035.48	0.0	1017.74
los	None	dead	0.0	0.0	0.0
dup	None	dead	0.0	0.0	0.0
hgt	1228	GCA.003023725.1.Bacteria.Firmicutes.E	2573.425	0.0	1286.7125
los	None	dead	0.0	0.0	0.0
dup	None	dead	0.0	0.0	0.0
hgt	780	GCA.001769805.1.Bacteria.Bdellovibrionota	2414.4	0.0	1207.2
los	None	dead	0.0	0.0	0.0
hgt	613	GCF.003097315.1.Bacteria.Proteobacteria	1943.945	0.0	971.9725
los	None	dead	0.0	0.0	0.0
hgt	None	dead	0.0	0.0	0.0
dup	None	dead	0.0	0.0	0.0
hgt	674	GCA.002747255.1.Bacteria.Acidobacteriota	2473.205	0.0	1236.6025
los	None	dead	0.0	0.0	0.0
hgt	639	GCA.003230085.1.Bacteria.Proteobacteria	1859.94	0.0	929.97
los	None	dead	0.0	0.0	0.0
hgt	None	dead	0.0	0.0	0.0
spe	662	400	3108.12	2693.845	2900.9825
los	400	GCA.002401295.1.Bacteria.SAR324	2693.845	0.0	1346.9225
dup	None	dead	0.0	0.0	0.0
hgt	1020	GCA.001780165.1.Bacteria.Eisenbacteria	2279.22	0.0	1139.61
los	None	dead	0.0	0.0	0.0
dup	None	dead	0.0	0.0	0.0
hgt	711	GCA.001664505.1.Bacteria.Acidobacteriota	2445.625	0.0	1222.8125
los	None	dead	0.0	0.0	0.0
hgt	276	270	3142.94	2997.52	3070.23
los	None	dead	0.0	0.0	0.0
hgt	None	dead	0.0	0.0	0.0
hgt	288	GCA.002323895.1.Bacteria.Verrucomicrobiota	2297.655	0.0	1148.8275
los	None	dead	0.0	0.0	0.0
hgt	None	dead	0.0	0.0	0.0
hgt	None	dead	0.0	0.0	0.0
hgt	1026	GCA.002084765.1.Bacteria.4572.55	2705.74	0.0	1352.87
los	None	dead	0.0	0.0	0.0
spe	276	270	3142.94	2997.52	3070.23
hgt	None	dead	0.0	0.0	0.0
hgt	778	GCA.002715375.1.Bacteria.Bdellovibrionota	2281.75	0.0	1140.875
los	None	dead	0.0	0.0	0.0
hgt	None	dead	0.0	0.0	0.0
hgt	None	dead	0.0	0.0	0.0
dup	None	dead	0.0	0.0	0.0
hgt	955	GCF.001280305.1.Bacteria.Bacteroidota	1759.09	0.0	879.545
los	None	dead	0.0	0.0	0.0
hgt	979	GCA.002763895.1.Bacteria.Bacteroidota	2181.785	0.0	1090.8925
los	None	dead	0.0	0.0	0.0
hgt	308	307	2838.44	2778.02	2808.23
los	None	dead	0.0	0.0	0.0
spe	308	307	2838.44	2778.02	2808.23
spe	307	297	2778.02	2620.58	2699.3
los	297	296	2620.58	2203.74	2412.16
spe	297	293	2620.58	2421.68	2521.13
los	293	GCA.003246265.1.Bacteria.Verrucomicrobiota	2421.68	0.0	1210.84
spe	307	306	2778.02	2448.87	2613.445
los	306	GCA.001804805.1.Bacteria.Verrucomicrobiota	2448.87	0.0	1224.435
spe	306	305	2448.87	2286.74	2367.805
los	305	GCA.001803235.1.Bacteria.Verrucomicrobiota	2286.74	0.0	1143.37
spe	305	303	2286.74	2233.605	2260.1725
los	303	302	2233.605	2089.845	2161.725
hgt	581	579	1845.545	1566.0	1705.7725
los	None	dead	0.0	0.0	0.0
spe	581	579	1845.545	1566.0	1705.7725
hgt	None	dead	0.0	0.0	0.0
hgt	220	GCA.001805375.1.Bacteria.Omnitrophota	2041.98	0.0	1020.99
los	None	dead	0.0	0.0	0.0
hgt	None	dead	0.0	0.0	0.0
hgt	585	GCA.002688175.1.Bacteria.Proteobacteria	1706.285	0.0	853.1425
los	None	dead	0.0	0.0	0.0
hgt	797	GCA.002311335.1.Bacteria.Desulfobacterota.B	2488.59	0.0	1244.295
los	None	dead	0.0	0.0	0.0
hgt	None	dead	0.0	0.0	0.0
hgt	284	282	2369.92	2053.795	2211.8575
los	None	dead	0.0	0.0	0.0
hgt	None	dead	0.0	0.0	0.0
hgt	498	GCF.000192575.1.Bacteria.Proteobacteria	1734.36	0.0	867.18
los	None	dead	0.0	0.0	0.0
spe	284	282	2369.92	2053.795	2211.8575
spe	1046	1045	3288.18	3193.355	3240.7675
los	1045	921	3193.355	3111.29	3152.3225
spe	1045	1044	3193.355	3092.405	3142.88
los	1044	936	3092.405	3003.555	3047.98
spe	1044	1043	3092.405	3056.385	3074.395
spe	1043	1042	3056.385	2996.785	3026.585
los	1042	1022	2996.785	2889.48	2943.1325
hgt	None	dead	0.0	0.0	0.0
spe	1042	1041	2996.785	2930.085	2963.435
los	1041	1040	2930.085	2866.055	2898.07
hgt	841	840	2762.435	2651.205	2706.82
los	None	dead	0.0	0.0	0.0
spe	841	840	2762.435	2651.205	2706.82
hgt	None	dead	0.0	0.0	0.0
dup	None	dead	0.0	0.0	0.0
hgt	866	GCA.003194485.1.Bacteria.Desulfobacterota	2095.425	0.0	1047.7125
los	None	dead	0.0	0.0	0.0
hgt	334	GCA.002338715.1.Bacteria.Planctomycetota	2115.87	0.0	1057.935
los	None	dead	0.0	0.0	0.0
spe	840	804	2651.205	2545.8	2598.5025
hgt	None	dead	0.0	0.0	0.0
hgt	1145	GCA.001767695.1.Bacteria.Actinobacteriota	2458.975	0.0	1229.4875
los	None	dead	0.0	0.0	0.0
hgt	None	dead	0.0	0.0	0.0
hgt	328	GCF.002277955.1.Bacteria.Planctomycetota	2426.155	0.0	1213.0775
los	None	dead	0.0	0.0	0.0
hgt	None	dead	0.0	0.0	0.0
dup	None	dead	0.0	0.0	0.0
hgt	274	GCA.002687025.1.Bacteria.Poribacteria	2618.66	0.0	1309.33
los	None	dead	0.0	0.0	0.0
hgt	397	GCF.000526155.1.Bacteria.Desulfobacterota	3038.98	0.0	1519.49
los	None	dead	0.0	0.0	0.0
hgt	None	dead	0.0	0.0	0.0
spe	840	839	2651.205	2599.34	2625.2725
los	839	829	2599.34	2568.27	2583.805
spe	839	838	2599.34	2486.025	2542.6825
los	838	837	2486.025	2276.83	2381.4275
spe	838	834	2486.025	2442.985	2464.505
los	834	832	2442.985	2268.205	2355.595
hgt	1721	1720	3037.59	2606.445	2822.0175
los	None	dead	0.0	0.0	0.0
hgt	None	dead	0.0	0.0	0.0
spe	1721	1720	3037.59	2606.445	2822.0175
spe	1720	1719	2606.445	2506.285	2556.365
los	1719	GCF.000013205.1.Bacteria.Cyanobacteria	2506.285	0.0	1253.1425
spe	1719	1718	2506.285	2393.24	2449.7625
los	1718	1717	2393.24	2268.17	2330.705
spe	1718	1704	2393.24	2299.84	2346.54
los	1704	1672	2299.84	2154.84	2227.34
spe	1704	1703	2299.84	2220.145	2259.9925
spe	1703	1679	2220.145	2001.685	2110.915
los	1679	1678	2001.685	1122.4185	1562.05175
dup	1703	1702	2220.145	2160.51	2190.3275
spe	1703	1702	2220.145	2160.51	2190.3275
hgt	None	dead	0.0	0.0	0.0
los	1702	GCF.003838225.1.Bacteria.Cyanobacteria	2160.51	0.0	1080.255
hgt	1672	GCF.002251945.1.Bacteria.Cyanobacteria	2154.84	0.0	1077.42
los	None	dead	0.0	0.0	0.0
dup	1702	1701	2160.51	2117.68	2139.095
spe	1702	1701	2160.51	2117.68	2139.095
los	1701	1685	2117.68	2011.14	2064.41
spe	1701	1700	2117.68	2037.95	2077.815
spe	1700	1688	2037.95	1799.565	1918.7575
spe	1700	1699	2037.95	1966.585	2002.2675
los	1699	GCF.000317045.1.Bacteria.Cyanobacteria	1966.585	0.0	983.2925
spe	1699	1698	1966.585	1629.64	1798.1125
los	1698	1692	1629.64	247.20855	938.42428
spe	1698	1697	1629.64	1386.915	1508.2775
hgt	None	dead	0.0	0.0	0.0
hgt	1678	GCF.000017845.1.Bacteria.Cyanobacteria	1122.4185	0.0	561.20925
los	None	dead	0.0	0.0	0.0
spe	1697	1695	1386.915	955.3765	1171.14575
spe	1702	1701	2160.51	2117.68	2139.095
spe	1701	1685	2117.68	2011.14	2064.41
los	1685	GCF.000018105.1.Bacteria.Cyanobacteria	2011.14	0.0	1005.57
spe	1685	1684	2011.14	1851.405	1931.2725
los	1684	GCA.001698445.1.Bacteria.Cyanobacteria	1851.405	0.0	925.7025
spe	1701	1700	2117.68	2037.95	2077.815
los	1700	1688	2037.95	1799.565	1918.7575
spe	1700	1699	2037.95	1966.585	2002.2675
los	1699	1698	1966.585	1629.64	1798.1125
spe	1703	1702	2220.145	2160.51	2190.3275
spe	1702	1701	2160.51	2117.68	2139.095
los	1701	1700	2117.68	2037.95	2077.815
spe	1701	1685	2117.68	2011.14	2064.41
spe	1685	1684	2011.14	1851.405	1931.2725
los	1684	GCF.000316115.1.Bacteria.Cyanobacteria	1851.405	0.0	925.7025
hgt	321	GCA.003136555.1.Bacteria.Planctomycetota	2808.805	0.0	1404.4025
los	None	dead	0.0	0.0	0.0
hgt	None	dead	0.0	0.0	0.0
dup	None	dead	0.0	0.0	0.0
hgt	1119	GCF.002973605.1.Bacteria.Armatimonadota	2529.245	0.0	1264.6225
los	None	dead	0.0	0.0	0.0
dup	None	dead	0.0	0.0	0.0
hgt	1106	GCA.003134215.1.Bacteria.Armatimonadota	2220.8	0.0	1110.4
los	None	dead	0.0	0.0	0.0
hgt	977	GCA.001567195.1.Bacteria.Bacteroidota	1840.405	0.0	920.2025
los	None	dead	0.0	0.0	0.0
hgt	None	dead	0.0	0.0	0.0
hgt	812	GCA.002863065.1.Bacteria.Myxococcota	2281.345	0.0	1140.6725
los	None	dead	0.0	0.0	0.0
spe	1043	1011	3056.385	2970.39	3013.3875
spe	1011	997	2970.39	2845.53	2907.96
los	997	996	2845.53	2790.055	2817.7925
spe	997	941	2845.53	2724.93	2785.23
los	941	GCA.003477045.1.Bacteria.Delongbacteria	2724.93	0.0	1362.465
spe	941	940	2724.93	2455.68	2590.305
los	940	GCA.002127415.1.Bacteria.AABM5.125.24	2455.68	0.0	1227.84
spe	1011	1010	2970.39	2867.725	2919.0575
los	1010	1000	2867.725	2379.635	2623.68
spe	1010	1009	2867.725	2634.345	2751.035
los	1009	GCA.003105265.1.Bacteria.Zixibacteria	2634.345	0.0	1317.1725
spe	1009	1008	2634.345	2484.465	2559.405
los	1008	GCA.000447245.1.Bacteria.Zixibacteria	2484.465	0.0	1242.2325
spe	1008	1006	2484.465	2321.235	2402.85
los	1006	GCA.001302725.1.Bacteria.Zixibacteria	2321.235	0.0	1160.6175
spe	1006	1004	2321.235	2154.39	2237.8125
spe	1393	1392	3339.09	3284.295	3311.6925
los	1392	1391	3284.295	3133.07	3208.6825
hgt	None	dead	0.0	0.0	0.0
hgt	1141	GCA.003140175.1.Bacteria.Actinobacteriota	2008.575	0.0	1004.2875
los	None	dead	0.0	0.0	0.0
spe	1392	1188	3284.295	3109.515	3196.905
los	1188	GCA.002779205.1.Bacteria.Actinobacteriota	3109.515	0.0	1554.7575
hgt	None	dead	0.0	0.0	0.0
spe	1188	1187	3109.515	3068.88	3089.1975
los	1187	1133	3068.88	2731.5	2900.19
spe	1187	1186	3068.88	3002.725	3035.8025
los	1186	1136	3002.725	2691.07	2846.8975
spe	1186	1185	3002.725	2913.82	2958.2725
hgt	None	dead	0.0	0.0	0.0
hgt	924	GCA.002348465.1.Bacteria.Gemmatimonadota	2422.26	0.0	1211.13
los	None	dead	0.0	0.0	0.0
spe	1185	1184	2913.82	2836.38	2875.1
los	1184	1183	2836.38	2457.105	2646.7425
hgt	None	dead	0.0	0.0	0.0
hgt	1473	GCA.001443375.1.Bacteria.Chloroflexota	2043.005	0.0	1021.5025
los	None	dead	0.0	0.0	0.0
spe	1184	1180	2836.38	2587.79	2712.085
los	1180	1179	2587.79	2376.455	2482.1225
spe	1185	1169	2913.82	2691.26	2802.54
los	1169	1145	2691.26	2458.975	2575.1175
hgt	None	dead	0.0	0.0	0.0
hgt	817	813	2468.695	2371.52	2420.1075
los	None	dead	0.0	0.0	0.0
spe	817	813	2468.695	2371.52	2420.1075
spe	813	812	2371.52	2281.345	2326.4325
los	812	GCA.002863065.1.Bacteria.Myxococcota	2281.345	0.0	1140.6725
spe	812	811	2281.345	2134.02	2207.6825
los	811	GCA.002726535.1.Bacteria.Myxococcota	2134.02	0.0	1067.01
spe	813	807	2371.52	2202.835	2287.1775
los	807	GCA.002789955.1.Bacteria.Myxococcota	2202.835	0.0	1101.4175
spe	1169	1168	2691.26	2631.565	2661.4125
los	1168	1148	2631.565	2328.75	2480.1575
spe	1168	1167	2631.565	2503.64	2567.6025
los	1167	GCA.002413185.1.Bacteria.Actinobacteriota	2503.64	0.0	1251.82
spe	1167	1166	2503.64	1991.825	2247.7325
spe	1166	1165	1991.825	1840.865	1916.345
spe	1165	1164	1840.865	1690.82	1765.8425
los	1164	1163	1690.82	1488.035	1589.4275
spe	1164	1160	1690.82	1520.98	1605.9
spe	1160	1158	1520.98	1386.605	1453.7925
los	1158	GCF.001942305.1.Bacteria.Actinobacteriota	1386.605	0.0	693.3025
spe	1165	1155	1840.865	1711.135	1776.0
spe	1155	1154	1711.135	1356.86	1533.9975
los	1154	GCF.001591405.1.Bacteria.Actinobacteria	1356.86	0.0	678.43
hgt	1338	1337	2111.765	1832.425	1972.095
los	None	dead	0.0	0.0	0.0
spe	1338	1337	2111.765	1832.425	1972.095
hgt	None	dead	0.0	0.0	0.0
hgt	1344	GCA.002159075.1.Bacteria.Firmicutes	2055.27	0.0	1027.635
los	None	dead	0.0	0.0	0.0
hgt	714	713	2786.11	2694.49	2740.3
los	None	dead	0.0	0.0	0.0
spe	714	713	2786.11	2694.49	2740.3
spe	713	712	2694.49	2570.455	2632.4725
los	712	706	2570.455	2384.34	2477.3975
spe	712	711	2570.455	2445.625	2508.04
los	711	GCA.001664505.1.Bacteria.Acidobacteriota	2445.625	0.0	1222.8125
spe	711	709	2445.625	2213.91	2329.7675
los	709	GCA.003223145.1.Bacteria.Acidobacteriota	2213.91	0.0	1106.955
spe	713	699	2694.49	2612.33	2653.41
los	699	681	2612.33	2463.525	2537.9275
spe	699	698	2612.33	2454.615	2533.4725
hgt	None	dead	0.0	0.0	0.0
hgt	1235	GCA.002376005.1.Bacteria.Firmicutes.E	2501.715	0.0	1250.8575
los	None	dead	0.0	0.0	0.0
spe	698	686	2454.615	2295.75	2375.1825
los	686	GCA.002451015.1.Bacteria.Acidobacteriota	2295.75	0.0	1147.875
spe	686	684	2295.75	1980.48	2138.115
hgt	None	dead	0.0	0.0	0.0
los	684	GCA.003223975.1.Bacteria.Acidobacteriota	1980.48	0.0	990.24
hgt	692	GCA.003140235.1.Bacteria.Acidobacteriota	1806.3	0.0	903.15
los	None	dead	0.0	0.0	0.0
spe	698	697	2454.615	2258.95	2356.7825
los	697	GCA.003222815.1.Bacteria.Acidobacteriota	2258.95	0.0	1129.475
spe	697	696	2258.95	2077.305	2168.1275
hgt	None	dead	0.0	0.0	0.0
hgt	692	GCA.003152325.1.Bacteria.Acidobacteriota	1806.3	0.0	903.15
los	None	dead	0.0	0.0	0.0
hgt	None	dead	0.0	0.0	0.0
hgt	210	GCA.002796105.1.Bacteria.Omnitrophota	2377.125	0.0	1188.5625
los	None	dead	0.0	0.0	0.0
spe	696	695	2077.305	1981.07	2029.1875
spe	695	694	1981.07	1909.495	1945.2825
los	694	692	1909.495	1806.3	1857.8975
spe	1725	1724	3410.995	3346.625	3378.81
los	1724	1723	3346.625	3248.065	3297.345
spe	1724	1642	3346.625	3305.11	3325.8675
los	1642	1641	3305.11	3138.575	3221.8425
spe	1642	1478	3305.11	3178.32	3241.715
dup	1478	1477	3178.32	3065.68	3122.0
dup	1478	1477	3178.32	3065.68	3122.0
dup	1478	1477	3178.32	3065.68	3122.0
spe	1478	1477	3178.32	3065.68	3122.0
hgt	None	dead	0.0	0.0	0.0
hgt	709	GCA.003223145.1.Bacteria.Acidobacteriota	2213.91	0.0	1106.955
los	None	dead	0.0	0.0	0.0
spe	1477	1431	3065.68	2900.705	2983.1925
los	1431	1427	2900.705	2775.63	2838.1675
spe	1431	1430	2900.705	2636.055	2768.38
hgt	None	dead	0.0	0.0	0.0
los	1430	GCA.002239025.1.Bacteria.Chloroflexota	2636.055	0.0	1318.0275
dup	None	dead	0.0	0.0	0.0
hgt	1300	GCA.002418765.1.Bacteria.Firmicutes.B	2090.18	0.0	1045.09
los	None	dead	0.0	0.0	0.0
hgt	686	GCA.002451015.1.Bacteria.Acidobacteriota	2295.75	0.0	1147.875
los	None	dead	0.0	0.0	0.0
hgt	None	dead	0.0	0.0	0.0
los	1477	1476	3065.68	2948.885	3007.2825
hgt	1389	1237	3027.58	2784.985	2906.2825
los	None	dead	0.0	0.0	0.0
spe	1389	1237	3027.58	2784.985	2906.2825
spe	1237	1236	2784.985	2683.21	2734.0975
los	1236	1235	2683.21	2501.715	2592.4625
spe	1236	1228	2683.21	2573.425	2628.3175
los	1228	GCA.003023725.1.Bacteria.Firmicutes.E	2573.425	0.0	1286.7125
spe	1228	1227	2573.425	2407.625	2490.525
los	1227	GCA.003242675.1.Bacteria.Firmicutes.E	2407.625	0.0	1203.8125
spe	1227	1226	2407.625	2297.705	2352.665
los	1226	GCA.002385465.1.Bacteria.Firmicutes.E	2297.705	0.0	1148.8525
hgt	None	dead	0.0	0.0	0.0
hgt	None	dead	0.0	0.0	0.0
hgt	None	dead	0.0	0.0	0.0
spe	1237	1221	2784.985	2447.11	2616.0475
los	1221	GCA.002375925.1.Bacteria.Firmicutes.E	2447.11	0.0	1223.555
hgt	1210	1209	2923.75	2688.15	2805.95
los	None	dead	0.0	0.0	0.0
spe	1210	1209	2923.75	2688.15	2805.95
spe	1209	1208	2688.15	2545.345	2616.7475
los	1208	GCA.900016865.1.Bacteria.Firmicutes.G	2545.345	0.0	1272.6725
dup	None	dead	0.0	0.0	0.0
hgt	74	GCF.000194625.1.Archaea.Halobacteriota	2278.05	0.0	1139.025
los	None	dead	0.0	0.0	0.0
hgt	1173	GCA.002897715.1.Bacteria.Actinobacteriota	2194.99	0.0	1097.495
los	None	dead	0.0	0.0	0.0
dup	None	dead	0.0	0.0	0.0
hgt	880	GCF.000195295.1.Bacteria.Desulfobacterota	2202.89	0.0	1101.445
los	None	dead	0.0	0.0	0.0
dup	None	dead	0.0	0.0	0.0
hgt	1088	GCA.002010365.1.Bacteria.Bipolaricaulota	2199.325	0.0	1099.6625
los	None	dead	0.0	0.0	0.0
hgt	275	GCA.001784175.1.Bacteria.Lindowbacteria	3039.065	0.0	1519.5325
los	None	dead	0.0	0.0	0.0
spe	1478	1477	3178.32	3065.68	3122.0
spe	1477	1431	3065.68	2900.705	2983.1925
spe	1431	1430	2900.705	2636.055	2768.38
hgt	None	dead	0.0	0.0	0.0
los	1430	GCA.002239025.1.Bacteria.Chloroflexota	2636.055	0.0	1318.0275
hgt	1406	GCA.002710215.1.Bacteria.Chloroflexota	2276.4	0.0	1138.2
los	None	dead	0.0	0.0	0.0
spe	1431	1427	2900.705	2775.63	2838.1675
los	1427	1413	2775.63	2608.425	2692.0275
spe	1427	1426	2775.63	2665.03	2720.33
los	1426	GCF.001953175.1.Bacteria.Chloroflexota	2665.03	0.0	1332.515
spe	1426	1425	2665.03	2515.535	2590.2825
spe	1425	1424	2515.535	2409.195	2462.365
spe	1424	1422	2409.195	2304.265	2356.73
los	1422	GCA.003484395.1.Bacteria.Chloroflexota	2304.265	0.0	1152.1325
spe	1422	1421	2304.265	2272.78	2288.5225
los	1421	GCA.002347295.1.Bacteria.Chloroflexota	2272.78	0.0	1136.39
spe	1421	1419	2272.78	2163.145	2217.9625
los	1419	GCA.002352365.1.Bacteria.Chloroflexota	2163.145	0.0	1081.5725
hgt	None	dead	0.0	0.0	0.0
hgt	1419	GCA.002352365.1.Bacteria.Chloroflexota	2163.145	0.0	1081.5725
los	None	dead	0.0	0.0	0.0
spe	1477	1476	3065.68	2948.885	3007.2825
spe	1476	1475	2948.885	2883.705	2916.295
los	1475	1474	2883.705	2804.86	2844.2825
hgt	None	dead	0.0	0.0	0.0
dup	None	dead	0.0	0.0	0.0
hgt	1008	GCA.000447245.1.Bacteria.Zixibacteria	2484.465	0.0	1242.2325
los	None	dead	0.0	0.0	0.0
hgt	1119	GCA.002779825.1.Bacteria.Armatimonadota	2529.245	0.0	1264.6225
los	None	dead	0.0	0.0	0.0
spe	1475	1463	2883.705	2750.56	2817.1325
los	1463	1457	2750.56	2476.295	2613.4275
hgt	None	dead	0.0	0.0	0.0
spe	1463	1462	2750.56	2688.275	2719.4175
los	1462	1461	2688.275	2433.39	2560.8325
hgt	801	GCA.001797815.1.Bacteria.RBG.13.61.14	2578.84	0.0	1289.42
los	None	dead	0.0	0.0	0.0
hgt	None	dead	0.0	0.0	0.0
hgt	1285	1281	1868.68	1642.245	1755.4625
los	None	dead	0.0	0.0	0.0
spe	1285	1281	1868.68	1642.245	1755.4625
spe	1281	1280	1642.245	1441.56	1541.9025
los	1280	GCF.900104455.1.Bacteria.Firmicutes.C	1441.56	0.0	720.78
hgt	None	dead	0.0	0.0	0.0
hgt	1315	GCF.002224645.1.Bacteria.Firmicutes.B	1580.985	0.0	790.4925
los	None	dead	0.0	0.0	0.0
spe	1476	1454	2948.885	2633.59	2791.2375
spe	1454	1446	2633.59	2467.265	2550.4275
los	1446	1440	2467.265	2358.68	2412.9725
spe	1446	1445	2467.265	2304.44	2385.8525
los	1445	GCA.003130875.1.Bacteria.Chloroflexota	2304.44	0.0	1152.22
spe	1445	1444	2304.44	2137.48	2220.96
los	1444	GCA.003451595.1.Bacteria.Chloroflexota	2137.48	0.0	1068.74
spe	1454	1453	2633.59	2571.245	2602.4175
spe	1453	1452	2571.245	2204.94	2388.0925
los	1452	GCA.002423325.1.Bacteria.Chloroflexota	2204.94	0.0	1102.47
spe	1453	1449	2571.245	2414.175	2492.71
hgt	None	dead	0.0	0.0	0.0
spe	1478	1477	3178.32	3065.68	3122.0
hgt	None	dead	0.0	0.0	0.0
los	1477	1431	3065.68	2900.705	2983.1925
dup	None	dead	0.0	0.0	0.0
hgt	924	GCA.003221825.1.Bacteria.Gemmatimonadota	2422.26	0.0	1211.13
los	None	dead	0.0	0.0	0.0
dup	None	dead	0.0	0.0	0.0
hgt	741	GCA.003220615.1.Bacteria.Methylomirabilota	2582.55	0.0	1291.275
los	None	dead	0.0	0.0	0.0
hgt	746	GCF.900079095.1.Bacteria.Tectomicrobia	2548.44	0.0	1274.22
los	None	dead	0.0	0.0	0.0
spe	1477	1476	3065.68	2948.885	3007.2825
spe	1476	1475	2948.885	2883.705	2916.295
los	1475	1463	2883.705	2750.56	2817.1325
spe	1475	1474	2883.705	2804.86	2844.2825
los	1474	1473	2804.86	2043.005	2423.9325
spe	1474	1470	2804.86	2595.865	2700.3625
los	1470	GCF.000025005.1.Bacteria.Chloroflexota	2595.865	0.0	1297.9325
spe	1470	1469	2595.865	2472.76	2534.3125
los	1469	1467	2472.76	2363.295	2418.0275
spe	1476	1454	2948.885	2633.59	2791.2375
hgt	None	dead	0.0	0.0	0.0
los	1454	1453	2633.59	2571.245	2602.4175
hgt	1228	GCA.003023725.1.Bacteria.Firmicutes.E	2573.425	0.0	1286.7125
los	None	dead	0.0	0.0	0.0
spe	1454	1446	2633.59	2467.265	2550.4275
spe	1446	1440	2467.265	2358.68	2412.9725
los	1440	1439	2358.68	2159.315	2258.9975
spe	1446	1445	2467.265	2304.44	2385.8525
los	1445	1444	2304.44	2137.48	2220.96
hgt	900	899	3136.94	3089.895	3113.4175
los	None	dead	0.0	0.0	0.0
dup	900	899	3136.94	3089.895	3113.4175
spe	900	899	3136.94	3089.895	3113.4175
los	899	743	3089.895	3035.675	3062.785
hgt	None	dead	0.0	0.0	0.0
hgt	837	GCA.001768075.1.Bacteria.Myxococcota	2276.83	0.0	1138.415
los	None	dead	0.0	0.0	0.0
spe	899	898	3089.895	3060.73	3075.3125
los	898	756	3060.73	2888.115	2974.4225
spe	898	897	3060.73	3021.29	3041.01
spe	897	889	3021.29	2916.985	2969.1375
los	889	843	2916.985	2862.71	2889.8475
spe	889	888	2916.985	2827.975	2872.48
los	888	887	2827.975	2727.215	2777.595
spe	888	854	2827.975	2738.145	2783.06
los	854	853	2738.145	2576.375	2657.26
spe	854	850	2738.145	2713.455	2725.8
los	850	846	2713.455	2541.4	2627.4275
spe	850	849	2713.455	2490.935	2602.195
los	849	GCA.001896555.1.Bacteria.Desulfobacterota	2490.935	0.0	1245.4675
spe	897	896	3021.29	2913.21	2967.25
los	896	892	2913.21	2624.55	2768.88
spe	896	895	2913.21	2668.13	2790.67
los	895	GCA.000739515.1.Bacteria.Moduliflexota	2668.13	0.0	1334.065
dup	895	GCA.002897695.1.Bacteria.BMS3Abin14	2668.13	0.0	1334.065
hgt	None	dead	0.0	0.0	0.0
hgt	846	GCA.002327765.1.Bacteria.Desulfobacterota.E	2541.4	0.0	1270.7
los	None	dead	0.0	0.0	0.0
dup	900	899	3136.94	3089.895	3113.4175
hgt	None	dead	0.0	0.0	0.0
dup	None	dead	0.0	0.0	0.0
hgt	1438	GCA.002841995.1.Bacteria.Chloroflexota	1986.755	0.0	993.3775
los	None	dead	0.0	0.0	0.0
dup	None	dead	0.0	0.0	0.0
hgt	274	GCA.000406005.1.Bacteria.Poribacteria	2618.66	0.0	1309.33
los	None	dead	0.0	0.0	0.0
hgt	1470	GCF.000025005.1.Bacteria.Chloroflexota	2595.865	0.0	1297.9325
los	None	dead	0.0	0.0	0.0
spe	900	899	3136.94	3089.895	3113.4175
spe	899	743	3089.895	3035.675	3062.785
hgt	None	dead	0.0	0.0	0.0
hgt	1240	GCF.900142995.1.Bacteria.Firmicutes.A	2549.06	0.0	1274.53
los	None	dead	0.0	0.0	0.0
spe	743	721	3035.675	2908.09	2971.8825
hgt	None	dead	0.0	0.0	0.0
los	721	720	2908.09	2734.075	2821.0825
dup	None	dead	0.0	0.0	0.0
hgt	746	GCA.002238965.1.Bacteria.UBA8248	2548.44	0.0	1274.22
los	None	dead	0.0	0.0	0.0
hgt	221	GCA.002796125.1.Bacteria.Omnitrophota	2232.655	0.0	1116.3275
los	None	dead	0.0	0.0	0.0
spe	743	742	3035.675	2922.825	2979.25
spe	742	741	2922.825	2582.55	2752.6875
los	741	GCA.003220615.1.Bacteria.Methylomirabilota	2582.55	0.0	1291.275
hgt	None	dead	0.0	0.0	0.0
spe	742	738	2922.825	2756.645	2839.735
los	738	737	2756.645	2630.42	2693.5325
hgt	None	dead	0.0	0.0	0.0
spe	738	728	2756.645	2549.51	2653.0775
los	728	724	2549.51	2245.41	2397.46
spe	728	727	2549.51	2370.105	2459.8075
los	727	GCA.001803815.1.Bacteria.Nitrospirota	2370.105	0.0	1185.0525
dup	None	dead	0.0	0.0	0.0
hgt	751	GCA.002500605.1.Bacteria.Nitrospinota	2475.955	0.0	1237.9775
los	None	dead	0.0	0.0	0.0
dup	None	dead	0.0	0.0	0.0
hgt	1063	GCA.002878315.1.Bacteria.Thermotogota	2362.43	0.0	1181.215
los	None	dead	0.0	0.0	0.0
dup	None	dead	0.0	0.0	0.0
hgt	1273	GCF.000166335.1.Bacteria.Firmicutes.A	2658.63	0.0	1329.315
los	None	dead	0.0	0.0	0.0
hgt	1333	GCF.900111575.1.Bacteria.Firmicutes.D	2457.61	0.0	1228.805
los	None	dead	0.0	0.0	0.0
hgt	1011	997	2970.39	2845.53	2907.96
los	None	dead	0.0	0.0	0.0
spe	1011	997	2970.39	2845.53	2907.96
spe	997	996	2845.53	2790.055	2817.7925
los	996	984	2790.055	2743.005	2766.53
hgt	None	dead	0.0	0.0	0.0
hgt	376	GCA.002418835.1.Bacteria.Spirochaetota	2638.94	0.0	1319.47
los	None	dead	0.0	0.0	0.0
spe	996	995	2790.055	2669.78	2729.9175
los	995	989	2669.78	2472.065	2570.9225
spe	995	994	2669.78	2567.69	2618.735
los	994	992	2567.69	2313.925	2440.8075
spe	997	941	2845.53	2724.93	2785.23
hgt	None	dead	0.0	0.0	0.0
los	941	940	2724.93	2455.68	2590.305
hgt	801	GCA.002328485.1.Bacteria.Desulfobacterota.G	2578.84	0.0	1289.42
los	None	dead	0.0	0.0	0.0
spe	899	898	3089.895	3060.73	3075.3125
los	898	756	3060.73	2888.115	2974.4225
spe	898	897	3060.73	3021.29	3041.01
los	897	896	3021.29	2913.21	2967.25
spe	897	889	3021.29	2916.985	2969.1375
los	889	843	2916.985	2862.71	2889.8475
spe	889	888	2916.985	2827.975	2872.48
spe	888	854	2827.975	2738.145	2783.06
spe	854	853	2738.145	2576.375	2657.26
los	853	GCA.003232385.1.Bacteria.SZUA.79	2576.375	0.0	1288.1875
spe	854	850	2738.145	2713.455	2725.8
los	850	846	2713.455	2541.4	2627.4275
hgt	None	dead	0.0	0.0	0.0
spe	850	849	2713.455	2490.935	2602.195
los	849	GCF.000266945.1.Bacteria.Desulfobacterota	2490.935	0.0	1245.4675
hgt	31	29	2641.745	2305.1	2473.4225
los	None	dead	0.0	0.0	0.0
spe	31	29	2641.745	2305.1	2473.4225
spe	888	887	2827.975	2727.215	2777.595
los	887	863	2727.215	2597.055	2662.135
hgt	None	dead	0.0	0.0	0.0
hgt	1292	GCF.001950325.1.Bacteria.Firmicutes.B	2370.88	0.0	1185.44
los	None	dead	0.0	0.0	0.0
spe	887	886	2727.215	2570.925	2649.07
los	886	874	2570.925	2502.96	2536.9425
hgt	None	dead	0.0	0.0	0.0
spe	886	885	2570.925	2490.35	2530.6375
los	885	884	2490.35	2409.27	2449.81
spe	885	877	2490.35	2406.095	2448.2225
los	877	GCA.001797675.1.Bacteria.Desulfobacterota	2406.095	0.0	1203.0475
hgt	1438	1437	1986.755	1859.345	1923.05
los	None	dead	0.0	0.0	0.0
spe	1438	1437	1986.755	1859.345	1923.05
hgt	None	dead	0.0	0.0	0.0
hgt	None	dead	0.0	0.0	0.0
hgt	1319	GCF.900100785.1.Bacteria.Firmicutes.B	2388.655	0.0	1194.3275
los	None	dead	0.0	0.0	0.0
spe	900	899	3136.94	3089.895	3113.4175
hgt	None	dead	0.0	0.0	0.0
hgt	857	GCA.002010915.1.Bacteria.Desulfobacterota	2515.41	0.0	1257.705
los	None	dead	0.0	0.0	0.0
spe	899	743	3089.895	3035.675	3062.785
los	743	721	3035.675	2908.09	2971.8825
spe	743	742	3035.675	2922.825	2979.25
los	742	741	2922.825	2582.55	2752.6875
hgt	None	dead	0.0	0.0	0.0
hgt	892	GCA.001873285.1.Bacteria.CG2.30.53.67	2624.55	0.0	1312.275
los	None	dead	0.0	0.0	0.0
spe	742	738	2922.825	2756.645	2839.735
los	738	728	2756.645	2549.51	2653.0775
spe	738	737	2756.645	2630.42	2693.5325
spe	737	733	2630.42	2275.95	2453.185
los	733	GCA.003235715.1.Bacteria.Nitrospirota	2275.95	0.0	1137.975
spe	733	732	2275.95	2077.52	2176.735
los	732	GCA.003153275.1.Bacteria.Nitrospirota	2077.52	0.0	1038.76
spe	737	736	2630.42	2435.77	2533.095
los	736	GCA.003454665.1.Bacteria.Nitrospirota	2435.77	0.0	1217.885
hgt	None	dead	0.0	0.0	0.0
hgt	229	GCA.002791075.1.Bacteria.Ratteibacteria	2859.92	0.0	1429.96
los	None	dead	0.0	0.0	0.0
hgt	None	dead	0.0	0.0	0.0
spe	899	898	3089.895	3060.73	3075.3125
spe	898	756	3060.73	2888.115	2974.4225
spe	756	754	2888.115	2746.525	2817.32
los	754	746	2746.525	2548.44	2647.4825
spe	754	753	2746.525	2583.27	2664.8975
los	753	751	2583.27	2475.955	2529.6125
spe	898	897	3060.73	3021.29	3041.01
los	897	896	3021.29	2913.21	2967.25
spe	897	889	3021.29	2916.985	2969.1375
los	889	843	2916.985	2862.71	2889.8475
spe	889	888	2916.985	2827.975	2872.48
los	888	854	2827.975	2738.145	2783.06
spe	888	887	2827.975	2727.215	2777.595
hgt	None	dead	0.0	0.0	0.0
hgt	724	GCA.001914955.1.Bacteria.Nitrospirota	2245.41	0.0	1122.705
los	None	dead	0.0	0.0	0.0
spe	887	863	2727.215	2597.055	2662.135
spe	863	857	2597.055	2515.41	2556.2325
los	857	GCA.002010915.1.Bacteria.Desulfobacterota	2515.41	0.0	1257.705
spe	863	862	2597.055	2368.33	2482.6925
spe	862	861	2368.33	2265.965	2317.1475
hgt	None	dead	0.0	0.0	0.0
los	861	GCA.002327985.1.Bacteria.Desulfobacterota	2265.965	0.0	1132.9825
hgt	883	GCA.001751085.1.Bacteria.Desulfobacterota	2107.355	0.0	1053.6775
los	None	dead	0.0	0.0	0.0
spe	887	886	2727.215	2570.925	2649.07
los	886	885	2570.925	2490.35	2530.6375
hgt	None	dead	0.0	0.0	0.0
hgt	987	GCA.002085355.1.Bacteria.KSB1	2188.64	0.0	1094.32
los	None	dead	0.0	0.0	0.0
spe	886	874	2570.925	2502.96	2536.9425
los	874	868	2502.96	2357.855	2430.4075
spe	874	873	2502.96	2374.525	2438.7425
los	873	GCA.002011835.1.Bacteria.Desulfobacterota	2374.525	0.0	1187.2625
spe	873	871	2374.525	2172.555	2273.54
hgt	1186	1136	3002.725	2691.07	2846.8975
los	None	dead	0.0	0.0	0.0
spe	1186	1136	3002.725	2691.07	2846.8975
hgt	None	dead	0.0	0.0	0.0
hgt	681	GCA.002712885.1.Bacteria.Acidobacteriota	2463.525	0.0	1231.7625
los	None	dead	0.0	0.0	0.0
hgt	1391	1390	3133.07	3070.6	3101.835
los	None	dead	0.0	0.0	0.0
dup	1391	1390	3133.07	3070.6	3101.835
hgt	None	dead	0.0	0.0	0.0
hgt	1392	1188	3284.295	3109.515	3196.905
los	None	dead	0.0	0.0	0.0
spe	1392	1188	3284.295	3109.515	3196.905
hgt	None	dead	0.0	0.0	0.0
hgt	None	dead	0.0	0.0	0.0
hgt	178	177	3109.52	2987.475	3048.4975
los	None	dead	0.0	0.0	0.0
hgt	None	dead	0.0	0.0	0.0
hgt	1076	GCF.000021565.1.Bacteria.Aquificota	2070.835	0.0	1035.4175
los	None	dead	0.0	0.0	0.0
spe	178	177	3109.52	2987.475	3048.4975
spe	177	176	2987.475	2870.105	2928.79
spe	176	175	2870.105	2794.775	2832.44
hgt	None	dead	0.0	0.0	0.0
spe	175	174	2794.775	2722.305	2758.54
los	174	173	2722.305	2663.205	2692.755
dup	None	dead	0.0	0.0	0.0
hgt	133	GCA.002506605.1.Archaea.Thermoproteota	2194.065	0.0	1097.0325
los	None	dead	0.0	0.0	0.0
hgt	107	GCA.003019535.1.Archaea.Thermoproteota	2229.765	0.0	1114.8825
los	None	dead	0.0	0.0	0.0
dup	107	GCA.003019535.1.Archaea.Thermoproteota	2229.765	0.0	1114.8825
hgt	None	dead	0.0	0.0	0.0
los	175	143	2794.775	2511.185	2652.98
hgt	362	361	2809.515	2745.685	2777.6
los	None	dead	0.0	0.0	0.0
spe	362	361	2809.515	2745.685	2777.6
spe	361	360	2745.685	2603.365	2674.525
los	360	359	2603.365	2462.325	2532.845
spe	360	356	2603.365	2426.325	2514.845
los	356	GCA.001303885.1.Bacteria.Planctomycetota	2426.325	0.0	1213.1625
spe	361	353	2745.685	2650.1	2697.8925
los	353	347	2650.1	2546.45	2598.275
spe	353	352	2650.1	2391.045	2520.5725
los	352	350	2391.045	2200.88	2295.9625
dup	176	140	2870.105	2794.965	2832.535
spe	176	140	2870.105	2794.965	2832.535
hgt	None	dead	0.0	0.0	0.0
hgt	38	GCA.001515205.2.Archaea.Hadarchaeota	2538.31	0.0	1269.155
los	None	dead	0.0	0.0	0.0
spe	140	139	2794.965	2746.6	2770.7825
los	139	109	2746.6	2611.625	2679.1125
hgt	None	dead	0.0	0.0	0.0
hgt	31	GCA.001723855.1.Archaea.Altiarchaeota	2641.745	0.0	1320.8725
los	None	dead	0.0	0.0	0.0
spe	139	138	2746.6	2683.72	2715.16
los	138	124	2683.72	2576.715	2630.2175
spe	138	137	2683.72	2562.75	2623.235
los	137	GCA.002255045.1.Archaea.Thermoproteota	2562.75	0.0	1281.375
spe	137	136	2562.75	2489.555	2526.1525
spe	136	134	2489.555	2351.985	2420.77
los	134	130	2351.985	2259.135	2305.56
spe	134	133	2351.985	2194.065	2273.025
los	133	GCA.000405685.1.Archaea.Thermoproteota	2194.065	0.0	1097.0325
hgt	None	dead	0.0	0.0	0.0
hgt	515	GCA.002632265.1.Bacteria.Proteobacteria	2401.52	0.0	1200.76
los	None	dead	0.0	0.0	0.0
hgt	None	dead	0.0	0.0	0.0
hgt	967	966	2386.18	2094.155	2240.1675
los	None	dead	0.0	0.0	0.0
spe	967	966	2386.18	2094.155	2240.1675
spe	966	965	2094.155	1893.24	1993.6975
los	965	964	1893.24	1750.505	1821.8725
spe	965	955	1893.24	1759.09	1826.165
los	955	GCF.001280305.1.Bacteria.Bacteroidota	1759.09	0.0	879.545
hgt	None	dead	0.0	0.0	0.0
hgt	386	GCA.002450905.1.Bacteria.Spirochaetota	2547.685	0.0	1273.8425
los	None	dead	0.0	0.0	0.0
hgt	None	dead	0.0	0.0	0.0
hgt	1082	1080	3015.205	2861.12	2938.1625
los	None	dead	0.0	0.0	0.0
spe	1082	1080	3015.205	2861.12	2938.1625
spe	1080	1079	2861.12	2652.83	2756.975
los	1079	GCF.000421485.1.Bacteria.Aquificota	2652.83	0.0	1326.415
hgt	None	dead	0.0	0.0	0.0
hgt	395	GCA.002402635.1.Bacteria.Deferribacterota	2049.66	0.0	1024.83
los	None	dead	0.0	0.0	0.0
spe	1079	1078	2652.83	2475.305	2564.0675
los	1078	GCA.002898315.1.Bacteria.Calescibacterota	2475.305	0.0	1237.6525
spe	1078	1076	2475.305	2070.835	2273.07
los	1076	GCF.000021565.1.Bacteria.Aquificota	2070.835	0.0	1035.4175
hgt	None	dead	0.0	0.0	0.0
hgt	1069	GCF.000378005.1.Bacteria.Coprothermobacterota	2559.465	0.0	1279.7325
los	None	dead	0.0	0.0	0.0
hgt	None	dead	0.0	0.0	0.0
dup	None	dead	0.0	0.0	0.0
hgt	332	GCA.002704825.1.Bacteria.Planctomycetota	1728.22	0.0	864.11
los	None	dead	0.0	0.0	0.0
hgt	866	GCA.002877985.1.Bacteria.Desulfobacterota	2095.425	0.0	1047.7125
los	None	dead	0.0	0.0	0.0
spe	176	140	2870.105	2794.965	2832.535
los	140	GCF.000019605.1.Archaea.Thermoproteota	2794.965	0.0	1397.4825
spe	140	139	2794.965	2746.6	2770.7825
spe	139	109	2746.6	2611.625	2679.1125
los	109	103	2611.625	2372.465	2492.045
spe	109	108	2611.625	2433.705	2522.665
los	108	107	2433.705	2229.765	2331.735
spe	139	138	2746.6	2683.72	2715.16
los	138	124	2683.72	2576.715	2630.2175
spe	138	137	2683.72	2562.75	2623.235
los	137	GCA.002255045.1.Archaea.Thermoproteota	2562.75	0.0	1281.375
spe	137	136	2562.75	2489.555	2526.1525
los	136	GCA.000375685.1.Archaea.Thermoproteota	2489.555	0.0	1244.7775
spe	136	134	2489.555	2351.985	2420.77
los	134	133	2351.985	2194.065	2273.025
spe	134	130	2351.985	2259.135	2305.56
los	130	GCA.001510295.1.Archaea.Thermoproteota	2259.135	0.0	1129.5675
spe	130	128	2259.135	1456.455	1857.795
los	128	GCA.002011075.1.Archaea.Thermoproteota	1456.455	0.0	728.2275
spe	177	95	2987.475	2895.515	2941.495
los	95	39	2895.515	2772.035	2833.775
spe	95	94	2895.515	2874.54	2885.0275
los	94	42	2874.54	2631.08	2752.81
spe	94	93	2874.54	2781.775	2828.1575
spe	93	92	2781.775	2715.565	2748.67
los	92	70	2715.565	2480.265	2597.915
spe	92	91	2715.565	2548.71	2632.1375
hgt	None	dead	0.0	0.0	0.0
dup	None	dead	0.0	0.0	0.0
hgt	143	GCA.001563325.1.Archaea.Asgardarchaeota	2511.185	0.0	1255.5925
los	None	dead	0.0	0.0	0.0
dup	None	dead	0.0	0.0	0.0
hgt	992	GCF.001886815.1.Bacteria.Calditrichota	2313.925	0.0	1156.9625
los	None	dead	0.0	0.0	0.0
dup	None	dead	0.0	0.0	0.0
hgt	38	GCF.002214485.1.Archaea.Methanobacteriota.B	2538.31	0.0	1269.155
los	None	dead	0.0	0.0	0.0
hgt	47	GCA.002494765.1.Archaea.Thermoplasmatota	2175.095	0.0	1087.5475
los	None	dead	0.0	0.0	0.0
spe	91	90	2548.71	2426.545	2487.6275
los	90	74	2426.545	2278.05	2352.2975
hgt	None	dead	0.0	0.0	0.0
hgt	123	122	2509.405	2416.7	2463.0525
los	None	dead	0.0	0.0	0.0
spe	123	122	2509.405	2416.7	2463.0525
spe	122	121	2416.7	2129.565	2273.1325
hgt	None	dead	0.0	0.0	0.0
los	121	GCA.001273335.1.Archaea.Thermoproteota	2129.565	0.0	1064.7825
hgt	113	GCA.001593865.1.Archaea.Thermoproteota	2352.095	0.0	1176.0475
los	None	dead	0.0	0.0	0.0
spe	122	118	2416.7	2278.345	2347.5225
spe	118	116	2278.345	1726.54	2002.4425
los	116	GCA.001774245.1.Archaea.Thermoproteota	1726.54	0.0	863.27
spe	90	89	2426.545	2320.405	2373.475
spe	89	88	2320.405	2221.93	2271.1675
spe	88	80	2221.93	2032.885	2127.4075
los	80	GCF.002114285.1.Archaea.Halobacteriota	2032.885	0.0	1016.4425
dup	88	87	2221.93	2144.39	2183.16
spe	88	87	2221.93	2144.39	2183.16
spe	87	86	2144.39	2014.745	2079.5675
los	86	GCA.001412335.1.Archaea.Halobacteriota	2014.745	0.0	1007.3725
spe	86	84	2014.745	1868.445	1941.595
los	84	GCF.000970205.1.Archaea.Halobacteriota	1868.445	0.0	934.2225
spe	88	87	2221.93	2144.39	2183.16
los	87	GCA.002256595.1.Archaea.Halobacteriota	2144.39	0.0	1072.195
spe	87	86	2144.39	2014.745	2079.5675
spe	86	84	2014.745	1868.445	1941.595
los	84	GCF.000011005.1.Archaea.Euryarchaeota	1868.445	0.0	934.2225
spe	89	77	2320.405	2081.03	2200.7175
hgt	None	dead	0.0	0.0	0.0
hgt	853	GCA.003232385.1.Bacteria.SZUA.79	2576.375	0.0	1288.1875
los	None	dead	0.0	0.0	0.0
hgt	None	dead	0.0	0.0	0.0
hgt	1032	GCA.002693325.1.Bacteria.Latescibacterota	2327.38	0.0	1163.69
los	None	dead	0.0	0.0	0.0
dup	None	dead	0.0	0.0	0.0
hgt	236	GCA.002412545.1.Bacteria.Elusimicrobiota	2376.71	0.0	1188.355
los	None	dead	0.0	0.0	0.0
dup	None	dead	0.0	0.0	0.0
hgt	961	GCA.001769385.1.Bacteria.Bacteroidota	1247.9425	0.0	623.97125
los	None	dead	0.0	0.0	0.0
hgt	1216	GCF.000020005.1.Bacteria.Firmicutes.D	2550.05	0.0	1275.025
los	None	dead	0.0	0.0	0.0
hgt	None	dead	0.0	0.0	0.0
spe	1188	1187	3109.515	3068.88	3089.1975
los	1187	1186	3068.88	3002.725	3035.8025
spe	1187	1133	3068.88	2731.5	2900.19
hgt	None	dead	0.0	0.0	0.0
los	1133	GCA.001871795.1.Bacteria.Actinobacteriota	2731.5	0.0	1365.75
dup	None	dead	0.0	0.0	0.0
dup	None	dead	0.0	0.0	0.0
hgt	216	GCA.001805575.1.Bacteria.Omnitrophota	2167.33	0.0	1083.665
los	None	dead	0.0	0.0	0.0
dup	None	dead	0.0	0.0	0.0
hgt	1651	GCA.003242895.1.Bacteria.Margulisbacteria	2569.225	0.0	1284.6125
los	None	dead	0.0	0.0	0.0
hgt	198	GCA.001871015.1.Bacteria.Desantisbacteria	2808.635	0.0	1404.3175
los	None	dead	0.0	0.0	0.0
dup	None	dead	0.0	0.0	0.0
hgt	1006	GCA.001302725.1.Bacteria.Zixibacteria	2321.235	0.0	1160.6175
los	None	dead	0.0	0.0	0.0
dup	None	dead	0.0	0.0	0.0
hgt	972	GCA.002779395.1.Bacteria.Bacteroidota	1965.985	0.0	982.9925
los	None	dead	0.0	0.0	0.0
hgt	1191	GCA.002408345.1.Bacteria.Firmicutes.G	2563.43	0.0	1281.715
los	None	dead	0.0	0.0	0.0
hgt	None	dead	0.0	0.0	0.0
hgt	1360	GCF.002902625.1.Bacteria.Firmicutes	1402.385	0.0	701.1925
los	None	dead	0.0	0.0	0.0
hgt	1431	1427	2900.705	2775.63	2838.1675
los	None	dead	0.0	0.0	0.0
spe	1431	1427	2900.705	2775.63	2838.1675
spe	1427	1426	2775.63	2665.03	2720.33
hgt	None	dead	0.0	0.0	0.0
los	1426	1425	2665.03	2515.535	2590.2825
hgt	193	GCA.001873945.1.Bacteria.UBA9089	2795.065	0.0	1397.5325
los	None	dead	0.0	0.0	0.0
spe	1427	1413	2775.63	2608.425	2692.0275
los	1413	1399	2608.425	2391.86	2500.1425
spe	1413	1412	2608.425	2456.73	2532.5775
los	1412	1411	2456.73	2250.5	2353.615
spe	1412	1408	2456.73	2414.235	2435.4825
spe	1408	1407	2414.235	2350.905	2382.57
los	1407	1406	2350.905	2276.4	2313.6525
spe	1408	1402	2414.235	2331.705	2372.97
los	1402	GCA.003228115.1.Bacteria.Chloroflexota	2331.705	0.0	1165.8525
hgt	None	dead	0.0	0.0	0.0
hgt	749	GCA.003229375.1.Bacteria.Nitrospinota	2363.875	0.0	1181.9375
los	None	dead	0.0	0.0	0.0
hgt	None	dead	0.0	0.0	0.0
hgt	359	GCF.000949635.1.Bacteria.Planctomycetota	2462.325	0.0	1231.1625
los	None	dead	0.0	0.0	0.0
spe	1391	1390	3133.07	3070.6	3101.835
spe	1390	1389	3070.6	3027.58	3049.09
los	1389	1237	3027.58	2784.985	2906.2825
spe	1389	1388	3027.58	2941.055	2984.3175
los	1388	1387	2941.055	2902.155	2921.605
spe	1388	1274	2941.055	2802.895	2871.975
los	1274	1273	2802.895	2658.63	2730.7625
spe	1274	1240	2802.895	2549.06	2675.9775
los	1240	GCF.900142995.1.Bacteria.Firmicutes.A	2549.06	0.0	1274.53
spe	1390	1218	3070.6	2947.155	3008.8775
los	1218	GCA.001513125.1.Bacteria.DTU030	2947.155	0.0	1473.5775
spe	1218	1216	2947.155	2550.05	2748.6025
los	1216	GCF.000020005.1.Bacteria.Firmicutes.D	2550.05	0.0	1275.025
spe	1216	1215	2550.05	2030.585	2290.3175
hgt	None	dead	0.0	0.0	0.0
hgt	1068	GCA.002877955.1.Bacteria.Caldisericota	2377.575	0.0	1188.7875
los	None	dead	0.0	0.0	0.0
hgt	None	dead	0.0	0.0	0.0
hgt	1317	GCA.002398485.1.Bacteria.Firmicutes.B	1778.785	0.0	889.3925
los	None	dead	0.0	0.0	0.0
hgt	None	dead	0.0	0.0	0.0
dup	None	dead	0.0	0.0	0.0
hgt	1195	GCA.002396805.1.Bacteria.Firmicutes.G	2263.605	0.0	1131.8025
los	None	dead	0.0	0.0	0.0
hgt	1289	GCA.002345475.1.Bacteria.Firmicutes.H	2635.61	0.0	1317.805
los	None	dead	0.0	0.0	0.0
hgt	None	dead	0.0	0.0	0.0
hgt	1252	GCF.900107485.1.Bacteria.Firmicutes.A	2040.145	0.0	1020.0725
los	None	dead	0.0	0.0	0.0
spe	1391	1390	3133.07	3070.6	3101.835
spe	1390	1218	3070.6	2947.155	3008.8775
hgt	None	dead	0.0	0.0	0.0
los	1218	1216	2947.155	2550.05	2748.6025
dup	None	dead	0.0	0.0	0.0
hgt	1280	GCF.900104455.1.Bacteria.Firmicutes.C	1441.56	0.0	720.78
los	None	dead	0.0	0.0	0.0
hgt	736	GCA.003454665.1.Bacteria.Nitrospirota	2435.77	0.0	1217.885
los	None	dead	0.0	0.0	0.0
spe	1390	1389	3070.6	3027.58	3049.09
los	1389	1237	3027.58	2784.985	2906.2825
spe	1389	1388	3027.58	2941.055	2984.3175
los	1388	1274	2941.055	2802.895	2871.975
spe	1388	1387	2941.055	2902.155	2921.605
los	1387	1386	2902.155	2794.775	2848.465
spe	1387	1327	2902.155	2828.71	2865.4325
spe	1327	1289	2828.71	2635.61	2732.16
hgt	None	dead	0.0	0.0	0.0
los	1289	GCA.002345475.1.Bacteria.Firmicutes.H	2635.61	0.0	1317.805
hgt	1068	GCA.002428295.1.Bacteria.Caldisericota	2377.575	0.0	1188.7875
los	None	dead	0.0	0.0	0.0
spe	1289	1288	2635.61	2207.725	2421.6675
spe	1288	1287	2207.725	1965.585	2086.655
los	1287	1285	1965.585	1868.68	1917.1325
spe	1327	1326	2828.71	2719.225	2773.9675
spe	1326	1292	2719.225	2370.88	2545.0525
los	1292	GCF.001950325.1.Bacteria.Firmicutes.B	2370.88	0.0	1185.44
hgt	None	dead	0.0	0.0	0.0
dup	1326	1325	2719.225	2604.385	2661.805
spe	1326	1325	2719.225	2604.385	2661.805
hgt	None	dead	0.0	0.0	0.0
hgt	1375	GCF.000178255.1.Bacteria.Firmicutes	1359.615	0.0	679.8075
los	None	dead	0.0	0.0	0.0
spe	1325	1324	2604.385	2536.255	2570.32
spe	1324	1323	2536.255	2478.3	2507.2775
los	1323	1319	2478.3	2388.655	2433.4775
spe	1323	1322	2478.3	2209.475	2343.8875
los	1322	GCA.001512665.1.Bacteria.Firmicutes.B	2209.475	0.0	1104.7375
spe	1324	1308	2536.255	2377.745	2457.0
los	1308	1300	2377.745	2090.18	2233.9625
spe	1308	1307	2377.745	2196.38	2287.0625
spe	1307	1305	2196.38	2012.42	2104.4
los	1305	GCF.002207765.1.Bacteria.Firmicutes.B	2012.42	0.0	1006.21
hgt	None	dead	0.0	0.0	0.0
spe	1305	1304	2012.42	1697.92	1855.17
los	1304	GCA.001508005.1.Bacteria.Firmicutes.B	1697.92	0.0	848.96
hgt	1312	GCF.000019165.1.Bacteria.Firmicutes.B	2058.365	0.0	1029.1825
los	None	dead	0.0	0.0	0.0
spe	1325	1297	2604.385	2420.65	2512.5175
spe	1297	1296	2420.65	2280.145	2350.3975
los	1296	GCA.001513545.1.Bacteria.Firmicutes.B	2280.145	0.0	1140.0725
hgt	None	dead	0.0	0.0	0.0
los	1297	GCA.002329495.1.Bacteria.Firmicutes.B	2420.65	0.0	1210.325
dup	None	dead	0.0	0.0	0.0
hgt	1221	GCA.002375925.1.Bacteria.Firmicutes.E	2447.11	0.0	1223.555
los	None	dead	0.0	0.0	0.0
hgt	1305	GCF.002207765.1.Bacteria.Firmicutes.B	2012.42	0.0	1006.21
los	None	dead	0.0	0.0	0.0
hgt	None	dead	0.0	0.0	0.0
hgt	1221	GCA.002375895.1.Bacteria.Firmicutes.E	2447.11	0.0	1223.555
los	None	dead	0.0	0.0	0.0
spe	1326	1325	2719.225	2604.385	2661.805
spe	1325	1297	2604.385	2420.65	2512.5175
los	1297	GCA.002329495.1.Bacteria.Firmicutes.B	2420.65	0.0	1210.325
spe	1297	1296	2420.65	2280.145	2350.3975
los	1296	GCF.900176005.1.Bacteria.Firmicutes.B	2280.145	0.0	1140.0725
hgt	None	dead	0.0	0.0	0.0
hgt	868	GCA.002347095.1.Bacteria.Desulfobacterota	2357.855	0.0	1178.9275
los	None	dead	0.0	0.0	0.0
spe	1325	1324	2604.385	2536.255	2570.32
spe	1324	1308	2536.255	2377.745	2457.0
los	1308	1307	2377.745	2196.38	2287.0625
spe	1308	1300	2377.745	2090.18	2233.9625
los	1300	GCA.002418765.1.Bacteria.Firmicutes.B	2090.18	0.0	1045.09
spe	1324	1323	2536.255	2478.3	2507.2775
los	1323	1322	2478.3	2209.475	2343.8875
spe	1323	1319	2478.3	2388.655	2433.4775
los	1319	GCF.900100785.1.Bacteria.Firmicutes.B	2388.655	0.0	1194.3275
spe	1319	1318	2388.655	2305.29	2346.9725
los	1318	1317	2305.29	1778.785	2042.0375
spe	1318	1312	2305.29	2058.365	2181.8275
los	1312	GCF.000019165.1.Bacteria.Firmicutes.B	2058.365	0.0	1029.1825
dup	None	dead	0.0	0.0	0.0
dup	None	dead	0.0	0.0	0.0
hgt	1663	GCA.001464165.1.Bacteria.Cyanobacteria	2633.14	0.0	1316.57
los	None	dead	0.0	0.0	0.0
hgt	769	GCA.001798135.1.Bacteria.UBA10199	2474.02	0.0	1237.01
los	None	dead	0.0	0.0	0.0
dup	None	dead	0.0	0.0	0.0
dup	None	dead	0.0	0.0	0.0
hgt	244	GCA.001800075.1.Bacteria.Elusimicrobiota	2178.39	0.0	1089.195
los	None	dead	0.0	0.0	0.0
hgt	791	GCA.002898795.1.Bacteria.Desulfobacterota.B	2015.09	0.0	1007.545
los	None	dead	0.0	0.0	0.0
hgt	1227	GCA.003242675.1.Bacteria.Firmicutes.E	2407.625	0.0	1203.8125
los	None	dead	0.0	0.0	0.0
hgt	None	dead	0.0	0.0	0.0
hgt	1382	1381	2292.545	2205.155	2248.85
los	None	dead	0.0	0.0	0.0
spe	1382	1381	2292.545	2205.155	2248.85
spe	1381	1351	2205.155	2134.51	2169.8325
spe	1351	1347	2134.51	1852.54	1993.525
los	1347	GCF.900099895.1.Bacteria.Firmicutes	1852.54	0.0	926.27
spe	1351	1350	2134.51	1969.515	2052.0125
los	1350	GCF.000942395.1.Bacteria.Firmicutes	1969.515	0.0	984.7575
hgt	None	dead	0.0	0.0	0.0
hgt	1338	GCF.002335525.1.Bacteria.Firmicutes	2111.765	0.0	1055.8825
los	None	dead	0.0	0.0	0.0
spe	1381	1380	2205.155	2120.065	2162.61
spe	1380	1379	2120.065	2060.89	2090.4775
los	1379	1378	2060.89	1789.555	1925.2225
spe	1379	1355	2060.89	1845.21	1953.05
los	1355	GCF.000503775.1.Bacteria.Firmicutes	1845.21	0.0	922.605
spe	1478	1477	3178.32	3065.68	3122.0
los	1477	1431	3065.68	2900.705	2983.1925
spe	1477	1476	3065.68	2948.885	3007.2825
spe	1476	1475	2948.885	2883.705	2916.295
los	1475	1474	2883.705	2804.86	2844.2825
spe	1475	1463	2883.705	2750.56	2817.1325
los	1463	1462	2750.56	2688.275	2719.4175
spe	1463	1457	2750.56	2476.295	2613.4275
los	1457	GCF.003967555.1.Bacteria.Chloroflexota	2476.295	0.0	1238.1475
spe	1476	1454	2948.885	2633.59	2791.2375
hgt	None	dead	0.0	0.0	0.0
los	1454	1453	2633.59	2571.245	2602.4175
hgt	1058	GCF.000233775.1.Bacteria.Synergistota	2874.585	0.0	1437.2925
los	None	dead	0.0	0.0	0.0
spe	1454	1446	2633.59	2467.265	2550.4275
spe	1446	1445	2467.265	2304.44	2385.8525
los	1445	GCA.003130875.1.Bacteria.Chloroflexota	2304.44	0.0	1152.22
spe	1445	1444	2304.44	2137.48	2220.96
los	1444	GCA.002366755.1.Bacteria.Chloroflexota	2137.48	0.0	1068.74
spe	1446	1440	2467.265	2358.68	2412.9725
los	1440	GCF.001306175.1.Bacteria.Chloroflexota	2358.68	0.0	1179.34
hgt	None	dead	0.0	0.0	0.0
spe	1440	1439	2358.68	2159.315	2258.9975
los	1439	1438	2159.315	1986.755	2073.035
hgt	816	GCA.002724675.1.Bacteria.Myxococcota.A	2057.94	0.0	1028.97
los	None	dead	0.0	0.0	0.0
hgt	None	dead	0.0	0.0	0.0
hgt	720	GCA.002347965.1.Bacteria.UBA2233	2734.075	0.0	1367.0375
los	None	dead	0.0	0.0	0.0
spe	1478	1396	3178.32	2525.675	2851.9975
hgt	None	dead	0.0	0.0	0.0
los	1396	GCA.003244045.1.Bacteria.Dormibacterota	2525.675	0.0	1262.8375
hgt	670	669	2753.645	2395.145	2574.395
los	None	dead	0.0	0.0	0.0
spe	670	669	2753.645	2395.145	2574.395
hgt	None	dead	0.0	0.0	0.0
hgt	949	GCA.001872685.1.Bacteria.Marinisomatota	2228.61	0.0	1114.305
los	None	dead	0.0	0.0	0.0
spe	669	668	2395.145	2182.81	2288.9775
hgt	None	dead	0.0	0.0	0.0
los	668	GCA.002010665.1.Bacteria.Acidobacteriota	2182.81	0.0	1091.405
dup	None	dead	0.0	0.0	0.0
hgt	390	GCA.002780065.1.Bacteria.UBA8481	3122.13	0.0	1561.065
los	None	dead	0.0	0.0	0.0
hgt	935	GCA.001789205.1.Bacteria.Fibrobacterota	2600.975	0.0	1300.4875
los	None	dead	0.0	0.0	0.0
hgt	None	dead	0.0	0.0	0.0
hgt	1109	GCA.002898895.1.Bacteria.Armatimonadota	2582.96	0.0	1291.48
los	None	dead	0.0	0.0	0.0
spe	1726	1094	3442.105	3407.45	3424.7775
spe	1094	1093	3407.45	3335.31	3371.38
hgt	None	dead	0.0	0.0	0.0
spe	1093	1092	3335.31	3257.545	3296.4275
los	1092	1058	3257.545	2874.585	3066.065
spe	1092	1091	3257.545	3200.245	3228.895
los	1091	1090	3200.245	3052.03	3126.1375
hgt	None	dead	0.0	0.0	0.0
hgt	768	767	2381.62	2265.96	2323.79
los	None	dead	0.0	0.0	0.0
spe	768	767	2381.62	2265.96	2323.79
spe	767	766	2265.96	2115.535	2190.7475
hgt	None	dead	0.0	0.0	0.0
hgt	768	GCA.001798715.1.Bacteria.UBA10199	2381.62	0.0	1190.81
los	None	dead	0.0	0.0	0.0
spe	1091	1083	3200.245	3106.26	3153.2525
los	1083	1071	3106.26	2987.51	3046.885
spe	1083	1082	3106.26	3015.205	3060.7325
spe	1082	1080	3015.205	2861.12	2938.1625
los	1080	GCF.001547735.1.Bacteria.Thermosulfidibacterota	2861.12	0.0	1430.56
spe	1080	1079	2861.12	2652.83	2756.975
los	1079	GCF.000421485.1.Bacteria.Aquificota	2652.83	0.0	1326.415
spe	1079	1078	2652.83	2475.305	2564.0675
los	1078	1076	2475.305	2070.835	2273.07
hgt	None	dead	0.0	0.0	0.0
hgt	477	GCA.001897475.1.Bacteria.Proteobacteria	1568.215	0.0	784.1075
los	None	dead	0.0	0.0	0.0
dup	None	dead	0.0	0.0	0.0
hgt	1333	GCA.002423965.1.Bacteria.Firmicutes.D	2457.61	0.0	1228.805
los	None	dead	0.0	0.0	0.0
hgt	1457	GCF.003967555.1.Bacteria.Chloroflexota	2476.295	0.0	1238.1475
los	None	dead	0.0	0.0	0.0
spe	1093	1055	3335.31	3175.955	3255.6325
los	1055	1054	3175.955	2663.18	2919.5675
hgt	None	dead	0.0	0.0	0.0
hgt	1143	GCA.002352645.1.Bacteria.Actinobacteriota	2319.725	0.0	1159.8625
los	None	dead	0.0	0.0	0.0
spe	1055	1051	3175.955	2871.905	3023.93
los	1051	GCA.003174035.1.Bacteria.Dependentiae	2871.905	0.0	1435.9525
hgt	None	dead	0.0	0.0	0.0
spe	1094	1048	3407.45	3324.645	3366.0475
los	1048	278	3324.645	3267.455	3296.05
spe	1048	1047	3324.645	3317.54	3321.0925
spe	1047	1046	3317.54	3288.18	3302.86
los	1046	1045	3288.18	3193.355	3240.7675
spe	1046	902	3288.18	3241.035	3264.6075
los	902	390	3241.035	3122.13	3181.5825
hgt	None	dead	0.0	0.0	0.0
spe	902	901	3241.035	3194.215	3217.625
los	901	900	3194.215	3136.94	3165.5775
spe	901	663	3194.215	3149.67	3171.9425
los	663	397	3149.67	3038.98	3094.325
spe	663	662	3149.67	3108.12	3128.895
los	662	661	3108.12	3075.81	3091.965
spe	662	400	3108.12	2693.845	2900.9825
los	400	GCA.002707655.1.Bacteria.SAR324	2693.845	0.0	1346.9225
hgt	1129	1128	3221.86	3141.47	3181.665
los	None	dead	0.0	0.0	0.0
spe	1129	1128	3221.86	3141.47	3181.665
spe	1128	1127	3141.47	3088.445	3114.9575
los	1127	1126	3088.445	2983.51	3035.9775
spe	1127	1113	3088.445	2866.74	2977.5925
los	1113	1109	2866.74	2582.96	2724.85
spe	1113	1112	2866.74	2593.11	2729.925
los	1112	GCA.002352215.1.Bacteria.Armatimonadota	2593.11	0.0	1296.555
spe	1047	365	3317.54	3204.425	3260.9825
los	365	GCA.001730085.1.Bacteria.GCA.001730085	3204.425	0.0	1602.2125
spe	365	364	3204.425	3156.3	3180.3625
los	364	316	3156.3	3070.49	3113.395
spe	364	363	3156.3	2895.655	3025.9775
los	363	321	2895.655	2808.805	2852.23
spe	363	362	2895.655	2809.515	2852.585
spe	362	361	2809.515	2745.685	2777.6
los	361	360	2745.685	2603.365	2674.525
spe	361	353	2745.685	2650.1	2697.8925
los	353	352	2650.1	2391.045	2520.5725
spe	353	347	2650.1	2546.45	2598.275
los	347	GCA.002683135.1.Bacteria.Planctomycetota	2546.45	0.0	1273.225
spe	347	345	2546.45	2344.43	2445.44
los	345	GCA.002746235.1.Bacteria.Planctomycetota	2344.43	0.0	1172.215
hgt	None	dead	0.0	0.0	0.0
spe	362	342	2809.515	2698.49	2754.0025
los	342	341	2698.49	2533.375	2615.9325
hgt	None	dead	0.0	0.0	0.0
hgt	821	GCF.000737335.2.Bacteria.Proteobacteria	2160.835	0.0	1080.4175
los	None	dead	0.0	0.0	0.0
spe	342	328	2698.49	2426.155	2562.3225
los	328	GCF.002277955.1.Bacteria.Planctomycetota	2426.155	0.0	1213.0775
spe	328	327	2426.155	2199.545	2312.85
spe	327	326	2199.545	1901.84	2050.6925
hgt	None	dead	0.0	0.0	0.0
hgt	1163	GCF.000384115.1.Bacteria.Actinobacteriota	1488.035	0.0	744.0175
los	None	dead	0.0	0.0	0.0
hgt	797	796	2488.59	2368.175	2428.3825
los	None	dead	0.0	0.0	0.0
spe	797	796	2488.59	2368.175	2428.3825
spe	796	795	2368.175	2229.875	2299.025
spe	795	791	2229.875	2015.09	2122.4825
los	791	GCA.002898795.1.Bacteria.Desulfobacterota.B	2015.09	0.0	1007.545
spe	795	794	2229.875	2136.5	2183.1875
hgt	None	dead	0.0	0.0	0.0
los	794	GCA.001798565.1.Bacteria.Desulfobacterota.B	2136.5	0.0	1068.25
hgt	1032	GCA.002727195.1.Bacteria.Latescibacterota	2327.38	0.0	1163.69
los	None	dead	0.0	0.0	0.0
hgt	1384	1383	2455.815	2371.08	2413.4475
los	None	dead	0.0	0.0	0.0
dup	1384	1383	2455.815	2371.08	2413.4475
spe	1384	1383	2455.815	2371.08	2413.4475
los	1383	1341	2371.08	2078.19	2224.635
spe	1383	1382	2371.08	2292.545	2331.8125
los	1382	1381	2292.545	2205.155	2248.85
spe	1382	1344	2292.545	2055.27	2173.9075
los	1344	GCA.002159075.1.Bacteria.Firmicutes	2055.27	0.0	1027.635
spe	1384	1383	2455.815	2371.08	2413.4475
spe	1383	1382	2371.08	2292.545	2331.8125
spe	1382	1344	2292.545	2055.27	2173.9075
hgt	None	dead	0.0	0.0	0.0
los	1344	GCA.002159075.1.Bacteria.Firmicutes	2055.27	0.0	1027.635
hgt	1347	GCF.900099895.1.Bacteria.Firmicutes	1852.54	0.0	926.27
los	None	dead	0.0	0.0	0.0
spe	1382	1381	2292.545	2205.155	2248.85
spe	1381	1351	2205.155	2134.51	2169.8325
los	1351	1350	2134.51	1969.515	2052.0125
spe	1351	1347	2134.51	1852.54	1993.525
los	1347	GCF.001561915.1.Bacteria.Firmicutes	1852.54	0.0	926.27
spe	1381	1380	2205.155	2120.065	2162.61
los	1380	GCF.001049895.1.Bacteria.Firmicutes	2120.065	0.0	1060.0325
hgt	None	dead	0.0	0.0	0.0
hgt	659	GCA.000830255.1.Bacteria.Campylobacterota	2073.72	0.0	1036.86
los	None	dead	0.0	0.0	0.0
spe	1380	1379	2120.065	2060.89	2090.4775
los	1379	1378	2060.89	1789.555	1925.2225
spe	1379	1355	2060.89	1845.21	1953.05
los	1355	GCF.004522215.1.Bacteria.Firmicutes	1845.21	0.0	922.605
hgt	None	dead	0.0	0.0	0.0
hgt	350	GCA.003509045.1.Bacteria.Planctomycetota	2200.88	0.0	1100.44
los	None	dead	0.0	0.0	0.0
spe	1383	1341	2371.08	2078.19	2224.635
hgt	None	dead	0.0	0.0	0.0
los	1341	GCF.001311905.1.Bacteria.Firmicutes	2078.19	0.0	1039.095
hgt	826	825	2185.76	1914.98	2050.37
los	None	dead	0.0	0.0	0.0
spe	826	825	2185.76	1914.98	2050.37
hgt	None	dead	0.0	0.0	0.0
hgt	80	GCF.002114285.1.Archaea.Halobacteriota	2032.885	0.0	1016.4425
los	None	dead	0.0	0.0	0.0
