event	left_node	right_node	left_date	right_date	midpoint_date	left_date_lower	left_date_upper	right_date_lower	right_date_upper	midpoint_date_all
spe	1727	1726	3460.76	3442.105	3451.4325	3608.87	3312.65	3587.74	3296.47	3452.67
spe	1726	1094	3442.105	3407.45	3424.7775	3587.74	3296.47	3553.34	3261.56	3424.65
spe	1094	1048	3407.45	3324.645	3366.0475	3553.34	3261.56	3468.94	3180.35	3366.845
los	1048	1047	3324.645	3317.54	3321.0925	3468.94	3180.35	3462.08	3173.0	3320.97
spe	1048	278	3324.645	3267.455	3296.05	3468.94	3180.35	3413.03	3121.88	3295.41
los	278	277	3267.455	3169.945	3218.7	3413.03	3121.88	3319.44	3020.45	3216.74
spe	278	262	3267.455	3164.4	3215.9275	3413.03	3121.88	3310.34	3018.46	3215.745
los	262	261	3164.4	3121.81	3143.105	3310.34	3018.46	3270.66	2972.96	3141.65
spe	262	194	3164.4	2944.425	3054.4125	3310.34	3018.46	3114.42	2774.43	3042.385
los	194	193	2944.425	2795.065	2869.745	3114.42	2774.43	2984.65	2605.48	2859.95
hgt	None	dead	0.0	0.0	0.0	0.0	0.0	0.0	0.0	0.0
los	1094	1093	3407.45	3335.31	3371.38	3553.34	3261.56	3481.64	3188.98	3371.16
hgt	668	GCA.002010665.1.Bacteria.Acidobacteriota	2182.81	0.0	1091.405	2412.62	1953.0	0.0	0.0	1206.31
los	None	dead	0.0	0.0	0.0	0.0	0.0	0.0	0.0	0.0
dup	1726	1725	3442.105	3410.995	3426.55	3587.74	3296.47	3554.71	3267.28	3427.51
spe	1726	1725	3442.105	3410.995	3426.55	3587.74	3296.47	3554.71	3267.28	3427.51
spe	1725	1393	3410.995	3339.09	3375.0425	3554.71	3267.28	3482.84	3195.34	3375.025
los	1393	1129	3339.09	3221.86	3280.475	3482.84	3195.34	3366.34	3077.38	3280.11
spe	1393	1392	3339.09	3284.295	3311.6925	3482.84	3195.34	3427.25	3141.34	3312.09
los	1392	1391	3284.295	3133.07	3208.6825	3427.25	3141.34	3276.23	2989.91	3208.58
spe	1392	1188	3284.295	3109.515	3196.905	3427.25	3141.34	3255.47	2963.56	3195.405
spe	1188	1187	3109.515	3068.88	3089.1975	3255.47	2963.56	3215.81	2921.95	3088.71
spe	1187	1186	3068.88	3002.725	3035.8025	3215.81	2921.95	3152.18	2853.27	3034.54
los	1186	1136	3002.725	2691.07	2846.8975	3152.18	2853.27	2887.94	2494.2	2823.19
spe	1186	1185	3002.725	2913.82	2958.2725	3152.18	2853.27	3065.51	2762.13	2957.155
los	1185	1169	2913.82	2691.26	2802.54	3065.51	2762.13	2854.89	2527.63	2796.57
spe	1185	1184	2913.82	2836.38	2875.1	3065.51	2762.13	2994.12	2678.64	2872.075
los	1184	1183	2836.38	2457.105	2646.7425	2994.12	2678.64	2668.97	2245.24	2619.68
spe	1184	1180	2836.38	2587.79	2712.085	2994.12	2678.64	2773.12	2402.46	2698.29
los	1180	GCF.001029505.1.Bacteria.Actinobacteriota	2587.79	0.0	1293.895	2773.12	2402.46	0.0	0.0	1386.56
spe	1180	1179	2587.79	2376.455	2482.1225	2773.12	2402.46	2575.79	2177.12	2475.12
los	1179	1173	2376.455	2194.99	2285.7225	2575.79	2177.12	2420.07	1969.91	2272.85
spe	1179	1178	2376.455	2241.835	2309.145	2575.79	2177.12	2458.12	2025.55	2300.67
los	1178	1177	2241.835	2055.195	2148.515	2458.12	2025.55	2300.55	1809.84	2133.98
spe	1187	1133	3068.88	2731.5	2900.19	3215.81	2921.95	2922.33	2540.67	2878.24
los	1133	GCA.002366545.1.Bacteria.Actinobacteriota	2731.5	0.0	1365.75	2922.33	2540.67	0.0	0.0	1461.165
hgt	None	dead	0.0	0.0	0.0	0.0	0.0	0.0	0.0	0.0
spe	1725	1724	3410.995	3346.625	3378.81	3554.71	3267.28	3486.29	3206.96	3380.835
spe	1724	1723	3346.625	3248.065	3297.345	3486.29	3206.96	3383.97	3112.16	3299.225
los	1723	1657	3248.065	3169.355	3208.71	3383.97	3112.16	3311.52	3027.19	3205.58
spe	1723	1722	3248.065	3101.365	3174.715	3383.97	3112.16	3228.11	2974.62	3179.295
los	1722	1664	3101.365	2826.835	2964.1	3228.11	2974.62	2973.28	2680.39	2954.25
spe	1722	1721	3101.365	3037.59	3069.4775	3228.11	2974.62	3161.79	2913.39	3070.75
los	1721	1720	3037.59	2606.445	2822.0175	3161.79	2913.39	2696.98	2515.91	2838.85
spe	1721	1667	3037.59	2851.115	2944.3525	3161.79	2913.39	2991.25	2710.98	2936.385
los	1667	GCA.002783405.1.Bacteria.Cyanobacteria	2851.115	0.0	1425.5575	2991.25	2710.98	0.0	0.0	1495.625
spe	1724	1642	3346.625	3305.11	3325.8675	3486.29	3206.96	3444.34	3165.88	3326.085
hgt	None	dead	0.0	0.0	0.0	0.0	0.0	0.0	0.0	0.0
los	1642	1641	3305.11	3138.575	3221.8425	3444.34	3165.88	3281.68	2995.47	3219.905
hgt	794	GCA.001798565.1.Bacteria.Desulfobacterota.B	2136.5	0.0	1068.25	2343.87	1929.13	0.0	0.0	1171.935
los	None	dead	0.0	0.0	0.0	0.0	0.0	0.0	0.0	0.0
spe	1642	1478	3305.11	3178.32	3241.715	3444.34	3165.88	3320.39	3036.25	3240.295
los	1478	1396	3178.32	2525.675	2851.9975	3320.39	3036.25	2773.68	2277.67	2799.03
spe	1478	1477	3178.32	3065.68	3122.0	3320.39	3036.25	3209.37	2921.99	3121.19
hgt	None	dead	0.0	0.0	0.0	0.0	0.0	0.0	0.0	0.0
hgt	753	GCA.001803565.1.Bacteria.Nitrospinota.B	2583.27	0.0	1291.635	2768.8	2397.74	0.0	0.0	1384.4
los	None	dead	0.0	0.0	0.0	0.0	0.0	0.0	0.0	0.0
hgt	1390	1389	3070.6	3027.58	3049.09	3212.43	2928.77	3169.39	2885.77	3049.1
hgt	None	dead	0.0	0.0	0.0	0.0	0.0	0.0	0.0	0.0
dup	None	dead	0.0	0.0	0.0	0.0	0.0	0.0	0.0	0.0
hgt	674	GCA.002298155.1.Bacteria.Acidobacteriota	2473.205	0.0	1236.6025	2675.97	2270.44	0.0	0.0	1337.985
los	None	dead	0.0	0.0	0.0	0.0	0.0	0.0	0.0	0.0
hgt	706	GCA.002327305.1.Bacteria.Acidobacteriota	2384.34	0.0	1192.17	2577.83	2190.85	0.0	0.0	1288.915
los	None	dead	0.0	0.0	0.0	0.0	0.0	0.0	0.0	0.0
hgt	None	dead	0.0	0.0	0.0	0.0	0.0	0.0	0.0	0.0
dup	None	dead	0.0	0.0	0.0	0.0	0.0	0.0	0.0	0.0
hgt	837	GCA.001768075.1.Bacteria.Myxococcota	2276.83	0.0	1138.415	2468.96	2084.7	0.0	0.0	1234.48
los	None	dead	0.0	0.0	0.0	0.0	0.0	0.0	0.0	0.0
hgt	888	887	2827.975	2727.215	2777.595	2977.09	2678.86	2881.55	2572.88	2774.985
los	None	dead	0.0	0.0	0.0	0.0	0.0	0.0	0.0	0.0
spe	888	887	2827.975	2727.215	2777.595	2977.09	2678.86	2881.55	2572.88	2774.985
spe	887	863	2727.215	2597.055	2662.135	2881.55	2572.88	2762.98	2431.13	2656.34
los	863	857	2597.055	2515.41	2556.2325	2762.98	2431.13	2699.69	2331.13	2547.055
dup	863	862	2597.055	2368.33	2482.6925	2762.98	2431.13	2561.03	2175.63	2469.305
spe	863	862	2597.055	2368.33	2482.6925	2762.98	2431.13	2561.03	2175.63	2469.305
los	862	GCA.002782605.1.Bacteria.Desulfobacterota	2368.33	0.0	1184.165	2561.03	2175.63	0.0	0.0	1280.515
spe	862	861	2368.33	2265.965	2317.1475	2561.03	2175.63	2474.98	2056.95	2308.99
los	861	GCA.002327985.1.Bacteria.Desulfobacterota	2265.965	0.0	1132.9825	2474.98	2056.95	0.0	0.0	1237.49
spe	863	862	2597.055	2368.33	2482.6925	2762.98	2431.13	2561.03	2175.63	2469.305
spe	862	861	2368.33	2265.965	2317.1475	2561.03	2175.63	2474.98	2056.95	2308.99
los	861	GCA.001304105.1.Bacteria.Desulfobacterota	2265.965	0.0	1132.9825	2474.98	2056.95	0.0	0.0	1237.49
spe	887	886	2727.215	2570.925	2649.07	2881.55	2572.88	2733.26	2408.59	2645.07
los	886	874	2570.925	2502.96	2536.9425	2733.26	2408.59	2671.83	2334.09	2533.675
spe	886	885	2570.925	2490.35	2530.6375	2733.26	2408.59	2660.72	2319.98	2526.62
spe	885	877	2490.35	2406.095	2448.2225	2660.72	2319.98	2589.76	2222.43	2441.575
los	877	GCF.000620765.1.Bacteria.Desulfobacterota.I	2406.095	0.0	1203.0475	2589.76	2222.43	0.0	0.0	1294.88
spe	885	884	2490.35	2409.27	2449.81	2660.72	2319.98	2585.68	2232.86	2446.79
hgt	801	GCA.002328485.1.Bacteria.Desulfobacterota.G	2578.84	0.0	1289.42	2754.6	2403.08	0.0	0.0	1377.3
los	884	880	2409.27	2202.89	2306.08	2585.68	2232.86	2408.81	1996.97	2291.325
spe	884	883	2409.27	2107.355	2258.3125	2585.68	2232.86	2320.43	1894.28	2239.98
los	883	GCA.001751085.1.Bacteria.Desulfobacterota	2107.355	0.0	1053.6775	2320.43	1894.28	0.0	0.0	1160.215
spe	1477	1476	3065.68	2948.885	3007.2825	3209.37	2921.99	3099.11	2798.66	3004.015
spe	1476	1475	2948.885	2883.705	2916.295	3099.11	2798.66	3039.71	2727.7	2913.405
los	1475	1474	2883.705	2804.86	2844.2825	3039.71	2727.7	2967.88	2641.84	2840.775
spe	1475	1463	2883.705	2750.56	2817.1325	3039.71	2727.7	2918.34	2582.78	2811.245
los	1463	1457	2750.56	2476.295	2613.4275	2918.34	2582.78	2697.47	2255.12	2586.73
spe	1463	1462	2750.56	2688.275	2719.4175	2918.34	2582.78	2865.83	2510.72	2714.53
los	1462	1461	2688.275	2433.39	2560.8325	2865.83	2510.72	2666.93	2199.85	2532.84
spe	1476	1454	2948.885	2633.59	2791.2375	3099.11	2798.66	2806.22	2460.96	2780.035
los	1454	1453	2633.59	2571.245	2602.4175	2806.22	2460.96	2752.52	2389.97	2598.095
spe	1454	1446	2633.59	2467.265	2550.4275	2806.22	2460.96	2650.86	2283.67	2544.945
los	1446	1440	2467.265	2358.68	2412.9725	2650.86	2283.67	2549.6	2167.76	2409.31
spe	1446	1445	2467.265	2304.44	2385.8525	2650.86	2283.67	2498.38	2110.5	2380.68
los	1445	1444	2304.44	2137.48	2220.96	2498.38	2110.5	2354.92	1920.04	2209.21
spe	1390	1389	3070.6	3027.58	3049.09	3212.43	2928.77	3169.39	2885.77	3049.1
dup	1389	1388	3027.58	2941.055	2984.3175	3169.39	2885.77	3082.24	2799.87	2984.63
spe	1389	1388	3027.58	2941.055	2984.3175	3169.39	2885.77	3082.24	2799.87	2984.63
los	1388	1274	2941.055	2802.895	2871.975	3082.24	2799.87	2951.21	2654.58	2868.41
spe	1388	1387	2941.055	2902.155	2921.605	3082.24	2799.87	3045.04	2759.27	2920.755
los	1387	1386	2902.155	2794.775	2848.465	3045.04	2759.27	2939.61	2649.94	2847.49
spe	1387	1327	2902.155	2828.71	2865.4325	3045.04	2759.27	2972.74	2684.68	2864.86
spe	1327	1326	2828.71	2719.225	2773.9675	2972.74	2684.68	2868.22	2570.23	2771.485
spe	1326	1325	2719.225	2604.385	2661.805	2868.22	2570.23	2756.95	2451.82	2660.02
los	1325	1297	2604.385	2420.65	2512.5175	2756.95	2451.82	2602.22	2239.08	2498.015
spe	1325	1324	2604.385	2536.255	2570.32	2756.95	2451.82	2694.52	2377.99	2567.47
los	1324	1323	2536.255	2478.3	2507.2775	2694.52	2377.99	2641.49	2315.11	2504.815
spe	1324	1308	2536.255	2377.745	2457.0	2694.52	2377.99	2550.36	2205.13	2449.825
los	1308	1300	2377.745	2090.18	2233.9625	2550.36	2205.13	2311.51	1868.85	2209.605
spe	1308	1307	2377.745	2196.38	2287.0625	2550.36	2205.13	2389.69	2003.07	2276.715
los	1307	1305	2196.38	2012.42	2104.4	2389.69	2003.07	2240.7	1784.14	2086.915
hgt	1210	1209	2923.75	2688.15	2805.95	3079.2	2768.3	2886.59	2489.71	2784.455
los	1326	1292	2719.225	2370.88	2545.0525	2868.22	2570.23	2569.61	2172.15	2520.185
spe	1210	1209	2923.75	2688.15	2805.95	3079.2	2768.3	2886.59	2489.71	2784.455
spe	1209	1208	2688.15	2545.345	2616.7475	2886.59	2489.71	2781.03	2309.66	2598.125
los	1208	GCA.900016865.1.Bacteria.Firmicutes.G	2545.345	0.0	1272.6725	2781.03	2309.66	0.0	0.0	1390.515
spe	1327	1289	2828.71	2635.61	2732.16	2972.74	2684.68	2795.95	2475.27	2724.005
hgt	1312	GCF.000019165.1.Bacteria.Firmicutes.B	2058.365	0.0	1029.1825	2278.56	1838.17	0.0	0.0	1139.28
los	1289	GCA.002345475.1.Bacteria.Firmicutes.H	2635.61	0.0	1317.805	2795.95	2475.27	0.0	0.0	1397.975
spe	1289	1288	2635.61	2207.725	2421.6675	2795.95	2475.27	2392.63	2022.82	2409.385
spe	1288	1287	2207.725	1965.585	2086.655	2392.63	2022.82	2175.83	1755.34	2073.985
hgt	1697	Fischerella.muscicola.CCMEE5323	1386.915	0.0	693.4575	1498.21	1275.62	0.0	0.0	749.105
los	1287	GCA.002329525.1.Bacteria.Firmicutes.C	1965.585	0.0	982.7925	2175.83	1755.34	0.0	0.0	1087.915
spe	1287	1285	1965.585	1868.68	1917.1325	2175.83	1755.34	2085.73	1651.63	1913.73
los	1285	1284	1868.68	1576.575	1722.6275	2085.73	1651.63	1830.37	1322.78	1704.255
spe	1285	1281	1868.68	1642.245	1755.4625	2085.73	1651.63	1876.63	1407.86	1746.795
spe	1281	1280	1642.245	1441.56	1541.9025	1876.63	1407.86	1709.78	1173.34	1524.985
los	1280	GCF.900104455.1.Bacteria.Firmicutes.C	1441.56	0.0	720.78	1709.78	1173.34	0.0	0.0	854.89
spe	1389	1388	3027.58	2941.055	2984.3175	3169.39	2885.77	3082.24	2799.87	2984.63
spe	1388	1274	2941.055	2802.895	2871.975	3082.24	2799.87	2951.21	2654.58	2868.41
los	1274	1273	2802.895	2658.63	2730.7625	2951.21	2654.58	2811.6	2505.66	2728.435
spe	1274	1240	2802.895	2549.06	2675.9775	2951.21	2654.58	2730.4	2367.72	2659.465
hgt	1307	1305	2196.38	2012.42	2104.4	2389.69	2003.07	2240.7	1784.14	2086.915
spe	1307	1305	2196.38	2012.42	2104.4	2389.69	2003.07	2240.7	1784.14	2086.915
spe	1305	1304	2012.42	1697.92	1855.17	2240.7	1784.14	1975.42	1420.42	1830.56
los	1304	GCA.001508005.1.Bacteria.Firmicutes.B	1697.92	0.0	848.96	1975.42	1420.42	0.0	0.0	987.71
spe	1388	1387	2941.055	2902.155	2921.605	3082.24	2799.87	3045.04	2759.27	2920.755
spe	1387	1386	2902.155	2794.775	2848.465	3045.04	2759.27	2939.61	2649.94	2847.49
los	1386	1330	2794.775	2416.115	2605.445	2939.61	2649.94	2602.06	2230.17	2584.89
spe	1386	1385	2794.775	2733.33	2764.0525	2939.61	2649.94	2878.0	2588.66	2764.135
los	1385	1333	2733.33	2457.61	2595.47	2878.0	2588.66	2627.39	2287.83	2582.915
spe	1385	1384	2733.33	2455.815	2594.5725	2878.0	2588.66	2606.71	2304.92	2591.46
spe	1384	1338	2455.815	2111.765	2283.79	2606.71	2304.92	2295.35	1928.18	2267.445
los	1338	1337	2111.765	1832.425	1972.095	2295.35	1928.18	2086.82	1578.03	1936.69
spe	1384	1383	2455.815	2371.08	2413.4475	2606.71	2304.92	2525.62	2216.54	2411.625
los	1383	1341	2371.08	2078.19	2224.635	2525.62	2216.54	2272.57	1883.81	2204.715
spe	1383	1382	2371.08	2292.545	2331.8125	2525.62	2216.54	2446.92	2138.17	2331.895
spe	1382	1344	2292.545	2055.27	2173.9075	2446.92	2138.17	2234.39	1876.15	2161.535
los	1344	GCA.002159075.1.Bacteria.Firmicutes	2055.27	0.0	1027.635	2234.39	1876.15	0.0	0.0	1117.195
spe	1382	1381	2292.545	2205.155	2248.85	2446.92	2138.17	2360.66	2049.65	2248.285
los	1381	1351	2205.155	2134.51	2169.8325	2360.66	2049.65	2297.16	1971.86	2166.26
spe	1381	1380	2205.155	2120.065	2162.61	2360.66	2049.65	2280.16	1959.97	2160.315
los	1380	1379	2120.065	2060.89	2090.4775	2280.16	1959.97	2221.1	1900.68	2090.42
spe	1387	1327	2902.155	2828.71	2865.4325	3045.04	2759.27	2972.74	2684.68	2864.86
hgt	None	dead	0.0	0.0	0.0	0.0	0.0	0.0	0.0	0.0
los	1327	1289	2828.71	2635.61	2732.16	2972.74	2684.68	2795.95	2475.27	2724.005
hgt	1300	GCA.002418765.1.Bacteria.Firmicutes.B	2090.18	0.0	1045.09	2311.51	1868.85	0.0	0.0	1155.755
los	None	dead	0.0	0.0	0.0	0.0	0.0	0.0	0.0	0.0
spe	1327	1326	2828.71	2719.225	2773.9675	2972.74	2684.68	2868.22	2570.23	2771.485
spe	1326	1292	2719.225	2370.88	2545.0525	2868.22	2570.23	2569.61	2172.15	2520.185
los	1292	GCF.000024605.1.Bacteria.Firmicutes.B	2370.88	0.0	1185.44	2569.61	2172.15	0.0	0.0	1284.805
spe	1326	1325	2719.225	2604.385	2661.805	2868.22	2570.23	2756.95	2451.82	2660.02
los	1325	1297	2604.385	2420.65	2512.5175	2756.95	2451.82	2602.22	2239.08	2498.015
spe	1325	1324	2604.385	2536.255	2570.32	2756.95	2451.82	2694.52	2377.99	2567.47
spe	1324	1308	2536.255	2377.745	2457.0	2694.52	2377.99	2550.36	2205.13	2449.825
los	1308	1307	2377.745	2196.38	2287.0625	2550.36	2205.13	2389.69	2003.07	2276.715
spe	1308	1300	2377.745	2090.18	2233.9625	2550.36	2205.13	2311.51	1868.85	2209.605
los	1300	GCA.002418765.1.Bacteria.Firmicutes.B	2090.18	0.0	1045.09	2311.51	1868.85	0.0	0.0	1155.755
spe	1324	1323	2536.255	2478.3	2507.2775	2694.52	2377.99	2641.49	2315.11	2504.815
los	1323	1322	2478.3	2209.475	2343.8875	2641.49	2315.11	2414.01	2004.94	2323.215
spe	1323	1319	2478.3	2388.655	2433.4775	2641.49	2315.11	2562.17	2215.14	2428.315
los	1319	1318	2388.655	2305.29	2346.9725	2562.17	2215.14	2488.59	2121.99	2342.08
spe	1389	1237	3027.58	2784.985	2906.2825	3169.39	2885.77	2940.94	2629.03	2899.21
los	1237	1221	2784.985	2447.11	2616.0475	2940.94	2629.03	2673.77	2220.45	2580.695
spe	1237	1236	2784.985	2683.21	2734.0975	2940.94	2629.03	2852.16	2514.26	2727.6
spe	1236	1235	2683.21	2501.715	2592.4625	2852.16	2514.26	2690.97	2312.46	2582.31
hgt	None	dead	0.0	0.0	0.0	0.0	0.0	0.0	0.0	0.0
los	1235	1234	2501.715	2299.215	2400.465	2690.97	2312.46	2516.49	2081.94	2386.455
hgt	1312	GCF.002607855.1.Bacteria.Firmicutes.B	2058.365	0.0	1029.1825	2278.56	1838.17	0.0	0.0	1139.28
los	None	dead	0.0	0.0	0.0	0.0	0.0	0.0	0.0	0.0
spe	1236	1228	2683.21	2573.425	2628.3175	2852.16	2514.26	2761.84	2385.01	2618.585
hgt	1296	GCF.900176005.1.Bacteria.Firmicutes.B	2280.145	0.0	1140.0725	2486.05	2074.24	0.0	0.0	1243.025
los	1228	GCA.003023725.1.Bacteria.Firmicutes.E	2573.425	0.0	1286.7125	2761.84	2385.01	0.0	0.0	1380.92
spe	1228	1227	2573.425	2407.625	2490.525	2761.84	2385.01	2618.59	2196.66	2479.25
hgt	1203	GCA.002399265.1.Bacteria.Firmicutes.G	2369.03	0.0	1184.515	2635.9	2102.16	0.0	0.0	1317.95
los	1227	1226	2407.625	2297.705	2352.665	2618.59	2196.66	2529.25	2066.16	2342.375
spe	1477	1431	3065.68	2900.705	2983.1925	3209.37	2921.99	3055.74	2745.67	2977.52
spe	1431	1430	2900.705	2636.055	2768.38	3055.74	2745.67	2857.47	2414.64	2735.19
hgt	1341	GCF.001653195.1.Bacteria.Firmicutes	2078.19	0.0	1039.095	2272.57	1883.81	0.0	0.0	1136.285
hgt	1163	GCF.000384115.1.Bacteria.Actinobacteriota	1488.035	0.0	744.0175	1730.27	1245.8	0.0	0.0	865.135
los	1430	GCA.001795235.1.Bacteria.Chloroflexota	2636.055	0.0	1318.0275	2857.47	2414.64	0.0	0.0	1428.735
hgt	742	741	2922.825	2582.55	2752.6875	3076.13	2769.52	2791.15	2373.95	2725.04
los	1431	1427	2900.705	2775.63	2838.1675	3055.74	2745.67	2935.39	2615.87	2835.805
spe	742	741	2922.825	2582.55	2752.6875	3076.13	2769.52	2791.15	2373.95	2725.04
hgt	1234	1233	2299.215	2039.805	2169.51	2516.49	2081.94	2298.21	1781.4	2148.945
los	None	dead	0.0	0.0	0.0	0.0	0.0	0.0	0.0	0.0
spe	1234	1233	2299.215	2039.805	2169.51	2516.49	2081.94	2298.21	1781.4	2148.945
spe	1726	1725	3442.105	3410.995	3426.55	3587.74	3296.47	3554.71	3267.28	3427.51
spe	1725	1724	3410.995	3346.625	3378.81	3554.71	3267.28	3486.29	3206.96	3380.835
los	1724	1642	3346.625	3305.11	3325.8675	3486.29	3206.96	3444.34	3165.88	3326.085
spe	1724	1723	3346.625	3248.065	3297.345	3486.29	3206.96	3383.97	3112.16	3299.225
los	1723	1722	3248.065	3101.365	3174.715	3383.97	3112.16	3228.11	2974.62	3179.295
spe	1723	1657	3248.065	3169.355	3208.71	3383.97	3112.16	3311.52	3027.19	3205.58
los	1657	1645	3169.355	3078.905	3124.13	3311.52	3027.19	3240.17	2917.64	3114.58
spe	1657	1656	3169.355	3046.235	3107.795	3311.52	3027.19	3194.01	2898.46	3104.99
los	1656	1652	3046.235	2760.21	2903.2225	3194.01	2898.46	2939.98	2580.44	2887.225
spe	1656	1655	3046.235	2626.04	2836.1375	3194.01	2898.46	2831.43	2420.65	2807.33
los	1655	GCA.001771365.1.Bacteria.Margulisbacteria	2626.04	0.0	1313.02	2831.43	2420.65	0.0	0.0	1415.715
spe	1725	1393	3410.995	3339.09	3375.0425	3554.71	3267.28	3482.84	3195.34	3375.025
los	1393	1129	3339.09	3221.86	3280.475	3482.84	3195.34	3366.34	3077.38	3280.11
dup	1393	1392	3339.09	3284.295	3311.6925	3482.84	3195.34	3427.25	3141.34	3312.09
spe	1393	1392	3339.09	3284.295	3311.6925	3482.84	3195.34	3427.25	3141.34	3312.09
spe	1392	1188	3284.295	3109.515	3196.905	3427.25	3141.34	3255.47	2963.56	3195.405
los	1188	GCA.002779205.1.Bacteria.Actinobacteriota	3109.515	0.0	1554.7575	3255.47	2963.56	0.0	0.0	1627.735
spe	1188	1187	3109.515	3068.88	3089.1975	3255.47	2963.56	3215.81	2921.95	3088.71
los	1187	1133	3068.88	2731.5	2900.19	3215.81	2921.95	2922.33	2540.67	2878.24
spe	1187	1186	3068.88	3002.725	3035.8025	3215.81	2921.95	3152.18	2853.27	3034.54
los	1186	1185	3002.725	2913.82	2958.2725	3152.18	2853.27	3065.51	2762.13	2957.155
spe	1186	1136	3002.725	2691.07	2846.8975	3152.18	2853.27	2887.94	2494.2	2823.19
los	1136	GCA.001768645.1.Bacteria.Actinobacteriota	2691.07	0.0	1345.535	2887.94	2494.2	0.0	0.0	1443.97
hgt	179	178	3169.885	3109.52	3139.7025	3333.21	3006.56	3270.62	2948.42	3140.815
hgt	901	900	3194.215	3136.94	3165.5775	3337.52	3050.91	3280.99	2992.89	3165.205
spe	1392	1391	3284.295	3133.07	3208.6825	3427.25	3141.34	3276.23	2989.91	3208.58
hgt	None	dead	0.0	0.0	0.0	0.0	0.0	0.0	0.0	0.0
los	1391	1211	3133.07	3013.88	3073.475	3276.23	2989.91	3161.44	2866.32	3071.275
hgt	1272	1271	2548.195	2346.495	2447.345	2704.85	2391.54	2509.82	2183.17	2444.01
los	None	dead	0.0	0.0	0.0	0.0	0.0	0.0	0.0	0.0
spe	1272	1271	2548.195	2346.495	2447.345	2704.85	2391.54	2509.82	2183.17	2444.01
spe	1271	1270	2346.495	2201.025	2273.76	2509.82	2183.17	2375.75	2026.3	2268.06
los	1270	1264	2201.025	1943.29	2072.1575	2375.75	2026.3	2150.5	1736.08	2055.915
spe	1270	1269	2201.025	2051.8	2126.4125	2375.75	2026.3	2236.36	1867.24	2121.495
los	1269	1268	2051.8	1820.865	1936.3325	2236.36	1867.24	2051.67	1590.06	1913.21
spe	1271	1259	2346.495	2295.84	2321.1675	2509.82	2183.17	2463.94	2127.74	2318.78
los	1259	1258	2295.84	2095.365	2195.6025	2463.94	2127.74	2279.66	1911.07	2187.505
spe	1259	1253	2295.84	2190.3	2243.07	2463.94	2127.74	2369.36	2011.24	2237.59
los	1253	GCF.900142265.1.Bacteria.Firmicutes.A	2190.3	0.0	1095.15	2369.36	2011.24	0.0	0.0	1184.68
spe	1253	1252	2190.3	2040.145	2115.2225	2369.36	2011.24	2235.45	1844.84	2107.1
spe	1252	1251	2040.145	1879.525	1959.835	2235.45	1844.84	2105.5	1653.55	1944.5
los	1251	GCA.002478485.1.Bacteria.Firmicutes.A	1879.525	0.0	939.7625	2105.5	1653.55	0.0	0.0	1052.75
hgt	1315	GCF.002224645.1.Bacteria.Firmicutes.B	1580.985	0.0	790.4925	1858.57	1303.4	0.0	0.0	929.285
hgt	1269	GCF.002252565.1.Bacteria.Firmicutes.A	2051.8	0.0	1025.9	2236.36	1867.24	0.0	0.0	1118.18
spe	1391	1390	3133.07	3070.6	3101.835	3276.23	2989.91	3212.43	2928.77	3102.5
spe	1390	1218	3070.6	2947.155	3008.8775	3212.43	2928.77	3097.7	2796.61	3004.52
los	1218	GCA.001513125.1.Bacteria.DTU030	2947.155	0.0	1473.5775	3097.7	2796.61	0.0	0.0	1548.85
spe	1218	1216	2947.155	2550.05	2748.6025	3097.7	2796.61	2764.74	2335.36	2716.53
los	1216	1215	2550.05	2030.585	2290.3175	2764.74	2335.36	2340.81	1720.36	2242.55
spe	1390	1389	3070.6	3027.58	3049.09	3212.43	2928.77	3169.39	2885.77	3049.1
spe	1389	1237	3027.58	2784.985	2906.2825	3169.39	2885.77	2940.94	2629.03	2899.21
los	1237	1236	2784.985	2683.21	2734.0975	2940.94	2629.03	2852.16	2514.26	2727.6
spe	1237	1221	2784.985	2447.11	2616.0475	2940.94	2629.03	2673.77	2220.45	2580.695
los	1221	GCA.002375895.1.Bacteria.Firmicutes.E	2447.11	0.0	1223.555	2673.77	2220.45	0.0	0.0	1336.885
spe	1389	1388	3027.58	2941.055	2984.3175	3169.39	2885.77	3082.24	2799.87	2984.63
los	1388	1274	2941.055	2802.895	2871.975	3082.24	2799.87	2951.21	2654.58	2868.41
spe	1388	1387	2941.055	2902.155	2921.605	3082.24	2799.87	3045.04	2759.27	2920.755
spe	1387	1327	2902.155	2828.71	2865.4325	3045.04	2759.27	2972.74	2684.68	2864.86
los	1327	1289	2828.71	2635.61	2732.16	2972.74	2684.68	2795.95	2475.27	2724.005
spe	1327	1326	2828.71	2719.225	2773.9675	2972.74	2684.68	2868.22	2570.23	2771.485
los	1326	1292	2719.225	2370.88	2545.0525	2868.22	2570.23	2569.61	2172.15	2520.185
spe	1326	1325	2719.225	2604.385	2661.805	2868.22	2570.23	2756.95	2451.82	2660.02
los	1325	1297	2604.385	2420.65	2512.5175	2756.95	2451.82	2602.22	2239.08	2498.015
spe	1325	1324	2604.385	2536.255	2570.32	2756.95	2451.82	2694.52	2377.99	2567.47
los	1324	1308	2536.255	2377.745	2457.0	2694.52	2377.99	2550.36	2205.13	2449.825
spe	1324	1323	2536.255	2478.3	2507.2775	2694.52	2377.99	2641.49	2315.11	2504.815
spe	1323	1322	2478.3	2209.475	2343.8875	2641.49	2315.11	2414.01	2004.94	2323.215
los	1322	GCA.001512665.1.Bacteria.Firmicutes.B	2209.475	0.0	1104.7375	2414.01	2004.94	0.0	0.0	1207.005
spe	1323	1319	2478.3	2388.655	2433.4775	2641.49	2315.11	2562.17	2215.14	2428.315
spe	1319	1318	2388.655	2305.29	2346.9725	2562.17	2215.14	2488.59	2121.99	2342.08
los	1318	1312	2305.29	2058.365	2181.8275	2488.59	2121.99	2278.56	1838.17	2163.38
spe	1318	1317	2305.29	1778.785	2042.0375	2488.59	2121.99	2035.34	1522.23	2005.41
los	1317	1315	1778.785	1580.985	1679.885	2035.34	1522.23	1858.57	1303.4	1669.37
hgt	1068	GCA.002428295.1.Bacteria.Caldisericota	2377.575	0.0	1188.7875	2621.46	2133.69	0.0	0.0	1310.73
los	1319	GCF.900100785.1.Bacteria.Firmicutes.B	2388.655	0.0	1194.3275	2562.17	2215.14	0.0	0.0	1281.085
spe	1387	1386	2902.155	2794.775	2848.465	3045.04	2759.27	2939.61	2649.94	2847.49
los	1386	1330	2794.775	2416.115	2605.445	2939.61	2649.94	2602.06	2230.17	2584.89
spe	1386	1385	2794.775	2733.33	2764.0525	2939.61	2649.94	2878.0	2588.66	2764.135
los	1385	1333	2733.33	2457.61	2595.47	2878.0	2588.66	2627.39	2287.83	2582.915
spe	1385	1384	2733.33	2455.815	2594.5725	2878.0	2588.66	2606.71	2304.92	2591.46
los	1384	1338	2455.815	2111.765	2283.79	2606.71	2304.92	2295.35	1928.18	2267.445
spe	1384	1383	2455.815	2371.08	2413.4475	2606.71	2304.92	2525.62	2216.54	2411.625
los	1383	1341	2371.08	2078.19	2224.635	2525.62	2216.54	2272.57	1883.81	2204.715
spe	1383	1382	2371.08	2292.545	2331.8125	2525.62	2216.54	2446.92	2138.17	2331.895
los	1382	1344	2292.545	2055.27	2173.9075	2446.92	2138.17	2234.39	1876.15	2161.535
dup	1382	1381	2292.545	2205.155	2248.85	2446.92	2138.17	2360.66	2049.65	2248.285
spe	1382	1381	2292.545	2205.155	2248.85	2446.92	2138.17	2360.66	2049.65	2248.285
spe	1381	1351	2205.155	2134.51	2169.8325	2360.66	2049.65	2297.16	1971.86	2166.26
los	1351	1350	2134.51	1969.515	2052.0125	2297.16	1971.86	2159.85	1779.18	2038.17
spe	1351	1347	2134.51	1852.54	1993.525	2297.16	1971.86	2058.3	1646.78	1971.97
los	1347	GCF.001561915.1.Bacteria.Firmicutes	1852.54	0.0	926.27	2058.3	1646.78	0.0	0.0	1029.15
spe	1381	1380	2205.155	2120.065	2162.61	2360.66	2049.65	2280.16	1959.97	2160.315
los	1380	GCF.001049895.1.Bacteria.Firmicutes	2120.065	0.0	1060.0325	2280.16	1959.97	0.0	0.0	1140.08
spe	1380	1379	2120.065	2060.89	2090.4775	2280.16	1959.97	2221.1	1900.68	2090.42
los	1379	1378	2060.89	1789.555	1925.2225	2221.1	1900.68	1953.46	1625.65	1923.375
spe	1379	1355	2060.89	1845.21	1953.05	2221.1	1900.68	2026.05	1664.37	1942.735
spe	1382	1381	2292.545	2205.155	2248.85	2446.92	2138.17	2360.66	2049.65	2248.285
los	1381	1380	2205.155	2120.065	2162.61	2360.66	2049.65	2280.16	1959.97	2160.315
spe	1381	1351	2205.155	2134.51	2169.8325	2360.66	2049.65	2297.16	1971.86	2166.26
spe	1351	1347	2134.51	1852.54	1993.525	2297.16	1971.86	2058.3	1646.78	1971.97
los	1347	GCF.900099895.1.Bacteria.Firmicutes	1852.54	0.0	926.27	2058.3	1646.78	0.0	0.0	1029.15
spe	1351	1350	2134.51	1969.515	2052.0125	2297.16	1971.86	2159.85	1779.18	2038.17
los	1350	GCF.000942395.1.Bacteria.Firmicutes	1969.515	0.0	984.7575	2159.85	1779.18	0.0	0.0	1079.925
dup	901	900	3194.215	3136.94	3165.5775	3337.52	3050.91	3280.99	2992.89	3165.205
spe	901	900	3194.215	3136.94	3165.5775	3337.52	3050.91	3280.99	2992.89	3165.205
hgt	None	dead	0.0	0.0	0.0	0.0	0.0	0.0	0.0	0.0
los	900	716	3136.94	2935.17	3036.055	3280.99	2992.89	3084.96	2785.38	3033.185
hgt	1258	GCA.003527145.1.Bacteria.Firmicutes.A	2095.365	0.0	1047.6825	2279.66	1911.07	0.0	0.0	1139.83
los	None	dead	0.0	0.0	0.0	0.0	0.0	0.0	0.0	0.0
spe	900	899	3136.94	3089.895	3113.4175	3280.99	2992.89	3234.81	2944.98	3112.985
spe	899	898	3089.895	3060.73	3075.3125	3234.81	2944.98	3206.1	2915.36	3075.085
los	898	756	3060.73	2888.115	2974.4225	3206.1	2915.36	3046.49	2729.74	2967.92
spe	898	897	3060.73	3021.29	3041.01	3206.1	2915.36	3166.46	2876.12	3041.11
los	897	889	3021.29	2916.985	2969.1375	3166.46	2876.12	3062.93	2771.04	2968.75
spe	897	896	3021.29	2913.21	2967.25	3166.46	2876.12	3068.25	2758.17	2962.315
los	896	895	2913.21	2668.13	2790.67	3068.25	2758.17	2862.76	2473.5	2770.875
spe	896	892	2913.21	2624.55	2768.88	3068.25	2758.17	2832.73	2416.37	2742.31
los	892	GCA.001873295.1.Bacteria.CG2.30.70.394	2624.55	0.0	1312.275	2832.73	2416.37	0.0	0.0	1416.365
spe	899	743	3089.895	3035.675	3062.785	3234.81	2944.98	3181.51	2889.84	3062.325
hgt	None	dead	0.0	0.0	0.0	0.0	0.0	0.0	0.0	0.0
los	743	721	3035.675	2908.09	2971.8825	3181.51	2889.84	3069.2	2746.98	2964.245
hgt	866	GCA.002877985.1.Bacteria.Desulfobacterota	2095.425	0.0	1047.7125	2320.01	1870.84	0.0	0.0	1160.005
los	None	dead	0.0	0.0	0.0	0.0	0.0	0.0	0.0	0.0
spe	743	742	3035.675	2922.825	2979.25	3181.51	2889.84	3076.13	2769.52	2975.515
los	742	741	2922.825	2582.55	2752.6875	3076.13	2769.52	2791.15	2373.95	2725.04
spe	742	738	2922.825	2756.645	2839.735	3076.13	2769.52	2919.0	2594.29	2835.21
los	738	728	2756.645	2549.51	2653.0775	2919.0	2594.29	2740.21	2358.81	2638.905
dup	738	737	2756.645	2630.42	2693.5325	2919.0	2594.29	2810.4	2450.44	2684.72
spe	738	737	2756.645	2630.42	2693.5325	2919.0	2594.29	2810.4	2450.44	2684.72
los	737	733	2630.42	2275.95	2453.185	2810.4	2450.44	2503.33	2048.57	2429.485
spe	737	736	2630.42	2435.77	2533.095	2810.4	2450.44	2649.26	2222.28	2516.34
los	736	GCA.003454665.1.Bacteria.Nitrospirota	2435.77	0.0	1217.885	2649.26	2222.28	0.0	0.0	1324.63
spe	738	737	2756.645	2630.42	2693.5325	2919.0	2594.29	2810.4	2450.44	2684.72
spe	737	736	2630.42	2435.77	2533.095	2810.4	2450.44	2649.26	2222.28	2516.34
los	736	GCA.001803795.1.Bacteria.Nitrospirota	2435.77	0.0	1217.885	2649.26	2222.28	0.0	0.0	1324.63
spe	737	733	2630.42	2275.95	2453.185	2810.4	2450.44	2503.33	2048.57	2429.485
spe	733	732	2275.95	2077.52	2176.735	2503.33	2048.57	2333.23	1821.81	2162.57
los	732	GCA.002011735.1.Bacteria.Nitrospirota	2077.52	0.0	1038.76	2333.23	1821.81	0.0	0.0	1166.615
hgt	None	dead	0.0	0.0	0.0	0.0	0.0	0.0	0.0	0.0
dup	None	dead	0.0	0.0	0.0	0.0	0.0	0.0	0.0	0.0
hgt	558	GCA.002386945.1.Bacteria.Proteobacteria	1998.285	0.0	999.1425	2181.41	1815.16	0.0	0.0	1090.705
los	None	dead	0.0	0.0	0.0	0.0	0.0	0.0	0.0	0.0
hgt	515	514	2401.52	2299.515	2350.5175	2548.4	2254.64	2448.11	2150.92	2349.66
los	None	dead	0.0	0.0	0.0	0.0	0.0	0.0	0.0	0.0
dup	515	514	2401.52	2299.515	2350.5175	2548.4	2254.64	2448.11	2150.92	2349.66
spe	515	514	2401.52	2299.515	2350.5175	2548.4	2254.64	2448.11	2150.92	2349.66
los	514	436	2299.515	2217.14	2258.3275	2448.11	2150.92	2372.03	2062.25	2255.18
spe	514	513	2299.515	2253.55	2276.5325	2448.11	2150.92	2403.09	2104.01	2276.06
spe	513	483	2253.55	2221.01	2237.28	2403.09	2104.01	2370.99	2071.03	2237.06
los	483	482	2221.01	2151.75	2186.38	2370.99	2071.03	2305.03	1998.47	2184.73
spe	483	447	2221.01	2113.215	2167.1125	2370.99	2071.03	2272.38	1954.05	2162.52
los	447	446	2113.215	1951.09	2032.1525	2272.38	1954.05	2125.17	1777.01	2024.695
spe	447	439	2113.215	1983.035	2048.125	2272.38	1954.05	2153.66	1812.41	2042.395
los	439	GCF.001613805.1.Bacteria.Proteobacteria	1983.035	0.0	991.5175	2153.66	1812.41	0.0	0.0	1076.83
spe	513	512	2253.55	2172.63	2213.09	2403.09	2104.01	2326.95	2018.31	2210.7
los	512	486	2172.63	1956.2	2064.415	2326.95	2018.31	2130.74	1781.66	2054.305
dup	512	511	2172.63	2112.01	2142.32	2326.95	2018.31	2268.74	1955.28	2141.115
spe	512	511	2172.63	2112.01	2142.32	2326.95	2018.31	2268.74	1955.28	2141.115
los	511	489	2112.01	1797.555	1954.7825	2268.74	1955.28	1997.49	1597.62	1933.18
spe	511	510	2112.01	2056.505	2084.2575	2268.74	1955.28	2217.29	1895.72	2082.23
los	510	509	2056.505	1977.465	2016.985	2217.29	1895.72	2143.57	1811.36	2014.325
spe	510	492	2056.505	1826.375	1941.44	2217.29	1895.72	2015.92	1636.83	1927.06
los	492	GCF.002798435.1.Bacteria.Proteobacteria	1826.375	0.0	913.1875	2015.92	1636.83	0.0	0.0	1007.96
spe	512	511	2172.63	2112.01	2142.32	2326.95	2018.31	2268.74	1955.28	2141.115
spe	511	510	2112.01	2056.505	2084.2575	2268.74	1955.28	2217.29	1895.72	2082.23
los	510	509	2056.505	1977.465	2016.985	2217.29	1895.72	2143.57	1811.36	2014.325
spe	510	492	2056.505	1826.375	1941.44	2217.29	1895.72	2015.92	1636.83	1927.06
los	492	GCF.900172325.1.Bacteria.Proteobacteria	1826.375	0.0	913.1875	2015.92	1636.83	0.0	0.0	1007.96
spe	511	489	2112.01	1797.555	1954.7825	2268.74	1955.28	1997.49	1597.62	1933.18
los	489	GCA.002701885.1.Bacteria.Proteobacteria	1797.555	0.0	898.7775	1997.49	1597.62	0.0	0.0	998.745
hgt	None	dead	0.0	0.0	0.0	0.0	0.0	0.0	0.0	0.0
spe	515	514	2401.52	2299.515	2350.5175	2548.4	2254.64	2448.11	2150.92	2349.66
spe	514	513	2299.515	2253.55	2276.5325	2448.11	2150.92	2403.09	2104.01	2276.06
spe	513	512	2253.55	2172.63	2213.09	2403.09	2104.01	2326.95	2018.31	2210.7
los	512	486	2172.63	1956.2	2064.415	2326.95	2018.31	2130.74	1781.66	2054.305
spe	512	511	2172.63	2112.01	2142.32	2326.95	2018.31	2268.74	1955.28	2141.115
los	511	489	2112.01	1797.555	1954.7825	2268.74	1955.28	1997.49	1597.62	1933.18
spe	511	510	2112.01	2056.505	2084.2575	2268.74	1955.28	2217.29	1895.72	2082.23
los	510	492	2056.505	1826.375	1941.44	2217.29	1895.72	2015.92	1636.83	1927.06
spe	510	509	2056.505	1977.465	2016.985	2217.29	1895.72	2143.57	1811.36	2014.325
spe	509	495	1977.465	1736.875	1857.17	2143.57	1811.36	1936.33	1537.42	1840.495
los	495	GCF.003173035.1.Bacteria.Proteobacteria	1736.875	0.0	868.4375	1936.33	1537.42	0.0	0.0	968.165
spe	509	508	1977.465	1872.275	1924.87	2143.57	1811.36	2045.43	1699.12	1921.345
hgt	552	GCF.001614315.2.Bacteria.Proteobacteria	1988.77	0.0	994.385	2174.6	1802.94	0.0	0.0	1087.3
los	508	498	1872.275	1734.36	1803.3175	2045.43	1699.12	1926.5	1542.22	1793.825
spe	508	507	1872.275	1662.025	1767.15	2045.43	1699.12	1849.48	1474.57	1760.0
los	507	503	1662.025	1517.515	1589.77	1849.48	1474.57	1721.78	1313.25	1581.365
spe	507	506	1662.025	1610.765	1636.395	1849.48	1474.57	1805.19	1416.34	1632.91
los	506	GCA.002480495.1.Bacteria.Proteobacteria	1610.765	0.0	805.3825	1805.19	1416.34	0.0	0.0	902.595
spe	513	483	2253.55	2221.01	2237.28	2403.09	2104.01	2370.99	2071.03	2237.06
spe	483	482	2221.01	2151.75	2186.38	2370.99	2071.03	2305.03	1998.47	2184.73
los	482	481	2151.75	2091.815	2121.7825	2305.03	1998.47	2249.28	1934.35	2119.69
spe	482	458	2151.75	2053.74	2102.745	2305.03	1998.47	2214.88	1892.6	2098.815
los	458	GCA.002340345.1.Bacteria.Proteobacteria	2053.74	0.0	1026.87	2214.88	1892.6	0.0	0.0	1107.44
spe	458	456	2053.74	1898.57	1976.155	2214.88	1892.6	2073.0	1724.14	1969.51
los	456	455	1898.57	1531.25	1714.91	2073.0	1724.14	1740.35	1322.15	1697.575
spe	483	447	2221.01	2113.215	2167.1125	2370.99	2071.03	2272.38	1954.05	2162.52
los	447	439	2113.215	1983.035	2048.125	2272.38	1954.05	2153.66	1812.41	2042.395
spe	447	446	2113.215	1951.09	2032.1525	2272.38	1954.05	2125.17	1777.01	2024.695
spe	446	445	1951.09	1836.495	1893.7925	2125.17	1777.01	2032.31	1640.68	1882.925
los	445	444	1836.495	1669.2	1752.8475	2032.31	1640.68	1892.76	1445.64	1738.975
hgt	None	dead	0.0	0.0	0.0	0.0	0.0	0.0	0.0	0.0
dup	514	436	2299.515	2217.14	2258.3275	2448.11	2150.92	2372.03	2062.25	2255.18
spe	514	436	2299.515	2217.14	2258.3275	2448.11	2150.92	2372.03	2062.25	2255.18
spe	436	435	2217.14	2071.245	2144.1925	2372.03	2062.25	2233.96	1908.53	2140.28
los	435	434	2071.245	1886.935	1979.09	2233.96	1908.53	2078.21	1695.66	1964.81
hgt	444	GCA.002686135.1.Bacteria.Proteobacteria	1669.2	0.0	834.6	1892.76	1445.64	0.0	0.0	946.38
hgt	453	GCA.003280605.1.Bacteria.Proteobacteria	1231.6385	0.0	615.81925	1464.03	999.247	0.0	0.0	732.015
los	436	GCA.002722885.1.Bacteria.Proteobacteria	2217.14	0.0	1108.57	2372.03	2062.25	0.0	0.0	1186.015
spe	514	436	2299.515	2217.14	2258.3275	2448.11	2150.92	2372.03	2062.25	2255.18
hgt	542	GCA.002631715.1.Bacteria.Proteobacteria	2266.915	0.0	1133.4575	2432.28	2101.55	0.0	0.0	1216.14
spe	436	435	2217.14	2071.245	2144.1925	2372.03	2062.25	2233.96	1908.53	2140.28
spe	435	434	2071.245	1886.935	1979.09	2233.96	1908.53	2078.21	1695.66	1964.81
hgt	796	GCA.002238415.1.Bacteria.Desulfobacterota.B	2368.175	0.0	1184.0875	2549.94	2186.41	0.0	0.0	1274.97
hgt	581	GCA.002868855.1.Bacteria.Proteobacteria	1845.545	0.0	922.7725	2033.36	1657.73	0.0	0.0	1016.68
hgt	560	GCA.001735895.1.Bacteria.Proteobacteria	2138.97	0.0	1069.485	2303.08	1974.86	0.0	0.0	1151.54
hgt	453	GCA.002457765.1.Bacteria.Proteobacteria	1231.6385	0.0	615.81925	1464.03	999.247	0.0	0.0	732.015
hgt	551	GCA.002746645.1.Bacteria.Proteobacteria	1711.785	0.0	855.8925	1939.79	1483.78	0.0	0.0	969.895
hgt	463	462	1889.86	1641.635	1765.7475	2062.81	1716.91	1844.48	1438.79	1750.8
los	435	GCA.006969625.1.Bacteria.Proteobacteria	2071.245	0.0	1035.6225	2233.96	1908.53	0.0	0.0	1116.98
spe	463	462	1889.86	1641.635	1765.7475	2062.81	1716.91	1844.48	1438.79	1750.8
dup	None	dead	0.0	0.0	0.0	0.0	0.0	0.0	0.0	0.0
hgt	498	GCA.002731375.1.Bacteria.Proteobacteria	1734.36	0.0	867.18	1926.5	1542.22	0.0	0.0	963.25
los	None	dead	0.0	0.0	0.0	0.0	0.0	0.0	0.0	0.0
hgt	415	GCA.002717245.1.Bacteria.Proteobacteria	1888.055	0.0	944.0275	2082.43	1693.68	0.0	0.0	1041.215
los	None	dead	0.0	0.0	0.0	0.0	0.0	0.0	0.0	0.0
hgt	603	602	2200.665	2136.455	2168.56	2350.69	2050.64	2288.0	1984.91	2167.8
los	None	dead	0.0	0.0	0.0	0.0	0.0	0.0	0.0	0.0
spe	603	602	2200.665	2136.455	2168.56	2350.69	2050.64	2288.0	1984.91	2167.8
spe	602	592	2136.455	1879.945	2008.2	2288.0	1984.91	2061.78	1698.11	1993.055
los	592	GCF.001720165.1.Bacteria.Proteobacteria	1879.945	0.0	939.9725	2061.78	1698.11	0.0	0.0	1030.89
spe	602	601	2136.455	2005.515	2070.985	2288.0	1984.91	2169.0	1842.03	2065.015
los	601	595	2005.515	1816.095	1910.805	2169.0	1842.03	2002.91	1629.28	1899.14
spe	601	600	2005.515	1814.2	1909.8575	2169.0	1842.03	1996.49	1631.91	1900.455
los	600	598	1814.2	1497.41	1655.805	1996.49	1631.91	1713.35	1281.47	1638.98
hgt	None	dead	0.0	0.0	0.0	0.0	0.0	0.0	0.0	0.0
hgt	198	GCA.002478245.1.Bacteria.UBP18	2808.635	0.0	1404.3175	2991.51	2625.76	0.0	0.0	1495.755
los	None	dead	0.0	0.0	0.0	0.0	0.0	0.0	0.0	0.0
spe	901	900	3194.215	3136.94	3165.5775	3337.52	3050.91	3280.99	2992.89	3165.205
spe	900	899	3136.94	3089.895	3113.4175	3280.99	2992.89	3234.81	2944.98	3112.985
los	899	743	3089.895	3035.675	3062.785	3234.81	2944.98	3181.51	2889.84	3062.325
spe	899	898	3089.895	3060.73	3075.3125	3234.81	2944.98	3206.1	2915.36	3075.085
spe	898	756	3060.73	2888.115	2974.4225	3206.1	2915.36	3046.49	2729.74	2967.92
spe	756	754	2888.115	2746.525	2817.32	3046.49	2729.74	2912.14	2580.91	2813.7
hgt	895	GCA.002897695.1.Bacteria.BMS3Abin14	2668.13	0.0	1334.065	2862.76	2473.5	0.0	0.0	1431.38
los	754	753	2746.525	2583.27	2664.8975	2912.14	2580.91	2768.8	2397.74	2654.94
spe	754	746	2746.525	2548.44	2647.4825	2912.14	2580.91	2767.72	2329.16	2620.65
los	746	GCA.002238965.1.Bacteria.UBA8248	2548.44	0.0	1274.22	2767.72	2329.16	0.0	0.0	1383.86
spe	898	897	3060.73	3021.29	3041.01	3206.1	2915.36	3166.46	2876.12	3041.11
spe	897	896	3021.29	2913.21	2967.25	3166.46	2876.12	3068.25	2758.17	2962.315
spe	896	895	2913.21	2668.13	2790.67	3068.25	2758.17	2862.76	2473.5	2770.875
los	895	GCA.002897695.1.Bacteria.BMS3Abin14	2668.13	0.0	1334.065	2862.76	2473.5	0.0	0.0	1431.38
hgt	229	GCA.002791075.1.Bacteria.Ratteibacteria	2859.92	0.0	1429.96	3019.94	2699.9	0.0	0.0	1509.97
hgt	None	dead	0.0	0.0	0.0	0.0	0.0	0.0	0.0	0.0
hgt	1191	GCA.002408345.1.Bacteria.Firmicutes.G	2563.43	0.0	1281.715	2804.32	2322.54	0.0	0.0	1402.16
los	None	dead	0.0	0.0	0.0	0.0	0.0	0.0	0.0	0.0
hgt	None	dead	0.0	0.0	0.0	0.0	0.0	0.0	0.0	0.0
los	896	892	2913.21	2624.55	2768.88	3068.25	2758.17	2832.73	2416.37	2742.31
hgt	873	871	2374.525	2172.555	2273.54	2555.16	2193.89	2382.24	1962.87	2259.015
los	None	dead	0.0	0.0	0.0	0.0	0.0	0.0	0.0	0.0
spe	873	871	2374.525	2172.555	2273.54	2555.16	2193.89	2382.24	1962.87	2259.015
hgt	383	GCA.001829315.1.Bacteria.Spirochaetota	2480.61	0.0	1240.305	2682.35	2278.87	0.0	0.0	1341.175
hgt	834	GCA.001798605.1.Bacteria.Myxococcota	2442.985	0.0	1221.4925	2611.91	2274.06	0.0	0.0	1305.955
hgt	941	GCA.003477045.1.Bacteria.Delongbacteria	2724.93	0.0	1362.465	2892.99	2556.87	0.0	0.0	1446.495
hgt	849	GCA.001896555.1.Bacteria.Desulfobacterota	2490.935	0.0	1245.4675	2688.39	2293.48	0.0	0.0	1344.195
hgt	376	GCA.002418835.1.Bacteria.Spirochaetota	2638.94	0.0	1319.47	2822.05	2455.83	0.0	0.0	1411.025
hgt	1058	GCF.000233775.1.Bacteria.Synergistota	2874.585	0.0	1437.2925	3067.3	2681.87	0.0	0.0	1533.65
hgt	877	GCF.000620765.1.Bacteria.Desulfobacterota.I	2406.095	0.0	1203.0475	2589.76	2222.43	0.0	0.0	1294.88
hgt	395	GCA.002402635.1.Bacteria.Deferribacterota	2049.66	0.0	1024.83	2351.06	1748.26	0.0	0.0	1175.53
hgt	686	GCA.002451015.1.Bacteria.Acidobacteriota	2295.75	0.0	1147.875	2486.27	2105.23	0.0	0.0	1243.135
hgt	1215	GCA.003070825.1.Bacteria.Firmicutes.F	2030.585	0.0	1015.2925	2340.81	1720.36	0.0	0.0	1170.405
hgt	188	GCA.001787855.1.Bacteria.Riflebacteria	3243.0	0.0	1621.5	3424.72	3061.28	0.0	0.0	1712.36
hgt	400	GCA.002401295.1.Bacteria.SAR324	2693.845	0.0	1346.9225	2881.53	2506.16	0.0	0.0	1440.765
hgt	None	dead	0.0	0.0	0.0	0.0	0.0	0.0	0.0	0.0
hgt	924	GCA.003221825.1.Bacteria.Gemmatimonadota	2422.26	0.0	1211.13	2682.06	2162.46	0.0	0.0	1341.03
los	None	dead	0.0	0.0	0.0	0.0	0.0	0.0	0.0	0.0
spe	897	889	3021.29	2916.985	2969.1375	3166.46	2876.12	3062.93	2771.04	2968.75
spe	889	888	2916.985	2827.975	2872.48	3062.93	2771.04	2977.09	2678.86	2870.895
spe	888	854	2827.975	2738.145	2783.06	2977.09	2678.86	2894.15	2582.14	2779.615
los	854	853	2738.145	2576.375	2657.26	2894.15	2582.14	2761.44	2391.31	2642.73
spe	854	850	2738.145	2713.455	2725.8	2894.15	2582.14	2872.64	2554.27	2724.21
los	850	846	2713.455	2541.4	2627.4275	2872.64	2554.27	2725.16	2357.64	2615.14
spe	850	849	2713.455	2490.935	2602.195	2872.64	2554.27	2688.39	2293.48	2583.06
los	849	GCA.001896555.1.Bacteria.Desulfobacterota	2490.935	0.0	1245.4675	2688.39	2293.48	0.0	0.0	1344.195
hgt	None	dead	0.0	0.0	0.0	0.0	0.0	0.0	0.0	0.0
los	888	887	2827.975	2727.215	2777.595	2977.09	2678.86	2881.55	2572.88	2774.985
hgt	603	602	2200.665	2136.455	2168.56	2350.69	2050.64	2288.0	1984.91	2167.8
los	None	dead	0.0	0.0	0.0	0.0	0.0	0.0	0.0	0.0
spe	603	602	2200.665	2136.455	2168.56	2350.69	2050.64	2288.0	1984.91	2167.8
spe	602	592	2136.455	1879.945	2008.2	2288.0	1984.91	2061.78	1698.11	1993.055
los	592	GCF.000024725.1.Bacteria.Proteobacteria	1879.945	0.0	939.9725	2061.78	1698.11	0.0	0.0	1030.89
spe	602	601	2136.455	2005.515	2070.985	2288.0	1984.91	2169.0	1842.03	2065.015
los	601	600	2005.515	1814.2	1909.8575	2169.0	1842.03	1996.49	1631.91	1900.455
spe	601	595	2005.515	1816.095	1910.805	2169.0	1842.03	2002.91	1629.28	1899.14
hgt	397	GCF.000526155.1.Bacteria.Desulfobacterota	3038.98	0.0	1519.49	3186.65	2891.31	0.0	0.0	1593.325
spe	889	843	2916.985	2862.71	2889.8475	3062.93	2771.04	3010.27	2715.15	2889.04
los	843	783	2862.71	2802.765	2832.7375	3010.27	2715.15	2953.24	2652.29	2831.28
spe	843	842	2862.71	2805.65	2834.18	3010.27	2715.15	2954.3	2657.0	2833.635
spe	842	798	2805.65	2657.78	2731.715	2954.3	2657.0	2816.13	2499.43	2726.865
hgt	1116	GCA.002435745.1.Bacteria.UBP15	2746.26	0.0	1373.13	2951.68	2540.84	0.0	0.0	1475.84
los	798	786	2657.78	2388.665	2523.2225	2816.13	2499.43	2592.48	2184.85	2500.49
spe	798	797	2657.78	2488.59	2573.185	2816.13	2499.43	2661.77	2315.41	2565.77
los	797	GCA.002311335.1.Bacteria.Desulfobacterota.B	2488.59	0.0	1244.295	2661.77	2315.41	0.0	0.0	1330.885
spe	797	796	2488.59	2368.175	2428.3825	2661.77	2315.41	2549.94	2186.41	2424.09
los	796	GCA.002238415.1.Bacteria.Desulfobacterota.B	2368.175	0.0	1184.0875	2549.94	2186.41	0.0	0.0	1274.97
spe	796	795	2368.175	2229.875	2299.025	2549.94	2186.41	2422.94	2036.81	2293.375
los	795	794	2229.875	2136.5	2183.1875	2422.94	2036.81	2343.87	1929.13	2176.035
spe	795	791	2229.875	2015.09	2122.4825	2422.94	2036.81	2237.3	1792.88	2107.91
los	791	GCA.002050235.1.Bacteria.Desulfobacterota.B	2015.09	0.0	1007.545	2237.3	1792.88	0.0	0.0	1118.65
spe	842	841	2805.65	2762.435	2784.0425	2954.3	2657.0	2914.26	2610.61	2782.455
hgt	None	dead	0.0	0.0	0.0	0.0	0.0	0.0	0.0	0.0
los	841	840	2762.435	2651.205	2706.82	2914.26	2610.61	2807.06	2495.35	2704.805
hgt	746	GCA.002238965.1.Bacteria.UBA8248	2548.44	0.0	1274.22	2767.72	2329.16	0.0	0.0	1383.86
los	None	dead	0.0	0.0	0.0	0.0	0.0	0.0	0.0	0.0
spe	841	801	2762.435	2578.84	2670.6375	2914.26	2610.61	2754.6	2403.08	2658.67
hgt	857	GCA.002010915.1.Bacteria.Desulfobacterota	2515.41	0.0	1257.705	2699.69	2331.13	0.0	0.0	1349.845
los	801	GCA.002328485.1.Bacteria.Desulfobacterota.G	2578.84	0.0	1289.42	2754.6	2403.08	0.0	0.0	1377.3
hgt	668	GCA.001775755.1.Bacteria.Acidobacteriota	2182.81	0.0	1091.405	2412.62	1953.0	0.0	0.0	1206.31
spe	900	716	3136.94	2935.17	3036.055	3280.99	2992.89	3084.96	2785.38	3033.185
hgt	None	dead	0.0	0.0	0.0	0.0	0.0	0.0	0.0	0.0
hgt	359	GCA.001302825.1.Bacteria.Planctomycetota	2462.325	0.0	1231.1625	2655.98	2268.67	0.0	0.0	1327.99
los	None	dead	0.0	0.0	0.0	0.0	0.0	0.0	0.0	0.0
hgt	None	dead	0.0	0.0	0.0	0.0	0.0	0.0	0.0	0.0
los	716	715	2935.17	2853.34	2894.255	3084.96	2785.38	3005.21	2701.47	2893.215
hgt	651	533	2583.355	2458.635	2520.995	2725.11	2441.6	2609.15	2308.12	2516.615
los	None	dead	0.0	0.0	0.0	0.0	0.0	0.0	0.0	0.0
spe	651	533	2583.355	2458.635	2520.995	2725.11	2441.6	2609.15	2308.12	2516.615
spe	533	532	2458.635	2186.645	2322.64	2609.15	2308.12	2379.45	1993.84	2301.495
los	532	GCA.002405475.1.Bacteria.Proteobacteria	2186.645	0.0	1093.3225	2379.45	1993.84	0.0	0.0	1189.725
spe	533	529	2458.635	2307.945	2383.29	2609.15	2308.12	2475.73	2140.16	2374.655
hgt	400	GCA.002707655.1.Bacteria.SAR324	2693.845	0.0	1346.9225	2881.53	2506.16	0.0	0.0	1440.765
los	529	GCA.002451085.1.Bacteria.Proteobacteria	2307.945	0.0	1153.9725	2475.73	2140.16	0.0	0.0	1237.865
hgt	598	GCA.002292285.1.Bacteria.Proteobacteria	1497.41	0.0	748.705	1713.35	1281.47	0.0	0.0	856.675
spe	716	670	2935.17	2753.645	2844.4075	3084.96	2785.38	2923.59	2583.7	2834.33
hgt	1029	GCA.001777915.1.Bacteria.Edwardsbacteria	2585.52	0.0	1292.76	2790.7	2380.34	0.0	0.0	1395.35
los	670	GCA.002898535.1.Bacteria.Acidobacteriota	2753.645	0.0	1376.8225	2923.59	2583.7	0.0	0.0	1461.795
spe	670	669	2753.645	2395.145	2574.395	2923.59	2583.7	2603.05	2187.24	2555.415
hgt	198	GCA.001871015.1.Bacteria.Desantisbacteria	2808.635	0.0	1404.3175	2991.51	2625.76	0.0	0.0	1495.755
los	669	668	2395.145	2182.81	2288.9775	2603.05	2187.24	2412.62	1953.0	2278.025
hgt	241	GCA.002841695.1.Bacteria.Elusimicrobiota	2226.475	0.0	1113.2375	2413.27	2039.68	0.0	0.0	1206.635
hgt	None	dead	0.0	0.0	0.0	0.0	0.0	0.0	0.0	0.0
hgt	1470	GCF.000025005.1.Bacteria.Chloroflexota	2595.865	0.0	1297.9325	2779.45	2412.28	0.0	0.0	1389.725
los	None	dead	0.0	0.0	0.0	0.0	0.0	0.0	0.0	0.0
spe	179	178	3169.885	3109.52	3139.7025	3333.21	3006.56	3270.62	2948.42	3140.815
spe	178	32	3109.52	2887.43	2998.475	3270.62	2948.42	3067.58	2707.28	2988.95
spe	32	31	2887.43	2641.745	2764.5875	3067.58	2707.28	2838.14	2445.35	2756.465
los	31	29	2641.745	2305.1	2473.4225	2838.14	2445.35	2555.27	2054.93	2446.535
dup	31	GCA.001723855.1.Archaea.Altiarchaeota	2641.745	0.0	1320.8725	2838.14	2445.35	0.0	0.0	1419.07
hgt	89	88	2320.405	2221.93	2271.1675	2487.89	2152.92	2396.19	2047.67	2267.78
los	32	26	2887.43	905.1525	1896.29125	3067.58	2707.28	1279.15	531.155	1799.3675
spe	89	88	2320.405	2221.93	2271.1675	2487.89	2152.92	2396.19	2047.67	2267.78
spe	88	87	2221.93	2144.39	2183.16	2396.19	2047.67	2323.79	1964.99	2180.59
los	87	GCA.002256595.1.Archaea.Halobacteriota	2144.39	0.0	1072.195	2323.79	1964.99	0.0	0.0	1161.895
spe	87	86	2144.39	2014.745	2079.5675	2323.79	1964.99	2208.35	1821.14	2072.465
los	86	GCA.001412335.1.Archaea.Halobacteriota	2014.745	0.0	1007.3725	2208.35	1821.14	0.0	0.0	1104.175
spe	86	84	2014.745	1868.445	1941.595	2208.35	1821.14	2080.58	1656.31	1932.33
los	84	GCF.000970205.1.Archaea.Halobacteriota	1868.445	0.0	934.2225	2080.58	1656.31	0.0	0.0	1040.29
hgt	1090	1088	3052.03	2199.325	2625.6775	3225.98	2878.08	2463.66	1934.99	2580.485
spe	88	80	2221.93	2032.885	2127.4075	2396.19	2047.67	2234.17	1831.6	2113.895
los	80	GCA.003158275.1.Archaea.Halobacteriota	2032.885	0.0	1016.4425	2234.17	1831.6	0.0	0.0	1117.085
spe	1090	1088	3052.03	2199.325	2625.6775	3225.98	2878.08	2463.66	1934.99	2580.485
spe	1088	1087	2199.325	1892.775	2046.05	2463.66	1934.99	2196.66	1588.89	2026.275
los	1087	GCA.001778455.1.Bacteria.Bipolaricaulota	1892.775	0.0	946.3875	2196.66	1588.89	0.0	0.0	1098.33
spe	178	177	3109.52	2987.475	3048.4975	3270.62	2948.42	3145.38	2829.57	3050.095
spe	177	95	2987.475	2895.515	2941.495	3145.38	2829.57	3052.55	2738.48	2941.93
los	95	39	2895.515	2772.035	2833.775	3052.55	2738.48	2935.32	2608.75	2830.65
spe	95	94	2895.515	2874.54	2885.0275	3052.55	2738.48	3031.65	2717.43	2884.99
los	94	93	2874.54	2781.775	2828.1575	3031.65	2717.43	2937.35	2626.2	2828.925
spe	94	42	2874.54	2631.08	2752.81	3031.65	2717.43	2832.32	2429.84	2730.745
los	42	GCA.002502135.1.Archaea.Undinarchaeota	2631.08	0.0	1315.54	2832.32	2429.84	0.0	0.0	1416.16
spe	177	176	2987.475	2870.105	2928.79	3145.38	2829.57	3029.57	2710.64	2928.01
spe	176	140	2870.105	2794.965	2832.535	3029.57	2710.64	2954.89	2635.04	2832.305
spe	140	139	2794.965	2746.6	2770.7825	2954.89	2635.04	2906.36	2586.84	2770.865
los	139	109	2746.6	2611.625	2679.1125	2906.36	2586.84	2779.64	2443.61	2674.985
spe	139	138	2746.6	2683.72	2715.16	2906.36	2586.84	2844.85	2522.59	2714.475
los	138	137	2683.72	2562.75	2623.235	2844.85	2522.59	2734.97	2390.53	2617.69
spe	138	124	2683.72	2576.715	2630.2175	2844.85	2522.59	2744.68	2408.75	2626.8
los	124	GCA.002495485.1.Archaea.Thermoproteota	2576.715	0.0	1288.3575	2744.68	2408.75	0.0	0.0	1372.34
spe	124	123	2576.715	2509.405	2543.06	2744.68	2408.75	2676.61	2342.2	2543.44
spe	123	122	2509.405	2416.7	2463.0525	2676.61	2342.2	2593.5	2239.9	2458.255
spe	122	121	2416.7	2129.565	2273.1325	2593.5	2239.9	2347.3	1911.83	2252.665
los	121	GCA.001775995.1.Archaea.Thermoproteota	2129.565	0.0	1064.7825	2347.3	1911.83	0.0	0.0	1173.65
spe	122	118	2416.7	2278.345	2347.5225	2593.5	2239.9	2478.81	2077.88	2335.69
spe	118	116	2278.345	1726.54	2002.4425	2478.81	2077.88	2006.45	1446.63	1962.72
los	116	GCA.001593875.1.Archaea.Thermoproteota	1726.54	0.0	863.27	2006.45	1446.63	0.0	0.0	1003.225
hgt	38	GCA.001515205.2.Archaea.Hadarchaeota	2538.31	0.0	1269.155	2727.65	2348.97	0.0	0.0	1363.825
spe	123	113	2509.405	2352.095	2430.75	2676.61	2342.2	2536.91	2167.28	2421.945
hgt	47	GCA.002494765.1.Archaea.Thermoplasmatota	2175.095	0.0	1087.5475	2371.63	1978.56	0.0	0.0	1185.815
los	113	GCA.002255025.1.Archaea.Thermoproteota	2352.095	0.0	1176.0475	2536.91	2167.28	0.0	0.0	1268.455
hgt	130	128	2259.135	1456.455	1857.795	2456.17	2062.1	1742.17	1170.74	1813.455
spe	130	128	2259.135	1456.455	1857.795	2456.17	2062.1	1742.17	1170.74	1813.455
hgt	None	dead	0.0	0.0	0.0	0.0	0.0	0.0	0.0	0.0
hgt	88	87	2221.93	2144.39	2183.16	2396.19	2047.67	2323.79	1964.99	2180.59
los	None	dead	0.0	0.0	0.0	0.0	0.0	0.0	0.0	0.0
spe	88	87	2221.93	2144.39	2183.16	2396.19	2047.67	2323.79	1964.99	2180.59
spe	87	86	2144.39	2014.745	2079.5675	2323.79	1964.99	2208.35	1821.14	2072.465
los	86	GCA.001412335.1.Archaea.Halobacteriota	2014.745	0.0	1007.3725	2208.35	1821.14	0.0	0.0	1104.175
spe	86	84	2014.745	1868.445	1941.595	2208.35	1821.14	2080.58	1656.31	1932.33
los	84	GCF.000011005.1.Archaea.Euryarchaeota	1868.445	0.0	934.2225	2080.58	1656.31	0.0	0.0	1040.29
hgt	1431	1427	2900.705	2775.63	2838.1675	3055.74	2745.67	2935.39	2615.87	2835.805
los	140	GCF.000019605.1.Archaea.Thermoproteota	2794.965	0.0	1397.4825	2954.89	2635.04	0.0	0.0	1477.445
spe	1431	1427	2900.705	2775.63	2838.1675	3055.74	2745.67	2935.39	2615.87	2835.805
spe	1427	1413	2775.63	2608.425	2692.0275	2935.39	2615.87	2782.72	2434.13	2684.76
los	1413	1399	2608.425	2391.86	2500.1425	2782.72	2434.13	2619.19	2164.53	2473.625
spe	1413	1412	2608.425	2456.73	2532.5775	2782.72	2434.13	2635.79	2277.67	2530.195
los	1412	1408	2456.73	2414.235	2435.4825	2635.79	2277.67	2597.86	2230.61	2433.2
spe	1412	1411	2456.73	2250.5	2353.615	2635.79	2277.67	2459.44	2041.56	2338.675
los	1411	GCA.002450515.1.Bacteria.Chloroflexota	2250.5	0.0	1125.25	2459.44	2041.56	0.0	0.0	1229.72
spe	1427	1426	2775.63	2665.03	2720.33	2935.39	2615.87	2834.44	2495.62	2715.505
hgt	1016	GCA.002414865.1.Bacteria.Fermentibacterota	2781.455	0.0	1390.7275	2957.96	2604.95	0.0	0.0	1478.98
los	1426	1425	2665.03	2515.535	2590.2825	2834.44	2495.62	2693.95	2337.12	2585.78
spe	176	175	2870.105	2794.775	2832.44	3029.57	2710.64	2957.01	2632.54	2831.055
spe	175	143	2794.775	2511.185	2652.98	2957.01	2632.54	2712.39	2309.98	2633.495
los	143	GCA.001563325.1.Archaea.Asgardarchaeota	2511.185	0.0	1255.5925	2712.39	2309.98	0.0	0.0	1356.195
spe	175	174	2794.775	2722.305	2758.54	2957.01	2632.54	2888.31	2556.3	2756.655
spe	174	173	2722.305	2663.205	2692.755	2888.31	2556.3	2836.93	2489.48	2688.895
hgt	1273	GCF.000166335.1.Bacteria.Firmicutes.A	2658.63	0.0	1329.315	2811.6	2505.66	0.0	0.0	1405.8
los	173	172	2663.205	1793.615	2228.41	2836.93	2489.48	1989.34	1597.89	2217.41
spe	173	151	2663.205	2556.275	2609.74	2836.93	2489.48	2731.6	2380.95	2608.94
hgt	None	dead	0.0	0.0	0.0	0.0	0.0	0.0	0.0	0.0
los	151	150	2556.275	2169.605	2362.94	2731.6	2380.95	2389.82	1949.39	2340.495
hgt	65	GCA.001800745.1.Archaea.Thermoplasmatota	1926.01	0.0	963.005	2135.57	1716.45	0.0	0.0	1067.785
los	None	dead	0.0	0.0	0.0	0.0	0.0	0.0	0.0	0.0
spe	151	147	2556.275	2281.01	2418.6425	2731.6	2380.95	2488.59	2073.43	2402.515
los	147	GCA.001940755.1.Archaea.Asgardarchaeota	2281.01	0.0	1140.505	2488.59	2073.43	0.0	0.0	1244.295
hgt	107	GCA.001717025.1.Archaea.Thermoproteota	2229.765	0.0	1114.8825	2447.7	2011.83	0.0	0.0	1223.85
hgt	121	GCA.001775995.1.Archaea.Thermoproteota	2129.565	0.0	1064.7825	2347.3	1911.83	0.0	0.0	1173.65
hgt	None	dead	0.0	0.0	0.0	0.0	0.0	0.0	0.0	0.0
hgt	150	GCA.001940645.1.Archaea.Asgardarchaeota	2169.605	0.0	1084.8025	2389.82	1949.39	0.0	0.0	1194.91
los	None	dead	0.0	0.0	0.0	0.0	0.0	0.0	0.0	0.0
spe	1393	1392	3339.09	3284.295	3311.6925	3482.84	3195.34	3427.25	3141.34	3312.09
spe	1392	1391	3284.295	3133.07	3208.6825	3427.25	3141.34	3276.23	2989.91	3208.58
spe	1391	1390	3133.07	3070.6	3101.835	3276.23	2989.91	3212.43	2928.77	3102.5
spe	1390	1389	3070.6	3027.58	3049.09	3212.43	2928.77	3169.39	2885.77	3049.1
los	1389	1237	3027.58	2784.985	2906.2825	3169.39	2885.77	2940.94	2629.03	2899.21
spe	1389	1388	3027.58	2941.055	2984.3175	3169.39	2885.77	3082.24	2799.87	2984.63
los	1388	1274	2941.055	2802.895	2871.975	3082.24	2799.87	2951.21	2654.58	2868.41
spe	1388	1387	2941.055	2902.155	2921.605	3082.24	2799.87	3045.04	2759.27	2920.755
los	1387	1386	2902.155	2794.775	2848.465	3045.04	2759.27	2939.61	2649.94	2847.49
spe	1387	1327	2902.155	2828.71	2865.4325	3045.04	2759.27	2972.74	2684.68	2864.86
los	1327	1326	2828.71	2719.225	2773.9675	2972.74	2684.68	2868.22	2570.23	2771.485
spe	1327	1289	2828.71	2635.61	2732.16	2972.74	2684.68	2795.95	2475.27	2724.005
los	1289	1288	2635.61	2207.725	2421.6675	2795.95	2475.27	2392.63	2022.82	2409.385
spe	1390	1218	3070.6	2947.155	3008.8775	3212.43	2928.77	3097.7	2796.61	3004.52
spe	1218	1216	2947.155	2550.05	2748.6025	3097.7	2796.61	2764.74	2335.36	2716.53
los	1216	1215	2550.05	2030.585	2290.3175	2764.74	2335.36	2340.81	1720.36	2242.55
hgt	None	dead	0.0	0.0	0.0	0.0	0.0	0.0	0.0	0.0
los	1391	1211	3133.07	3013.88	3073.475	3276.23	2989.91	3161.44	2866.32	3071.275
hgt	1476	1454	2948.885	2633.59	2791.2375	3099.11	2798.66	2806.22	2460.96	2780.035
los	None	dead	0.0	0.0	0.0	0.0	0.0	0.0	0.0	0.0
spe	1476	1454	2948.885	2633.59	2791.2375	3099.11	2798.66	2806.22	2460.96	2780.035
spe	1454	1446	2633.59	2467.265	2550.4275	2806.22	2460.96	2650.86	2283.67	2544.945
los	1446	1440	2467.265	2358.68	2412.9725	2650.86	2283.67	2549.6	2167.76	2409.31
spe	1446	1445	2467.265	2304.44	2385.8525	2650.86	2283.67	2498.38	2110.5	2380.68
los	1445	GCA.003130875.1.Bacteria.Chloroflexota	2304.44	0.0	1152.22	2498.38	2110.5	0.0	0.0	1249.19
spe	1445	1444	2304.44	2137.48	2220.96	2498.38	2110.5	2354.92	1920.04	2209.21
los	1444	GCA.002366755.1.Bacteria.Chloroflexota	2137.48	0.0	1068.74	2354.92	1920.04	0.0	0.0	1177.46
spe	1454	1453	2633.59	2571.245	2602.4175	2806.22	2460.96	2752.52	2389.97	2598.095
spe	1453	1449	2571.245	2414.175	2492.71	2752.52	2389.97	2615.97	2212.38	2482.45
hgt	1437	GCF.900066015.1.Bacteria.Chloroflexota	1859.345	0.0	929.6725	2096.58	1622.11	0.0	0.0	1048.29
los	1449	GCA.002366595.1.Bacteria.Chloroflexota	2414.175	0.0	1207.0875	2615.97	2212.38	0.0	0.0	1307.985
spe	1453	1452	2571.245	2204.94	2388.0925	2752.52	2389.97	2468.84	1941.04	2346.78
spe	1392	1188	3284.295	3109.515	3196.905	3427.25	3141.34	3255.47	2963.56	3195.405
los	1188	GCA.002779205.1.Bacteria.Actinobacteriota	3109.515	0.0	1554.7575	3255.47	2963.56	0.0	0.0	1627.735
spe	1188	1187	3109.515	3068.88	3089.1975	3255.47	2963.56	3215.81	2921.95	3088.71
los	1187	1133	3068.88	2731.5	2900.19	3215.81	2921.95	2922.33	2540.67	2878.24
spe	1187	1186	3068.88	3002.725	3035.8025	3215.81	2921.95	3152.18	2853.27	3034.54
spe	1186	1136	3002.725	2691.07	2846.8975	3152.18	2853.27	2887.94	2494.2	2823.19
los	1136	GCA.003157385.1.Bacteria.Actinobacteriota	2691.07	0.0	1345.535	2887.94	2494.2	0.0	0.0	1443.97
spe	1186	1185	3002.725	2913.82	2958.2725	3152.18	2853.27	3065.51	2762.13	2957.155
los	1185	1169	2913.82	2691.26	2802.54	3065.51	2762.13	2854.89	2527.63	2796.57
spe	1185	1184	2913.82	2836.38	2875.1	3065.51	2762.13	2994.12	2678.64	2872.075
spe	1184	1183	2836.38	2457.105	2646.7425	2994.12	2678.64	2668.97	2245.24	2619.68
los	1183	GCA.000434775.1.Bacteria.Actinobacteriota	2457.105	0.0	1228.5525	2668.97	2245.24	0.0	0.0	1334.485
spe	1184	1180	2836.38	2587.79	2712.085	2994.12	2678.64	2773.12	2402.46	2698.29
los	1180	GCF.001029505.1.Bacteria.Actinobacteriota	2587.79	0.0	1293.895	2773.12	2402.46	0.0	0.0	1386.56
spe	1180	1179	2587.79	2376.455	2482.1225	2773.12	2402.46	2575.79	2177.12	2475.12
los	1179	1178	2376.455	2241.835	2309.145	2575.79	2177.12	2458.12	2025.55	2300.67
spe	1179	1173	2376.455	2194.99	2285.7225	2575.79	2177.12	2420.07	1969.91	2272.85
