event	left_node	right_node	left_date	right_date	midpoint_date	left_date_lower	left_date_upper	right_date_lower	right_date_upper	midpoint_date_all
dup	1391	1390	3133.07	3070.6	3101.835	3276.23	2989.91	3212.43	2928.77	3102.5
hgt	None	dead	0.0	0.0	0.0	0.0	0.0	0.0	0.0	0.0
dup	None	dead	0.0	0.0	0.0	0.0	0.0	0.0	0.0	0.0
hgt	736	GCA.001803795.1.Bacteria.Nitrospirota	2435.77	0.0	1217.885	2649.26	2222.28	0.0	0.0	1324.63
los	None	dead	0.0	0.0	0.0	0.0	0.0	0.0	0.0	0.0
hgt	892	GCA.001873285.1.Bacteria.CG2.30.53.67	2624.55	0.0	1312.275	2832.73	2416.37	0.0	0.0	1416.365
los	None	dead	0.0	0.0	0.0	0.0	0.0	0.0	0.0	0.0
hgt	None	dead	0.0	0.0	0.0	0.0	0.0	0.0	0.0	0.0
spe	1391	1390	3133.07	3070.6	3101.835	3276.23	2989.91	3212.43	2928.77	3102.5
spe	1390	1218	3070.6	2947.155	3008.8775	3212.43	2928.77	3097.7	2796.61	3004.52
hgt	None	dead	0.0	0.0	0.0	0.0	0.0	0.0	0.0	0.0
hgt	1347	GCF.001561915.1.Bacteria.Firmicutes	1852.54	0.0	926.27	2058.3	1646.78	0.0	0.0	1029.15
los	None	dead	0.0	0.0	0.0	0.0	0.0	0.0	0.0	0.0
spe	1218	1216	2947.155	2550.05	2748.6025	3097.7	2796.61	2764.74	2335.36	2716.53
los	1216	1215	2550.05	2030.585	2290.3175	2764.74	2335.36	2340.81	1720.36	2242.55
hgt	None	dead	0.0	0.0	0.0	0.0	0.0	0.0	0.0	0.0
los	1218	GCA.001513125.1.Bacteria.DTU030	2947.155	0.0	1473.5775	3097.7	2796.61	0.0	0.0	1548.85
hgt	1324	1323	2536.255	2478.3	2507.2775	2694.52	2377.99	2641.49	2315.11	2504.815
los	None	dead	0.0	0.0	0.0	0.0	0.0	0.0	0.0	0.0
spe	1324	1323	2536.255	2478.3	2507.2775	2694.52	2377.99	2641.49	2315.11	2504.815
spe	1323	1322	2478.3	2209.475	2343.8875	2641.49	2315.11	2414.01	2004.94	2323.215
hgt	None	dead	0.0	0.0	0.0	0.0	0.0	0.0	0.0	0.0
los	1322	GCA.001512665.1.Bacteria.Firmicutes.B	2209.475	0.0	1104.7375	2414.01	2004.94	0.0	0.0	1207.005
hgt	1382	1381	2292.545	2205.155	2248.85	2446.92	2138.17	2360.66	2049.65	2248.285
los	None	dead	0.0	0.0	0.0	0.0	0.0	0.0	0.0	0.0
spe	1382	1381	2292.545	2205.155	2248.85	2446.92	2138.17	2360.66	2049.65	2248.285
spe	1381	1351	2205.155	2134.51	2169.8325	2360.66	2049.65	2297.16	1971.86	2166.26
los	1351	1350	2134.51	1969.515	2052.0125	2297.16	1971.86	2159.85	1779.18	2038.17
spe	1351	1347	2134.51	1852.54	1993.525	2297.16	1971.86	2058.3	1646.78	1971.97
los	1347	GCF.001561915.1.Bacteria.Firmicutes	1852.54	0.0	926.27	2058.3	1646.78	0.0	0.0	1029.15
spe	1381	1380	2205.155	2120.065	2162.61	2360.66	2049.65	2280.16	1959.97	2160.315
los	1380	GCF.001049895.1.Bacteria.Firmicutes	2120.065	0.0	1060.0325	2280.16	1959.97	0.0	0.0	1140.08
spe	1380	1379	2120.065	2060.89	2090.4775	2280.16	1959.97	2221.1	1900.68	2090.42
los	1379	1378	2060.89	1789.555	1925.2225	2221.1	1900.68	1953.46	1625.65	1923.375
spe	1379	1355	2060.89	1845.21	1953.05	2221.1	1900.68	2026.05	1664.37	1942.735
spe	1323	1319	2478.3	2388.655	2433.4775	2641.49	2315.11	2562.17	2215.14	2428.315
los	1319	GCF.900100785.1.Bacteria.Firmicutes.B	2388.655	0.0	1194.3275	2562.17	2215.14	0.0	0.0	1281.085
spe	1319	1318	2388.655	2305.29	2346.9725	2562.17	2215.14	2488.59	2121.99	2342.08
los	1318	1312	2305.29	2058.365	2181.8275	2488.59	2121.99	2278.56	1838.17	2163.38
spe	1318	1317	2305.29	1778.785	2042.0375	2488.59	2121.99	2035.34	1522.23	2005.41
hgt	None	dead	0.0	0.0	0.0	0.0	0.0	0.0	0.0	0.0
hgt	1258	GCA.003527145.1.Bacteria.Firmicutes.A	2095.365	0.0	1047.6825	2279.66	1911.07	0.0	0.0	1139.83
los	None	dead	0.0	0.0	0.0	0.0	0.0	0.0	0.0	0.0
spe	1317	1315	1778.785	1580.985	1679.885	2035.34	1522.23	1858.57	1303.4	1669.37
hgt	None	dead	0.0	0.0	0.0	0.0	0.0	0.0	0.0	0.0
los	1315	GCA.002482535.1.Bacteria.Firmicutes.B	1580.985	0.0	790.4925	1858.57	1303.4	0.0	0.0	929.285
hgt	1251	GCA.900066305.1.Bacteria.Firmicutes.A	1879.525	0.0	939.7625	2105.5	1653.55	0.0	0.0	1052.75
los	None	dead	0.0	0.0	0.0	0.0	0.0	0.0	0.0	0.0
spe	1390	1389	3070.6	3027.58	3049.09	3212.43	2928.77	3169.39	2885.77	3049.1
los	1389	1388	3027.58	2941.055	2984.3175	3169.39	2885.77	3082.24	2799.87	2984.63
hgt	None	dead	0.0	0.0	0.0	0.0	0.0	0.0	0.0	0.0
spe	1389	1237	3027.58	2784.985	2906.2825	3169.39	2885.77	2940.94	2629.03	2899.21
los	1237	1236	2784.985	2683.21	2734.0975	2940.94	2629.03	2852.16	2514.26	2727.6
spe	1237	1221	2784.985	2447.11	2616.0475	2940.94	2629.03	2673.77	2220.45	2580.695
los	1221	GCA.002375895.1.Bacteria.Firmicutes.E	2447.11	0.0	1223.555	2673.77	2220.45	0.0	0.0	1336.885
hgt	198	GCA.002478245.1.Bacteria.UBP18	2808.635	0.0	1404.3175	2991.51	2625.76	0.0	0.0	1495.755
los	None	dead	0.0	0.0	0.0	0.0	0.0	0.0	0.0	0.0
hgt	177	176	2987.475	2870.105	2928.79	3145.38	2829.57	3029.57	2710.64	2928.01
los	None	dead	0.0	0.0	0.0	0.0	0.0	0.0	0.0	0.0
spe	177	176	2987.475	2870.105	2928.79	3145.38	2829.57	3029.57	2710.64	2928.01
spe	176	140	2870.105	2794.965	2832.535	3029.57	2710.64	2954.89	2635.04	2832.305
los	140	GCF.000019605.1.Archaea.Thermoproteota	2794.965	0.0	1397.4825	2954.89	2635.04	0.0	0.0	1477.445
spe	140	139	2794.965	2746.6	2770.7825	2954.89	2635.04	2906.36	2586.84	2770.865
los	139	138	2746.6	2683.72	2715.16	2906.36	2586.84	2844.85	2522.59	2714.475
hgt	None	dead	0.0	0.0	0.0	0.0	0.0	0.0	0.0	0.0
spe	139	109	2746.6	2611.625	2679.1125	2906.36	2586.84	2779.64	2443.61	2674.985
los	109	103	2611.625	2372.465	2492.045	2779.64	2443.61	2552.61	2192.32	2485.98
spe	109	108	2611.625	2433.705	2522.665	2779.64	2443.61	2622.16	2245.25	2512.445
los	108	GCF.000148385.1.Archaea.Thermoproteota	2433.705	0.0	1216.8525	2622.16	2245.25	0.0	0.0	1311.08
spe	108	107	2433.705	2229.765	2331.735	2622.16	2245.25	2447.7	2011.83	2316.995
los	107	GCA.003019535.1.Archaea.Thermoproteota	2229.765	0.0	1114.8825	2447.7	2011.83	0.0	0.0	1223.85
hgt	65	GCA.001800745.1.Archaea.Thermoplasmatota	1926.01	0.0	963.005	2135.57	1716.45	0.0	0.0	1067.785
los	None	dead	0.0	0.0	0.0	0.0	0.0	0.0	0.0	0.0
spe	176	175	2870.105	2794.775	2832.44	3029.57	2710.64	2957.01	2632.54	2831.055
hgt	None	dead	0.0	0.0	0.0	0.0	0.0	0.0	0.0	0.0
hgt	31	GCA.001723855.1.Archaea.Altiarchaeota	2641.745	0.0	1320.8725	2838.14	2445.35	0.0	0.0	1419.07
los	None	dead	0.0	0.0	0.0	0.0	0.0	0.0	0.0	0.0
spe	175	143	2794.775	2511.185	2652.98	2957.01	2632.54	2712.39	2309.98	2633.495
hgt	None	dead	0.0	0.0	0.0	0.0	0.0	0.0	0.0	0.0
los	143	GCA.001563325.1.Archaea.Asgardarchaeota	2511.185	0.0	1255.5925	2712.39	2309.98	0.0	0.0	1356.195
dup	None	dead	0.0	0.0	0.0	0.0	0.0	0.0	0.0	0.0
hgt	84	GCF.000970205.1.Archaea.Halobacteriota	1868.445	0.0	934.2225	2080.58	1656.31	0.0	0.0	1040.29
los	None	dead	0.0	0.0	0.0	0.0	0.0	0.0	0.0	0.0
dup	None	dead	0.0	0.0	0.0	0.0	0.0	0.0	0.0	0.0
hgt	236	GCA.002412545.1.Bacteria.Elusimicrobiota	2376.71	0.0	1188.355	2562.4	2191.02	0.0	0.0	1281.2
los	None	dead	0.0	0.0	0.0	0.0	0.0	0.0	0.0	0.0
hgt	1426	GCF.001953175.1.Bacteria.Chloroflexota	2665.03	0.0	1332.515	2834.44	2495.62	0.0	0.0	1417.22
los	None	dead	0.0	0.0	0.0	0.0	0.0	0.0	0.0	0.0
spe	175	174	2794.775	2722.305	2758.54	2957.01	2632.54	2888.31	2556.3	2756.655
hgt	None	dead	0.0	0.0	0.0	0.0	0.0	0.0	0.0	0.0
los	174	173	2722.305	2663.205	2692.755	2888.31	2556.3	2836.93	2489.48	2688.895
dup	None	dead	0.0	0.0	0.0	0.0	0.0	0.0	0.0	0.0
hgt	1087	GCA.003535305.1.Bacteria.Bipolaricaulota	1892.775	0.0	946.3875	2196.66	1588.89	0.0	0.0	1098.33
los	None	dead	0.0	0.0	0.0	0.0	0.0	0.0	0.0	0.0
hgt	89	88	2320.405	2221.93	2271.1675	2487.89	2152.92	2396.19	2047.67	2267.78
los	None	dead	0.0	0.0	0.0	0.0	0.0	0.0	0.0	0.0
spe	89	88	2320.405	2221.93	2271.1675	2487.89	2152.92	2396.19	2047.67	2267.78
spe	88	80	2221.93	2032.885	2127.4075	2396.19	2047.67	2234.17	1831.6	2113.895
los	80	GCA.003158275.1.Archaea.Halobacteriota	2032.885	0.0	1016.4425	2234.17	1831.6	0.0	0.0	1117.085
spe	88	87	2221.93	2144.39	2183.16	2396.19	2047.67	2323.79	1964.99	2180.59
spe	87	86	2144.39	2014.745	2079.5675	2323.79	1964.99	2208.35	1821.14	2072.465
los	86	GCA.001412335.1.Archaea.Halobacteriota	2014.745	0.0	1007.3725	2208.35	1821.14	0.0	0.0	1104.175
hgt	None	dead	0.0	0.0	0.0	0.0	0.0	0.0	0.0	0.0
spe	86	84	2014.745	1868.445	1941.595	2208.35	1821.14	2080.58	1656.31	1932.33
los	84	GCF.000970205.1.Archaea.Halobacteriota	1868.445	0.0	934.2225	2080.58	1656.31	0.0	0.0	1040.29
hgt	121	GCA.001775995.1.Archaea.Thermoproteota	2129.565	0.0	1064.7825	2347.3	1911.83	0.0	0.0	1173.65
los	None	dead	0.0	0.0	0.0	0.0	0.0	0.0	0.0	0.0
spe	1391	1390	3133.07	3070.6	3101.835	3276.23	2989.91	3212.43	2928.77	3102.5
hgt	None	dead	0.0	0.0	0.0	0.0	0.0	0.0	0.0	0.0
spe	1390	1218	3070.6	2947.155	3008.8775	3212.43	2928.77	3097.7	2796.61	3004.52
spe	1218	1216	2947.155	2550.05	2748.6025	3097.7	2796.61	2764.74	2335.36	2716.53
los	1216	1215	2550.05	2030.585	2290.3175	2764.74	2335.36	2340.81	1720.36	2242.55
hgt	None	dead	0.0	0.0	0.0	0.0	0.0	0.0	0.0	0.0
hgt	1289	GCA.002345475.1.Bacteria.Firmicutes.H	2635.61	0.0	1317.805	2795.95	2475.27	0.0	0.0	1397.975
los	None	dead	0.0	0.0	0.0	0.0	0.0	0.0	0.0	0.0
dup	None	dead	0.0	0.0	0.0	0.0	0.0	0.0	0.0	0.0
hgt	1437	GCF.900066015.1.Bacteria.Chloroflexota	1859.345	0.0	929.6725	2096.58	1622.11	0.0	0.0	1048.29
los	None	dead	0.0	0.0	0.0	0.0	0.0	0.0	0.0	0.0
hgt	1476	1454	2948.885	2633.59	2791.2375	3099.11	2798.66	2806.22	2460.96	2780.035
los	None	dead	0.0	0.0	0.0	0.0	0.0	0.0	0.0	0.0
spe	1476	1454	2948.885	2633.59	2791.2375	3099.11	2798.66	2806.22	2460.96	2780.035
spe	1454	1446	2633.59	2467.265	2550.4275	2806.22	2460.96	2650.86	2283.67	2544.945
los	1446	1440	2467.265	2358.68	2412.9725	2650.86	2283.67	2549.6	2167.76	2409.31
spe	1446	1445	2467.265	2304.44	2385.8525	2650.86	2283.67	2498.38	2110.5	2380.68
los	1445	GCA.003130875.1.Bacteria.Chloroflexota	2304.44	0.0	1152.22	2498.38	2110.5	0.0	0.0	1249.19
spe	1445	1444	2304.44	2137.48	2220.96	2498.38	2110.5	2354.92	1920.04	2209.21
los	1444	GCA.002366755.1.Bacteria.Chloroflexota	2137.48	0.0	1068.74	2354.92	1920.04	0.0	0.0	1177.46
spe	1454	1453	2633.59	2571.245	2602.4175	2806.22	2460.96	2752.52	2389.97	2598.095
spe	1453	1449	2571.245	2414.175	2492.71	2752.52	2389.97	2615.97	2212.38	2482.45
los	1449	GCA.002366595.1.Bacteria.Chloroflexota	2414.175	0.0	1207.0875	2615.97	2212.38	0.0	0.0	1307.985
spe	1453	1452	2571.245	2204.94	2388.0925	2752.52	2389.97	2468.84	1941.04	2346.78
hgt	None	dead	0.0	0.0	0.0	0.0	0.0	0.0	0.0	0.0
spe	1390	1389	3070.6	3027.58	3049.09	3212.43	2928.77	3169.39	2885.77	3049.1
spe	1389	1237	3027.58	2784.985	2906.2825	3169.39	2885.77	2940.94	2629.03	2899.21
spe	1237	1236	2784.985	2683.21	2734.0975	2940.94	2629.03	2852.16	2514.26	2727.6
los	1236	1235	2683.21	2501.715	2592.4625	2852.16	2514.26	2690.97	2312.46	2582.31
hgt	None	dead	0.0	0.0	0.0	0.0	0.0	0.0	0.0	0.0
spe	1236	1228	2683.21	2573.425	2628.3175	2852.16	2514.26	2761.84	2385.01	2618.585
los	1228	GCA.003023725.1.Bacteria.Firmicutes.E	2573.425	0.0	1286.7125	2761.84	2385.01	0.0	0.0	1380.92
spe	1228	1227	2573.425	2407.625	2490.525	2761.84	2385.01	2618.59	2196.66	2479.25
los	1227	1226	2407.625	2297.705	2352.665	2618.59	2196.66	2529.25	2066.16	2342.375
hgt	1178	GCA.002347645.1.Bacteria.Actinobacteriota	2241.835	0.0	1120.9175	2458.12	2025.55	0.0	0.0	1229.06
los	None	dead	0.0	0.0	0.0	0.0	0.0	0.0	0.0	0.0
hgt	None	dead	0.0	0.0	0.0	0.0	0.0	0.0	0.0	0.0
los	1237	1221	2784.985	2447.11	2616.0475	2940.94	2629.03	2673.77	2220.45	2580.695
hgt	1210	1209	2923.75	2688.15	2805.95	3079.2	2768.3	2886.59	2489.71	2784.455
los	None	dead	0.0	0.0	0.0	0.0	0.0	0.0	0.0	0.0
hgt	None	dead	0.0	0.0	0.0	0.0	0.0	0.0	0.0	0.0
hgt	1300	GCA.002418765.1.Bacteria.Firmicutes.B	2090.18	0.0	1045.09	2311.51	1868.85	0.0	0.0	1155.755
los	None	dead	0.0	0.0	0.0	0.0	0.0	0.0	0.0	0.0
spe	1210	1209	2923.75	2688.15	2805.95	3079.2	2768.3	2886.59	2489.71	2784.455
spe	1209	1208	2688.15	2545.345	2616.7475	2886.59	2489.71	2781.03	2309.66	2598.125
los	1208	GCA.900016865.1.Bacteria.Firmicutes.G	2545.345	0.0	1272.6725	2781.03	2309.66	0.0	0.0	1390.515
hgt	None	dead	0.0	0.0	0.0	0.0	0.0	0.0	0.0	0.0
dup	None	dead	0.0	0.0	0.0	0.0	0.0	0.0	0.0	0.0
hgt	794	GCA.001798565.1.Bacteria.Desulfobacterota.B	2136.5	0.0	1068.25	2343.87	1929.13	0.0	0.0	1171.935
los	None	dead	0.0	0.0	0.0	0.0	0.0	0.0	0.0	0.0
hgt	1454	1446	2633.59	2467.265	2550.4275	2806.22	2460.96	2650.86	2283.67	2544.945
los	None	dead	0.0	0.0	0.0	0.0	0.0	0.0	0.0	0.0
spe	1454	1446	2633.59	2467.265	2550.4275	2806.22	2460.96	2650.86	2283.67	2544.945
spe	1446	1445	2467.265	2304.44	2385.8525	2650.86	2283.67	2498.38	2110.5	2380.68
los	1445	1444	2304.44	2137.48	2220.96	2498.38	2110.5	2354.92	1920.04	2209.21
spe	1446	1440	2467.265	2358.68	2412.9725	2650.86	2283.67	2549.6	2167.76	2409.31
los	1440	1439	2358.68	2159.315	2258.9975	2549.6	2167.76	2363.76	1954.87	2252.235
hgt	None	dead	0.0	0.0	0.0	0.0	0.0	0.0	0.0	0.0
hgt	1312	GCF.000019165.1.Bacteria.Firmicutes.B	2058.365	0.0	1029.1825	2278.56	1838.17	0.0	0.0	1139.28
los	None	dead	0.0	0.0	0.0	0.0	0.0	0.0	0.0	0.0
spe	1389	1388	3027.58	2941.055	2984.3175	3169.39	2885.77	3082.24	2799.87	2984.63
spe	1388	1274	2941.055	2802.895	2871.975	3082.24	2799.87	2951.21	2654.58	2868.41
los	1274	1273	2802.895	2658.63	2730.7625	2951.21	2654.58	2811.6	2505.66	2728.435
spe	1274	1240	2802.895	2549.06	2675.9775	2951.21	2654.58	2730.4	2367.72	2659.465
los	1240	GCA.002376045.1.Bacteria.Firmicutes.A	2549.06	0.0	1274.53	2730.4	2367.72	0.0	0.0	1365.2
spe	1388	1387	2941.055	2902.155	2921.605	3082.24	2799.87	3045.04	2759.27	2920.755
spe	1387	1327	2902.155	2828.71	2865.4325	3045.04	2759.27	2972.74	2684.68	2864.86
los	1327	1289	2828.71	2635.61	2732.16	2972.74	2684.68	2795.95	2475.27	2724.005
spe	1327	1326	2828.71	2719.225	2773.9675	2972.74	2684.68	2868.22	2570.23	2771.485
los	1326	1292	2719.225	2370.88	2545.0525	2868.22	2570.23	2569.61	2172.15	2520.185
spe	1326	1325	2719.225	2604.385	2661.805	2868.22	2570.23	2756.95	2451.82	2660.02
los	1325	1297	2604.385	2420.65	2512.5175	2756.95	2451.82	2602.22	2239.08	2498.015
spe	1325	1324	2604.385	2536.255	2570.32	2756.95	2451.82	2694.52	2377.99	2567.47
los	1324	1323	2536.255	2478.3	2507.2775	2694.52	2377.99	2641.49	2315.11	2504.815
spe	1324	1308	2536.255	2377.745	2457.0	2694.52	2377.99	2550.36	2205.13	2449.825
los	1308	1300	2377.745	2090.18	2233.9625	2550.36	2205.13	2311.51	1868.85	2209.605
spe	1308	1307	2377.745	2196.38	2287.0625	2550.36	2205.13	2389.69	2003.07	2276.715
los	1307	1305	2196.38	2012.42	2104.4	2389.69	2003.07	2240.7	1784.14	2086.915
spe	1387	1386	2902.155	2794.775	2848.465	3045.04	2759.27	2939.61	2649.94	2847.49
los	1386	1330	2794.775	2416.115	2605.445	2939.61	2649.94	2602.06	2230.17	2584.89
spe	1386	1385	2794.775	2733.33	2764.0525	2939.61	2649.94	2878.0	2588.66	2764.135
los	1385	1333	2733.33	2457.61	2595.47	2878.0	2588.66	2627.39	2287.83	2582.915
spe	1385	1384	2733.33	2455.815	2594.5725	2878.0	2588.66	2606.71	2304.92	2591.46
spe	1384	1338	2455.815	2111.765	2283.79	2606.71	2304.92	2295.35	1928.18	2267.445
hgt	None	dead	0.0	0.0	0.0	0.0	0.0	0.0	0.0	0.0
los	1338	1337	2111.765	1832.425	1972.095	2295.35	1928.18	2086.82	1578.03	1936.69
hgt	1319	GCF.900100785.1.Bacteria.Firmicutes.B	2388.655	0.0	1194.3275	2562.17	2215.14	0.0	0.0	1281.085
los	None	dead	0.0	0.0	0.0	0.0	0.0	0.0	0.0	0.0
spe	1384	1383	2455.815	2371.08	2413.4475	2606.71	2304.92	2525.62	2216.54	2411.625
los	1383	1341	2371.08	2078.19	2224.635	2525.62	2216.54	2272.57	1883.81	2204.715
spe	1383	1382	2371.08	2292.545	2331.8125	2525.62	2216.54	2446.92	2138.17	2331.895
spe	1382	1381	2292.545	2205.155	2248.85	2446.92	2138.17	2360.66	2049.65	2248.285
los	1381	1351	2205.155	2134.51	2169.8325	2360.66	2049.65	2297.16	1971.86	2166.26
spe	1381	1380	2205.155	2120.065	2162.61	2360.66	2049.65	2280.16	1959.97	2160.315
los	1380	1379	2120.065	2060.89	2090.4775	2280.16	1959.97	2221.1	1900.68	2090.42
spe	1382	1344	2292.545	2055.27	2173.9075	2446.92	2138.17	2234.39	1876.15	2161.535
los	1344	GCA.002159075.1.Bacteria.Firmicutes	2055.27	0.0	1027.635	2234.39	1876.15	0.0	0.0	1117.195
dup	None	dead	0.0	0.0	0.0	0.0	0.0	0.0	0.0	0.0
hgt	899	898	3089.895	3060.73	3075.3125	3234.81	2944.98	3206.1	2915.36	3075.085
los	None	dead	0.0	0.0	0.0	0.0	0.0	0.0	0.0	0.0
hgt	None	dead	0.0	0.0	0.0	0.0	0.0	0.0	0.0	0.0
dup	None	dead	0.0	0.0	0.0	0.0	0.0	0.0	0.0	0.0
hgt	871	GCA.002899795.1.Bacteria.Desulfobacterota	2172.555	0.0	1086.2775	2382.24	1962.87	0.0	0.0	1191.12
los	None	dead	0.0	0.0	0.0	0.0	0.0	0.0	0.0	0.0
hgt	359	GCA.001302825.1.Bacteria.Planctomycetota	2462.325	0.0	1231.1625	2655.98	2268.67	0.0	0.0	1327.99
los	None	dead	0.0	0.0	0.0	0.0	0.0	0.0	0.0	0.0
spe	899	898	3089.895	3060.73	3075.3125	3234.81	2944.98	3206.1	2915.36	3075.085
spe	898	756	3060.73	2888.115	2974.4225	3206.1	2915.36	3046.49	2729.74	2967.92
los	756	754	2888.115	2746.525	2817.32	3046.49	2729.74	2912.14	2580.91	2813.7
spe	898	897	3060.73	3021.29	3041.01	3206.1	2915.36	3166.46	2876.12	3041.11
los	897	896	3021.29	2913.21	2967.25	3166.46	2876.12	3068.25	2758.17	2962.315
spe	897	889	3021.29	2916.985	2969.1375	3166.46	2876.12	3062.93	2771.04	2968.75
spe	889	843	2916.985	2862.71	2889.8475	3062.93	2771.04	3010.27	2715.15	2889.04
los	843	783	2862.71	2802.765	2832.7375	3010.27	2715.15	2953.24	2652.29	2831.28
spe	843	842	2862.71	2805.65	2834.18	3010.27	2715.15	2954.3	2657.0	2833.635
los	842	798	2805.65	2657.78	2731.715	2954.3	2657.0	2816.13	2499.43	2726.865
hgt	None	dead	0.0	0.0	0.0	0.0	0.0	0.0	0.0	0.0
spe	842	841	2805.65	2762.435	2784.0425	2954.3	2657.0	2914.26	2610.61	2782.455
los	841	840	2762.435	2651.205	2706.82	2914.26	2610.61	2807.06	2495.35	2704.805
spe	841	801	2762.435	2578.84	2670.6375	2914.26	2610.61	2754.6	2403.08	2658.67
los	801	GCA.002328485.1.Bacteria.Desulfobacterota.G	2578.84	0.0	1289.42	2754.6	2403.08	0.0	0.0	1377.3
hgt	1036	GCA.002059205.1.Bacteria.Latescibacterota	2411.855	0.0	1205.9275	2625.74	2197.97	0.0	0.0	1312.87
los	None	dead	0.0	0.0	0.0	0.0	0.0	0.0	0.0	0.0
spe	889	888	2916.985	2827.975	2872.48	3062.93	2771.04	2977.09	2678.86	2870.895
los	888	854	2827.975	2738.145	2783.06	2977.09	2678.86	2894.15	2582.14	2779.615
spe	888	887	2827.975	2727.215	2777.595	2977.09	2678.86	2881.55	2572.88	2774.985
hgt	None	dead	0.0	0.0	0.0	0.0	0.0	0.0	0.0	0.0
hgt	1058	GCF.000233775.1.Bacteria.Synergistota	2874.585	0.0	1437.2925	3067.3	2681.87	0.0	0.0	1533.65
los	None	dead	0.0	0.0	0.0	0.0	0.0	0.0	0.0	0.0
spe	887	886	2727.215	2570.925	2649.07	2881.55	2572.88	2733.26	2408.59	2645.07
spe	886	885	2570.925	2490.35	2530.6375	2733.26	2408.59	2660.72	2319.98	2526.62
los	885	884	2490.35	2409.27	2449.81	2660.72	2319.98	2585.68	2232.86	2446.79
spe	885	877	2490.35	2406.095	2448.2225	2660.72	2319.98	2589.76	2222.43	2441.575
los	877	GCA.001797675.1.Bacteria.Desulfobacterota	2406.095	0.0	1203.0475	2589.76	2222.43	0.0	0.0	1294.88
spe	886	874	2570.925	2502.96	2536.9425	2733.26	2408.59	2671.83	2334.09	2533.675
los	874	868	2502.96	2357.855	2430.4075	2671.83	2334.09	2546.99	2168.72	2420.275
spe	874	873	2502.96	2374.525	2438.7425	2671.83	2334.09	2555.16	2193.89	2432.86
los	873	GCA.002011835.1.Bacteria.Desulfobacterota	2374.525	0.0	1187.2625	2555.16	2193.89	0.0	0.0	1277.58
spe	873	871	2374.525	2172.555	2273.54	2555.16	2193.89	2382.24	1962.87	2259.015
los	871	GCA.002899795.1.Bacteria.Desulfobacterota	2172.555	0.0	1086.2775	2382.24	1962.87	0.0	0.0	1191.12
spe	887	863	2727.215	2597.055	2662.135	2881.55	2572.88	2762.98	2431.13	2656.34
los	863	862	2597.055	2368.33	2482.6925	2762.98	2431.13	2561.03	2175.63	2469.305
hgt	None	dead	0.0	0.0	0.0	0.0	0.0	0.0	0.0	0.0
spe	863	857	2597.055	2515.41	2556.2325	2762.98	2431.13	2699.69	2331.13	2547.055
los	857	GCA.001830835.1.Bacteria.Desulfobacterota	2515.41	0.0	1257.705	2699.69	2331.13	0.0	0.0	1349.845
hgt	746	GCF.900079095.1.Bacteria.Tectomicrobia	2548.44	0.0	1274.22	2767.72	2329.16	0.0	0.0	1383.86
los	None	dead	0.0	0.0	0.0	0.0	0.0	0.0	0.0	0.0
hgt	123	122	2509.405	2416.7	2463.0525	2676.61	2342.2	2593.5	2239.9	2458.255
los	None	dead	0.0	0.0	0.0	0.0	0.0	0.0	0.0	0.0
spe	123	122	2509.405	2416.7	2463.0525	2676.61	2342.2	2593.5	2239.9	2458.255
spe	122	121	2416.7	2129.565	2273.1325	2593.5	2239.9	2347.3	1911.83	2252.665
los	121	GCA.001775995.1.Archaea.Thermoproteota	2129.565	0.0	1064.7825	2347.3	1911.83	0.0	0.0	1173.65
hgt	None	dead	0.0	0.0	0.0	0.0	0.0	0.0	0.0	0.0
hgt	None	dead	0.0	0.0	0.0	0.0	0.0	0.0	0.0	0.0
hgt	515	514	2401.52	2299.515	2350.5175	2548.4	2254.64	2448.11	2150.92	2349.66
los	None	dead	0.0	0.0	0.0	0.0	0.0	0.0	0.0	0.0
dup	515	514	2401.52	2299.515	2350.5175	2548.4	2254.64	2448.11	2150.92	2349.66
spe	515	514	2401.52	2299.515	2350.5175	2548.4	2254.64	2448.11	2150.92	2349.66
spe	514	436	2299.515	2217.14	2258.3275	2448.11	2150.92	2372.03	2062.25	2255.18
los	436	GCA.002722885.1.Bacteria.Proteobacteria	2217.14	0.0	1108.57	2372.03	2062.25	0.0	0.0	1186.015
spe	436	435	2217.14	2071.245	2144.1925	2372.03	2062.25	2233.96	1908.53	2140.28
los	435	434	2071.245	1886.935	1979.09	2233.96	1908.53	2078.21	1695.66	1964.81
spe	514	513	2299.515	2253.55	2276.5325	2448.11	2150.92	2403.09	2104.01	2276.06
spe	513	483	2253.55	2221.01	2237.28	2403.09	2104.01	2370.99	2071.03	2237.06
los	483	482	2221.01	2151.75	2186.38	2370.99	2071.03	2305.03	1998.47	2184.73
spe	483	447	2221.01	2113.215	2167.1125	2370.99	2071.03	2272.38	1954.05	2162.52
los	447	446	2113.215	1951.09	2032.1525	2272.38	1954.05	2125.17	1777.01	2024.695
spe	447	439	2113.215	1983.035	2048.125	2272.38	1954.05	2153.66	1812.41	2042.395
los	439	GCF.001613805.1.Bacteria.Proteobacteria	1983.035	0.0	991.5175	2153.66	1812.41	0.0	0.0	1076.83
spe	513	512	2253.55	2172.63	2213.09	2403.09	2104.01	2326.95	2018.31	2210.7
los	512	486	2172.63	1956.2	2064.415	2326.95	2018.31	2130.74	1781.66	2054.305
dup	512	511	2172.63	2112.01	2142.32	2326.95	2018.31	2268.74	1955.28	2141.115
spe	512	511	2172.63	2112.01	2142.32	2326.95	2018.31	2268.74	1955.28	2141.115
spe	511	489	2112.01	1797.555	1954.7825	2268.74	1955.28	1997.49	1597.62	1933.18
los	489	GCA.002701885.1.Bacteria.Proteobacteria	1797.555	0.0	898.7775	1997.49	1597.62	0.0	0.0	998.745
spe	511	510	2112.01	2056.505	2084.2575	2268.74	1955.28	2217.29	1895.72	2082.23
los	510	509	2056.505	1977.465	2016.985	2217.29	1895.72	2143.57	1811.36	2014.325
spe	510	492	2056.505	1826.375	1941.44	2217.29	1895.72	2015.92	1636.83	1927.06
los	492	GCF.900172325.1.Bacteria.Proteobacteria	1826.375	0.0	913.1875	2015.92	1636.83	0.0	0.0	1007.96
spe	512	511	2172.63	2112.01	2142.32	2326.95	2018.31	2268.74	1955.28	2141.115
los	511	489	2112.01	1797.555	1954.7825	2268.74	1955.28	1997.49	1597.62	1933.18
spe	511	510	2112.01	2056.505	2084.2575	2268.74	1955.28	2217.29	1895.72	2082.23
spe	510	492	2056.505	1826.375	1941.44	2217.29	1895.72	2015.92	1636.83	1927.06
los	492	GCF.002798435.1.Bacteria.Proteobacteria	1826.375	0.0	913.1875	2015.92	1636.83	0.0	0.0	1007.96
spe	510	509	2056.505	1977.465	2016.985	2217.29	1895.72	2143.57	1811.36	2014.325
los	509	508	1977.465	1872.275	1924.87	2143.57	1811.36	2045.43	1699.12	1921.345
spe	509	495	1977.465	1736.875	1857.17	2143.57	1811.36	1936.33	1537.42	1840.495
los	495	GCF.003173035.1.Bacteria.Proteobacteria	1736.875	0.0	868.4375	1936.33	1537.42	0.0	0.0	968.165
spe	515	514	2401.52	2299.515	2350.5175	2548.4	2254.64	2448.11	2150.92	2349.66
hgt	None	dead	0.0	0.0	0.0	0.0	0.0	0.0	0.0	0.0
hgt	581	GCA.002868855.1.Bacteria.Proteobacteria	1845.545	0.0	922.7725	2033.36	1657.73	0.0	0.0	1016.68
los	None	dead	0.0	0.0	0.0	0.0	0.0	0.0	0.0	0.0
hgt	None	dead	0.0	0.0	0.0	0.0	0.0	0.0	0.0	0.0
dup	None	dead	0.0	0.0	0.0	0.0	0.0	0.0	0.0	0.0
hgt	542	GCA.002631715.1.Bacteria.Proteobacteria	2266.915	0.0	1133.4575	2432.28	2101.55	0.0	0.0	1216.14
los	None	dead	0.0	0.0	0.0	0.0	0.0	0.0	0.0	0.0
hgt	552	GCF.001614315.2.Bacteria.Proteobacteria	1988.77	0.0	994.385	2174.6	1802.94	0.0	0.0	1087.3
los	None	dead	0.0	0.0	0.0	0.0	0.0	0.0	0.0	0.0
hgt	None	dead	0.0	0.0	0.0	0.0	0.0	0.0	0.0	0.0
hgt	796	GCA.002238415.1.Bacteria.Desulfobacterota.B	2368.175	0.0	1184.0875	2549.94	2186.41	0.0	0.0	1274.97
los	None	dead	0.0	0.0	0.0	0.0	0.0	0.0	0.0	0.0
spe	514	436	2299.515	2217.14	2258.3275	2448.11	2150.92	2372.03	2062.25	2255.18
spe	436	435	2217.14	2071.245	2144.1925	2372.03	2062.25	2233.96	1908.53	2140.28
los	435	GCA.006969625.1.Bacteria.Proteobacteria	2071.245	0.0	1035.6225	2233.96	1908.53	0.0	0.0	1116.98
spe	435	434	2071.245	1886.935	1979.09	2233.96	1908.53	2078.21	1695.66	1964.81
los	434	GCA.002238885.1.Bacteria.Proteobacteria	1886.935	0.0	943.4675	2078.21	1695.66	0.0	0.0	1039.105
spe	514	513	2299.515	2253.55	2276.5325	2448.11	2150.92	2403.09	2104.01	2276.06
los	513	512	2253.55	2172.63	2213.09	2403.09	2104.01	2326.95	2018.31	2210.7
spe	513	483	2253.55	2221.01	2237.28	2403.09	2104.01	2370.99	2071.03	2237.06
spe	483	482	2221.01	2151.75	2186.38	2370.99	2071.03	2305.03	1998.47	2184.73
los	482	481	2151.75	2091.815	2121.7825	2305.03	1998.47	2249.28	1934.35	2119.69
hgt	None	dead	0.0	0.0	0.0	0.0	0.0	0.0	0.0	0.0
hgt	592	GCF.000024725.1.Bacteria.Proteobacteria	1879.945	0.0	939.9725	2061.78	1698.11	0.0	0.0	1030.89
los	None	dead	0.0	0.0	0.0	0.0	0.0	0.0	0.0	0.0
spe	482	458	2151.75	2053.74	2102.745	2305.03	1998.47	2214.88	1892.6	2098.815
los	458	GCA.002340345.1.Bacteria.Proteobacteria	2053.74	0.0	1026.87	2214.88	1892.6	0.0	0.0	1107.44
spe	458	456	2053.74	1898.57	1976.155	2214.88	1892.6	2073.0	1724.14	1969.51
los	456	455	1898.57	1531.25	1714.91	2073.0	1724.14	1740.35	1322.15	1697.575
spe	483	447	2221.01	2113.215	2167.1125	2370.99	2071.03	2272.38	1954.05	2162.52
spe	447	446	2113.215	1951.09	2032.1525	2272.38	1954.05	2125.17	1777.01	2024.695
hgt	None	dead	0.0	0.0	0.0	0.0	0.0	0.0	0.0	0.0
hgt	498	GCA.002731375.1.Bacteria.Proteobacteria	1734.36	0.0	867.18	1926.5	1542.22	0.0	0.0	963.25
los	None	dead	0.0	0.0	0.0	0.0	0.0	0.0	0.0	0.0
spe	446	445	1951.09	1836.495	1893.7925	2125.17	1777.01	2032.31	1640.68	1882.925
spe	445	444	1836.495	1669.2	1752.8475	2032.31	1640.68	1892.76	1445.64	1738.975
los	444	GCA.002348425.1.Bacteria.Proteobacteria	1669.2	0.0	834.6	1892.76	1445.64	0.0	0.0	946.38
hgt	None	dead	0.0	0.0	0.0	0.0	0.0	0.0	0.0	0.0
hgt	600	GCA.002007425.1.Bacteria.Proteobacteria	1814.2	0.0	907.1	1996.49	1631.91	0.0	0.0	998.245
los	None	dead	0.0	0.0	0.0	0.0	0.0	0.0	0.0	0.0
hgt	None	dead	0.0	0.0	0.0	0.0	0.0	0.0	0.0	0.0
los	447	439	2113.215	1983.035	2048.125	2272.38	1954.05	2153.66	1812.41	2042.395
dup	None	dead	0.0	0.0	0.0	0.0	0.0	0.0	0.0	0.0
hgt	506	GCA.001464215.1.Bacteria.Proteobacteria	1610.765	0.0	805.3825	1805.19	1416.34	0.0	0.0	902.595
los	None	dead	0.0	0.0	0.0	0.0	0.0	0.0	0.0	0.0
hgt	463	462	1889.86	1641.635	1765.7475	2062.81	1716.91	1844.48	1438.79	1750.8
los	None	dead	0.0	0.0	0.0	0.0	0.0	0.0	0.0	0.0
spe	463	462	1889.86	1641.635	1765.7475	2062.81	1716.91	1844.48	1438.79	1750.8
spe	122	118	2416.7	2278.345	2347.5225	2593.5	2239.9	2478.81	2077.88	2335.69
spe	118	116	2278.345	1726.54	2002.4425	2478.81	2077.88	2006.45	1446.63	1962.72
los	116	GCA.001593875.1.Archaea.Thermoproteota	1726.54	0.0	863.27	2006.45	1446.63	0.0	0.0	1003.225
dup	None	dead	0.0	0.0	0.0	0.0	0.0	0.0	0.0	0.0
hgt	1088	GCA.002010365.1.Bacteria.Bipolaricaulota	2199.325	0.0	1099.6625	2463.66	1934.99	0.0	0.0	1231.83
los	None	dead	0.0	0.0	0.0	0.0	0.0	0.0	0.0	0.0
hgt	38	GCA.001515205.2.Archaea.Hadarchaeota	2538.31	0.0	1269.155	2727.65	2348.97	0.0	0.0	1363.825
los	None	dead	0.0	0.0	0.0	0.0	0.0	0.0	0.0	0.0
