event	left_node	right_node	left_date	right_date	midpoint_date	left_date_lower	left_date_upper	right_date_lower	right_date_upper	midpoint_date_all
spe	902	901	3241.035	3194.215	3217.625	3385.47	3096.6	3337.52	3050.91	3218.19
spe	901	663	3194.215	3149.67	3171.9425	3337.52	3050.91	3293.35	3005.99	3171.755
los	663	662	3149.67	3108.12	3128.895	3293.35	3005.99	3252.87	2963.37	3128.36
spe	663	397	3149.67	3038.98	3094.325	3293.35	3005.99	3186.65	2891.31	3092.33
los	397	GCF.000526155.1.Bacteria.Desulfobacterota	3038.98	0.0	1519.49	3186.65	2891.31	0.0	0.0	1593.325
hgt	None	dead	0.0	0.0	0.0	0.0	0.0	0.0	0.0	0.0
hgt	1076	GCF.900142435.1.Bacteria.Aquificota	2070.835	0.0	1035.4175	2334.5	1807.17	0.0	0.0	1167.25
los	None	dead	0.0	0.0	0.0	0.0	0.0	0.0	0.0	0.0
spe	397	396	3038.98	2831.62	2935.3	3186.65	2891.31	2997.63	2665.61	2926.13
los	396	GCF.000177635.2.Bacteria.Chrysiogenota	2831.62	0.0	1415.81	2997.63	2665.61	0.0	0.0	1498.815
spe	396	395	2831.62	2049.66	2440.64	2997.63	2665.61	2351.06	1748.26	2372.945
los	395	GCF.000487995.1.Bacteria.Deferribacterota	2049.66	0.0	1024.83	2351.06	1748.26	0.0	0.0	1175.53
spe	901	900	3194.215	3136.94	3165.5775	3337.52	3050.91	3280.99	2992.89	3165.205
los	900	716	3136.94	2935.17	3036.055	3280.99	2992.89	3084.96	2785.38	3033.185
spe	900	899	3136.94	3089.895	3113.4175	3280.99	2992.89	3234.81	2944.98	3112.985
spe	899	898	3089.895	3060.73	3075.3125	3234.81	2944.98	3206.1	2915.36	3075.085
los	898	756	3060.73	2888.115	2974.4225	3206.1	2915.36	3046.49	2729.74	2967.92
spe	898	897	3060.73	3021.29	3041.01	3206.1	2915.36	3166.46	2876.12	3041.11
los	897	889	3021.29	2916.985	2969.1375	3166.46	2876.12	3062.93	2771.04	2968.75
spe	897	896	3021.29	2913.21	2967.25	3166.46	2876.12	3068.25	2758.17	2962.315
los	896	895	2913.21	2668.13	2790.67	3068.25	2758.17	2862.76	2473.5	2770.875
spe	896	892	2913.21	2624.55	2768.88	3068.25	2758.17	2832.73	2416.37	2742.31
los	892	GCA.001873295.1.Bacteria.CG2.30.70.394	2624.55	0.0	1312.275	2832.73	2416.37	0.0	0.0	1416.365
spe	899	743	3089.895	3035.675	3062.785	3234.81	2944.98	3181.51	2889.84	3062.325
spe	743	721	3035.675	2908.09	2971.8825	3181.51	2889.84	3069.2	2746.98	2964.245
los	721	GCA.003230535.1.Bacteria.SZUA.182	2908.09	0.0	1454.045	3069.2	2746.98	0.0	0.0	1534.6
spe	721	720	2908.09	2734.075	2821.0825	3069.2	2746.98	2916.96	2551.19	2810.195
los	720	GCA.001775255.1.Bacteria.Desulfobacterota.D	2734.075	0.0	1367.0375	2916.96	2551.19	0.0	0.0	1458.48
hgt	None	dead	0.0	0.0	0.0	0.0	0.0	0.0	0.0	0.0
hgt	692	GCA.003152325.1.Bacteria.Acidobacteriota	1806.3	0.0	903.15	2047.7	1564.9	0.0	0.0	1023.85
los	None	dead	0.0	0.0	0.0	0.0	0.0	0.0	0.0	0.0
hgt	None	dead	0.0	0.0	0.0	0.0	0.0	0.0	0.0	0.0
hgt	603	GCA.002085445.1.Bacteria.Proteobacteria	2200.665	0.0	1100.3325	2350.69	2050.64	0.0	0.0	1175.345
los	None	dead	0.0	0.0	0.0	0.0	0.0	0.0	0.0	0.0
spe	743	742	3035.675	2922.825	2979.25	3181.51	2889.84	3076.13	2769.52	2975.515
hgt	None	dead	0.0	0.0	0.0	0.0	0.0	0.0	0.0	0.0
spe	742	738	2922.825	2756.645	2839.735	3076.13	2769.52	2919.0	2594.29	2835.21
los	738	728	2756.645	2549.51	2653.0775	2919.0	2594.29	2740.21	2358.81	2638.905
hgt	None	dead	0.0	0.0	0.0	0.0	0.0	0.0	0.0	0.0
hgt	651	650	2583.355	2528.52	2555.9375	2725.11	2441.6	2669.79	2387.25	2556.18
los	None	dead	0.0	0.0	0.0	0.0	0.0	0.0	0.0	0.0
spe	651	650	2583.355	2528.52	2555.9375	2725.11	2441.6	2669.79	2387.25	2556.18
spe	650	536	2528.52	2343.3	2435.91	2669.79	2387.25	2502.24	2184.36	2427.075
hgt	None	dead	0.0	0.0	0.0	0.0	0.0	0.0	0.0	0.0
los	536	GCF.002940605.1.Bacteria.Proteobacteria	2343.3	0.0	1171.65	2502.24	2184.36	0.0	0.0	1251.12
hgt	611	GCF.003052605.1.Bacteria.Proteobacteria	1493.79	0.0	746.895	1717.52	1270.06	0.0	0.0	858.76
los	None	dead	0.0	0.0	0.0	0.0	0.0	0.0	0.0	0.0
spe	650	649	2528.52	2487.635	2508.0775	2669.79	2387.25	2629.66	2345.61	2507.7
los	649	543	2487.635	2384.42	2436.0275	2629.66	2345.61	2534.92	2233.92	2431.79
spe	649	648	2487.635	2440.92	2464.2775	2629.66	2345.61	2583.69	2298.15	2463.905
los	648	562	2440.92	2333.93	2387.425	2583.69	2298.15	2481.45	2186.41	2385.05
spe	648	647	2440.92	2391.055	2415.9875	2583.69	2298.15	2533.91	2248.2	2415.945
los	647	571	2391.055	2282.495	2336.775	2533.91	2248.2	2431.81	2133.18	2333.545
spe	647	646	2391.055	2358.03	2374.5425	2533.91	2248.2	2502.58	2213.48	2373.695
los	646	645	2358.03	2312.285	2335.1575	2502.58	2213.48	2458.58	2165.99	2334.285
spe	646	588	2358.03	2283.06	2320.545	2502.58	2213.48	2432.98	2133.14	2317.86
hgt	None	dead	0.0	0.0	0.0	0.0	0.0	0.0	0.0	0.0
hgt	463	GCF.002251795.1.Bacteria.Proteobacteria	1889.86	0.0	944.93	2062.81	1716.91	0.0	0.0	1031.405
los	None	dead	0.0	0.0	0.0	0.0	0.0	0.0	0.0	0.0
spe	588	576	2283.06	2178.965	2231.0125	2432.98	2133.14	2336.84	2021.09	2227.035
los	576	GCA.002432655.1.Bacteria.Proteobacteria	2178.965	0.0	1089.4825	2336.84	2021.09	0.0	0.0	1168.42
hgt	None	dead	0.0	0.0	0.0	0.0	0.0	0.0	0.0	0.0
hgt	439	GCF.001613805.1.Bacteria.Proteobacteria	1983.035	0.0	991.5175	2153.66	1812.41	0.0	0.0	1076.83
los	None	dead	0.0	0.0	0.0	0.0	0.0	0.0	0.0	0.0
hgt	None	dead	0.0	0.0	0.0	0.0	0.0	0.0	0.0	0.0
hgt	1098	GCA.003167155.1.Bacteria.Eremiobacterota	2247.98	0.0	1123.99	2544.35	1951.61	0.0	0.0	1272.175
los	None	dead	0.0	0.0	0.0	0.0	0.0	0.0	0.0	0.0
spe	576	574	2178.965	1962.545	2070.755	2336.84	2021.09	2146.1	1778.99	2057.915
hgt	None	dead	0.0	0.0	0.0	0.0	0.0	0.0	0.0	0.0
los	574	GCF.900112605.1.Bacteria.Proteobacteria	1962.545	0.0	981.2725	2146.1	1778.99	0.0	0.0	1073.05
dup	None	dead	0.0	0.0	0.0	0.0	0.0	0.0	0.0	0.0
hgt	435	GCA.006969625.1.Bacteria.Proteobacteria	2071.245	0.0	1035.6225	2233.96	1908.53	0.0	0.0	1116.98
los	None	dead	0.0	0.0	0.0	0.0	0.0	0.0	0.0	0.0
hgt	458	GCA.002340345.1.Bacteria.Proteobacteria	2053.74	0.0	1026.87	2214.88	1892.6	0.0	0.0	1107.44
los	None	dead	0.0	0.0	0.0	0.0	0.0	0.0	0.0	0.0
spe	588	587	2283.06	1996.16	2139.61	2432.98	2133.14	2165.59	1826.73	2129.855
los	587	586	1996.16	1895.525	1945.8425	2165.59	1826.73	2076.74	1714.31	1939.95
spe	587	581	1996.16	1845.545	1920.8525	2165.59	1826.73	2033.36	1657.73	1911.66
spe	581	579	1845.545	1566.0	1705.7725	2033.36	1657.73	1791.46	1340.54	1686.95
hgt	None	dead	0.0	0.0	0.0	0.0	0.0	0.0	0.0	0.0
hgt	495	GCA.002796975.1.Bacteria.Proteobacteria	1736.875	0.0	868.4375	1936.33	1537.42	0.0	0.0	968.165
los	None	dead	0.0	0.0	0.0	0.0	0.0	0.0	0.0	0.0
spe	738	737	2756.645	2630.42	2693.5325	2919.0	2594.29	2810.4	2450.44	2684.72
los	737	736	2630.42	2435.77	2533.095	2810.4	2450.44	2649.26	2222.28	2516.34
hgt	None	dead	0.0	0.0	0.0	0.0	0.0	0.0	0.0	0.0
hgt	711	GCA.001664505.1.Bacteria.Acidobacteriota	2445.625	0.0	1222.8125	2626.53	2264.72	0.0	0.0	1313.265
los	None	dead	0.0	0.0	0.0	0.0	0.0	0.0	0.0	0.0
hgt	None	dead	0.0	0.0	0.0	0.0	0.0	0.0	0.0	0.0
hgt	326	GCF.900129635.1.Bacteria.Planctomycetota	1901.84	0.0	950.92	2150.28	1653.4	0.0	0.0	1075.14
los	None	dead	0.0	0.0	0.0	0.0	0.0	0.0	0.0	0.0
spe	737	733	2630.42	2275.95	2453.185	2810.4	2450.44	2503.33	2048.57	2429.485
hgt	None	dead	0.0	0.0	0.0	0.0	0.0	0.0	0.0	0.0
los	733	732	2275.95	2077.52	2176.735	2503.33	2048.57	2333.23	1821.81	2162.57
hgt	849	GCF.000266945.1.Bacteria.Desulfobacterota	2490.935	0.0	1245.4675	2688.39	2293.48	0.0	0.0	1344.195
los	None	dead	0.0	0.0	0.0	0.0	0.0	0.0	0.0	0.0
hgt	841	840	2762.435	2651.205	2706.82	2914.26	2610.61	2807.06	2495.35	2704.805
los	None	dead	0.0	0.0	0.0	0.0	0.0	0.0	0.0	0.0
spe	841	840	2762.435	2651.205	2706.82	2914.26	2610.61	2807.06	2495.35	2704.805
hgt	None	dead	0.0	0.0	0.0	0.0	0.0	0.0	0.0	0.0
spe	840	839	2651.205	2599.34	2625.2725	2807.06	2495.35	2756.33	2442.35	2624.705
los	839	838	2599.34	2486.025	2542.6825	2756.33	2442.35	2649.83	2322.22	2539.275
spe	839	829	2599.34	2568.27	2583.805	2756.33	2442.35	2727.21	2409.33	2582.83
hgt	None	dead	0.0	0.0	0.0	0.0	0.0	0.0	0.0	0.0
hgt	None	dead	0.0	0.0	0.0	0.0	0.0	0.0	0.0	0.0
hgt	481	469	2091.815	2003.935	2047.875	2249.28	1934.35	2168.56	1839.31	2044.295
los	None	dead	0.0	0.0	0.0	0.0	0.0	0.0	0.0	0.0
spe	481	469	2091.815	2003.935	2047.875	2249.28	1934.35	2168.56	1839.31	2044.295
spe	469	463	2003.935	1889.86	1946.8975	2168.56	1839.31	2062.81	1716.91	1942.735
dup	463	GCF.002251795.1.Bacteria.Proteobacteria	1889.86	0.0	944.93	2062.81	1716.91	0.0	0.0	1031.405
dup	463	GCF.002251795.1.Bacteria.Proteobacteria	1889.86	0.0	944.93	2062.81	1716.91	0.0	0.0	1031.405
dup	463	GCF.002251795.1.Bacteria.Proteobacteria	1889.86	0.0	944.93	2062.81	1716.91	0.0	0.0	1031.405
spe	463	462	1889.86	1641.635	1765.7475	2062.81	1716.91	1844.48	1438.79	1750.8
hgt	None	dead	0.0	0.0	0.0	0.0	0.0	0.0	0.0	0.0
hgt	595	GCA.002389045.1.Bacteria.Proteobacteria	1816.095	0.0	908.0475	2002.91	1629.28	0.0	0.0	1001.455
los	None	dead	0.0	0.0	0.0	0.0	0.0	0.0	0.0	0.0
hgt	None	dead	0.0	0.0	0.0	0.0	0.0	0.0	0.0	0.0
hgt	579	GCA.003137095.1.Bacteria.Proteobacteria	1566.0	0.0	783.0	1791.46	1340.54	0.0	0.0	895.73
los	None	dead	0.0	0.0	0.0	0.0	0.0	0.0	0.0	0.0
hgt	None	dead	0.0	0.0	0.0	0.0	0.0	0.0	0.0	0.0
hgt	612	GCF.003612015.1.Bacteria.Proteobacteria	1796.185	0.0	898.0925	1978.58	1613.79	0.0	0.0	989.29
los	None	dead	0.0	0.0	0.0	0.0	0.0	0.0	0.0	0.0
hgt	None	dead	0.0	0.0	0.0	0.0	0.0	0.0	0.0	0.0
hgt	492	GCF.002798435.1.Bacteria.Proteobacteria	1826.375	0.0	913.1875	2015.92	1636.83	0.0	0.0	1007.96
los	None	dead	0.0	0.0	0.0	0.0	0.0	0.0	0.0	0.0
hgt	None	dead	0.0	0.0	0.0	0.0	0.0	0.0	0.0	0.0
hgt	None	dead	0.0	0.0	0.0	0.0	0.0	0.0	0.0	0.0
hgt	697	GCA.003222815.1.Bacteria.Acidobacteriota	2258.95	0.0	1129.475	2444.95	2072.95	0.0	0.0	1222.475
los	None	dead	0.0	0.0	0.0	0.0	0.0	0.0	0.0	0.0
dup	697	GCA.003222815.1.Bacteria.Acidobacteriota	2258.95	0.0	1129.475	2444.95	2072.95	0.0	0.0	1222.475
dup	697	GCA.003222815.1.Bacteria.Acidobacteriota	2258.95	0.0	1129.475	2444.95	2072.95	0.0	0.0	1222.475
hgt	None	dead	0.0	0.0	0.0	0.0	0.0	0.0	0.0	0.0
hgt	796	GCA.002238415.1.Bacteria.Desulfobacterota.B	2368.175	0.0	1184.0875	2549.94	2186.41	0.0	0.0	1274.97
los	None	dead	0.0	0.0	0.0	0.0	0.0	0.0	0.0	0.0
spe	469	468	2003.935	1847.82	1925.8775	2168.56	1839.31	2029.0	1666.64	1917.6
los	468	467	1847.82	1693.575	1770.6975	2029.0	1666.64	1896.55	1490.6	1759.8
hgt	None	dead	0.0	0.0	0.0	0.0	0.0	0.0	0.0	0.0
hgt	598	GCA.002292285.1.Bacteria.Proteobacteria	1497.41	0.0	748.705	1713.35	1281.47	0.0	0.0	856.675
los	None	dead	0.0	0.0	0.0	0.0	0.0	0.0	0.0	0.0
hgt	588	587	2283.06	1996.16	2139.61	2432.98	2133.14	2165.59	1826.73	2129.855
los	None	dead	0.0	0.0	0.0	0.0	0.0	0.0	0.0	0.0
dup	588	587	2283.06	1996.16	2139.61	2432.98	2133.14	2165.59	1826.73	2129.855
spe	588	587	2283.06	1996.16	2139.61	2432.98	2133.14	2165.59	1826.73	2129.855
los	587	586	1996.16	1895.525	1945.8425	2165.59	1826.73	2076.74	1714.31	1939.95
spe	587	581	1996.16	1845.545	1920.8525	2165.59	1826.73	2033.36	1657.73	1911.66
los	581	GCA.002868855.1.Bacteria.Proteobacteria	1845.545	0.0	922.7725	2033.36	1657.73	0.0	0.0	1016.68
spe	581	579	1845.545	1566.0	1705.7725	2033.36	1657.73	1791.46	1340.54	1686.95
los	579	GCA.003155415.1.Bacteria.Proteobacteria	1566.0	0.0	783.0	1791.46	1340.54	0.0	0.0	895.73
spe	588	587	2283.06	1996.16	2139.61	2432.98	2133.14	2165.59	1826.73	2129.855
spe	587	581	1996.16	1845.545	1920.8525	2165.59	1826.73	2033.36	1657.73	1911.66
spe	581	579	1845.545	1566.0	1705.7725	2033.36	1657.73	1791.46	1340.54	1686.95
los	579	GCA.003155415.1.Bacteria.Proteobacteria	1566.0	0.0	783.0	1791.46	1340.54	0.0	0.0	895.73
hgt	None	dead	0.0	0.0	0.0	0.0	0.0	0.0	0.0	0.0
los	581	GCA.002868855.1.Bacteria.Proteobacteria	1845.545	0.0	922.7725	2033.36	1657.73	0.0	0.0	1016.68
hgt	510	492	2056.505	1826.375	1941.44	2217.29	1895.72	2015.92	1636.83	1927.06
los	None	dead	0.0	0.0	0.0	0.0	0.0	0.0	0.0	0.0
spe	510	492	2056.505	1826.375	1941.44	2217.29	1895.72	2015.92	1636.83	1927.06
hgt	None	dead	0.0	0.0	0.0	0.0	0.0	0.0	0.0	0.0
hgt	468	GCF.900167455.1.Bacteria.Proteobacteria	1847.82	0.0	923.91	2029.0	1666.64	0.0	0.0	1014.5
los	None	dead	0.0	0.0	0.0	0.0	0.0	0.0	0.0	0.0
hgt	None	dead	0.0	0.0	0.0	0.0	0.0	0.0	0.0	0.0
hgt	598	GCA.002292285.1.Bacteria.Proteobacteria	1497.41	0.0	748.705	1713.35	1281.47	0.0	0.0	856.675
los	None	dead	0.0	0.0	0.0	0.0	0.0	0.0	0.0	0.0
spe	587	586	1996.16	1895.525	1945.8425	2165.59	1826.73	2076.74	1714.31	1939.95
spe	586	585	1895.525	1706.285	1800.905	2076.74	1714.31	1917.52	1495.05	1785.895
hgt	None	dead	0.0	0.0	0.0	0.0	0.0	0.0	0.0	0.0
hgt	681	GCA.002712885.1.Bacteria.Acidobacteriota	2463.525	0.0	1231.7625	2639.97	2287.08	0.0	0.0	1319.985
los	None	dead	0.0	0.0	0.0	0.0	0.0	0.0	0.0	0.0
hgt	None	dead	0.0	0.0	0.0	0.0	0.0	0.0	0.0	0.0
hgt	506	GCA.002480495.1.Bacteria.Proteobacteria	1610.765	0.0	805.3825	1805.19	1416.34	0.0	0.0	902.595
los	None	dead	0.0	0.0	0.0	0.0	0.0	0.0	0.0	0.0
hgt	None	dead	0.0	0.0	0.0	0.0	0.0	0.0	0.0	0.0
hgt	944	GCA.002712165.1.Bacteria.Proteobacteria	2081.795	0.0	1040.8975	2308.24	1855.35	0.0	0.0	1154.12
los	None	dead	0.0	0.0	0.0	0.0	0.0	0.0	0.0	0.0
hgt	None	dead	0.0	0.0	0.0	0.0	0.0	0.0	0.0	0.0
hgt	486	GCF.000264455.2.Bacteria.Proteobacteria	1956.2	0.0	978.1	2130.74	1781.66	0.0	0.0	1065.37
los	None	dead	0.0	0.0	0.0	0.0	0.0	0.0	0.0	0.0
spe	829	817	2568.27	2468.695	2518.4825	2727.21	2409.33	2633.61	2303.78	2515.495
spe	817	813	2468.695	2371.52	2420.1075	2633.61	2303.78	2544.35	2198.69	2416.15
los	813	807	2371.52	2202.835	2287.1775	2544.35	2198.69	2393.11	2012.56	2278.455
spe	813	812	2371.52	2281.345	2326.4325	2544.35	2198.69	2464.68	2098.01	2321.18
los	812	GCA.002863065.1.Bacteria.Myxococcota	2281.345	0.0	1140.6725	2464.68	2098.01	0.0	0.0	1232.34
spe	812	811	2281.345	2134.02	2207.6825	2464.68	2098.01	2333.61	1934.43	2199.555
los	811	GCA.002726535.1.Bacteria.Myxococcota	2134.02	0.0	1067.01	2333.61	1934.43	0.0	0.0	1166.805
spe	817	816	2468.695	2057.94	2263.3175	2633.61	2303.78	2275.98	1839.9	2236.755
hgt	None	dead	0.0	0.0	0.0	0.0	0.0	0.0	0.0	0.0
los	816	GCA.002707085.1.Bacteria.Myxococcota.A	2057.94	0.0	1028.97	2275.98	1839.9	0.0	0.0	1137.99
hgt	832	GCA.002696345.1.Bacteria.Myxococcota	2268.205	0.0	1134.1025	2461.92	2074.49	0.0	0.0	1230.96
los	None	dead	0.0	0.0	0.0	0.0	0.0	0.0	0.0	0.0
hgt	515	514	2401.52	2299.515	2350.5175	2548.4	2254.64	2448.11	2150.92	2349.66
los	None	dead	0.0	0.0	0.0	0.0	0.0	0.0	0.0	0.0
spe	515	514	2401.52	2299.515	2350.5175	2548.4	2254.64	2448.11	2150.92	2349.66
spe	514	436	2299.515	2217.14	2258.3275	2448.11	2150.92	2372.03	2062.25	2255.18
los	436	GCA.002722885.1.Bacteria.Proteobacteria	2217.14	0.0	1108.57	2372.03	2062.25	0.0	0.0	1186.015
hgt	None	dead	0.0	0.0	0.0	0.0	0.0	0.0	0.0	0.0
spe	436	435	2217.14	2071.245	2144.1925	2372.03	2062.25	2233.96	1908.53	2140.28
los	435	434	2071.245	1886.935	1979.09	2233.96	1908.53	2078.21	1695.66	1964.81
hgt	455	GCF.900102465.1.Bacteria.Proteobacteria	1531.25	0.0	765.625	1740.35	1322.15	0.0	0.0	870.175
los	None	dead	0.0	0.0	0.0	0.0	0.0	0.0	0.0	0.0
spe	514	513	2299.515	2253.55	2276.5325	2448.11	2150.92	2403.09	2104.01	2276.06
spe	513	483	2253.55	2221.01	2237.28	2403.09	2104.01	2370.99	2071.03	2237.06
los	483	482	2221.01	2151.75	2186.38	2370.99	2071.03	2305.03	1998.47	2184.73
spe	483	447	2221.01	2113.215	2167.1125	2370.99	2071.03	2272.38	1954.05	2162.52
los	447	446	2113.215	1951.09	2032.1525	2272.38	1954.05	2125.17	1777.01	2024.695
spe	447	439	2113.215	1983.035	2048.125	2272.38	1954.05	2153.66	1812.41	2042.395
los	439	GCF.001613805.1.Bacteria.Proteobacteria	1983.035	0.0	991.5175	2153.66	1812.41	0.0	0.0	1076.83
spe	513	512	2253.55	2172.63	2213.09	2403.09	2104.01	2326.95	2018.31	2210.7
los	512	511	2172.63	2112.01	2142.32	2326.95	2018.31	2268.74	1955.28	2141.115
spe	512	486	2172.63	1956.2	2064.415	2326.95	2018.31	2130.74	1781.66	2054.305
los	486	GCA.002721365.1.Bacteria.Proteobacteria	1956.2	0.0	978.1	2130.74	1781.66	0.0	0.0	1065.37
hgt	None	dead	0.0	0.0	0.0	0.0	0.0	0.0	0.0	0.0
hgt	653	GCF.001399755.1.Bacteria.Proteobacteria	2771.345	0.0	1385.6725	2913.41	2629.28	0.0	0.0	1456.705
los	None	dead	0.0	0.0	0.0	0.0	0.0	0.0	0.0	0.0
hgt	None	dead	0.0	0.0	0.0	0.0	0.0	0.0	0.0	0.0
hgt	780	778	2414.4	2281.75	2348.075	2599.71	2229.09	2486.04	2077.46	2338.585
los	None	dead	0.0	0.0	0.0	0.0	0.0	0.0	0.0	0.0
spe	780	778	2414.4	2281.75	2348.075	2599.71	2229.09	2486.04	2077.46	2338.585
hgt	None	dead	0.0	0.0	0.0	0.0	0.0	0.0	0.0	0.0
hgt	611	GCF.000284615.1.Bacteria.Proteobacteria	1493.79	0.0	746.895	1717.52	1270.06	0.0	0.0	858.76
los	None	dead	0.0	0.0	0.0	0.0	0.0	0.0	0.0	0.0
hgt	None	dead	0.0	0.0	0.0	0.0	0.0	0.0	0.0	0.0
hgt	403	GCF.900177345.1.Bacteria.Proteobacteria	2763.35	0.0	1381.675	2930.03	2596.67	0.0	0.0	1465.015
los	None	dead	0.0	0.0	0.0	0.0	0.0	0.0	0.0	0.0
hgt	None	dead	0.0	0.0	0.0	0.0	0.0	0.0	0.0	0.0
hgt	804	GCA.003247575.1.Bacteria.Myxococcota.A	2545.8	0.0	1272.9	2736.71	2354.89	0.0	0.0	1368.355
los	None	dead	0.0	0.0	0.0	0.0	0.0	0.0	0.0	0.0
spe	829	828	2568.27	2398.31	2483.29	2727.21	2409.33	2568.84	2227.78	2477.495
los	828	GCA.002699025.1.Bacteria.Myxococcota	2398.31	0.0	1199.155	2568.84	2227.78	0.0	0.0	1284.42
spe	828	827	2398.31	2313.915	2356.1125	2568.84	2227.78	2488.25	2139.58	2354.21
spe	827	826	2313.915	2185.76	2249.8375	2488.25	2139.58	2375.3	1996.22	2242.235
los	826	GCA.002747355.1.Bacteria.Myxococcota	2185.76	0.0	1092.88	2375.3	1996.22	0.0	0.0	1187.65
spe	826	825	2185.76	1914.98	2050.37	2375.3	1996.22	2142.21	1687.75	2031.525
los	825	GCA.003170275.1.Bacteria.Myxococcota	1914.98	0.0	957.49	2142.21	1687.75	0.0	0.0	1071.105
spe	827	821	2313.915	2160.835	2237.375	2488.25	2139.58	2359.5	1962.17	2225.21
los	821	GCA.002841825.1.Bacteria.Myxococcota	2160.835	0.0	1080.4175	2359.5	1962.17	0.0	0.0	1179.75
hgt	576	574	2178.965	1962.545	2070.755	2336.84	2021.09	2146.1	1778.99	2057.915
los	None	dead	0.0	0.0	0.0	0.0	0.0	0.0	0.0	0.0
spe	576	574	2178.965	1962.545	2070.755	2336.84	2021.09	2146.1	1778.99	2057.915
hgt	None	dead	0.0	0.0	0.0	0.0	0.0	0.0	0.0	0.0
hgt	529	GCA.002451085.1.Bacteria.Proteobacteria	2307.945	0.0	1153.9725	2475.73	2140.16	0.0	0.0	1237.865
los	None	dead	0.0	0.0	0.0	0.0	0.0	0.0	0.0	0.0
hgt	None	dead	0.0	0.0	0.0	0.0	0.0	0.0	0.0	0.0
hgt	825	GCA.002344285.1.Bacteria.Myxococcota	1914.98	0.0	957.49	2142.21	1687.75	0.0	0.0	1071.105
los	None	dead	0.0	0.0	0.0	0.0	0.0	0.0	0.0	0.0
hgt	None	dead	0.0	0.0	0.0	0.0	0.0	0.0	0.0	0.0
hgt	653	GCF.001399755.1.Bacteria.Proteobacteria	2771.345	0.0	1385.6725	2913.41	2629.28	0.0	0.0	1456.705
los	None	dead	0.0	0.0	0.0	0.0	0.0	0.0	0.0	0.0
hgt	None	dead	0.0	0.0	0.0	0.0	0.0	0.0	0.0	0.0
dup	None	dead	0.0	0.0	0.0	0.0	0.0	0.0	0.0	0.0
hgt	924	GCA.002348465.1.Bacteria.Gemmatimonadota	2422.26	0.0	1211.13	2682.06	2162.46	0.0	0.0	1341.03
los	None	dead	0.0	0.0	0.0	0.0	0.0	0.0	0.0	0.0
hgt	553	GCF.001641825.1.Bacteria.Proteobacteria	2172.955	0.0	1086.4775	2336.27	2009.64	0.0	0.0	1168.135
los	None	dead	0.0	0.0	0.0	0.0	0.0	0.0	0.0	0.0
hgt	None	dead	0.0	0.0	0.0	0.0	0.0	0.0	0.0	0.0
hgt	634	GCF.001697225.1.Bacteria.Proteobacteria	2007.49	0.0	1003.745	2185.15	1829.83	0.0	0.0	1092.575
los	None	dead	0.0	0.0	0.0	0.0	0.0	0.0	0.0	0.0
hgt	None	dead	0.0	0.0	0.0	0.0	0.0	0.0	0.0	0.0
hgt	1015	GCA.002790835.1.Bacteria.Krumholzibacteriota	2593.17	0.0	1296.585	2795.8	2390.54	0.0	0.0	1397.9
los	None	dead	0.0	0.0	0.0	0.0	0.0	0.0	0.0	0.0
hgt	None	dead	0.0	0.0	0.0	0.0	0.0	0.0	0.0	0.0
spe	840	804	2651.205	2545.8	2598.5025	2807.06	2495.35	2736.71	2354.89	2580.975
hgt	None	dead	0.0	0.0	0.0	0.0	0.0	0.0	0.0	0.0
hgt	588	587	2283.06	1996.16	2139.61	2432.98	2133.14	2165.59	1826.73	2129.855
los	None	dead	0.0	0.0	0.0	0.0	0.0	0.0	0.0	0.0
spe	588	587	2283.06	1996.16	2139.61	2432.98	2133.14	2165.59	1826.73	2129.855
spe	587	581	1996.16	1845.545	1920.8525	2165.59	1826.73	2033.36	1657.73	1911.66
los	581	579	1845.545	1566.0	1705.7725	2033.36	1657.73	1791.46	1340.54	1686.95
spe	587	586	1996.16	1895.525	1945.8425	2165.59	1826.73	2076.74	1714.31	1939.95
spe	586	585	1895.525	1706.285	1800.905	2076.74	1714.31	1917.52	1495.05	1785.895
los	585	GCA.002688175.1.Bacteria.Proteobacteria	1706.285	0.0	853.1425	1917.52	1495.05	0.0	0.0	958.76
hgt	None	dead	0.0	0.0	0.0	0.0	0.0	0.0	0.0	0.0
hgt	581	579	1845.545	1566.0	1705.7725	2033.36	1657.73	1791.46	1340.54	1686.95
los	None	dead	0.0	0.0	0.0	0.0	0.0	0.0	0.0	0.0
spe	581	579	1845.545	1566.0	1705.7725	2033.36	1657.73	1791.46	1340.54	1686.95
hgt	None	dead	0.0	0.0	0.0	0.0	0.0	0.0	0.0	0.0
hgt	709	GCA.003223145.1.Bacteria.Acidobacteriota	2213.91	0.0	1106.955	2433.06	1994.76	0.0	0.0	1216.53
los	None	dead	0.0	0.0	0.0	0.0	0.0	0.0	0.0	0.0
hgt	None	dead	0.0	0.0	0.0	0.0	0.0	0.0	0.0	0.0
hgt	None	dead	0.0	0.0	0.0	0.0	0.0	0.0	0.0	0.0
hgt	507	503	1662.025	1517.515	1589.77	1849.48	1474.57	1721.78	1313.25	1581.365
los	None	dead	0.0	0.0	0.0	0.0	0.0	0.0	0.0	0.0
spe	507	503	1662.025	1517.515	1589.77	1849.48	1474.57	1721.78	1313.25	1581.365
spe	503	501	1517.515	1305.64	1411.5775	1721.78	1313.25	1547.22	1064.06	1392.92
los	501	GCA.003454415.1.Bacteria.Proteobacteria	1305.64	0.0	652.82	1547.22	1064.06	0.0	0.0	773.61
dup	None	dead	0.0	0.0	0.0	0.0	0.0	0.0	0.0	0.0
hgt	695	GCA.003131705.1.Bacteria.Acidobacteriota	1981.07	0.0	990.535	2189.24	1772.9	0.0	0.0	1094.62
los	None	dead	0.0	0.0	0.0	0.0	0.0	0.0	0.0	0.0
hgt	697	GCA.003222815.1.Bacteria.Acidobacteriota	2258.95	0.0	1129.475	2444.95	2072.95	0.0	0.0	1222.475
los	None	dead	0.0	0.0	0.0	0.0	0.0	0.0	0.0	0.0
hgt	None	dead	0.0	0.0	0.0	0.0	0.0	0.0	0.0	0.0
hgt	581	GCA.002868855.1.Bacteria.Proteobacteria	1845.545	0.0	922.7725	2033.36	1657.73	0.0	0.0	1016.68
los	None	dead	0.0	0.0	0.0	0.0	0.0	0.0	0.0	0.0
hgt	None	dead	0.0	0.0	0.0	0.0	0.0	0.0	0.0	0.0
hgt	515	514	2401.52	2299.515	2350.5175	2548.4	2254.64	2448.11	2150.92	2349.66
los	None	dead	0.0	0.0	0.0	0.0	0.0	0.0	0.0	0.0
hgt	None	dead	0.0	0.0	0.0	0.0	0.0	0.0	0.0	0.0
hgt	821	GCF.000737335.2.Bacteria.Proteobacteria	2160.835	0.0	1080.4175	2359.5	1962.17	0.0	0.0	1179.75
los	None	dead	0.0	0.0	0.0	0.0	0.0	0.0	0.0	0.0
spe	515	514	2401.52	2299.515	2350.5175	2548.4	2254.64	2448.11	2150.92	2349.66
spe	514	436	2299.515	2217.14	2258.3275	2448.11	2150.92	2372.03	2062.25	2255.18
hgt	None	dead	0.0	0.0	0.0	0.0	0.0	0.0	0.0	0.0
los	436	GCA.002722885.1.Bacteria.Proteobacteria	2217.14	0.0	1108.57	2372.03	2062.25	0.0	0.0	1186.015
dup	None	dead	0.0	0.0	0.0	0.0	0.0	0.0	0.0	0.0
hgt	467	GCF.003258945.1.Bacteria.Proteobacteria	1693.575	0.0	846.7875	1896.55	1490.6	0.0	0.0	948.275
los	None	dead	0.0	0.0	0.0	0.0	0.0	0.0	0.0	0.0
dup	None	dead	0.0	0.0	0.0	0.0	0.0	0.0	0.0	0.0
hgt	592	GCF.001720165.1.Bacteria.Proteobacteria	1879.945	0.0	939.9725	2061.78	1698.11	0.0	0.0	1030.89
los	None	dead	0.0	0.0	0.0	0.0	0.0	0.0	0.0	0.0
hgt	741	GCA.003220615.1.Bacteria.Methylomirabilota	2582.55	0.0	1291.275	2791.15	2373.95	0.0	0.0	1395.575
los	None	dead	0.0	0.0	0.0	0.0	0.0	0.0	0.0	0.0
spe	436	435	2217.14	2071.245	2144.1925	2372.03	2062.25	2233.96	1908.53	2140.28
spe	435	434	2071.245	1886.935	1979.09	2233.96	1908.53	2078.21	1695.66	1964.81
hgt	None	dead	0.0	0.0	0.0	0.0	0.0	0.0	0.0	0.0
los	435	GCA.006969625.1.Bacteria.Proteobacteria	2071.245	0.0	1035.6225	2233.96	1908.53	0.0	0.0	1116.98
dup	None	dead	0.0	0.0	0.0	0.0	0.0	0.0	0.0	0.0
hgt	574	GCF.000374645.1.Bacteria.Proteobacteria	1962.545	0.0	981.2725	2146.1	1778.99	0.0	0.0	1073.05
los	None	dead	0.0	0.0	0.0	0.0	0.0	0.0	0.0	0.0
hgt	832	GCA.002696345.1.Bacteria.Myxococcota	2268.205	0.0	1134.1025	2461.92	2074.49	0.0	0.0	1230.96
los	None	dead	0.0	0.0	0.0	0.0	0.0	0.0	0.0	0.0
spe	514	513	2299.515	2253.55	2276.5325	2448.11	2150.92	2403.09	2104.01	2276.06
spe	513	483	2253.55	2221.01	2237.28	2403.09	2104.01	2370.99	2071.03	2237.06
los	483	447	2221.01	2113.215	2167.1125	2370.99	2071.03	2272.38	1954.05	2162.52
spe	483	482	2221.01	2151.75	2186.38	2370.99	2071.03	2305.03	1998.47	2184.73
los	482	458	2151.75	2053.74	2102.745	2305.03	1998.47	2214.88	1892.6	2098.815
spe	482	481	2151.75	2091.815	2121.7825	2305.03	1998.47	2249.28	1934.35	2119.69
los	481	480	2091.815	1990.065	2040.94	2249.28	1934.35	2158.12	1822.01	2035.645
spe	481	469	2091.815	2003.935	2047.875	2249.28	1934.35	2168.56	1839.31	2044.295
los	469	463	2003.935	1889.86	1946.8975	2168.56	1839.31	2062.81	1716.91	1942.735
spe	469	468	2003.935	1847.82	1925.8775	2168.56	1839.31	2029.0	1666.64	1917.6
los	468	467	1847.82	1693.575	1770.6975	2029.0	1666.64	1896.55	1490.6	1759.8
spe	513	512	2253.55	2172.63	2213.09	2403.09	2104.01	2326.95	2018.31	2210.7
spe	512	486	2172.63	1956.2	2064.415	2326.95	2018.31	2130.74	1781.66	2054.305
hgt	None	dead	0.0	0.0	0.0	0.0	0.0	0.0	0.0	0.0
los	486	GCF.000264455.2.Bacteria.Proteobacteria	1956.2	0.0	978.1	2130.74	1781.66	0.0	0.0	1065.37
hgt	517	GCA.002937675.1.Bacteria.Proteobacteria	2543.2	0.0	1271.6	2689.47	2396.93	0.0	0.0	1344.735
los	None	dead	0.0	0.0	0.0	0.0	0.0	0.0	0.0	0.0
hgt	None	dead	0.0	0.0	0.0	0.0	0.0	0.0	0.0	0.0
los	512	511	2172.63	2112.01	2142.32	2326.95	2018.31	2268.74	1955.28	2141.115
dup	None	dead	0.0	0.0	0.0	0.0	0.0	0.0	0.0	0.0
hgt	345	GCA.002746235.1.Bacteria.Planctomycetota	2344.43	0.0	1172.215	2550.58	2138.28	0.0	0.0	1275.29
los	None	dead	0.0	0.0	0.0	0.0	0.0	0.0	0.0	0.0
dup	None	dead	0.0	0.0	0.0	0.0	0.0	0.0	0.0	0.0
hgt	684	GCA.002483445.1.Bacteria.Acidobacteriota	1980.48	0.0	990.24	2216.57	1744.39	0.0	0.0	1108.285
los	None	dead	0.0	0.0	0.0	0.0	0.0	0.0	0.0	0.0
hgt	282	GCA.003219195.1.Bacteria.Verrucomicrobiota	2053.795	0.0	1026.8975	2296.91	1810.68	0.0	0.0	1148.455
los	None	dead	0.0	0.0	0.0	0.0	0.0	0.0	0.0	0.0
hgt	None	dead	0.0	0.0	0.0	0.0	0.0	0.0	0.0	0.0
dup	None	dead	0.0	0.0	0.0	0.0	0.0	0.0	0.0	0.0
hgt	183	GCA.002402105.1.Bacteria.UBP17	3092.06	0.0	1546.03	3327.02	2857.1	0.0	0.0	1663.51
los	None	dead	0.0	0.0	0.0	0.0	0.0	0.0	0.0	0.0
hgt	403	GCF.900177345.1.Bacteria.Proteobacteria	2763.35	0.0	1381.675	2930.03	2596.67	0.0	0.0	1465.015
los	None	dead	0.0	0.0	0.0	0.0	0.0	0.0	0.0	0.0
hgt	714	GCA.002731215.1.Bacteria.Acidobacteriota	2786.11	0.0	1393.055	2942.95	2629.27	0.0	0.0	1471.475
los	None	dead	0.0	0.0	0.0	0.0	0.0	0.0	0.0	0.0
hgt	None	dead	0.0	0.0	0.0	0.0	0.0	0.0	0.0	0.0
hgt	981	980	2360.52	2262.275	2311.3975	2531.68	2189.36	2437.09	2087.46	2309.57
los	None	dead	0.0	0.0	0.0	0.0	0.0	0.0	0.0	0.0
hgt	None	dead	0.0	0.0	0.0	0.0	0.0	0.0	0.0	0.0
hgt	987	GCA.002327255.1.Bacteria.KSB1	2188.64	0.0	1094.32	2408.55	1968.73	0.0	0.0	1204.275
los	None	dead	0.0	0.0	0.0	0.0	0.0	0.0	0.0	0.0
spe	981	980	2360.52	2262.275	2311.3975	2531.68	2189.36	2437.09	2087.46	2309.57
spe	980	972	2262.275	1965.985	2114.13	2437.09	2087.46	2180.25	1751.72	2094.405
los	972	GCA.002779395.1.Bacteria.Bacteroidota	1965.985	0.0	982.9925	2180.25	1751.72	0.0	0.0	1090.125
spe	980	979	2262.275	2181.785	2222.03	2437.09	2087.46	2367.29	1996.28	2216.685
los	979	978	2181.785	2072.605	2127.195	2367.29	1996.28	2272.37	1872.84	2120.065
spe	742	741	2922.825	2582.55	2752.6875	3076.13	2769.52	2791.15	2373.95	2725.04
los	741	GCA.001771285.1.Bacteria.Methylomirabilota	2582.55	0.0	1291.275	2791.15	2373.95	0.0	0.0	1395.575
dup	741	GCA.003220615.1.Bacteria.Methylomirabilota	2582.55	0.0	1291.275	2791.15	2373.95	0.0	0.0	1395.575
hgt	None	dead	0.0	0.0	0.0	0.0	0.0	0.0	0.0	0.0
hgt	1020	GCA.001780165.1.Bacteria.Eisenbacteria	2279.22	0.0	1139.61	2521.79	2036.65	0.0	0.0	1260.895
los	None	dead	0.0	0.0	0.0	0.0	0.0	0.0	0.0	0.0
hgt	None	dead	0.0	0.0	0.0	0.0	0.0	0.0	0.0	0.0
hgt	849	GCF.000266945.1.Bacteria.Desulfobacterota	2490.935	0.0	1245.4675	2688.39	2293.48	0.0	0.0	1344.195
los	None	dead	0.0	0.0	0.0	0.0	0.0	0.0	0.0	0.0
hgt	None	dead	0.0	0.0	0.0	0.0	0.0	0.0	0.0	0.0
hgt	698	697	2454.615	2258.95	2356.7825	2624.66	2284.57	2444.95	2072.95	2348.805
los	None	dead	0.0	0.0	0.0	0.0	0.0	0.0	0.0	0.0
spe	698	697	2454.615	2258.95	2356.7825	2624.66	2284.57	2444.95	2072.95	2348.805
spe	697	696	2258.95	2077.305	2168.1275	2444.95	2072.95	2277.79	1876.82	2160.885
los	696	GCA.003224665.1.Bacteria.Acidobacteriota	2077.305	0.0	1038.6525	2277.79	1876.82	0.0	0.0	1138.895
spe	696	695	2077.305	1981.07	2029.1875	2277.79	1876.82	2189.24	1772.9	2025.345
los	695	GCA.003131705.1.Bacteria.Acidobacteriota	1981.07	0.0	990.535	2189.24	1772.9	0.0	0.0	1094.62
spe	695	694	1981.07	1909.495	1945.2825	2189.24	1772.9	2127.24	1691.75	1940.495
los	694	692	1909.495	1806.3	1857.8975	2127.24	1691.75	2047.7	1564.9	1846.07
hgt	None	dead	0.0	0.0	0.0	0.0	0.0	0.0	0.0	0.0
hgt	924	GCA.003221825.1.Bacteria.Gemmatimonadota	2422.26	0.0	1211.13	2682.06	2162.46	0.0	0.0	1341.03
los	None	dead	0.0	0.0	0.0	0.0	0.0	0.0	0.0	0.0
hgt	None	dead	0.0	0.0	0.0	0.0	0.0	0.0	0.0	0.0
hgt	None	dead	0.0	0.0	0.0	0.0	0.0	0.0	0.0	0.0
hgt	514	513	2299.515	2253.55	2276.5325	2448.11	2150.92	2403.09	2104.01	2276.06
los	None	dead	0.0	0.0	0.0	0.0	0.0	0.0	0.0	0.0
spe	514	513	2299.515	2253.55	2276.5325	2448.11	2150.92	2403.09	2104.01	2276.06
spe	513	483	2253.55	2221.01	2237.28	2403.09	2104.01	2370.99	2071.03	2237.06
los	483	447	2221.01	2113.215	2167.1125	2370.99	2071.03	2272.38	1954.05	2162.52
spe	483	482	2221.01	2151.75	2186.38	2370.99	2071.03	2305.03	1998.47	2184.73
los	482	458	2151.75	2053.74	2102.745	2305.03	1998.47	2214.88	1892.6	2098.815
spe	482	481	2151.75	2091.815	2121.7825	2305.03	1998.47	2249.28	1934.35	2119.69
los	481	480	2091.815	1990.065	2040.94	2249.28	1934.35	2158.12	1822.01	2035.645
spe	481	469	2091.815	2003.935	2047.875	2249.28	1934.35	2168.56	1839.31	2044.295
los	469	463	2003.935	1889.86	1946.8975	2168.56	1839.31	2062.81	1716.91	1942.735
spe	469	468	2003.935	1847.82	1925.8775	2168.56	1839.31	2029.0	1666.64	1917.6
los	468	467	1847.82	1693.575	1770.6975	2029.0	1666.64	1896.55	1490.6	1759.8
spe	513	512	2253.55	2172.63	2213.09	2403.09	2104.01	2326.95	2018.31	2210.7
spe	512	486	2172.63	1956.2	2064.415	2326.95	2018.31	2130.74	1781.66	2054.305
los	486	GCA.002721365.1.Bacteria.Proteobacteria	1956.2	0.0	978.1	2130.74	1781.66	0.0	0.0	1065.37
spe	512	511	2172.63	2112.01	2142.32	2326.95	2018.31	2268.74	1955.28	2141.115
los	511	489	2112.01	1797.555	1954.7825	2268.74	1955.28	1997.49	1597.62	1933.18
spe	511	510	2112.01	2056.505	2084.2575	2268.74	1955.28	2217.29	1895.72	2082.23
los	510	492	2056.505	1826.375	1941.44	2217.29	1895.72	2015.92	1636.83	1927.06
spe	510	509	2056.505	1977.465	2016.985	2217.29	1895.72	2143.57	1811.36	2014.325
los	509	495	1977.465	1736.875	1857.17	2143.57	1811.36	1936.33	1537.42	1840.495
spe	509	508	1977.465	1872.275	1924.87	2143.57	1811.36	2045.43	1699.12	1921.345
los	508	507	1872.275	1662.025	1767.15	2045.43	1699.12	1849.48	1474.57	1760.0
spe	508	498	1872.275	1734.36	1803.3175	2045.43	1699.12	1926.5	1542.22	1793.825
los	498	GCA.002731375.1.Bacteria.Proteobacteria	1734.36	0.0	867.18	1926.5	1542.22	0.0	0.0	963.25
hgt	581	579	1845.545	1566.0	1705.7725	2033.36	1657.73	1791.46	1340.54	1686.95
los	None	dead	0.0	0.0	0.0	0.0	0.0	0.0	0.0	0.0
spe	581	579	1845.545	1566.0	1705.7725	2033.36	1657.73	1791.46	1340.54	1686.95
