event	left_node	right_node	left_date	right_date	midpoint_date
spe	902	901	3241.035	3194.215	3217.625
spe	901	663	3194.215	3149.67	3171.9425
hgt	None	dead	0.0	0.0	0.0
los	663	662	3149.67	3108.12	3128.895
hgt	1076	GCF.900142435.1.Bacteria.Aquificota	2070.835	0.0	1035.4175
los	None	dead	0.0	0.0	0.0
spe	663	397	3149.67	3038.98	3094.325
los	397	GCF.000526155.1.Bacteria.Desulfobacterota	3038.98	0.0	1519.49
spe	397	396	3038.98	2831.62	2935.3
los	396	GCF.000177635.2.Bacteria.Chrysiogenota	2831.62	0.0	1415.81
spe	396	395	2831.62	2049.66	2440.64
los	395	GCF.000487995.1.Bacteria.Deferribacterota	2049.66	0.0	1024.83
spe	901	900	3194.215	3136.94	3165.5775
los	900	716	3136.94	2935.17	3036.055
spe	900	899	3136.94	3089.895	3113.4175
spe	899	898	3089.895	3060.73	3075.3125
los	898	756	3060.73	2888.115	2974.4225
spe	898	897	3060.73	3021.29	3041.01
los	897	889	3021.29	2916.985	2969.1375
spe	897	896	3021.29	2913.21	2967.25
los	896	895	2913.21	2668.13	2790.67
spe	896	892	2913.21	2624.55	2768.88
los	892	GCA.001873295.1.Bacteria.CG2.30.70.394	2624.55	0.0	1312.275
spe	899	743	3089.895	3035.675	3062.785
spe	743	721	3035.675	2908.09	2971.8825
los	721	GCA.003230535.1.Bacteria.SZUA.182	2908.09	0.0	1454.045
spe	721	720	2908.09	2734.075	2821.0825
los	720	GCA.001775255.1.Bacteria.Desulfobacterota.D	2734.075	0.0	1367.0375
hgt	None	dead	0.0	0.0	0.0
hgt	692	GCA.003152325.1.Bacteria.Acidobacteriota	1806.3	0.0	903.15
los	None	dead	0.0	0.0	0.0
hgt	None	dead	0.0	0.0	0.0
hgt	603	GCA.002085445.1.Bacteria.Proteobacteria	2200.665	0.0	1100.3325
los	None	dead	0.0	0.0	0.0
spe	743	742	3035.675	2922.825	2979.25
spe	742	738	2922.825	2756.645	2839.735
spe	738	737	2756.645	2630.42	2693.5325
hgt	651	650	2583.355	2528.52	2555.9375
los	737	736	2630.42	2435.77	2533.095
spe	651	650	2583.355	2528.52	2555.9375
spe	650	536	2528.52	2343.3	2435.91
hgt	611	GCF.003052605.1.Bacteria.Proteobacteria	1493.79	0.0	746.895
los	536	GCF.002940605.1.Bacteria.Proteobacteria	2343.3	0.0	1171.65
spe	650	649	2528.52	2487.635	2508.0775
los	649	543	2487.635	2384.42	2436.0275
spe	649	648	2487.635	2440.92	2464.2775
los	648	562	2440.92	2333.93	2387.425
spe	648	647	2440.92	2391.055	2415.9875
los	647	571	2391.055	2282.495	2336.775
spe	647	646	2391.055	2358.03	2374.5425
los	646	645	2358.03	2312.285	2335.1575
spe	646	588	2358.03	2283.06	2320.545
spe	588	576	2283.06	2178.965	2231.0125
hgt	463	GCF.002251795.1.Bacteria.Proteobacteria	1889.86	0.0	944.93
los	576	GCA.002432655.1.Bacteria.Proteobacteria	2178.965	0.0	1089.4825
spe	576	574	2178.965	1962.545	2070.755
hgt	439	GCF.001613805.1.Bacteria.Proteobacteria	1983.035	0.0	991.5175
los	574	GCF.900112605.1.Bacteria.Proteobacteria	1962.545	0.0	981.2725
hgt	1098	GCA.003167155.1.Bacteria.Eremiobacterota	2247.98	0.0	1123.99
hgt	458	GCA.002340345.1.Bacteria.Proteobacteria	2053.74	0.0	1026.87
hgt	435	GCA.006969625.1.Bacteria.Proteobacteria	2071.245	0.0	1035.6225
spe	588	587	2283.06	1996.16	2139.61
los	587	586	1996.16	1895.525	1945.8425
spe	587	581	1996.16	1845.545	1920.8525
spe	581	579	1845.545	1566.0	1705.7725
hgt	495	GCA.002796975.1.Bacteria.Proteobacteria	1736.875	0.0	868.4375
spe	737	733	2630.42	2275.95	2453.185
hgt	711	GCA.001664505.1.Bacteria.Acidobacteriota	2445.625	0.0	1222.8125
los	733	732	2275.95	2077.52	2176.735
hgt	326	GCF.900129635.1.Bacteria.Planctomycetota	1901.84	0.0	950.92
hgt	849	GCF.000266945.1.Bacteria.Desulfobacterota	2490.935	0.0	1245.4675
hgt	841	840	2762.435	2651.205	2706.82
los	738	728	2756.645	2549.51	2653.0775
spe	841	840	2762.435	2651.205	2706.82
spe	840	839	2651.205	2599.34	2625.2725
spe	839	829	2599.34	2568.27	2583.805
hgt	None	dead	0.0	0.0	0.0
hgt	None	dead	0.0	0.0	0.0
hgt	481	469	2091.815	2003.935	2047.875
los	None	dead	0.0	0.0	0.0
spe	481	469	2091.815	2003.935	2047.875
spe	469	463	2003.935	1889.86	1946.8975
dup	463	GCF.002251795.1.Bacteria.Proteobacteria	1889.86	0.0	944.93
dup	463	GCF.002251795.1.Bacteria.Proteobacteria	1889.86	0.0	944.93
dup	463	GCF.002251795.1.Bacteria.Proteobacteria	1889.86	0.0	944.93
spe	463	462	1889.86	1641.635	1765.7475
hgt	595	GCA.002389045.1.Bacteria.Proteobacteria	1816.095	0.0	908.0475
hgt	579	GCA.003137095.1.Bacteria.Proteobacteria	1566.0	0.0	783.0
hgt	612	GCF.003612015.1.Bacteria.Proteobacteria	1796.185	0.0	898.0925
hgt	None	dead	0.0	0.0	0.0
hgt	492	GCF.002798435.1.Bacteria.Proteobacteria	1826.375	0.0	913.1875
los	None	dead	0.0	0.0	0.0
hgt	588	587	2283.06	1996.16	2139.61
spe	469	468	2003.935	1847.82	1925.8775
hgt	697	GCA.003222815.1.Bacteria.Acidobacteriota	2258.95	0.0	1129.475
los	468	467	1847.82	1693.575	1770.6975
dup	697	GCA.003222815.1.Bacteria.Acidobacteriota	2258.95	0.0	1129.475
dup	697	GCA.003222815.1.Bacteria.Acidobacteriota	2258.95	0.0	1129.475
hgt	796	GCA.002238415.1.Bacteria.Desulfobacterota.B	2368.175	0.0	1184.0875
hgt	598	GCA.002292285.1.Bacteria.Proteobacteria	1497.41	0.0	748.705
dup	588	587	2283.06	1996.16	2139.61
spe	588	587	2283.06	1996.16	2139.61
los	587	586	1996.16	1895.525	1945.8425
spe	587	581	1996.16	1845.545	1920.8525
los	581	GCA.002868855.1.Bacteria.Proteobacteria	1845.545	0.0	922.7725
spe	581	579	1845.545	1566.0	1705.7725
los	579	GCA.003155415.1.Bacteria.Proteobacteria	1566.0	0.0	783.0
spe	588	587	2283.06	1996.16	2139.61
spe	587	581	1996.16	1845.545	1920.8525
spe	581	579	1845.545	1566.0	1705.7725
los	579	GCA.003155415.1.Bacteria.Proteobacteria	1566.0	0.0	783.0
hgt	510	492	2056.505	1826.375	1941.44
los	581	GCA.002868855.1.Bacteria.Proteobacteria	1845.545	0.0	922.7725
spe	510	492	2056.505	1826.375	1941.44
hgt	468	GCF.900167455.1.Bacteria.Proteobacteria	1847.82	0.0	923.91
hgt	598	GCA.002292285.1.Bacteria.Proteobacteria	1497.41	0.0	748.705
spe	587	586	1996.16	1895.525	1945.8425
spe	586	585	1895.525	1706.285	1800.905
hgt	681	GCA.002712885.1.Bacteria.Acidobacteriota	2463.525	0.0	1231.7625
hgt	506	GCA.002480495.1.Bacteria.Proteobacteria	1610.765	0.0	805.3825
hgt	944	GCA.002712165.1.Bacteria.Proteobacteria	2081.795	0.0	1040.8975
hgt	486	GCF.000264455.2.Bacteria.Proteobacteria	1956.2	0.0	978.1
spe	829	817	2568.27	2468.695	2518.4825
spe	817	813	2468.695	2371.52	2420.1075
los	813	807	2371.52	2202.835	2287.1775
spe	813	812	2371.52	2281.345	2326.4325
los	812	GCA.002863065.1.Bacteria.Myxococcota	2281.345	0.0	1140.6725
spe	812	811	2281.345	2134.02	2207.6825
los	811	GCA.002726535.1.Bacteria.Myxococcota	2134.02	0.0	1067.01
spe	817	816	2468.695	2057.94	2263.3175
hgt	832	GCA.002696345.1.Bacteria.Myxococcota	2268.205	0.0	1134.1025
los	816	GCA.002707085.1.Bacteria.Myxococcota.A	2057.94	0.0	1028.97
hgt	515	514	2401.52	2299.515	2350.5175
los	None	dead	0.0	0.0	0.0
spe	515	514	2401.52	2299.515	2350.5175
spe	514	436	2299.515	2217.14	2258.3275
spe	436	435	2217.14	2071.245	2144.1925
los	435	434	2071.245	1886.935	1979.09
hgt	455	GCF.900102465.1.Bacteria.Proteobacteria	1531.25	0.0	765.625
los	436	GCA.002722885.1.Bacteria.Proteobacteria	2217.14	0.0	1108.57
spe	514	513	2299.515	2253.55	2276.5325
spe	513	483	2253.55	2221.01	2237.28
los	483	482	2221.01	2151.75	2186.38
spe	483	447	2221.01	2113.215	2167.1125
los	447	446	2113.215	1951.09	2032.1525
spe	447	439	2113.215	1983.035	2048.125
los	439	GCF.001613805.1.Bacteria.Proteobacteria	1983.035	0.0	991.5175
spe	513	512	2253.55	2172.63	2213.09
los	512	511	2172.63	2112.01	2142.32
spe	512	486	2172.63	1956.2	2064.415
los	486	GCA.002721365.1.Bacteria.Proteobacteria	1956.2	0.0	978.1
spe	829	828	2568.27	2398.31	2483.29
hgt	653	GCF.001399755.1.Bacteria.Proteobacteria	2771.345	0.0	1385.6725
los	828	GCA.002699025.1.Bacteria.Myxococcota	2398.31	0.0	1199.155
hgt	780	778	2414.4	2281.75	2348.075
hgt	804	GCA.003247575.1.Bacteria.Myxococcota.A	2545.8	0.0	1272.9
spe	828	827	2398.31	2313.915	2356.1125
spe	827	826	2313.915	2185.76	2249.8375
los	826	GCA.002747355.1.Bacteria.Myxococcota	2185.76	0.0	1092.88
spe	826	825	2185.76	1914.98	2050.37
los	825	GCA.003170275.1.Bacteria.Myxococcota	1914.98	0.0	957.49
spe	827	821	2313.915	2160.835	2237.375
los	821	GCA.002841825.1.Bacteria.Myxococcota	2160.835	0.0	1080.4175
spe	780	778	2414.4	2281.75	2348.075
hgt	611	GCF.000284615.1.Bacteria.Proteobacteria	1493.79	0.0	746.895
hgt	403	GCF.900177345.1.Bacteria.Proteobacteria	2763.35	0.0	1381.675
hgt	None	dead	0.0	0.0	0.0
los	839	838	2599.34	2486.025	2542.6825
hgt	576	574	2178.965	1962.545	2070.755
los	None	dead	0.0	0.0	0.0
spe	576	574	2178.965	1962.545	2070.755
hgt	529	GCA.002451085.1.Bacteria.Proteobacteria	2307.945	0.0	1153.9725
hgt	825	GCA.002344285.1.Bacteria.Myxococcota	1914.98	0.0	957.49
hgt	653	GCF.001399755.1.Bacteria.Proteobacteria	2771.345	0.0	1385.6725
hgt	924	GCA.002348465.1.Bacteria.Gemmatimonadota	2422.26	0.0	1211.13
hgt	634	GCF.001697225.1.Bacteria.Proteobacteria	2007.49	0.0	1003.745
hgt	553	GCF.001641825.1.Bacteria.Proteobacteria	2172.955	0.0	1086.4775
hgt	1015	GCA.002790835.1.Bacteria.Krumholzibacteriota	2593.17	0.0	1296.585
hgt	714	GCA.002731215.1.Bacteria.Acidobacteriota	2786.11	0.0	1393.055
spe	840	804	2651.205	2545.8	2598.5025
hgt	588	587	2283.06	1996.16	2139.61
hgt	581	579	1845.545	1566.0	1705.7725
spe	581	579	1845.545	1566.0	1705.7725
hgt	709	GCA.003223145.1.Bacteria.Acidobacteriota	2213.91	0.0	1106.955
hgt	695	GCA.003131705.1.Bacteria.Acidobacteriota	1981.07	0.0	990.535
hgt	507	503	1662.025	1517.515	1589.77
spe	507	503	1662.025	1517.515	1589.77
spe	503	501	1517.515	1305.64	1411.5775
los	501	GCA.003454415.1.Bacteria.Proteobacteria	1305.64	0.0	652.82
hgt	697	GCA.003222815.1.Bacteria.Acidobacteriota	2258.95	0.0	1129.475
spe	588	587	2283.06	1996.16	2139.61
spe	587	581	1996.16	1845.545	1920.8525
los	581	579	1845.545	1566.0	1705.7725
spe	587	586	1996.16	1895.525	1945.8425
spe	586	585	1895.525	1706.285	1800.905
los	585	GCA.002688175.1.Bacteria.Proteobacteria	1706.285	0.0	853.1425
hgt	None	dead	0.0	0.0	0.0
hgt	581	GCA.002868855.1.Bacteria.Proteobacteria	1845.545	0.0	922.7725
los	None	dead	0.0	0.0	0.0
hgt	515	514	2401.52	2299.515	2350.5175
hgt	183	GCA.002402105.1.Bacteria.UBP17	3092.06	0.0	1546.03
hgt	403	GCF.900177345.1.Bacteria.Proteobacteria	2763.35	0.0	1381.675
hgt	None	dead	0.0	0.0	0.0
hgt	821	GCF.000737335.2.Bacteria.Proteobacteria	2160.835	0.0	1080.4175
los	None	dead	0.0	0.0	0.0
spe	515	514	2401.52	2299.515	2350.5175
spe	514	436	2299.515	2217.14	2258.3275
hgt	467	GCF.003258945.1.Bacteria.Proteobacteria	1693.575	0.0	846.7875
hgt	592	GCF.001720165.1.Bacteria.Proteobacteria	1879.945	0.0	939.9725
hgt	741	GCA.003220615.1.Bacteria.Methylomirabilota	2582.55	0.0	1291.275
los	436	GCA.002722885.1.Bacteria.Proteobacteria	2217.14	0.0	1108.57
spe	436	435	2217.14	2071.245	2144.1925
spe	435	434	2071.245	1886.935	1979.09
hgt	574	GCF.000374645.1.Bacteria.Proteobacteria	1962.545	0.0	981.2725
hgt	832	GCA.002696345.1.Bacteria.Myxococcota	2268.205	0.0	1134.1025
los	435	GCA.006969625.1.Bacteria.Proteobacteria	2071.245	0.0	1035.6225
spe	514	513	2299.515	2253.55	2276.5325
spe	513	483	2253.55	2221.01	2237.28
los	483	447	2221.01	2113.215	2167.1125
spe	483	482	2221.01	2151.75	2186.38
los	482	458	2151.75	2053.74	2102.745
spe	482	481	2151.75	2091.815	2121.7825
los	481	480	2091.815	1990.065	2040.94
spe	481	469	2091.815	2003.935	2047.875
los	469	463	2003.935	1889.86	1946.8975
spe	469	468	2003.935	1847.82	1925.8775
los	468	467	1847.82	1693.575	1770.6975
spe	513	512	2253.55	2172.63	2213.09
spe	512	486	2172.63	1956.2	2064.415
hgt	517	GCA.002937675.1.Bacteria.Proteobacteria	2543.2	0.0	1271.6
los	486	GCF.000264455.2.Bacteria.Proteobacteria	1956.2	0.0	978.1
hgt	345	GCA.002746235.1.Bacteria.Planctomycetota	2344.43	0.0	1172.215
hgt	None	dead	0.0	0.0	0.0
hgt	684	GCA.002483445.1.Bacteria.Acidobacteriota	1980.48	0.0	990.24
los	None	dead	0.0	0.0	0.0
hgt	None	dead	0.0	0.0	0.0
los	512	511	2172.63	2112.01	2142.32
hgt	282	GCA.003219195.1.Bacteria.Verrucomicrobiota	2053.795	0.0	1026.8975
los	None	dead	0.0	0.0	0.0
hgt	981	980	2360.52	2262.275	2311.3975
hgt	None	dead	0.0	0.0	0.0
hgt	987	GCA.002327255.1.Bacteria.KSB1	2188.64	0.0	1094.32
los	None	dead	0.0	0.0	0.0
spe	981	980	2360.52	2262.275	2311.3975
spe	980	972	2262.275	1965.985	2114.13
los	972	GCA.002779395.1.Bacteria.Bacteroidota	1965.985	0.0	982.9925
spe	980	979	2262.275	2181.785	2222.03
los	979	978	2181.785	2072.605	2127.195
spe	742	741	2922.825	2582.55	2752.6875
los	741	GCA.001771285.1.Bacteria.Methylomirabilota	2582.55	0.0	1291.275
dup	741	GCA.003220615.1.Bacteria.Methylomirabilota	2582.55	0.0	1291.275
hgt	698	697	2454.615	2258.95	2356.7825
hgt	924	GCA.003221825.1.Bacteria.Gemmatimonadota	2422.26	0.0	1211.13
hgt	1020	GCA.001780165.1.Bacteria.Eisenbacteria	2279.22	0.0	1139.61
hgt	849	GCF.000266945.1.Bacteria.Desulfobacterota	2490.935	0.0	1245.4675
spe	698	697	2454.615	2258.95	2356.7825
spe	697	696	2258.95	2077.305	2168.1275
los	696	GCA.003224665.1.Bacteria.Acidobacteriota	2077.305	0.0	1038.6525
spe	696	695	2077.305	1981.07	2029.1875
los	695	GCA.003131705.1.Bacteria.Acidobacteriota	1981.07	0.0	990.535
spe	695	694	1981.07	1909.495	1945.2825
los	694	692	1909.495	1806.3	1857.8975
hgt	None	dead	0.0	0.0	0.0
hgt	514	513	2299.515	2253.55	2276.5325
spe	514	513	2299.515	2253.55	2276.5325
spe	513	483	2253.55	2221.01	2237.28
los	483	447	2221.01	2113.215	2167.1125
spe	483	482	2221.01	2151.75	2186.38
los	482	458	2151.75	2053.74	2102.745
spe	482	481	2151.75	2091.815	2121.7825
los	481	480	2091.815	1990.065	2040.94
spe	481	469	2091.815	2003.935	2047.875
los	469	463	2003.935	1889.86	1946.8975
spe	469	468	2003.935	1847.82	1925.8775
los	468	467	1847.82	1693.575	1770.6975
spe	513	512	2253.55	2172.63	2213.09
spe	512	486	2172.63	1956.2	2064.415
los	486	GCA.002721365.1.Bacteria.Proteobacteria	1956.2	0.0	978.1
spe	512	511	2172.63	2112.01	2142.32
los	511	489	2112.01	1797.555	1954.7825
spe	511	510	2112.01	2056.505	2084.2575
los	510	492	2056.505	1826.375	1941.44
spe	510	509	2056.505	1977.465	2016.985
los	509	495	1977.465	1736.875	1857.17
spe	509	508	1977.465	1872.275	1924.87
los	508	507	1872.275	1662.025	1767.15
spe	508	498	1872.275	1734.36	1803.3175
los	498	GCA.002731375.1.Bacteria.Proteobacteria	1734.36	0.0	867.18
hgt	581	579	1845.545	1566.0	1705.7725
los	None	dead	0.0	0.0	0.0
spe	581	579	1845.545	1566.0	1705.7725
