event	left_node	right_node	left_date	right_date	midpoint_date
hgt	1326	1325	2719.225	2604.385	2661.805
hgt	None	dead	0.0	0.0	0.0
hgt	684	GCA.002483445.1.Bacteria.Acidobacteriota	1980.48	0.0	990.24
los	None	dead	0.0	0.0	0.0
spe	1476	1454	2948.885	2633.59	2791.2375
spe	1454	1453	2633.59	2571.245	2602.4175
los	1453	1452	2571.245	2204.94	2388.0925
spe	1453	1449	2571.245	2414.175	2492.71
los	1449	GCA.002366595.1.Bacteria.Chloroflexota	2414.175	0.0	1207.0875
spe	1454	1446	2633.59	2467.265	2550.4275
spe	1446	1440	2467.265	2358.68	2412.9725
los	1440	GCF.001306175.1.Bacteria.Chloroflexota	2358.68	0.0	1179.34
spe	1440	1439	2358.68	2159.315	2258.9975
los	1439	1438	2159.315	1986.755	2073.035
spe	1446	1445	2467.265	2304.44	2385.8525
spe	1445	1444	2304.44	2137.48	2220.96
los	1444	GCA.002366755.1.Bacteria.Chloroflexota	2137.48	0.0	1068.74
hgt	None	dead	0.0	0.0	0.0
dup	None	dead	0.0	0.0	0.0
hgt	1109	GCA.002898895.1.Bacteria.Armatimonadota	2582.96	0.0	1291.48
los	None	dead	0.0	0.0	0.0
dup	None	dead	0.0	0.0	0.0
hgt	265	GCA.003290465.1.Bacteria.Sumerlaeota	2505.165	0.0	1252.5825
los	None	dead	0.0	0.0	0.0
dup	None	dead	0.0	0.0	0.0
hgt	328	GCF.002277955.1.Bacteria.Planctomycetota	2426.155	0.0	1213.0775
los	None	dead	0.0	0.0	0.0
hgt	849	GCF.000266945.1.Bacteria.Desulfobacterota	2490.935	0.0	1245.4675
los	None	dead	0.0	0.0	0.0
hgt	None	dead	0.0	0.0	0.0
hgt	216	GCA.001805575.1.Bacteria.Omnitrophota	2167.33	0.0	1083.665
los	None	dead	0.0	0.0	0.0
hgt	895	GCA.002897695.1.Bacteria.BMS3Abin14	2668.13	0.0	1334.065
dup	1326	1325	2719.225	2604.385	2661.805
hgt	None	dead	0.0	0.0	0.0
hgt	1440	GCF.001306175.1.Bacteria.Chloroflexota	2358.68	0.0	1179.34
los	None	dead	0.0	0.0	0.0
dup	1326	1325	2719.225	2604.385	2661.805
spe	1326	1325	2719.225	2604.385	2661.805
spe	1325	1297	2604.385	2420.65	2512.5175
hgt	1380	GCF.001049895.1.Bacteria.Firmicutes	2120.065	0.0	1060.0325
los	1297	GCA.002329495.1.Bacteria.Firmicutes.B	2420.65	0.0	1210.325
spe	1297	1296	2420.65	2280.145	2350.3975
los	1296	GCA.001513545.1.Bacteria.Firmicutes.B	2280.145	0.0	1140.0725
spe	1325	1324	2604.385	2536.255	2570.32
spe	1324	1323	2536.255	2478.3	2507.2775
los	1323	1319	2478.3	2388.655	2433.4775
spe	1323	1322	2478.3	2209.475	2343.8875
los	1322	GCA.001512665.1.Bacteria.Firmicutes.B	2209.475	0.0	1104.7375
spe	1324	1308	2536.255	2377.745	2457.0
los	1308	1300	2377.745	2090.18	2233.9625
spe	1308	1307	2377.745	2196.38	2287.0625
spe	1307	1305	2196.38	2012.42	2104.4
hgt	1292	GCF.001950325.1.Bacteria.Firmicutes.B	2370.88	0.0	1185.44
los	1305	1304	2012.42	1697.92	1855.17
spe	1326	1325	2719.225	2604.385	2661.805
los	1325	1297	2604.385	2420.65	2512.5175
spe	1325	1324	2604.385	2536.255	2570.32
spe	1324	1323	2536.255	2478.3	2507.2775
spe	1323	1322	2478.3	2209.475	2343.8875
hgt	128	GCA.002011075.1.Archaea.Thermoproteota	1456.455	0.0	728.2275
los	1322	GCA.001512665.1.Bacteria.Firmicutes.B	2209.475	0.0	1104.7375
hgt	1350	GCF.001742305.1.Bacteria.Firmicutes	1969.515	0.0	984.7575
hgt	1228	GCA.003023725.1.Bacteria.Firmicutes.E	2573.425	0.0	1286.7125
hgt	None	dead	0.0	0.0	0.0
hgt	1382	1381	2292.545	2205.155	2248.85
los	None	dead	0.0	0.0	0.0
spe	1382	1381	2292.545	2205.155	2248.85
spe	1381	1351	2205.155	2134.51	2169.8325
los	1351	1350	2134.51	1969.515	2052.0125
spe	1351	1347	2134.51	1852.54	1993.525
los	1347	GCF.900099895.1.Bacteria.Firmicutes	1852.54	0.0	926.27
spe	1381	1380	2205.155	2120.065	2162.61
los	1380	1379	2120.065	2060.89	2090.4775
hgt	396	GCF.000177635.2.Bacteria.Chrysiogenota	2831.62	0.0	1415.81
hgt	None	dead	0.0	0.0	0.0
hgt	462	GCF.000315795.1.Bacteria.Proteobacteria	1641.635	0.0	820.8175
los	None	dead	0.0	0.0	0.0
hgt	None	dead	0.0	0.0	0.0
los	1323	1319	2478.3	2388.655	2433.4775
hgt	574	GCF.000374645.1.Bacteria.Proteobacteria	1962.545	0.0	981.2725
los	None	dead	0.0	0.0	0.0
spe	1324	1308	2536.255	2377.745	2457.0
spe	1308	1307	2377.745	2196.38	2287.0625
los	1307	GCA.000987045.1.Bacteria.Firmicutes.B	2196.38	0.0	1098.19
spe	1307	1305	2196.38	2012.42	2104.4
los	1305	1304	2012.42	1697.92	1855.17
hgt	871	GCA.007244385.1.Bacteria.Desulfobacterota	2172.555	0.0	1086.2775
hgt	741	GCA.001771285.1.Bacteria.Methylomirabilota	2582.55	0.0	1291.275
hgt	753	GCA.001803565.1.Bacteria.Nitrospinota.B	2583.27	0.0	1291.635
los	1308	1300	2377.745	2090.18	2233.9625
spe	1326	1325	2719.225	2604.385	2661.805
spe	1325	1297	2604.385	2420.65	2512.5175
los	1297	GCA.002329495.1.Bacteria.Firmicutes.B	2420.65	0.0	1210.325
spe	1297	1296	2420.65	2280.145	2350.3975
los	1296	GCA.001513545.1.Bacteria.Firmicutes.B	2280.145	0.0	1140.0725
spe	1325	1324	2604.385	2536.255	2570.32
hgt	None	dead	0.0	0.0	0.0
los	1324	1308	2536.255	2377.745	2457.0
hgt	1350	GCF.001742305.1.Bacteria.Firmicutes	1969.515	0.0	984.7575
los	None	dead	0.0	0.0	0.0
spe	1324	1323	2536.255	2478.3	2507.2775
los	1323	1319	2478.3	2388.655	2433.4775
spe	1323	1322	2478.3	2209.475	2343.8875
los	1322	GCA.001512665.1.Bacteria.Firmicutes.B	2209.475	0.0	1104.7375
hgt	397	GCF.000526155.1.Bacteria.Desulfobacterota	3038.98	0.0	1519.49
