event	left_node	right_node	left_date	right_date	midpoint_date
spe	902	901	3241.035	3194.215	3217.625
spe	901	663	3194.215	3149.67	3171.9425
spe	663	397	3149.67	3038.98	3094.325
los	397	GCF.000526155.1.Bacteria.Desulfobacterota	3038.98	0.0	1519.49
spe	397	396	3038.98	2831.62	2935.3
los	396	395	2831.62	2049.66	2440.64
spe	663	662	3149.67	3108.12	3128.895
los	662	400	3108.12	2693.845	2900.9825
spe	662	661	3108.12	3075.81	3091.965
los	661	655	3075.81	3042.74	3059.275
spe	661	660	3075.81	2810.715	2943.2625
los	660	GCA.002395105.1.Bacteria.Proteobacteria	2810.715	0.0	1405.3575
spe	660	659	2810.715	2073.72	2442.2175
los	659	GCA.000830255.1.Bacteria.Campylobacterota	2073.72	0.0	1036.86
hgt	None	dead	0.0	0.0	0.0
hgt	846	GCF.001611275.1.Bacteria.Desulfobacterota	2541.4	0.0	1270.7
los	None	dead	0.0	0.0	0.0
spe	901	900	3194.215	3136.94	3165.5775
spe	900	716	3136.94	2935.17	3036.055
los	716	670	2935.17	2753.645	2844.4075
spe	716	715	2935.17	2853.34	2894.255
los	715	714	2853.34	2786.11	2819.725
spe	715	675	2853.34	2652.03	2752.685
los	675	GCA.002789615.1.Bacteria.Acidobacteriota	2652.03	0.0	1326.015
spe	675	674	2652.03	2473.205	2562.6175
los	674	GCA.002747255.1.Bacteria.Acidobacteriota	2473.205	0.0	1236.6025
spe	900	899	3136.94	3089.895	3113.4175
los	899	743	3089.895	3035.675	3062.785
spe	899	898	3089.895	3060.73	3075.3125
los	898	756	3060.73	2888.115	2974.4225
spe	898	897	3060.73	3021.29	3041.01
spe	897	896	3021.29	2913.21	2967.25
los	896	895	2913.21	2668.13	2790.67
hgt	None	dead	0.0	0.0	0.0
hgt	1307	GCA.000987045.1.Bacteria.Firmicutes.B	2196.38	0.0	1098.19
los	None	dead	0.0	0.0	0.0
spe	896	892	2913.21	2624.55	2768.88
hgt	1020	GCA.001780165.1.Bacteria.Eisenbacteria	2279.22	0.0	1139.61
los	892	GCA.001873295.1.Bacteria.CG2.30.70.394	2624.55	0.0	1312.275
hgt	1437	GCA.002702065.1.Bacteria.Chloroflexota	1859.345	0.0	929.6725
hgt	None	dead	0.0	0.0	0.0
hgt	1477	1476	3065.68	2948.885	3007.2825
hgt	1333	GCF.900111575.1.Bacteria.Firmicutes.D	2457.61	0.0	1228.805
los	None	dead	0.0	0.0	0.0
spe	1477	1476	3065.68	2948.885	3007.2825
hgt	None	dead	0.0	0.0	0.0
spe	1476	1475	2948.885	2883.705	2916.295
los	1475	1463	2883.705	2750.56	2817.1325
hgt	None	dead	0.0	0.0	0.0
hgt	None	dead	0.0	0.0	0.0
hgt	769	GCA.001798135.1.Bacteria.UBA10199	2474.02	0.0	1237.01
los	None	dead	0.0	0.0	0.0
spe	1475	1474	2883.705	2804.86	2844.2825
spe	1474	1473	2804.86	2043.005	2423.9325
los	1473	GCA.003243965.1.Bacteria.Chloroflexota	2043.005	0.0	1021.5025
spe	1474	1470	2804.86	2595.865	2700.3625
los	1470	GCF.000025005.1.Bacteria.Chloroflexota	2595.865	0.0	1297.9325
spe	1470	1469	2595.865	2472.76	2534.3125
hgt	736	GCA.001803795.1.Bacteria.Nitrospirota	2435.77	0.0	1217.885
los	1469	1467	2472.76	2363.295	2418.0275
hgt	955	GCA.001769655.1.Bacteria.Bacteroidota	1759.09	0.0	879.545
hgt	1350	GCF.001742305.1.Bacteria.Firmicutes	1969.515	0.0	984.7575
hgt	1322	GCA.000961765.1.Bacteria.Firmicutes.B	2209.475	0.0	1104.7375
los	None	dead	0.0	0.0	0.0
hgt	1004	GCA.002791595.1.Bacteria.Zixibacteria	2154.39	0.0	1077.195
hgt	1307	GCA.000987045.1.Bacteria.Firmicutes.B	2196.38	0.0	1098.19
los	None	dead	0.0	0.0	0.0
dup	1307	GCA.000987045.1.Bacteria.Firmicutes.B	2196.38	0.0	1098.19
hgt	603	GCA.002085445.1.Bacteria.Proteobacteria	2200.665	0.0	1100.3325
hgt	1439	GCF.900187885.1.Bacteria.Chloroflexota	2159.315	0.0	1079.6575
hgt	732	GCA.002011735.1.Bacteria.Nitrospirota	2077.52	0.0	1038.76
dup	1307	GCA.000987045.1.Bacteria.Firmicutes.B	2196.38	0.0	1098.19
hgt	749	GCA.003229375.1.Bacteria.Nitrospinota	2363.875	0.0	1181.9375
dup	749	GCA.003229375.1.Bacteria.Nitrospinota	2363.875	0.0	1181.9375
hgt	None	dead	0.0	0.0	0.0
hgt	1173	GCA.002897715.1.Bacteria.Actinobacteriota	2194.99	0.0	1097.495
hgt	None	dead	0.0	0.0	0.0
hgt	736	GCA.003454665.1.Bacteria.Nitrospirota	2435.77	0.0	1217.885
hgt	386	GCA.002450905.1.Bacteria.Spirochaetota	2547.685	0.0	1273.8425
los	None	dead	0.0	0.0	0.0
hgt	1119	GCA.002779825.1.Bacteria.Armatimonadota	2529.245	0.0	1264.6225
hgt	275	GCA.001784175.1.Bacteria.Lindowbacteria	3039.065	0.0	1519.5325
los	None	dead	0.0	0.0	0.0
hgt	1173	GCA.002897715.1.Bacteria.Actinobacteriota	2194.99	0.0	1097.495
hgt	None	dead	0.0	0.0	0.0
hgt	None	dead	0.0	0.0	0.0
hgt	892	GCA.001873285.1.Bacteria.CG2.30.53.67	2624.55	0.0	1312.275
hgt	753	GCA.001803565.1.Bacteria.Nitrospinota.B	2583.27	0.0	1291.635
los	None	dead	0.0	0.0	0.0
hgt	733	GCA.003235715.1.Bacteria.Nitrospirota	2275.95	0.0	1137.975
hgt	1166	GCF.004348535.1.Bacteria.Actinobacteriota	1991.825	0.0	995.9125
hgt	727	GCA.001803815.1.Bacteria.Nitrospirota	2370.105	0.0	1185.0525
hgt	193	GCA.001873945.1.Bacteria.UBA9089	2795.065	0.0	1397.5325
los	None	dead	0.0	0.0	0.0
hgt	636	GCA.002840095.1.Bacteria.Proteobacteria	2146.87	0.0	1073.435
hgt	1355	GCF.004522215.1.Bacteria.Firmicutes	1845.21	0.0	922.605
hgt	861	GCA.001304105.1.Bacteria.Desulfobacterota	2265.965	0.0	1132.9825
hgt	None	dead	0.0	0.0	0.0
hgt	128	GCA.002011075.1.Archaea.Thermoproteota	1456.455	0.0	728.2275
los	None	dead	0.0	0.0	0.0
hgt	1327	1326	2828.71	2719.225	2773.9675
spe	1476	1454	2948.885	2633.59	2791.2375
spe	1454	1453	2633.59	2571.245	2602.4175
los	1453	1452	2571.245	2204.94	2388.0925
spe	1453	1449	2571.245	2414.175	2492.71
los	1449	GCA.002366595.1.Bacteria.Chloroflexota	2414.175	0.0	1207.0875
hgt	None	dead	0.0	0.0	0.0
hgt	849	GCF.000266945.1.Bacteria.Desulfobacterota	2490.935	0.0	1245.4675
los	None	dead	0.0	0.0	0.0
hgt	None	dead	0.0	0.0	0.0
spe	1454	1446	2633.59	2467.265	2550.4275
los	1446	1440	2467.265	2358.68	2412.9725
spe	1446	1445	2467.265	2304.44	2385.8525
los	1445	GCA.003130875.1.Bacteria.Chloroflexota	2304.44	0.0	1152.22
spe	1445	1444	2304.44	2137.48	2220.96
los	1444	GCA.002366755.1.Bacteria.Chloroflexota	2137.48	0.0	1068.74
dup	None	dead	0.0	0.0	0.0
hgt	1325	1324	2604.385	2536.255	2570.32
los	None	dead	0.0	0.0	0.0
hgt	None	dead	0.0	0.0	0.0
hgt	1350	GCF.001742305.1.Bacteria.Firmicutes	1969.515	0.0	984.7575
los	None	dead	0.0	0.0	0.0
spe	1325	1324	2604.385	2536.255	2570.32
spe	1324	1308	2536.255	2377.745	2457.0
los	1308	1307	2377.745	2196.38	2287.0625
spe	1308	1300	2377.745	2090.18	2233.9625
los	1300	GCA.002418765.1.Bacteria.Firmicutes.B	2090.18	0.0	1045.09
spe	1324	1323	2536.255	2478.3	2507.2775
los	1323	1319	2478.3	2388.655	2433.4775
hgt	None	dead	0.0	0.0	0.0
hgt	1287	GCA.002329525.1.Bacteria.Firmicutes.C	1965.585	0.0	982.7925
los	None	dead	0.0	0.0	0.0
spe	1323	1322	2478.3	2209.475	2343.8875
los	1322	GCA.001512665.1.Bacteria.Firmicutes.B	2209.475	0.0	1104.7375
hgt	1384	1383	2455.815	2371.08	2413.4475
los	None	dead	0.0	0.0	0.0
spe	1384	1383	2455.815	2371.08	2413.4475
spe	1383	1341	2371.08	2078.19	2224.635
los	1341	GCF.001311905.1.Bacteria.Firmicutes	2078.19	0.0	1039.095
spe	1383	1382	2371.08	2292.545	2331.8125
los	1382	1344	2292.545	2055.27	2173.9075
dup	1382	1381	2292.545	2205.155	2248.85
spe	1382	1381	2292.545	2205.155	2248.85
spe	1381	1380	2205.155	2120.065	2162.61
los	1380	1379	2120.065	2060.89	2090.4775
spe	1381	1351	2205.155	2134.51	2169.8325
los	1351	1350	2134.51	1969.515	2052.0125
spe	1351	1347	2134.51	1852.54	1993.525
los	1347	GCF.900099895.1.Bacteria.Firmicutes	1852.54	0.0	926.27
spe	1382	1381	2292.545	2205.155	2248.85
spe	1381	1380	2205.155	2120.065	2162.61
los	1380	1379	2120.065	2060.89	2090.4775
spe	1381	1351	2205.155	2134.51	2169.8325
spe	1351	1350	2134.51	1969.515	2052.0125
los	1350	GCF.000942395.1.Bacteria.Firmicutes	1969.515	0.0	984.7575
spe	1351	1347	2134.51	1852.54	1993.525
los	1347	GCF.900099895.1.Bacteria.Firmicutes	1852.54	0.0	926.27
spe	1327	1326	2828.71	2719.225	2773.9675
spe	1326	1325	2719.225	2604.385	2661.805
los	1325	1324	2604.385	2536.255	2570.32
spe	1325	1297	2604.385	2420.65	2512.5175
los	1297	GCA.002329495.1.Bacteria.Firmicutes.B	2420.65	0.0	1210.325
spe	1297	1296	2420.65	2280.145	2350.3975
los	1296	GCA.001513545.1.Bacteria.Firmicutes.B	2280.145	0.0	1140.0725
spe	1326	1292	2719.225	2370.88	2545.0525
los	1292	GCF.000024605.1.Bacteria.Firmicutes.B	2370.88	0.0	1185.44
spe	897	889	3021.29	2916.985	2969.1375
spe	889	888	2916.985	2827.975	2872.48
spe	888	854	2827.975	2738.145	2783.06
los	854	853	2738.145	2576.375	2657.26
spe	854	850	2738.145	2713.455	2725.8
los	850	846	2713.455	2541.4	2627.4275
spe	850	849	2713.455	2490.935	2602.195
los	849	GCA.001896555.1.Bacteria.Desulfobacterota	2490.935	0.0	1245.4675
hgt	1645	GCF.000212395.1.Bacteria.Thermodesulfobiota	3078.905	0.0	1539.4525
dup	888	887	2827.975	2727.215	2777.595
spe	888	887	2827.975	2727.215	2777.595
los	887	863	2727.215	2597.055	2662.135
spe	887	886	2727.215	2570.925	2649.07
hgt	None	dead	0.0	0.0	0.0
hgt	871	GCA.007244385.1.Bacteria.Desulfobacterota	2172.555	0.0	1086.2775
los	None	dead	0.0	0.0	0.0
spe	886	885	2570.925	2490.35	2530.6375
spe	885	877	2490.35	2406.095	2448.2225
los	877	GCA.001797675.1.Bacteria.Desulfobacterota	2406.095	0.0	1203.0475
spe	885	884	2490.35	2409.27	2449.81
los	884	880	2409.27	2202.89	2306.08
spe	884	883	2409.27	2107.355	2258.3125
los	883	GCA.001751085.1.Bacteria.Desulfobacterota	2107.355	0.0	1053.6775
dup	886	874	2570.925	2502.96	2536.9425
spe	886	874	2570.925	2502.96	2536.9425
los	874	873	2502.96	2374.525	2438.7425
spe	874	868	2502.96	2357.855	2430.4075
los	868	866	2357.855	2095.425	2226.64
spe	886	874	2570.925	2502.96	2536.9425
spe	874	868	2502.96	2357.855	2430.4075
los	868	GCA.002347095.1.Bacteria.Desulfobacterota	2357.855	0.0	1178.9275
spe	868	866	2357.855	2095.425	2226.64
los	866	GCA.003194485.1.Bacteria.Desulfobacterota	2095.425	0.0	1047.7125
spe	874	873	2502.96	2374.525	2438.7425
hgt	837	GCA.001768075.1.Bacteria.Myxococcota	2276.83	0.0	1138.415
los	873	871	2374.525	2172.555	2273.54
spe	888	887	2827.975	2727.215	2777.595
spe	887	863	2727.215	2597.055	2662.135
los	863	862	2597.055	2368.33	2482.6925
spe	863	857	2597.055	2515.41	2556.2325
los	857	GCA.001830835.1.Bacteria.Desulfobacterota	2515.41	0.0	1257.705
dup	887	886	2727.215	2570.925	2649.07
spe	887	886	2727.215	2570.925	2649.07
spe	886	874	2570.925	2502.96	2536.9425
los	874	868	2502.96	2357.855	2430.4075
spe	874	873	2502.96	2374.525	2438.7425
los	873	GCA.002011835.1.Bacteria.Desulfobacterota	2374.525	0.0	1187.2625
spe	873	871	2374.525	2172.555	2273.54
los	871	GCA.002899795.1.Bacteria.Desulfobacterota	2172.555	0.0	1086.2775
spe	886	885	2570.925	2490.35	2530.6375
spe	885	884	2490.35	2409.27	2449.81
los	884	880	2409.27	2202.89	2306.08
spe	884	883	2409.27	2107.355	2258.3125
los	883	GCA.001751085.1.Bacteria.Desulfobacterota	2107.355	0.0	1053.6775
spe	885	877	2490.35	2406.095	2448.2225
los	877	GCA.001797675.1.Bacteria.Desulfobacterota	2406.095	0.0	1203.0475
spe	887	886	2727.215	2570.925	2649.07
los	886	874	2570.925	2502.96	2536.9425
spe	886	885	2570.925	2490.35	2530.6375
los	885	884	2490.35	2409.27	2449.81
hgt	None	dead	0.0	0.0	0.0
hgt	1312	GCF.002607855.1.Bacteria.Firmicutes.B	2058.365	0.0	1029.1825
los	None	dead	0.0	0.0	0.0
spe	885	877	2490.35	2406.095	2448.2225
los	877	GCF.000620765.1.Bacteria.Desulfobacterota.I	2406.095	0.0	1203.0475
spe	889	843	2916.985	2862.71	2889.8475
los	843	783	2862.71	2802.765	2832.7375
spe	843	842	2862.71	2805.65	2834.18
los	842	798	2805.65	2657.78	2731.715
dup	842	841	2805.65	2762.435	2784.0425
hgt	None	dead	0.0	0.0	0.0
hgt	997	996	2845.53	2790.055	2817.7925
spe	842	841	2805.65	2762.435	2784.0425
los	841	801	2762.435	2578.84	2670.6375
hgt	None	dead	0.0	0.0	0.0
hgt	686	GCA.002451015.1.Bacteria.Acidobacteriota	2295.75	0.0	1147.875
los	None	dead	0.0	0.0	0.0
spe	841	840	2762.435	2651.205	2706.82
los	840	804	2651.205	2545.8	2598.5025
spe	840	839	2651.205	2599.34	2625.2725
spe	839	829	2599.34	2568.27	2583.805
los	829	828	2568.27	2398.31	2483.29
spe	829	817	2568.27	2468.695	2518.4825
los	817	816	2468.695	2057.94	2263.3175
spe	817	813	2468.695	2371.52	2420.1075
los	813	812	2371.52	2281.345	2326.4325
spe	813	807	2371.52	2202.835	2287.1775
los	807	GCA.002841945.1.Bacteria.Myxococcota	2202.835	0.0	1101.4175
spe	839	838	2599.34	2486.025	2542.6825
spe	838	834	2486.025	2442.985	2464.505
los	834	832	2442.985	2268.205	2355.595
spe	838	837	2486.025	2276.83	2381.4275
los	837	GCA.002309015.1.Bacteria.Myxococcota	2276.83	0.0	1138.415
spe	997	996	2845.53	2790.055	2817.7925
spe	996	984	2790.055	2743.005	2766.53
los	984	983	2743.005	2619.7	2681.3525
spe	984	950	2743.005	2440.28	2591.6425
los	950	946	2440.28	2304.795	2372.5375
hgt	None	dead	0.0	0.0	0.0
hgt	332	GCA.002704825.1.Bacteria.Planctomycetota	1728.22	0.0	864.11
los	None	dead	0.0	0.0	0.0
spe	950	949	2440.28	2228.61	2334.445
los	949	GCA.002452555.1.Bacteria.Marinisomatota	2228.61	0.0	1114.305
spe	996	995	2790.055	2669.78	2729.9175
spe	995	989	2669.78	2472.065	2570.9225
los	989	GCA.002011685.1.Bacteria.JdFR.76	2472.065	0.0	1236.0325
spe	989	987	2472.065	2188.64	2330.3525
los	987	GCA.002327255.1.Bacteria.KSB1	2188.64	0.0	1094.32
spe	995	994	2669.78	2567.69	2618.735
los	994	GCA.001304035.1.Bacteria.SM23.31	2567.69	0.0	1283.845
spe	994	992	2567.69	2313.925	2440.8075
los	992	GCA.002049825.1.Bacteria.Calditrichota	2313.925	0.0	1156.9625
hgt	1454	1446	2633.59	2467.265	2550.4275
hgt	706	704	2384.34	2238.87	2311.605
los	None	dead	0.0	0.0	0.0
spe	706	704	2384.34	2238.87	2311.605
spe	704	702	2238.87	2020.225	2129.5475
los	702	GCA.003223635.1.Bacteria.Acidobacteriota	2020.225	0.0	1010.1125
spe	1454	1446	2633.59	2467.265	2550.4275
spe	1446	1440	2467.265	2358.68	2412.9725
los	1440	GCF.001306175.1.Bacteria.Chloroflexota	2358.68	0.0	1179.34
spe	1440	1439	2358.68	2159.315	2258.9975
los	1439	1438	2159.315	1986.755	2073.035
spe	1446	1445	2467.265	2304.44	2385.8525
los	1445	GCA.003130875.1.Bacteria.Chloroflexota	2304.44	0.0	1152.22
spe	1445	1444	2304.44	2137.48	2220.96
los	1444	GCA.002366755.1.Bacteria.Chloroflexota	2137.48	0.0	1068.74
spe	842	841	2805.65	2762.435	2784.0425
los	841	801	2762.435	2578.84	2670.6375
hgt	None	dead	0.0	0.0	0.0
hgt	868	GCA.002347095.1.Bacteria.Desulfobacterota	2357.855	0.0	1178.9275
los	None	dead	0.0	0.0	0.0
spe	841	840	2762.435	2651.205	2706.82
los	840	804	2651.205	2545.8	2598.5025
spe	840	839	2651.205	2599.34	2625.2725
spe	839	829	2599.34	2568.27	2583.805
los	829	817	2568.27	2468.695	2518.4825
spe	829	828	2568.27	2398.31	2483.29
los	828	GCA.002699025.1.Bacteria.Myxococcota	2398.31	0.0	1199.155
spe	828	827	2398.31	2313.915	2356.1125
los	827	821	2313.915	2160.835	2237.375
spe	827	826	2313.915	2185.76	2249.8375
los	826	825	2185.76	1914.98	2050.37
spe	839	838	2599.34	2486.025	2542.6825
los	838	834	2486.025	2442.985	2464.505
spe	838	837	2486.025	2276.83	2381.4275
los	837	GCA.002309015.1.Bacteria.Myxococcota	2276.83	0.0	1138.415
