event	left_node	right_node	left_date	right_date	midpoint_date	left_date_lower	left_date_upper	right_date_lower	right_date_upper	midpoint_date_all
hgt	None	dead	0.0	0.0	0.0	0.0	0.0	0.0	0.0	0.0
dup	None	dead	0.0	0.0	0.0	0.0	0.0	0.0	0.0	0.0
hgt	1467	GCA.002440805.1.Bacteria.Chloroflexota	2363.295	0.0	1181.6475	2590.38	2136.21	0.0	0.0	1295.19
los	None	dead	0.0	0.0	0.0	0.0	0.0	0.0	0.0	0.0
hgt	807	GCA.002789955.1.Bacteria.Myxococcota	2202.835	0.0	1101.4175	2393.11	2012.56	0.0	0.0	1196.555
los	None	dead	0.0	0.0	0.0	0.0	0.0	0.0	0.0	0.0
hgt	None	dead	0.0	0.0	0.0	0.0	0.0	0.0	0.0	0.0
dup	None	dead	0.0	0.0	0.0	0.0	0.0	0.0	0.0	0.0
hgt	350	GCA.003509045.1.Bacteria.Planctomycetota	2200.88	0.0	1100.44	2420.34	1981.42	0.0	0.0	1210.17
los	None	dead	0.0	0.0	0.0	0.0	0.0	0.0	0.0	0.0
dup	None	dead	0.0	0.0	0.0	0.0	0.0	0.0	0.0	0.0
hgt	768	GCA.001798715.1.Bacteria.UBA10199	2381.62	0.0	1190.81	2564.17	2199.07	0.0	0.0	1282.085
los	None	dead	0.0	0.0	0.0	0.0	0.0	0.0	0.0	0.0
hgt	651	650	2583.355	2528.52	2555.9375	2725.11	2441.6	2669.79	2387.25	2556.18
los	None	dead	0.0	0.0	0.0	0.0	0.0	0.0	0.0	0.0
hgt	None	dead	0.0	0.0	0.0	0.0	0.0	0.0	0.0	0.0
hgt	711	GCA.001664505.1.Bacteria.Acidobacteriota	2445.625	0.0	1222.8125	2626.53	2264.72	0.0	0.0	1313.265
los	None	dead	0.0	0.0	0.0	0.0	0.0	0.0	0.0	0.0
spe	651	650	2583.355	2528.52	2555.9375	2725.11	2441.6	2669.79	2387.25	2556.18
spe	650	536	2528.52	2343.3	2435.91	2669.79	2387.25	2502.24	2184.36	2427.075
los	536	GCF.900111015.1.Bacteria.Proteobacteria	2343.3	0.0	1171.65	2502.24	2184.36	0.0	0.0	1251.12
spe	650	649	2528.52	2487.635	2508.0775	2669.79	2387.25	2629.66	2345.61	2507.7
los	649	543	2487.635	2384.42	2436.0275	2629.66	2345.61	2534.92	2233.92	2431.79
spe	649	648	2487.635	2440.92	2464.2775	2629.66	2345.61	2583.69	2298.15	2463.905
spe	648	562	2440.92	2333.93	2387.425	2583.69	2298.15	2481.45	2186.41	2385.05
los	562	546	2333.93	2056.155	2195.0425	2481.45	2186.41	2233.12	1879.19	2180.32
spe	562	561	2333.93	2282.175	2308.0525	2481.45	2186.41	2433.26	2131.09	2306.27
los	561	560	2282.175	2138.97	2210.5725	2433.26	2131.09	2303.08	1974.86	2204.06
spe	561	553	2282.175	2172.955	2227.565	2433.26	2131.09	2336.27	2009.64	2221.45
los	553	GCF.001641825.1.Bacteria.Proteobacteria	2172.955	0.0	1086.4775	2336.27	2009.64	0.0	0.0	1168.135
spe	553	552	2172.955	1988.77	2080.8625	2336.27	2009.64	2174.6	1802.94	2069.605
los	552	551	1988.77	1711.785	1850.2775	2174.6	1802.94	1939.79	1483.78	1829.19
spe	648	647	2440.92	2391.055	2415.9875	2583.69	2298.15	2533.91	2248.2	2415.945
los	647	571	2391.055	2282.495	2336.775	2533.91	2248.2	2431.81	2133.18	2333.545
spe	647	646	2391.055	2358.03	2374.5425	2533.91	2248.2	2502.58	2213.48	2373.695
spe	646	588	2358.03	2283.06	2320.545	2502.58	2213.48	2432.98	2133.14	2317.86
los	588	576	2283.06	2178.965	2231.0125	2432.98	2133.14	2336.84	2021.09	2227.035
spe	588	587	2283.06	1996.16	2139.61	2432.98	2133.14	2165.59	1826.73	2129.855
los	587	586	1996.16	1895.525	1945.8425	2165.59	1826.73	2076.74	1714.31	1939.95
spe	587	581	1996.16	1845.545	1920.8525	2165.59	1826.73	2033.36	1657.73	1911.66
los	581	579	1845.545	1566.0	1705.7725	2033.36	1657.73	1791.46	1340.54	1686.95
spe	646	645	2358.03	2312.285	2335.1575	2502.58	2213.48	2458.58	2165.99	2334.285
los	645	644	2312.285	2211.125	2261.705	2458.58	2165.99	2362.51	2059.74	2259.16
spe	645	631	2312.285	2258.31	2285.2975	2458.58	2165.99	2406.05	2110.57	2284.575
los	631	630	2258.31	2159.7	2209.005	2406.05	2110.57	2311.95	2007.45	2206.75
spe	631	603	2258.31	2200.665	2229.4875	2406.05	2110.57	2350.69	2050.64	2228.345
los	603	GCA.002085445.1.Bacteria.Proteobacteria	2200.665	0.0	1100.3325	2350.69	2050.64	0.0	0.0	1175.345
spe	603	602	2200.665	2136.455	2168.56	2350.69	2050.64	2288.0	1984.91	2167.8
spe	602	592	2136.455	1879.945	2008.2	2288.0	1984.91	2061.78	1698.11	1993.055
los	592	GCF.001720165.1.Bacteria.Proteobacteria	1879.945	0.0	939.9725	2061.78	1698.11	0.0	0.0	1030.89
spe	602	601	2136.455	2005.515	2070.985	2288.0	1984.91	2169.0	1842.03	2065.015
los	601	595	2005.515	1816.095	1910.805	2169.0	1842.03	2002.91	1629.28	1899.14
spe	601	600	2005.515	1814.2	1909.8575	2169.0	1842.03	1996.49	1631.91	1900.455
los	600	598	1814.2	1497.41	1655.805	1996.49	1631.91	1713.35	1281.47	1638.98
spe	1727	1726	3460.76	3442.105	3451.4325	3608.87	3312.65	3587.74	3296.47	3452.67
spe	1726	1725	3442.105	3410.995	3426.55	3587.74	3296.47	3554.71	3267.28	3427.51
spe	1725	1724	3410.995	3346.625	3378.81	3554.71	3267.28	3486.29	3206.96	3380.835
los	1724	1723	3346.625	3248.065	3297.345	3486.29	3206.96	3383.97	3112.16	3299.225
hgt	None	dead	0.0	0.0	0.0	0.0	0.0	0.0	0.0	0.0
hgt	829	828	2568.27	2398.31	2483.29	2727.21	2409.33	2568.84	2227.78	2477.495
los	None	dead	0.0	0.0	0.0	0.0	0.0	0.0	0.0	0.0
spe	829	828	2568.27	2398.31	2483.29	2727.21	2409.33	2568.84	2227.78	2477.495
dup	828	827	2398.31	2313.915	2356.1125	2568.84	2227.78	2488.25	2139.58	2354.21
spe	828	827	2398.31	2313.915	2356.1125	2568.84	2227.78	2488.25	2139.58	2354.21
los	827	821	2313.915	2160.835	2237.375	2488.25	2139.58	2359.5	1962.17	2225.21
spe	827	826	2313.915	2185.76	2249.8375	2488.25	2139.58	2375.3	1996.22	2242.235
los	826	GCA.002747355.1.Bacteria.Myxococcota	2185.76	0.0	1092.88	2375.3	1996.22	0.0	0.0	1187.65
spe	826	825	2185.76	1914.98	2050.37	2375.3	1996.22	2142.21	1687.75	2031.525
los	825	GCA.002344285.1.Bacteria.Myxococcota	1914.98	0.0	957.49	2142.21	1687.75	0.0	0.0	1071.105
spe	828	827	2398.31	2313.915	2356.1125	2568.84	2227.78	2488.25	2139.58	2354.21
spe	827	821	2313.915	2160.835	2237.375	2488.25	2139.58	2359.5	1962.17	2225.21
los	821	GCA.002841825.1.Bacteria.Myxococcota	2160.835	0.0	1080.4175	2359.5	1962.17	0.0	0.0	1179.75
spe	827	826	2313.915	2185.76	2249.8375	2488.25	2139.58	2375.3	1996.22	2242.235
los	826	GCA.002747355.1.Bacteria.Myxococcota	2185.76	0.0	1092.88	2375.3	1996.22	0.0	0.0	1187.65
spe	826	825	2185.76	1914.98	2050.37	2375.3	1996.22	2142.21	1687.75	2031.525
los	825	GCA.003170275.1.Bacteria.Myxococcota	1914.98	0.0	957.49	2142.21	1687.75	0.0	0.0	1071.105
spe	1724	1642	3346.625	3305.11	3325.8675	3486.29	3206.96	3444.34	3165.88	3326.085
los	1642	1641	3305.11	3138.575	3221.8425	3444.34	3165.88	3281.68	2995.47	3219.905
spe	1642	1478	3305.11	3178.32	3241.715	3444.34	3165.88	3320.39	3036.25	3240.295
spe	1478	1396	3178.32	2525.675	2851.9975	3320.39	3036.25	2773.68	2277.67	2799.03
los	1396	GCA.003151665.1.Bacteria.Dormibacterota	2525.675	0.0	1262.8375	2773.68	2277.67	0.0	0.0	1386.84
spe	1478	1477	3178.32	3065.68	3122.0	3320.39	3036.25	3209.37	2921.99	3121.19
los	1477	1431	3065.68	2900.705	2983.1925	3209.37	2921.99	3055.74	2745.67	2977.52
spe	1477	1476	3065.68	2948.885	3007.2825	3209.37	2921.99	3099.11	2798.66	3004.015
los	1476	1454	2948.885	2633.59	2791.2375	3099.11	2798.66	2806.22	2460.96	2780.035
spe	1476	1475	2948.885	2883.705	2916.295	3099.11	2798.66	3039.71	2727.7	2913.405
los	1475	1463	2883.705	2750.56	2817.1325	3039.71	2727.7	2918.34	2582.78	2811.245
spe	1475	1474	2883.705	2804.86	2844.2825	3039.71	2727.7	2967.88	2641.84	2840.775
spe	1474	1470	2804.86	2595.865	2700.3625	2967.88	2641.84	2779.45	2412.28	2690.08
los	1470	GCF.000025005.1.Bacteria.Chloroflexota	2595.865	0.0	1297.9325	2779.45	2412.28	0.0	0.0	1389.725
spe	1470	1469	2595.865	2472.76	2534.3125	2779.45	2412.28	2679.0	2266.52	2522.985
los	1469	1467	2472.76	2363.295	2418.0275	2679.0	2266.52	2590.38	2136.21	2407.605
spe	1474	1473	2804.86	2043.005	2423.9325	2967.88	2641.84	2324.44	1761.57	2364.725
spe	1725	1393	3410.995	3339.09	3375.0425	3554.71	3267.28	3482.84	3195.34	3375.025
los	1393	1129	3339.09	3221.86	3280.475	3482.84	3195.34	3366.34	3077.38	3280.11
spe	1393	1392	3339.09	3284.295	3311.6925	3482.84	3195.34	3427.25	3141.34	3312.09
los	1392	1391	3284.295	3133.07	3208.6825	3427.25	3141.34	3276.23	2989.91	3208.58
spe	1392	1188	3284.295	3109.515	3196.905	3427.25	3141.34	3255.47	2963.56	3195.405
los	1188	GCA.002779205.1.Bacteria.Actinobacteriota	3109.515	0.0	1554.7575	3255.47	2963.56	0.0	0.0	1627.735
spe	1188	1187	3109.515	3068.88	3089.1975	3255.47	2963.56	3215.81	2921.95	3088.71
los	1187	1133	3068.88	2731.5	2900.19	3215.81	2921.95	2922.33	2540.67	2878.24
spe	1187	1186	3068.88	3002.725	3035.8025	3215.81	2921.95	3152.18	2853.27	3034.54
los	1186	1136	3002.725	2691.07	2846.8975	3152.18	2853.27	2887.94	2494.2	2823.19
spe	1186	1185	3002.725	2913.82	2958.2725	3152.18	2853.27	3065.51	2762.13	2957.155
spe	1185	1184	2913.82	2836.38	2875.1	3065.51	2762.13	2994.12	2678.64	2872.075
los	1184	1183	2836.38	2457.105	2646.7425	2994.12	2678.64	2668.97	2245.24	2619.68
spe	1184	1180	2836.38	2587.79	2712.085	2994.12	2678.64	2773.12	2402.46	2698.29
los	1180	GCF.001029505.1.Bacteria.Actinobacteriota	2587.79	0.0	1293.895	2773.12	2402.46	0.0	0.0	1386.56
spe	1180	1179	2587.79	2376.455	2482.1225	2773.12	2402.46	2575.79	2177.12	2475.12
los	1179	1173	2376.455	2194.99	2285.7225	2575.79	2177.12	2420.07	1969.91	2272.85
spe	1179	1178	2376.455	2241.835	2309.145	2575.79	2177.12	2458.12	2025.55	2300.67
los	1178	GCA.002347645.1.Bacteria.Actinobacteriota	2241.835	0.0	1120.9175	2458.12	2025.55	0.0	0.0	1229.06
spe	1178	1177	2241.835	2055.195	2148.515	2458.12	2025.55	2300.55	1809.84	2133.98
hgt	None	dead	0.0	0.0	0.0	0.0	0.0	0.0	0.0	0.0
hgt	697	GCA.003222815.1.Bacteria.Acidobacteriota	2258.95	0.0	1129.475	2444.95	2072.95	0.0	0.0	1222.475
los	None	dead	0.0	0.0	0.0	0.0	0.0	0.0	0.0	0.0
spe	1185	1169	2913.82	2691.26	2802.54	3065.51	2762.13	2854.89	2527.63	2796.57
los	1169	1168	2691.26	2631.565	2661.4125	2854.89	2527.63	2798.58	2464.55	2659.72
spe	1169	1145	2691.26	2458.975	2575.1175	2854.89	2527.63	2644.12	2273.83	2564.36
spe	1145	1143	2458.975	2319.725	2389.35	2644.12	2273.83	2519.3	2120.15	2382.135
dup	1143	1141	2319.725	2008.575	2164.15	2519.3	2120.15	2245.24	1771.91	2145.605
spe	1143	1141	2319.725	2008.575	2164.15	2519.3	2120.15	2245.24	1771.91	2145.605
los	1141	GCA.003140175.1.Bacteria.Actinobacteriota	2008.575	0.0	1004.2875	2245.24	1771.91	0.0	0.0	1122.62
spe	1141	1140	2008.575	1795.075	1901.825	2245.24	1771.91	2067.33	1522.82	1884.03
los	1140	GCA.002722565.1.Bacteria.Actinobacteriota	1795.075	0.0	897.5375	2067.33	1522.82	0.0	0.0	1033.665
spe	1143	1141	2319.725	2008.575	2164.15	2519.3	2120.15	2245.24	1771.91	2145.605
spe	1141	1140	2008.575	1795.075	1901.825	2245.24	1771.91	2067.33	1522.82	1884.03
los	1140	GCA.003162395.1.Bacteria.Actinobacteriota	1795.075	0.0	897.5375	2067.33	1522.82	0.0	0.0	1033.665
hgt	None	dead	0.0	0.0	0.0	0.0	0.0	0.0	0.0	0.0
hgt	1226	GCA.003242195.1.Bacteria.Firmicutes.E	2297.705	0.0	1148.8525	2529.25	2066.16	0.0	0.0	1264.625
los	None	dead	0.0	0.0	0.0	0.0	0.0	0.0	0.0	0.0
spe	1726	1094	3442.105	3407.45	3424.7775	3587.74	3296.47	3553.34	3261.56	3424.65
los	1094	1093	3407.45	3335.31	3371.38	3553.34	3261.56	3481.64	3188.98	3371.16
spe	1094	1048	3407.45	3324.645	3366.0475	3553.34	3261.56	3468.94	3180.35	3366.845
spe	1048	278	3324.645	3267.455	3296.05	3468.94	3180.35	3413.03	3121.88	3295.41
los	278	262	3267.455	3164.4	3215.9275	3413.03	3121.88	3310.34	3018.46	3215.745
spe	278	277	3267.455	3169.945	3218.7	3413.03	3121.88	3319.44	3020.45	3216.74
los	277	276	3169.945	3142.94	3156.4425	3319.44	3020.45	3295.82	2990.06	3154.75
hgt	None	dead	0.0	0.0	0.0	0.0	0.0	0.0	0.0	0.0
spe	277	267	3169.945	2989.33	3079.6375	3319.44	3020.45	3160.51	2818.15	3068.795
los	267	GCA.002428325.1.Bacteria.UBP4	2989.33	0.0	1494.665	3160.51	2818.15	0.0	0.0	1580.255
spe	267	265	2989.33	2505.165	2747.2475	3160.51	2818.15	2750.37	2259.96	2710.235
los	265	GCA.003501375.1.Bacteria.Sumerlaeota	2505.165	0.0	1252.5825	2750.37	2259.96	0.0	0.0	1375.185
hgt	804	GCA.003247575.1.Bacteria.Myxococcota.A	2545.8	0.0	1272.9	2736.71	2354.89	0.0	0.0	1368.355
los	None	dead	0.0	0.0	0.0	0.0	0.0	0.0	0.0	0.0
spe	1048	1047	3324.645	3317.54	3321.0925	3468.94	3180.35	3462.08	3173.0	3320.97
hgt	None	dead	0.0	0.0	0.0	0.0	0.0	0.0	0.0	0.0
dup	None	dead	0.0	0.0	0.0	0.0	0.0	0.0	0.0	0.0
hgt	1663	GCA.001464165.1.Bacteria.Cyanobacteria	2633.14	0.0	1316.57	2823.95	2442.33	0.0	0.0	1411.975
los	None	dead	0.0	0.0	0.0	0.0	0.0	0.0	0.0	0.0
dup	None	dead	0.0	0.0	0.0	0.0	0.0	0.0	0.0	0.0
hgt	930	GCA.002449765.1.Bacteria.Fibrobacterota	2114.665	0.0	1057.3325	2371.39	1857.94	0.0	0.0	1185.695
los	None	dead	0.0	0.0	0.0	0.0	0.0	0.0	0.0	0.0
hgt	1467	GCA.002292925.1.Bacteria.Chloroflexota	2363.295	0.0	1181.6475	2590.38	2136.21	0.0	0.0	1295.19
los	None	dead	0.0	0.0	0.0	0.0	0.0	0.0	0.0	0.0
hgt	None	dead	0.0	0.0	0.0	0.0	0.0	0.0	0.0	0.0
dup	None	dead	0.0	0.0	0.0	0.0	0.0	0.0	0.0	0.0
hgt	1154	GCF.001591405.1.Bacteria.Actinobacteria	1356.86	0.0	678.43	1624.69	1089.03	0.0	0.0	812.345
los	None	dead	0.0	0.0	0.0	0.0	0.0	0.0	0.0	0.0
hgt	1098	GCA.003167155.1.Bacteria.Eremiobacterota	2247.98	0.0	1123.99	2544.35	1951.61	0.0	0.0	1272.175
los	None	dead	0.0	0.0	0.0	0.0	0.0	0.0	0.0	0.0
spe	1047	365	3317.54	3204.425	3260.9825	3462.08	3173.0	3352.46	3056.39	3259.235
los	365	GCA.001730085.1.Bacteria.GCA.001730085	3204.425	0.0	1602.2125	3352.46	3056.39	0.0	0.0	1676.23
hgt	None	dead	0.0	0.0	0.0	0.0	0.0	0.0	0.0	0.0
dup	None	dead	0.0	0.0	0.0	0.0	0.0	0.0	0.0	0.0
hgt	767	GCA.002796325.1.Bacteria.UBA10199	2265.96	0.0	1132.98	2459.42	2072.5	0.0	0.0	1229.71
los	None	dead	0.0	0.0	0.0	0.0	0.0	0.0	0.0	0.0
hgt	477	GCA.001897475.1.Bacteria.Proteobacteria	1568.215	0.0	784.1075	1778.86	1357.57	0.0	0.0	889.43
los	None	dead	0.0	0.0	0.0	0.0	0.0	0.0	0.0	0.0
spe	365	364	3204.425	3156.3	3180.3625	3352.46	3056.39	3302.8	3009.8	3181.13
hgt	None	dead	0.0	0.0	0.0	0.0	0.0	0.0	0.0	0.0
dup	None	dead	0.0	0.0	0.0	0.0	0.0	0.0	0.0	0.0
hgt	652	651	2671.985	2583.355	2627.67	2814.28	2529.69	2725.11	2441.6	2627.94
los	None	dead	0.0	0.0	0.0	0.0	0.0	0.0	0.0	0.0
spe	652	651	2671.985	2583.355	2627.67	2814.28	2529.69	2725.11	2441.6	2627.94
spe	651	533	2583.355	2458.635	2520.995	2725.11	2441.6	2609.15	2308.12	2516.615
hgt	None	dead	0.0	0.0	0.0	0.0	0.0	0.0	0.0	0.0
los	533	532	2458.635	2186.645	2322.64	2609.15	2308.12	2379.45	1993.84	2301.495
hgt	519	GCF.002109495.1.Bacteria.Proteobacteria	2801.035	0.0	1400.5175	2944.12	2657.95	0.0	0.0	1472.06
los	None	dead	0.0	0.0	0.0	0.0	0.0	0.0	0.0	0.0
spe	533	529	2458.635	2307.945	2383.29	2609.15	2308.12	2475.73	2140.16	2374.655
hgt	None	dead	0.0	0.0	0.0	0.0	0.0	0.0	0.0	0.0
los	529	GCA.002420425.1.Bacteria.Proteobacteria	2307.945	0.0	1153.9725	2475.73	2140.16	0.0	0.0	1237.865
hgt	592	GCF.000024725.1.Bacteria.Proteobacteria	1879.945	0.0	939.9725	2061.78	1698.11	0.0	0.0	1030.89
los	None	dead	0.0	0.0	0.0	0.0	0.0	0.0	0.0	0.0
spe	651	650	2583.355	2528.52	2555.9375	2725.11	2441.6	2669.79	2387.25	2556.18
los	650	536	2528.52	2343.3	2435.91	2669.79	2387.25	2502.24	2184.36	2427.075
spe	650	649	2528.52	2487.635	2508.0775	2669.79	2387.25	2629.66	2345.61	2507.7
los	649	543	2487.635	2384.42	2436.0275	2629.66	2345.61	2534.92	2233.92	2431.79
spe	649	648	2487.635	2440.92	2464.2775	2629.66	2345.61	2583.69	2298.15	2463.905
spe	648	647	2440.92	2391.055	2415.9875	2583.69	2298.15	2533.91	2248.2	2415.945
spe	647	571	2391.055	2282.495	2336.775	2533.91	2248.2	2431.81	2133.18	2333.545
los	571	565	2282.495	2067.745	2175.12	2431.81	2133.18	2247.81	1887.68	2159.745
spe	571	570	2282.495	2165.975	2224.235	2431.81	2133.18	2326.89	2005.06	2218.435
los	570	GCA.002255365.1.Bacteria.Proteobacteria	2165.975	0.0	1082.9875	2326.89	2005.06	0.0	0.0	1163.445
spe	570	568	2165.975	2035.48	2100.7275	2326.89	2005.06	2214.09	1856.87	2091.88
los	568	GCF.001051235.1.Bacteria.Proteobacteria	2035.48	0.0	1017.74	2214.09	1856.87	0.0	0.0	1107.045
spe	647	646	2391.055	2358.03	2374.5425	2533.91	2248.2	2502.58	2213.48	2373.695
spe	646	645	2358.03	2312.285	2335.1575	2502.58	2213.48	2458.58	2165.99	2334.285
hgt	None	dead	0.0	0.0	0.0	0.0	0.0	0.0	0.0	0.0
hgt	571	570	2282.495	2165.975	2224.235	2431.81	2133.18	2326.89	2005.06	2218.435
los	None	dead	0.0	0.0	0.0	0.0	0.0	0.0	0.0	0.0
spe	571	570	2282.495	2165.975	2224.235	2431.81	2133.18	2326.89	2005.06	2218.435
spe	570	568	2165.975	2035.48	2100.7275	2326.89	2005.06	2214.09	1856.87	2091.88
los	568	GCA.002862435.1.Bacteria.Proteobacteria	2035.48	0.0	1017.74	2214.09	1856.87	0.0	0.0	1107.045
spe	645	631	2312.285	2258.31	2285.2975	2458.58	2165.99	2406.05	2110.57	2284.575
los	631	630	2258.31	2159.7	2209.005	2406.05	2110.57	2311.95	2007.45	2206.75
spe	631	603	2258.31	2200.665	2229.4875	2406.05	2110.57	2350.69	2050.64	2228.345
hgt	None	dead	0.0	0.0	0.0	0.0	0.0	0.0	0.0	0.0
los	603	602	2200.665	2136.455	2168.56	2350.69	2050.64	2288.0	1984.91	2167.8
hgt	542	GCA.002631715.1.Bacteria.Proteobacteria	2266.915	0.0	1133.4575	2432.28	2101.55	0.0	0.0	1216.14
los	None	dead	0.0	0.0	0.0	0.0	0.0	0.0	0.0	0.0
hgt	None	dead	0.0	0.0	0.0	0.0	0.0	0.0	0.0	0.0
hgt	533	529	2458.635	2307.945	2383.29	2609.15	2308.12	2475.73	2140.16	2374.655
los	None	dead	0.0	0.0	0.0	0.0	0.0	0.0	0.0	0.0
spe	533	529	2458.635	2307.945	2383.29	2609.15	2308.12	2475.73	2140.16	2374.655
spe	645	644	2312.285	2211.125	2261.705	2458.58	2165.99	2362.51	2059.74	2259.16
spe	644	636	2211.125	2146.87	2178.9975	2362.51	2059.74	2302.89	1990.85	2176.68
los	636	634	2146.87	2007.49	2077.18	2302.89	1990.85	2185.15	1829.83	2066.36
spe	644	643	2211.125	2071.11	2141.1175	2362.51	2059.74	2233.72	1908.5	2135.505
los	643	639	2071.11	1859.94	1965.525	2233.72	1908.5	2065.68	1654.2	1943.96
spe	643	642	2071.11	1939.07	2005.09	2233.72	1908.5	2120.83	1757.31	1995.515
los	642	GCA.001447805.1.Bacteria.Proteobacteria	1939.07	0.0	969.535	2120.83	1757.31	0.0	0.0	1060.415
spe	646	588	2358.03	2283.06	2320.545	2502.58	2213.48	2432.98	2133.14	2317.86
los	588	587	2283.06	1996.16	2139.61	2432.98	2133.14	2165.59	1826.73	2129.855
spe	588	576	2283.06	2178.965	2231.0125	2432.98	2133.14	2336.84	2021.09	2227.035
hgt	None	dead	0.0	0.0	0.0	0.0	0.0	0.0	0.0	0.0
hgt	None	dead	0.0	0.0	0.0	0.0	0.0	0.0	0.0	0.0
hgt	639	GCA.002400775.1.Bacteria.Proteobacteria	1859.94	0.0	929.97	2065.68	1654.2	0.0	0.0	1032.84
los	None	dead	0.0	0.0	0.0	0.0	0.0	0.0	0.0	0.0
hgt	602	601	2136.455	2005.515	2070.985	2288.0	1984.91	2169.0	1842.03	2065.015
los	None	dead	0.0	0.0	0.0	0.0	0.0	0.0	0.0	0.0
dup	602	601	2136.455	2005.515	2070.985	2288.0	1984.91	2169.0	1842.03	2065.015
spe	602	601	2136.455	2005.515	2070.985	2288.0	1984.91	2169.0	1842.03	2065.015
los	601	595	2005.515	1816.095	1910.805	2169.0	1842.03	2002.91	1629.28	1899.14
spe	601	600	2005.515	1814.2	1909.8575	2169.0	1842.03	1996.49	1631.91	1900.455
los	600	598	1814.2	1497.41	1655.805	1996.49	1631.91	1713.35	1281.47	1638.98
spe	602	601	2136.455	2005.515	2070.985	2288.0	1984.91	2169.0	1842.03	2065.015
spe	601	600	2005.515	1814.2	1909.8575	2169.0	1842.03	1996.49	1631.91	1900.455
los	600	GCA.002007425.1.Bacteria.Proteobacteria	1814.2	0.0	907.1	1996.49	1631.91	0.0	0.0	998.245
spe	600	598	1814.2	1497.41	1655.805	1996.49	1631.91	1713.35	1281.47	1638.98
los	598	GCA.002170535.1.Bacteria.Proteobacteria	1497.41	0.0	748.705	1713.35	1281.47	0.0	0.0	856.675
spe	601	595	2005.515	1816.095	1910.805	2169.0	1842.03	2002.91	1629.28	1899.14
hgt	None	dead	0.0	0.0	0.0	0.0	0.0	0.0	0.0	0.0
hgt	634	GCF.002020875.1.Bacteria.Proteobacteria	2007.49	0.0	1003.745	2185.15	1829.83	0.0	0.0	1092.575
los	None	dead	0.0	0.0	0.0	0.0	0.0	0.0	0.0	0.0
spe	576	574	2178.965	1962.545	2070.755	2336.84	2021.09	2146.1	1778.99	2057.915
hgt	None	dead	0.0	0.0	0.0	0.0	0.0	0.0	0.0	0.0
hgt	553	GCF.001641825.1.Bacteria.Proteobacteria	2172.955	0.0	1086.4775	2336.27	2009.64	0.0	0.0	1168.135
los	None	dead	0.0	0.0	0.0	0.0	0.0	0.0	0.0	0.0
spe	648	562	2440.92	2333.93	2387.425	2583.69	2298.15	2481.45	2186.41	2385.05
spe	562	546	2333.93	2056.155	2195.0425	2481.45	2186.41	2233.12	1879.19	2180.32
los	546	GCA.002747435.1.Bacteria.Proteobacteria	2056.155	0.0	1028.0775	2233.12	1879.19	0.0	0.0	1116.56
spe	562	561	2333.93	2282.175	2308.0525	2481.45	2186.41	2433.26	2131.09	2306.27
los	561	553	2282.175	2172.955	2227.565	2433.26	2131.09	2336.27	2009.64	2221.45
spe	561	560	2282.175	2138.97	2210.5725	2433.26	2131.09	2303.08	1974.86	2204.06
los	560	GCA.001735895.1.Bacteria.Proteobacteria	2138.97	0.0	1069.485	2303.08	1974.86	0.0	0.0	1151.54
spe	560	558	2138.97	1998.285	2068.6275	2303.08	1974.86	2181.41	1815.16	2059.12
spe	558	557	1998.285	1783.96	1891.1225	2181.41	1815.16	2002.84	1565.08	1873.245
los	557	GCA.002728355.1.Bacteria.Proteobacteria	1783.96	0.0	891.98	2002.84	1565.08	0.0	0.0	1001.42
hgt	613	612	1943.945	1796.185	1870.065	2109.42	1778.47	1978.58	1613.79	1861.605
los	None	dead	0.0	0.0	0.0	0.0	0.0	0.0	0.0	0.0
spe	613	612	1943.945	1796.185	1870.065	2109.42	1778.47	1978.58	1613.79	1861.605
spe	612	611	1796.185	1493.79	1644.9875	1978.58	1613.79	1717.52	1270.06	1624.32
los	611	GCF.003052605.1.Bacteria.Proteobacteria	1493.79	0.0	746.895	1717.52	1270.06	0.0	0.0	858.76
hgt	None	dead	0.0	0.0	0.0	0.0	0.0	0.0	0.0	0.0
hgt	1660	GCA.003149375.1.Bacteria.Cyanobacteria	2605.525	0.0	1302.7625	2797.69	2413.36	0.0	0.0	1398.845
los	None	dead	0.0	0.0	0.0	0.0	0.0	0.0	0.0	0.0
hgt	None	dead	0.0	0.0	0.0	0.0	0.0	0.0	0.0	0.0
hgt	1312	GCF.002607855.1.Bacteria.Firmicutes.B	2058.365	0.0	1029.1825	2278.56	1838.17	0.0	0.0	1139.28
los	None	dead	0.0	0.0	0.0	0.0	0.0	0.0	0.0	0.0
hgt	None	dead	0.0	0.0	0.0	0.0	0.0	0.0	0.0	0.0
hgt	1292	GCF.000024605.1.Bacteria.Firmicutes.B	2370.88	0.0	1185.44	2569.61	2172.15	0.0	0.0	1284.805
los	None	dead	0.0	0.0	0.0	0.0	0.0	0.0	0.0	0.0
hgt	None	dead	0.0	0.0	0.0	0.0	0.0	0.0	0.0	0.0
hgt	None	dead	0.0	0.0	0.0	0.0	0.0	0.0	0.0	0.0
hgt	801	GCA.002328485.1.Bacteria.Desulfobacterota.G	2578.84	0.0	1289.42	2754.6	2403.08	0.0	0.0	1377.3
los	None	dead	0.0	0.0	0.0	0.0	0.0	0.0	0.0	0.0
hgt	None	dead	0.0	0.0	0.0	0.0	0.0	0.0	0.0	0.0
dup	None	dead	0.0	0.0	0.0	0.0	0.0	0.0	0.0	0.0
hgt	128	GCA.002011085.1.Archaea.Thermoproteota	1456.455	0.0	728.2275	1742.17	1170.74	0.0	0.0	871.085
los	None	dead	0.0	0.0	0.0	0.0	0.0	0.0	0.0	0.0
hgt	837	GCA.001768075.1.Bacteria.Myxococcota	2276.83	0.0	1138.415	2468.96	2084.7	0.0	0.0	1234.48
los	None	dead	0.0	0.0	0.0	0.0	0.0	0.0	0.0	0.0
hgt	None	dead	0.0	0.0	0.0	0.0	0.0	0.0	0.0	0.0
hgt	1240	GCA.002376045.1.Bacteria.Firmicutes.A	2549.06	0.0	1274.53	2730.4	2367.72	0.0	0.0	1365.2
los	None	dead	0.0	0.0	0.0	0.0	0.0	0.0	0.0	0.0
hgt	None	dead	0.0	0.0	0.0	0.0	0.0	0.0	0.0	0.0
dup	None	dead	0.0	0.0	0.0	0.0	0.0	0.0	0.0	0.0
hgt	199	GCA.003527405.1.Bacteria.Atribacterota	2950.105	0.0	1475.0525	3113.46	2786.75	0.0	0.0	1556.73
los	None	dead	0.0	0.0	0.0	0.0	0.0	0.0	0.0	0.0
hgt	668	GCA.002010665.1.Bacteria.Acidobacteriota	2182.81	0.0	1091.405	2412.62	1953.0	0.0	0.0	1206.31
los	None	dead	0.0	0.0	0.0	0.0	0.0	0.0	0.0	0.0
hgt	None	dead	0.0	0.0	0.0	0.0	0.0	0.0	0.0	0.0
hgt	1477	1476	3065.68	2948.885	3007.2825	3209.37	2921.99	3099.11	2798.66	3004.015
los	None	dead	0.0	0.0	0.0	0.0	0.0	0.0	0.0	0.0
spe	1477	1476	3065.68	2948.885	3007.2825	3209.37	2921.99	3099.11	2798.66	3004.015
spe	1476	1454	2948.885	2633.59	2791.2375	3099.11	2798.66	2806.22	2460.96	2780.035
los	1454	1446	2633.59	2467.265	2550.4275	2806.22	2460.96	2650.86	2283.67	2544.945
spe	1454	1453	2633.59	2571.245	2602.4175	2806.22	2460.96	2752.52	2389.97	2598.095
los	1453	1452	2571.245	2204.94	2388.0925	2752.52	2389.97	2468.84	1941.04	2346.78
spe	1453	1449	2571.245	2414.175	2492.71	2752.52	2389.97	2615.97	2212.38	2482.45
los	1449	GCA.002400365.1.Bacteria.Chloroflexota	2414.175	0.0	1207.0875	2615.97	2212.38	0.0	0.0	1307.985
spe	1476	1475	2948.885	2883.705	2916.295	3099.11	2798.66	3039.71	2727.7	2913.405
spe	1475	1474	2883.705	2804.86	2844.2825	3039.71	2727.7	2967.88	2641.84	2840.775
los	1474	1473	2804.86	2043.005	2423.9325	2967.88	2641.84	2324.44	1761.57	2364.725
spe	1474	1470	2804.86	2595.865	2700.3625	2967.88	2641.84	2779.45	2412.28	2690.08
los	1470	GCF.000025005.1.Bacteria.Chloroflexota	2595.865	0.0	1297.9325	2779.45	2412.28	0.0	0.0	1389.725
spe	1470	1469	2595.865	2472.76	2534.3125	2779.45	2412.28	2679.0	2266.52	2522.985
los	1469	1467	2472.76	2363.295	2418.0275	2679.0	2266.52	2590.38	2136.21	2407.605
spe	1475	1463	2883.705	2750.56	2817.1325	3039.71	2727.7	2918.34	2582.78	2811.245
los	1463	1457	2750.56	2476.295	2613.4275	2918.34	2582.78	2697.47	2255.12	2586.73
spe	1463	1462	2750.56	2688.275	2719.4175	2918.34	2582.78	2865.83	2510.72	2714.53
los	1462	1461	2688.275	2433.39	2560.8325	2865.83	2510.72	2666.93	2199.85	2532.84
spe	364	363	3156.3	2895.655	3025.9775	3302.8	3009.8	3047.21	2744.1	3023.45
los	363	321	2895.655	2808.805	2852.23	3047.21	2744.1	2975.88	2641.73	2844.47
spe	363	362	2895.655	2809.515	2852.585	3047.21	2744.1	2963.97	2655.06	2851.135
los	362	361	2809.515	2745.685	2777.6	2963.97	2655.06	2904.81	2586.56	2775.265
spe	362	342	2809.515	2698.49	2754.0025	2963.97	2655.06	2862.25	2534.73	2749.35
spe	342	328	2698.49	2426.155	2562.3225	2862.25	2534.73	2612.85	2239.46	2550.855
los	328	GCF.002277955.1.Bacteria.Planctomycetota	2426.155	0.0	1213.0775	2612.85	2239.46	0.0	0.0	1306.425
spe	328	327	2426.155	2199.545	2312.85	2612.85	2239.46	2411.52	1987.57	2300.21
los	327	GCA.003508595.1.Bacteria.Planctomycetota	2199.545	0.0	1099.7725	2411.52	1987.57	0.0	0.0	1205.76
spe	327	326	2199.545	1901.84	2050.6925	2411.52	1987.57	2150.28	1653.4	2032.46
spe	342	341	2698.49	2533.375	2615.9325	2862.25	2534.73	2707.96	2358.79	2610.52
hgt	None	dead	0.0	0.0	0.0	0.0	0.0	0.0	0.0	0.0
los	341	GCA.003170085.1.Bacteria.Planctomycetota	2533.375	0.0	1266.6875	2707.96	2358.79	0.0	0.0	1353.98
dup	None	dead	0.0	0.0	0.0	0.0	0.0	0.0	0.0	0.0
hgt	1312	GCF.000019165.1.Bacteria.Firmicutes.B	2058.365	0.0	1029.1825	2278.56	1838.17	0.0	0.0	1139.28
los	None	dead	0.0	0.0	0.0	0.0	0.0	0.0	0.0	0.0
hgt	347	GCA.002683135.1.Bacteria.Planctomycetota	2546.45	0.0	1273.225	2726.66	2366.24	0.0	0.0	1363.33
los	None	dead	0.0	0.0	0.0	0.0	0.0	0.0	0.0	0.0
hgt	None	dead	0.0	0.0	0.0	0.0	0.0	0.0	0.0	0.0
hgt	1385	1384	2733.33	2455.815	2594.5725	2878.0	2588.66	2606.71	2304.92	2591.46
los	None	dead	0.0	0.0	0.0	0.0	0.0	0.0	0.0	0.0
spe	1385	1384	2733.33	2455.815	2594.5725	2878.0	2588.66	2606.71	2304.92	2591.46
spe	1384	1338	2455.815	2111.765	2283.79	2606.71	2304.92	2295.35	1928.18	2267.445
spe	1338	1337	2111.765	1832.425	1972.095	2295.35	1928.18	2086.82	1578.03	1936.69
los	1337	GCF.001399675.1.Bacteria.Firmicutes	1832.425	0.0	916.2125	2086.82	1578.03	0.0	0.0	1043.41
spe	1384	1383	2455.815	2371.08	2413.4475	2606.71	2304.92	2525.62	2216.54	2411.625
spe	1383	1382	2371.08	2292.545	2331.8125	2525.62	2216.54	2446.92	2138.17	2331.895
los	1382	1381	2292.545	2205.155	2248.85	2446.92	2138.17	2360.66	2049.65	2248.285
spe	1382	1344	2292.545	2055.27	2173.9075	2446.92	2138.17	2234.39	1876.15	2161.535
los	1344	GCF.000218765.1.Bacteria.Firmicutes	2055.27	0.0	1027.635	2234.39	1876.15	0.0	0.0	1117.195
spe	1383	1341	2371.08	2078.19	2224.635	2525.62	2216.54	2272.57	1883.81	2204.715
hgt	None	dead	0.0	0.0	0.0	0.0	0.0	0.0	0.0	0.0
hgt	1355	GCF.004522215.1.Bacteria.Firmicutes	1845.21	0.0	922.605	2026.05	1664.37	0.0	0.0	1013.025
los	None	dead	0.0	0.0	0.0	0.0	0.0	0.0	0.0	0.0
hgt	None	dead	0.0	0.0	0.0	0.0	0.0	0.0	0.0	0.0
spe	341	340	2533.375	2278.045	2405.71	2707.96	2358.79	2469.18	2086.91	2397.435
los	340	339	2278.045	2169.255	2223.65	2469.18	2086.91	2369.72	1968.79	2218.985
spe	340	334	2278.045	2115.87	2196.9575	2469.18	2086.91	2325.24	1906.5	2187.84
spe	334	332	2115.87	1728.22	1922.045	2325.24	1906.5	1979.25	1477.19	1901.215
los	332	GCA.002364485.1.Bacteria.Planctomycetota	1728.22	0.0	864.11	1979.25	1477.19	0.0	0.0	989.625
hgt	699	698	2612.33	2454.615	2533.4725	2771.91	2452.75	2624.66	2284.57	2528.24
los	None	dead	0.0	0.0	0.0	0.0	0.0	0.0	0.0	0.0
spe	699	698	2612.33	2454.615	2533.4725	2771.91	2452.75	2624.66	2284.57	2528.24
spe	698	686	2454.615	2295.75	2375.1825	2624.66	2284.57	2486.27	2105.23	2364.945
los	686	GCA.002451015.1.Bacteria.Acidobacteriota	2295.75	0.0	1147.875	2486.27	2105.23	0.0	0.0	1243.135
spe	686	684	2295.75	1980.48	2138.115	2486.27	2105.23	2216.57	1744.39	2115.33
spe	698	697	2454.615	2258.95	2356.7825	2624.66	2284.57	2444.95	2072.95	2348.805
spe	697	696	2258.95	2077.305	2168.1275	2444.95	2072.95	2277.79	1876.82	2160.885
los	696	GCA.003224665.1.Bacteria.Acidobacteriota	2077.305	0.0	1038.6525	2277.79	1876.82	0.0	0.0	1138.895
spe	696	695	2077.305	1981.07	2029.1875	2277.79	1876.82	2189.24	1772.9	2025.345
los	695	GCA.003131705.1.Bacteria.Acidobacteriota	1981.07	0.0	990.535	2189.24	1772.9	0.0	0.0	1094.62
spe	695	694	1981.07	1909.495	1945.2825	2189.24	1772.9	2127.24	1691.75	1940.495
los	694	GCA.001767075.1.Bacteria.Acidobacteriota	1909.495	0.0	954.7475	2127.24	1691.75	0.0	0.0	1063.62
spe	694	692	1909.495	1806.3	1857.8975	2127.24	1691.75	2047.7	1564.9	1846.07
hgt	None	dead	0.0	0.0	0.0	0.0	0.0	0.0	0.0	0.0
hgt	709	GCA.003223145.1.Bacteria.Acidobacteriota	2213.91	0.0	1106.955	2433.06	1994.76	0.0	0.0	1216.53
los	None	dead	0.0	0.0	0.0	0.0	0.0	0.0	0.0	0.0
dup	None	dead	0.0	0.0	0.0	0.0	0.0	0.0	0.0	0.0
hgt	84	GCF.000011005.1.Archaea.Euryarchaeota	1868.445	0.0	934.2225	2080.58	1656.31	0.0	0.0	1040.29
los	None	dead	0.0	0.0	0.0	0.0	0.0	0.0	0.0	0.0
dup	None	dead	0.0	0.0	0.0	0.0	0.0	0.0	0.0	0.0
hgt	1424	GCA.002011475.1.Bacteria.Chloroflexota	2409.195	0.0	1204.5975	2595.11	2223.28	0.0	0.0	1297.555
los	None	dead	0.0	0.0	0.0	0.0	0.0	0.0	0.0	0.0
dup	None	dead	0.0	0.0	0.0	0.0	0.0	0.0	0.0	0.0
hgt	1036	GCA.002059205.1.Bacteria.Latescibacterota	2411.855	0.0	1205.9275	2625.74	2197.97	0.0	0.0	1312.87
los	None	dead	0.0	0.0	0.0	0.0	0.0	0.0	0.0	0.0
hgt	113	GCA.001593865.1.Archaea.Thermoproteota	2352.095	0.0	1176.0475	2536.91	2167.28	0.0	0.0	1268.455
los	None	dead	0.0	0.0	0.0	0.0	0.0	0.0	0.0	0.0
hgt	None	dead	0.0	0.0	0.0	0.0	0.0	0.0	0.0	0.0
hgt	168	167	1456.38	1318.1	1387.24	1643.76	1269.0	1513.48	1122.72	1383.24
los	None	dead	0.0	0.0	0.0	0.0	0.0	0.0	0.0	0.0
spe	168	167	1456.38	1318.1	1387.24	1643.76	1269.0	1513.48	1122.72	1383.24
hgt	None	dead	0.0	0.0	0.0	0.0	0.0	0.0	0.0	0.0
hgt	170	GCA.000189635.1.Eukaryota.Ciliophora	1662.365	0.0	831.1825	1857.1	1467.63	0.0	0.0	928.55
los	None	dead	0.0	0.0	0.0	0.0	0.0	0.0	0.0	0.0
spe	167	166	1318.1	1127.658	1222.879	1513.48	1122.72	1331.56	923.756	1218.618
spe	166	165	1127.658	859.368	993.513	1331.56	923.756	1091.7	627.036	979.298
hgt	None	dead	0.0	0.0	0.0	0.0	0.0	0.0	0.0	0.0
hgt	955	GCF.001280305.1.Bacteria.Bacteroidota	1759.09	0.0	879.545	1989.55	1528.63	0.0	0.0	994.775
los	None	dead	0.0	0.0	0.0	0.0	0.0	0.0	0.0	0.0
spe	364	316	3156.3	3070.49	3113.395	3302.8	3009.8	3218.67	2922.31	3112.555
los	316	315	3070.49	2994.895	3032.6925	3218.67	2922.31	3158.18	2831.61	3025.14
spe	316	308	3070.49	2838.44	2954.465	3218.67	2922.31	2994.35	2682.53	2950.6
spe	308	290	2838.44	2606.84	2722.64	2994.35	2682.53	2782.77	2430.91	2712.63
los	290	284	2606.84	2369.92	2488.38	2782.77	2430.91	2568.85	2170.99	2476.88
spe	290	289	2606.84	2498.78	2552.81	2782.77	2430.91	2690.73	2306.83	2544.8
los	289	GCA.002708005.1.Bacteria.Verrucomicrobiota	2498.78	0.0	1249.39	2690.73	2306.83	0.0	0.0	1345.365
spe	289	288	2498.78	2297.655	2398.2175	2690.73	2306.83	2522.23	2073.08	2381.905
los	288	GCA.002323895.1.Bacteria.Verrucomicrobiota	2297.655	0.0	1148.8275	2522.23	2073.08	0.0	0.0	1261.115
spe	308	307	2838.44	2778.02	2808.23	2994.35	2682.53	2937.99	2618.05	2806.2
los	307	306	2778.02	2448.87	2613.445	2937.99	2618.05	2638.34	2259.4	2598.695
spe	307	297	2778.02	2620.58	2699.3	2937.99	2618.05	2795.06	2446.1	2692.045
los	297	296	2620.58	2203.74	2412.16	2795.06	2446.1	2432.88	1974.6	2384.83
spe	297	293	2620.58	2421.68	2521.13	2795.06	2446.1	2621.74	2221.62	2508.34
los	293	GCA.003246265.1.Bacteria.Verrucomicrobiota	2421.68	0.0	1210.84	2621.74	2221.62	0.0	0.0	1310.87
dup	293	GCA.002429065.1.Bacteria.Verrucomicrobiota	2421.68	0.0	1210.84	2621.74	2221.62	0.0	0.0	1310.87
spe	1047	1046	3317.54	3288.18	3302.86	3462.08	3173.0	3432.51	3143.85	3302.965
los	1046	902	3288.18	3241.035	3264.6075	3432.51	3143.85	3385.47	3096.6	3264.555
spe	1046	1045	3288.18	3193.355	3240.7675	3432.51	3143.85	3339.4	3047.31	3239.91
los	1045	921	3193.355	3111.29	3152.3225	3339.4	3047.31	3259.48	2963.1	3151.25
spe	1045	1044	3193.355	3092.405	3142.88	3339.4	3047.31	3238.13	2946.68	3143.04
spe	1044	936	3092.405	3003.555	3047.98	3238.13	2946.68	3155.32	2851.79	3044.96
los	936	935	3003.555	2600.975	2802.265	3155.32	2851.79	2794.79	2407.16	2781.24
spe	936	926	3003.555	2762.32	2882.9375	3155.32	2851.79	2945.47	2579.17	2867.245
los	926	GCA.001780825.1.Bacteria.Gemmatimonadota	2762.32	0.0	1381.16	2945.47	2579.17	0.0	0.0	1472.735
spe	926	924	2762.32	2422.26	2592.29	2945.47	2579.17	2682.06	2162.46	2553.965
dup	924	GCA.003221825.1.Bacteria.Gemmatimonadota	2422.26	0.0	1211.13	2682.06	2162.46	0.0	0.0	1341.03
spe	1044	1043	3092.405	3056.385	3074.395	3238.13	2946.68	3202.8	2909.97	3074.05
los	1043	1011	3056.385	2970.39	3013.3875	3202.8	2909.97	3117.96	2822.82	3012.81
spe	1043	1042	3056.385	2996.785	3026.585	3202.8	2909.97	3144.77	2848.8	3025.8
los	1042	1041	2996.785	2930.085	2963.435	3144.77	2848.8	3083.7	2776.47	2960.62
spe	1042	1022	2996.785	2889.48	2943.1325	3144.77	2848.8	3046.3	2732.66	2938.715
los	1022	1016	2889.48	2781.455	2835.4675	3046.3	2732.66	2957.96	2604.95	2825.625
spe	1022	1021	2889.48	2684.73	2787.105	3046.3	2732.66	2864.65	2504.81	2775.555
hgt	None	dead	0.0	0.0	0.0	0.0	0.0	0.0	0.0	0.0
hgt	711	GCA.001664505.1.Bacteria.Acidobacteriota	2445.625	0.0	1222.8125	2626.53	2264.72	0.0	0.0	1313.265
los	None	dead	0.0	0.0	0.0	0.0	0.0	0.0	0.0	0.0
hgt	None	dead	0.0	0.0	0.0	0.0	0.0	0.0	0.0	0.0
spe	1021	1020	2684.73	2279.22	2481.975	2864.65	2504.81	2521.79	2036.65	2450.65
hgt	None	dead	0.0	0.0	0.0	0.0	0.0	0.0	0.0	0.0
los	1020	GCA.003235575.1.Bacteria.Eisenbacteria	2279.22	0.0	1139.61	2521.79	2036.65	0.0	0.0	1260.895
dup	None	dead	0.0	0.0	0.0	0.0	0.0	0.0	0.0	0.0
hgt	702	GCA.003223635.1.Bacteria.Acidobacteriota	2020.225	0.0	1010.1125	2250.44	1790.01	0.0	0.0	1125.22
los	None	dead	0.0	0.0	0.0	0.0	0.0	0.0	0.0	0.0
hgt	48	GCA.003009755.1.Archaea.Thermoplasmatota	2290.465	0.0	1145.2325	2466.71	2114.22	0.0	0.0	1233.355
los	None	dead	0.0	0.0	0.0	0.0	0.0	0.0	0.0	0.0
hgt	984	983	2743.005	2619.7	2681.3525	2895.96	2590.05	2781.49	2457.91	2676.935
los	None	dead	0.0	0.0	0.0	0.0	0.0	0.0	0.0	0.0
hgt	None	dead	0.0	0.0	0.0	0.0	0.0	0.0	0.0	0.0
hgt	1169	1168	2691.26	2631.565	2661.4125	2854.89	2527.63	2798.58	2464.55	2659.72
los	None	dead	0.0	0.0	0.0	0.0	0.0	0.0	0.0	0.0
spe	1169	1168	2691.26	2631.565	2661.4125	2854.89	2527.63	2798.58	2464.55	2659.72
spe	1168	1148	2631.565	2328.75	2480.1575	2798.58	2464.55	2528.83	2128.67	2463.625
los	1148	GCA.003021615.1.Bacteria.Actinobacteriota	2328.75	0.0	1164.375	2528.83	2128.67	0.0	0.0	1264.415
spe	1168	1167	2631.565	2503.64	2567.6025	2798.58	2464.55	2682.48	2324.8	2561.69
los	1167	GCA.002413185.1.Bacteria.Actinobacteriota	2503.64	0.0	1251.82	2682.48	2324.8	0.0	0.0	1341.24
spe	1167	1166	2503.64	1991.825	2247.7325	2682.48	2324.8	2191.81	1791.84	2237.16
spe	1166	1165	1991.825	1840.865	1916.345	2191.81	1791.84	2058.77	1622.96	1907.385
spe	1165	1164	1840.865	1690.82	1765.8425	2058.77	1622.96	1917.35	1464.29	1761.53
spe	1164	1163	1690.82	1488.035	1589.4275	1917.35	1464.29	1730.27	1245.8	1581.575
los	1163	GCA.001437855.1.Bacteria.Actinobacteriota	1488.035	0.0	744.0175	1730.27	1245.8	0.0	0.0	865.135
spe	1164	1160	1690.82	1520.98	1605.9	1917.35	1464.29	1761.58	1280.38	1598.865
los	1160	GCF.000015025.1.Bacteria.Actinobacteriota	1520.98	0.0	760.49	1761.58	1280.38	0.0	0.0	880.79
spe	1160	1158	1520.98	1386.605	1453.7925	1761.58	1280.38	1639.35	1133.86	1447.72
spe	1165	1155	1840.865	1711.135	1776.0	2058.77	1622.96	1936.0	1486.27	1772.52
spe	1155	1154	1711.135	1356.86	1533.9975	1936.0	1486.27	1624.69	1089.03	1512.515
los	1154	GCF.001591405.1.Bacteria.Actinobacteria	1356.86	0.0	678.43	1624.69	1089.03	0.0	0.0	812.345
hgt	None	dead	0.0	0.0	0.0	0.0	0.0	0.0	0.0	0.0
hgt	1160	GCF.000015025.1.Bacteria.Actinobacteriota	1520.98	0.0	760.49	1761.58	1280.38	0.0	0.0	880.79
los	None	dead	0.0	0.0	0.0	0.0	0.0	0.0	0.0	0.0
dup	984	983	2743.005	2619.7	2681.3525	2895.96	2590.05	2781.49	2457.91	2676.935
hgt	None	dead	0.0	0.0	0.0	0.0	0.0	0.0	0.0	0.0
hgt	1113	1109	2866.74	2582.96	2724.85	3042.64	2690.84	2796.46	2369.46	2706.05
los	None	dead	0.0	0.0	0.0	0.0	0.0	0.0	0.0	0.0
spe	1113	1109	2866.74	2582.96	2724.85	3042.64	2690.84	2796.46	2369.46	2706.05
spe	1109	1108	2582.96	2327.505	2455.2325	2796.46	2369.46	2575.42	2079.59	2438.025
los	1108	GCA.002431715.1.Bacteria.Armatimonadota	2327.505	0.0	1163.7525	2575.42	2079.59	0.0	0.0	1287.71
spe	1108	1106	2327.505	2220.8	2274.1525	2575.42	2079.59	2480.29	1961.31	2268.365
los	1106	GCA.003134215.1.Bacteria.Armatimonadota	2220.8	0.0	1110.4	2480.29	1961.31	0.0	0.0	1240.145
hgt	None	dead	0.0	0.0	0.0	0.0	0.0	0.0	0.0	0.0
hgt	692	GCA.003140235.1.Bacteria.Acidobacteriota	1806.3	0.0	903.15	2047.7	1564.9	0.0	0.0	1023.85
los	None	dead	0.0	0.0	0.0	0.0	0.0	0.0	0.0	0.0
hgt	None	dead	0.0	0.0	0.0	0.0	0.0	0.0	0.0	0.0
dup	None	dead	0.0	0.0	0.0	0.0	0.0	0.0	0.0	0.0
hgt	326	GCA.002404095.1.Bacteria.Planctomycetota	1901.84	0.0	950.92	2150.28	1653.4	0.0	0.0	1075.14
los	None	dead	0.0	0.0	0.0	0.0	0.0	0.0	0.0	0.0
hgt	244	GCA.001800095.1.Bacteria.Elusimicrobiota	2178.39	0.0	1089.195	2377.56	1979.22	0.0	0.0	1188.78
los	None	dead	0.0	0.0	0.0	0.0	0.0	0.0	0.0	0.0
hgt	None	dead	0.0	0.0	0.0	0.0	0.0	0.0	0.0	0.0
hgt	1041	GCA.002686955.1.Bacteria.Gemmatimonadota.A	2930.085	0.0	1465.0425	3083.7	2776.47	0.0	0.0	1541.85
los	None	dead	0.0	0.0	0.0	0.0	0.0	0.0	0.0	0.0
hgt	None	dead	0.0	0.0	0.0	0.0	0.0	0.0	0.0	0.0
hgt	1439	GCF.900187885.1.Bacteria.Chloroflexota	2159.315	0.0	1079.6575	2363.76	1954.87	0.0	0.0	1181.88
los	None	dead	0.0	0.0	0.0	0.0	0.0	0.0	0.0	0.0
spe	984	983	2743.005	2619.7	2681.3525	2895.96	2590.05	2781.49	2457.91	2676.935
los	983	967	2619.7	2386.18	2502.94	2781.49	2457.91	2566.06	2206.3	2493.895
spe	983	982	2619.7	2450.7	2535.2	2781.49	2457.91	2617.0	2284.4	2532.945
spe	982	981	2450.7	2360.52	2405.61	2617.0	2284.4	2531.68	2189.36	2403.18
los	981	GCA.003158365.1.Bacteria.Bacteroidota	2360.52	0.0	1180.26	2531.68	2189.36	0.0	0.0	1265.84
spe	981	980	2360.52	2262.275	2311.3975	2531.68	2189.36	2437.09	2087.46	2309.57
los	980	972	2262.275	1965.985	2114.13	2437.09	2087.46	2180.25	1751.72	2094.405
spe	980	979	2262.275	2181.785	2222.03	2437.09	2087.46	2367.29	1996.28	2216.685
los	979	978	2181.785	2072.605	2127.195	2367.29	1996.28	2272.37	1872.84	2120.065
hgt	None	dead	0.0	0.0	0.0	0.0	0.0	0.0	0.0	0.0
hgt	1721	1720	3037.59	2606.445	2822.0175	3161.79	2913.39	2696.98	2515.91	2838.85
los	None	dead	0.0	0.0	0.0	0.0	0.0	0.0	0.0	0.0
hgt	None	dead	0.0	0.0	0.0	0.0	0.0	0.0	0.0	0.0
spe	1721	1720	3037.59	2606.445	2822.0175	3161.79	2913.39	2696.98	2515.91	2838.85
spe	1720	1719	2606.445	2506.285	2556.365	2696.98	2515.91	2604.85	2407.72	2552.35
spe	1719	1718	2506.285	2393.24	2449.7625	2604.85	2407.72	2492.26	2294.22	2449.535
spe	1718	1717	2393.24	2268.17	2330.705	2492.26	2294.22	2385.3	2151.04	2321.65
los	1717	1716	2268.17	2013.02	2140.595	2385.3	2151.04	2161.01	1865.03	2125.165
spe	1718	1704	2393.24	2299.84	2346.54	2492.26	2294.22	2399.06	2200.62	2346.44
los	1704	1672	2299.84	2154.84	2227.34	2399.06	2200.62	2280.19	2029.49	2214.275
spe	1704	1703	2299.84	2220.145	2259.9925	2399.06	2200.62	2317.57	2122.72	2260.89
spe	1703	1679	2220.145	2001.685	2110.915	2317.57	2122.72	2133.82	1869.55	2093.56
spe	1679	1678	2001.685	1122.4185	1562.05175	2133.82	1869.55	1385.17	859.667	1496.7435
los	1678	1676	1122.4185	295.292	708.85525	1385.17	859.667	427.194	163.39	774.28
spe	1703	1702	2220.145	2160.51	2190.3275	2317.57	2122.72	2257.39	2063.63	2190.6
los	1702	GCF.003838225.1.Bacteria.Cyanobacteria	2160.51	0.0	1080.255	2257.39	2063.63	0.0	0.0	1128.695
dup	1702	1701	2160.51	2117.68	2139.095	2257.39	2063.63	2210.97	2024.39	2140.89
spe	1702	1701	2160.51	2117.68	2139.095	2257.39	2063.63	2210.97	2024.39	2140.89
spe	1701	1685	2117.68	2011.14	2064.41	2210.97	2024.39	2124.52	1897.76	2054.365
los	1685	GCF.000018105.1.Bacteria.Cyanobacteria	2011.14	0.0	1005.57	2124.52	1897.76	0.0	0.0	1062.26
spe	1685	1684	2011.14	1851.405	1931.2725	2124.52	1897.76	1997.61	1705.2	1914.86
los	1684	GCF.000316115.1.Bacteria.Cyanobacteria	1851.405	0.0	925.7025	1997.61	1705.2	0.0	0.0	998.805
spe	1701	1700	2117.68	2037.95	2077.815	2210.97	2024.39	2130.46	1945.44	2078.205
los	1700	1688	2037.95	1799.565	1918.7575	2130.46	1945.44	1942.05	1657.08	1893.77
spe	1700	1699	2037.95	1966.585	2002.2675	2130.46	1945.44	2051.72	1881.45	2005.955
los	1699	1698	1966.585	1629.64	1798.1125	2051.72	1881.45	1658.88	1600.4	1826.06
spe	1702	1701	2160.51	2117.68	2139.095	2257.39	2063.63	2210.97	2024.39	2140.89
spe	1701	1685	2117.68	2011.14	2064.41	2210.97	2024.39	2124.52	1897.76	2054.365
spe	1685	1684	2011.14	1851.405	1931.2725	2124.52	1897.76	1997.61	1705.2	1914.86
los	1684	GCA.001698445.1.Bacteria.Cyanobacteria	1851.405	0.0	925.7025	1997.61	1705.2	0.0	0.0	998.805
hgt	None	dead	0.0	0.0	0.0	0.0	0.0	0.0	0.0	0.0
hgt	1702	GCF.003838225.1.Bacteria.Cyanobacteria	2160.51	0.0	1080.255	2257.39	2063.63	0.0	0.0	1128.695
los	None	dead	0.0	0.0	0.0	0.0	0.0	0.0	0.0	0.0
spe	1701	1700	2117.68	2037.95	2077.815	2210.97	2024.39	2130.46	1945.44	2078.205
spe	1700	1699	2037.95	1966.585	2002.2675	2130.46	1945.44	2051.72	1881.45	2005.955
los	1699	GCF.000317045.1.Bacteria.Cyanobacteria	1966.585	0.0	983.2925	2051.72	1881.45	0.0	0.0	1025.86
spe	1699	1698	1966.585	1629.64	1798.1125	2051.72	1881.45	1658.88	1600.4	1826.06
los	1698	1692	1629.64	247.20855	938.42428	1658.88	1600.4	402.821	91.5961	875.23805
spe	1698	1697	1629.64	1386.915	1508.2775	1658.88	1600.4	1498.21	1275.62	1467.25
spe	1697	1695	1386.915	955.3765	1171.14575	1498.21	1275.62	1178.07	732.683	1115.4465
los	1695	Nostoc.sp.PCC7120	955.3765	0.0	477.68825	1178.07	732.683	0.0	0.0	589.035
spe	1700	1688	2037.95	1799.565	1918.7575	2130.46	1945.44	1942.05	1657.08	1893.77
hgt	None	dead	0.0	0.0	0.0	0.0	0.0	0.0	0.0	0.0
hgt	1672	GCF.002251945.1.Bacteria.Cyanobacteria	2154.84	0.0	1077.42	2280.19	2029.49	0.0	0.0	1140.095
los	None	dead	0.0	0.0	0.0	0.0	0.0	0.0	0.0	0.0
hgt	840	839	2651.205	2599.34	2625.2725	2807.06	2495.35	2756.33	2442.35	2624.705
los	None	dead	0.0	0.0	0.0	0.0	0.0	0.0	0.0	0.0
hgt	None	dead	0.0	0.0	0.0	0.0	0.0	0.0	0.0	0.0
hgt	692	GCA.003152325.1.Bacteria.Acidobacteriota	1806.3	0.0	903.15	2047.7	1564.9	0.0	0.0	1023.85
los	None	dead	0.0	0.0	0.0	0.0	0.0	0.0	0.0	0.0
spe	840	839	2651.205	2599.34	2625.2725	2807.06	2495.35	2756.33	2442.35	2624.705
spe	839	838	2599.34	2486.025	2542.6825	2756.33	2442.35	2649.83	2322.22	2539.275
los	838	837	2486.025	2276.83	2381.4275	2649.83	2322.22	2468.96	2084.7	2367.265
spe	838	834	2486.025	2442.985	2464.505	2649.83	2322.22	2611.91	2274.06	2461.945
los	834	GCA.001798605.1.Bacteria.Myxococcota	2442.985	0.0	1221.4925	2611.91	2274.06	0.0	0.0	1305.955
spe	834	832	2442.985	2268.205	2355.595	2611.91	2274.06	2461.92	2074.49	2343.2
los	832	GCA.002696345.1.Bacteria.Myxococcota	2268.205	0.0	1134.1025	2461.92	2074.49	0.0	0.0	1230.96
spe	839	829	2599.34	2568.27	2583.805	2756.33	2442.35	2727.21	2409.33	2582.83
los	829	828	2568.27	2398.31	2483.29	2727.21	2409.33	2568.84	2227.78	2477.495
spe	829	817	2568.27	2468.695	2518.4825	2727.21	2409.33	2633.61	2303.78	2515.495
spe	817	816	2468.695	2057.94	2263.3175	2633.61	2303.78	2275.98	1839.9	2236.755
los	816	GCA.002724675.1.Bacteria.Myxococcota.A	2057.94	0.0	1028.97	2275.98	1839.9	0.0	0.0	1137.99
spe	817	813	2468.695	2371.52	2420.1075	2633.61	2303.78	2544.35	2198.69	2416.15
los	813	807	2371.52	2202.835	2287.1775	2544.35	2198.69	2393.11	2012.56	2278.455
spe	813	812	2371.52	2281.345	2326.4325	2544.35	2198.69	2464.68	2098.01	2321.18
los	812	GCA.002863065.1.Bacteria.Myxococcota	2281.345	0.0	1140.6725	2464.68	2098.01	0.0	0.0	1232.34
spe	812	811	2281.345	2134.02	2207.6825	2464.68	2098.01	2333.61	1934.43	2199.555
los	811	GCA.002726535.1.Bacteria.Myxococcota	2134.02	0.0	1067.01	2333.61	1934.43	0.0	0.0	1166.805
spe	984	983	2743.005	2619.7	2681.3525	2895.96	2590.05	2781.49	2457.91	2676.935
los	983	982	2619.7	2450.7	2535.2	2781.49	2457.91	2617.0	2284.4	2532.945
spe	983	967	2619.7	2386.18	2502.94	2781.49	2457.91	2566.06	2206.3	2493.895
spe	967	966	2386.18	2094.155	2240.1675	2566.06	2206.3	2298.82	1889.49	2227.775
spe	966	965	2094.155	1893.24	1993.6975	2298.82	1889.49	2109.26	1677.22	1988.02
los	965	955	1893.24	1759.09	1826.165	2109.26	1677.22	1989.55	1528.63	1818.945
spe	965	964	1893.24	1750.505	1821.8725	2109.26	1677.22	1974.3	1526.71	1817.985
los	964	GCA.002483345.1.Bacteria.Bacteroidota	1750.505	0.0	875.2525	1974.3	1526.71	0.0	0.0	987.15
spe	964	963	1750.505	1609.85	1680.1775	1974.3	1526.71	1840.42	1379.28	1676.79
los	963	GCF.900116225.1.Bacteria.Bacteroidota	1609.85	0.0	804.925	1840.42	1379.28	0.0	0.0	920.21
spe	963	962	1609.85	1433.485	1521.6675	1840.42	1379.28	1676.49	1190.48	1515.45
los	962	GCA.002455375.1.Bacteria.Bacteroidota	1433.485	0.0	716.7425	1676.49	1190.48	0.0	0.0	838.245
spe	962	961	1433.485	1247.9425	1340.71375	1676.49	1190.48	1496.26	999.625	1338.0575
los	961	GCF.900489485.1.Bacteria.Bacteroidota	1247.9425	0.0	623.97125	1496.26	999.625	0.0	0.0	748.13
hgt	None	dead	0.0	0.0	0.0	0.0	0.0	0.0	0.0	0.0
hgt	775	GCA.001797335.1.Bacteria.Bdellovibrionota.E	2456.23	0.0	1228.115	2635.44	2277.02	0.0	0.0	1317.72
los	None	dead	0.0	0.0	0.0	0.0	0.0	0.0	0.0	0.0
