event	left_node	right_node	left_date	right_date	midpoint_date
spe	1727	1726	3460.76	3442.105	3451.4325
spe	1726	1094	3442.105	3407.45	3424.7775
los	1094	1093	3407.45	3335.31	3371.38
spe	1094	1048	3407.45	3324.645	3366.0475
los	1048	278	3324.645	3267.455	3296.05
spe	1048	1047	3324.645	3317.54	3321.0925
los	1047	365	3317.54	3204.425	3260.9825
spe	1047	1046	3317.54	3288.18	3302.86
los	1046	1045	3288.18	3193.355	3240.7675
spe	1046	902	3288.18	3241.035	3264.6075
spe	902	390	3241.035	3122.13	3181.5825
los	390	389	3122.13	2948.12	3035.125
spe	902	901	3241.035	3194.215	3217.625
spe	901	663	3194.215	3149.67	3171.9425
los	663	397	3149.67	3038.98	3094.325
spe	663	662	3149.67	3108.12	3128.895
los	662	400	3108.12	2693.845	2900.9825
spe	662	661	3108.12	3075.81	3091.965
los	661	655	3075.81	3042.74	3059.275
spe	661	660	3075.81	2810.715	2943.2625
los	660	GCA.002395105.1.Bacteria.Proteobacteria	2810.715	0.0	1405.3575
spe	660	659	2810.715	2073.72	2442.2175
los	659	GCA.000830255.1.Bacteria.Campylobacterota	2073.72	0.0	1036.86
spe	901	900	3194.215	3136.94	3165.5775
los	900	716	3136.94	2935.17	3036.055
spe	900	899	3136.94	3089.895	3113.4175
los	899	898	3089.895	3060.73	3075.3125
spe	899	743	3089.895	3035.675	3062.785
los	743	742	3035.675	2922.825	2979.25
spe	743	721	3035.675	2908.09	2971.8825
los	721	720	2908.09	2734.075	2821.0825
spe	1726	1725	3442.105	3410.995	3426.55
los	1725	1393	3410.995	3339.09	3375.0425
spe	1725	1724	3410.995	3346.625	3378.81
spe	1724	1642	3346.625	3305.11	3325.8675
los	1642	1641	3305.11	3138.575	3221.8425
hgt	None	dead	0.0	0.0	0.0
hgt	888	887	2827.975	2727.215	2777.595
los	None	dead	0.0	0.0	0.0
spe	888	887	2827.975	2727.215	2777.595
spe	887	863	2727.215	2597.055	2662.135
los	863	857	2597.055	2515.41	2556.2325
spe	863	862	2597.055	2368.33	2482.6925
los	862	GCA.002782605.1.Bacteria.Desulfobacterota	2368.33	0.0	1184.165
spe	862	861	2368.33	2265.965	2317.1475
los	861	GCA.002327985.1.Bacteria.Desulfobacterota	2265.965	0.0	1132.9825
spe	887	886	2727.215	2570.925	2649.07
los	886	874	2570.925	2502.96	2536.9425
spe	886	885	2570.925	2490.35	2530.6375
spe	885	884	2490.35	2409.27	2449.81
los	884	880	2409.27	2202.89	2306.08
spe	884	883	2409.27	2107.355	2258.3125
los	883	GCA.000961655.1.Bacteria.Desulfobacterota	2107.355	0.0	1053.6775
spe	885	877	2490.35	2406.095	2448.2225
los	877	GCA.001797675.1.Bacteria.Desulfobacterota	2406.095	0.0	1203.0475
spe	1642	1478	3305.11	3178.32	3241.715
los	1478	1396	3178.32	2525.675	2851.9975
spe	1478	1477	3178.32	3065.68	3122.0
spe	1477	1431	3065.68	2900.705	2983.1925
los	1431	1430	2900.705	2636.055	2768.38
spe	1431	1427	2900.705	2775.63	2838.1675
los	1427	1413	2775.63	2608.425	2692.0275
spe	1427	1426	2775.63	2665.03	2720.33
los	1426	GCF.001953175.1.Bacteria.Chloroflexota	2665.03	0.0	1332.515
spe	1426	1425	2665.03	2515.535	2590.2825
los	1425	GCA.003229915.1.Bacteria.Chloroflexota	2515.535	0.0	1257.7675
spe	1425	1424	2515.535	2409.195	2462.365
spe	1424	1422	2409.195	2304.265	2356.73
los	1422	GCA.003484395.1.Bacteria.Chloroflexota	2304.265	0.0	1152.1325
spe	1422	1421	2304.265	2272.78	2288.5225
los	1421	GCA.002347295.1.Bacteria.Chloroflexota	2272.78	0.0	1136.39
spe	1421	1419	2272.78	2163.145	2217.9625
los	1419	GCA.002352365.1.Bacteria.Chloroflexota	2163.145	0.0	1081.5725
spe	1477	1476	3065.68	2948.885	3007.2825
spe	1476	1454	2948.885	2633.59	2791.2375
spe	1454	1446	2633.59	2467.265	2550.4275
los	1446	1440	2467.265	2358.68	2412.9725
spe	1446	1445	2467.265	2304.44	2385.8525
los	1445	GCA.003130875.1.Bacteria.Chloroflexota	2304.44	0.0	1152.22
spe	1445	1444	2304.44	2137.48	2220.96
los	1444	GCA.003451595.1.Bacteria.Chloroflexota	2137.48	0.0	1068.74
spe	1454	1453	2633.59	2571.245	2602.4175
los	1453	1452	2571.245	2204.94	2388.0925
spe	1453	1449	2571.245	2414.175	2492.71
los	1449	GCA.002400365.1.Bacteria.Chloroflexota	2414.175	0.0	1207.0875
hgt	None	dead	0.0	0.0	0.0
hgt	834	GCA.001798605.1.Bacteria.Myxococcota	2442.985	0.0	1221.4925
los	None	dead	0.0	0.0	0.0
spe	1476	1475	2948.885	2883.705	2916.295
los	1475	1474	2883.705	2804.86	2844.2825
hgt	None	dead	0.0	0.0	0.0
hgt	216	GCA.001805575.1.Bacteria.Omnitrophota	2167.33	0.0	1083.665
los	None	dead	0.0	0.0	0.0
spe	1475	1463	2883.705	2750.56	2817.1325
los	1463	1457	2750.56	2476.295	2613.4275
spe	1463	1462	2750.56	2688.275	2719.4175
spe	1462	1461	2688.275	2433.39	2560.8325
hgt	None	dead	0.0	0.0	0.0
hgt	None	dead	0.0	0.0	0.0
hgt	600	GCA.002007425.1.Bacteria.Proteobacteria	1814.2	0.0	907.1
los	None	dead	0.0	0.0	0.0
hgt	None	dead	0.0	0.0	0.0
hgt	1337	GCF.001399675.1.Bacteria.Firmicutes	1832.425	0.0	916.2125
los	None	dead	0.0	0.0	0.0
hgt	None	dead	0.0	0.0	0.0
hgt	612	GCF.003612015.1.Bacteria.Proteobacteria	1796.185	0.0	898.0925
los	None	dead	0.0	0.0	0.0
hgt	113	GCA.002255025.1.Archaea.Thermoproteota	2352.095	0.0	1176.0475
hgt	107	GCA.001717025.1.Archaea.Thermoproteota	2229.765	0.0	1114.8825
los	None	dead	0.0	0.0	0.0
hgt	1452	GCA.002423325.1.Bacteria.Chloroflexota	2204.94	0.0	1102.47
hgt	1292	GCF.000024605.1.Bacteria.Firmicutes.B	2370.88	0.0	1185.44
los	1461	GCA.002347925.1.Bacteria.Chloroflexota	2433.39	0.0	1216.695
hgt	270	GCA.002746185.1.Bacteria.Hydrogenedentota	2997.52	0.0	1498.76
hgt	935	GCA.001789205.1.Bacteria.Fibrobacterota	2600.975	0.0	1300.4875
los	1462	GCA.002436065.1.Bacteria.Chloroflexota	2688.275	0.0	1344.1375
spe	1724	1723	3346.625	3248.065	3297.345
los	1723	1722	3248.065	3101.365	3174.715
spe	1723	1657	3248.065	3169.355	3208.71
spe	1657	1656	3169.355	3046.235	3107.795
los	1656	1655	3046.235	2626.04	2836.1375
spe	1656	1652	3046.235	2760.21	2903.2225
los	1652	1648	2760.21	2370.01	2565.11
spe	1652	1651	2760.21	2569.225	2664.7175
los	1651	GCA.001783275.1.Bacteria.Margulisbacteria	2569.225	0.0	1284.6125
hgt	179	178	3169.885	3109.52	3139.7025
spe	1657	1645	3169.355	3078.905	3124.13
hgt	None	dead	0.0	0.0	0.0
los	1645	GCA.002050035.1.Bacteria.4484.113	3078.905	0.0	1539.4525
hgt	1133	GCA.002366545.1.Bacteria.Actinobacteriota	2731.5	0.0	1365.75
los	None	dead	0.0	0.0	0.0
spe	179	178	3169.885	3109.52	3139.7025
spe	178	32	3109.52	2887.43	2998.475
los	32	31	2887.43	2641.745	2764.5875
hgt	None	dead	0.0	0.0	0.0
spe	32	26	2887.43	905.1525	1896.29125
los	26	GCA.002841105.1.Archaea.Altiarchaeota	905.1525	0.0	452.57625
hgt	1068	GCA.002877955.1.Bacteria.Caldisericota	2377.575	0.0	1188.7875
los	None	dead	0.0	0.0	0.0
hgt	None	dead	0.0	0.0	0.0
spe	178	177	3109.52	2987.475	3048.4975
spe	177	176	2987.475	2870.105	2928.79
los	176	175	2870.105	2794.775	2832.44
spe	176	140	2870.105	2794.965	2832.535
spe	140	139	2794.965	2746.6	2770.7825
spe	139	138	2746.6	2683.72	2715.16
los	138	124	2683.72	2576.715	2630.2175
spe	138	137	2683.72	2562.75	2623.235
los	137	136	2562.75	2489.555	2526.1525
spe	139	109	2746.6	2611.625	2679.1125
spe	109	103	2611.625	2372.465	2492.045
los	103	GCA.002254745.1.Archaea.Thermoproteota	2372.465	0.0	1186.2325
spe	103	101	2372.465	2213.35	2292.9075
los	101	GCF.000011205.1.Archaea.Thermoproteota	2213.35	0.0	1106.675
spe	101	99	2213.35	2047.925	2130.6375
los	99	GCF.000092185.1.Archaea.Thermoproteota	2047.925	0.0	1023.9625
spe	109	108	2611.625	2433.705	2522.665
los	108	107	2433.705	2229.765	2331.735
spe	177	95	2987.475	2895.515	2941.495
spe	95	39	2895.515	2772.035	2833.775
hgt	1058	GCA.001443005.1.Bacteria.Synergistota	2874.585	0.0	1437.2925
los	39	35	2772.035	2625.215	2698.625
spe	39	38	2772.035	2538.31	2655.1725
hgt	None	dead	0.0	0.0	0.0
los	38	GCA.001515205.2.Archaea.Hadarchaeota	2538.31	0.0	1269.155
hgt	74	GCA.002011165.1.Archaea.Halobacteriota	2278.05	0.0	1139.025
los	None	dead	0.0	0.0	0.0
spe	95	94	2895.515	2874.54	2885.0275
los	94	42	2874.54	2631.08	2752.81
spe	94	93	2874.54	2781.775	2828.1575
spe	93	92	2781.775	2715.565	2748.67
los	92	91	2715.565	2548.71	2632.1375
spe	92	70	2715.565	2480.265	2597.915
los	70	54	2480.265	2391.235	2435.75
spe	70	69	2480.265	2382.655	2431.46
los	69	68	2382.655	2254.26	2318.4575
spe	69	61	2382.655	2318.855	2350.755
los	61	GCA.002497685.1.Archaea.Thermoplasmatota	2318.855	0.0	1159.4275
spe	61	60	2318.855	2157.845	2238.35
los	60	GCF.002078355.1.Archaea.Thermoplasmatota	2157.845	0.0	1078.9225
spe	60	59	2157.845	1950.86	2054.3525
los	59	GCA.002011395.1.Archaea.Thermoplasmatota	1950.86	0.0	975.43
hgt	92	91	2715.565	2548.71	2632.1375
los	None	dead	0.0	0.0	0.0
dup	92	91	2715.565	2548.71	2632.1375
spe	92	91	2715.565	2548.71	2632.1375
los	91	GCA.003034855.1.Archaea.Halobacteriota	2548.71	0.0	1274.355
spe	91	90	2548.71	2426.545	2487.6275
los	90	89	2426.545	2320.405	2373.475
spe	90	74	2426.545	2278.05	2352.2975
los	74	GCA.002011165.1.Archaea.Halobacteriota	2278.05	0.0	1139.025
spe	92	91	2715.565	2548.71	2632.1375
spe	91	90	2548.71	2426.545	2487.6275
los	90	74	2426.545	2278.05	2352.2975
spe	90	89	2426.545	2320.405	2373.475
spe	89	88	2320.405	2221.93	2271.1675
los	88	80	2221.93	2032.885	2127.4075
spe	88	87	2221.93	2144.39	2183.16
los	87	GCA.002256595.1.Archaea.Halobacteriota	2144.39	0.0	1072.195
spe	87	86	2144.39	2014.745	2079.5675
los	86	84	2014.745	1868.445	1941.595
spe	89	77	2320.405	2081.03	2200.7175
hgt	35	GCA.001587715.1.Archaea.Methanobacteriota.B	2625.215	0.0	1312.6075
