event	left_node	right_node	left_date	right_date	midpoint_date	left_date_lower	left_date_upper	right_date_lower	right_date_upper	midpoint_date_all
spe	1094	1048	3407.45	3324.645	3366.0475	3553.34	3261.56	3468.94	3180.35	3366.845
spe	1048	278	3324.645	3267.455	3296.05	3468.94	3180.35	3413.03	3121.88	3295.41
los	278	262	3267.455	3164.4	3215.9275	3413.03	3121.88	3310.34	3018.46	3215.745
spe	278	277	3267.455	3169.945	3218.7	3413.03	3121.88	3319.44	3020.45	3216.74
los	277	267	3169.945	2989.33	3079.6375	3319.44	3020.45	3160.51	2818.15	3068.795
spe	277	276	3169.945	3142.94	3156.4425	3319.44	3020.45	3295.82	2990.06	3154.75
los	276	275	3142.94	3039.065	3091.0025	3295.82	2990.06	3208.38	2869.75	3082.785
spe	276	270	3142.94	2997.52	3070.23	3295.82	2990.06	3178.82	2816.22	3056.02
los	270	GCA.001567115.1.Bacteria.OLB16	2997.52	0.0	1498.76	3178.82	2816.22	0.0	0.0	1589.41
spe	1048	1047	3324.645	3317.54	3321.0925	3468.94	3180.35	3462.08	3173.0	3320.97
los	1047	365	3317.54	3204.425	3260.9825	3462.08	3173.0	3352.46	3056.39	3259.235
spe	1047	1046	3317.54	3288.18	3302.86	3462.08	3173.0	3432.51	3143.85	3302.965
spe	1046	1045	3288.18	3193.355	3240.7675	3432.51	3143.85	3339.4	3047.31	3239.91
los	1045	921	3193.355	3111.29	3152.3225	3339.4	3047.31	3259.48	2963.1	3151.25
spe	1045	1044	3193.355	3092.405	3142.88	3339.4	3047.31	3238.13	2946.68	3143.04
los	1044	1043	3092.405	3056.385	3074.395	3238.13	2946.68	3202.8	2909.97	3074.05
spe	1044	936	3092.405	3003.555	3047.98	3238.13	2946.68	3155.32	2851.79	3044.96
los	936	926	3003.555	2762.32	2882.9375	3155.32	2851.79	2945.47	2579.17	2867.245
spe	936	935	3003.555	2600.975	2802.265	3155.32	2851.79	2794.79	2407.16	2781.24
los	935	934	2600.975	2533.955	2567.465	2794.79	2407.16	2733.33	2334.58	2564.685
spe	1046	902	3288.18	3241.035	3264.6075	3432.51	3143.85	3385.47	3096.6	3264.555
spe	902	390	3241.035	3122.13	3181.5825	3385.47	3096.6	3271.16	2973.1	3179.285
los	390	389	3122.13	2948.12	3035.125	3271.16	2973.1	3102.94	2793.3	3032.23
spe	902	901	3241.035	3194.215	3217.625	3385.47	3096.6	3337.52	3050.91	3218.19
spe	901	663	3194.215	3149.67	3171.9425	3337.52	3050.91	3293.35	3005.99	3171.755
los	663	397	3149.67	3038.98	3094.325	3293.35	3005.99	3186.65	2891.31	3092.33
spe	663	662	3149.67	3108.12	3128.895	3293.35	3005.99	3252.87	2963.37	3128.36
los	662	400	3108.12	2693.845	2900.9825	3252.87	2963.37	2881.53	2506.16	2879.515
spe	662	661	3108.12	3075.81	3091.965	3252.87	2963.37	3220.82	2930.8	3091.835
los	661	655	3075.81	3042.74	3059.275	3220.82	2930.8	3187.07	2898.41	3059.615
hgt	None	dead	0.0	0.0	0.0	0.0	0.0	0.0	0.0	0.0
hgt	1651	GCA.003242895.1.Bacteria.Margulisbacteria	2569.225	0.0	1284.6125	2778.38	2360.07	0.0	0.0	1389.19
los	None	dead	0.0	0.0	0.0	0.0	0.0	0.0	0.0	0.0
spe	661	660	3075.81	2810.715	2943.2625	3220.82	2930.8	2982.77	2638.66	2929.74
los	660	GCA.002395105.1.Bacteria.Proteobacteria	2810.715	0.0	1405.3575	2982.77	2638.66	0.0	0.0	1491.385
spe	660	659	2810.715	2073.72	2442.2175	2982.77	2638.66	2328.01	1819.43	2401.1
los	659	GCA.000830255.1.Bacteria.Campylobacterota	2073.72	0.0	1036.86	2328.01	1819.43	0.0	0.0	1164.005
spe	901	900	3194.215	3136.94	3165.5775	3337.52	3050.91	3280.99	2992.89	3165.205
los	900	716	3136.94	2935.17	3036.055	3280.99	2992.89	3084.96	2785.38	3033.185
spe	900	899	3136.94	3089.895	3113.4175	3280.99	2992.89	3234.81	2944.98	3112.985
spe	899	743	3089.895	3035.675	3062.785	3234.81	2944.98	3181.51	2889.84	3062.325
los	743	742	3035.675	2922.825	2979.25	3181.51	2889.84	3076.13	2769.52	2975.515
spe	743	721	3035.675	2908.09	2971.8825	3181.51	2889.84	3069.2	2746.98	2964.245
los	721	720	2908.09	2734.075	2821.0825	3069.2	2746.98	2916.96	2551.19	2810.195
spe	899	898	3089.895	3060.73	3075.3125	3234.81	2944.98	3206.1	2915.36	3075.085
los	898	756	3060.73	2888.115	2974.4225	3206.1	2915.36	3046.49	2729.74	2967.92
spe	898	897	3060.73	3021.29	3041.01	3206.1	2915.36	3166.46	2876.12	3041.11
spe	897	889	3021.29	2916.985	2969.1375	3166.46	2876.12	3062.93	2771.04	2968.75
los	889	843	2916.985	2862.71	2889.8475	3062.93	2771.04	3010.27	2715.15	2889.04
spe	889	888	2916.985	2827.975	2872.48	3062.93	2771.04	2977.09	2678.86	2870.895
los	888	854	2827.975	2738.145	2783.06	2977.09	2678.86	2894.15	2582.14	2779.615
spe	888	887	2827.975	2727.215	2777.595	2977.09	2678.86	2881.55	2572.88	2774.985
spe	887	863	2727.215	2597.055	2662.135	2881.55	2572.88	2762.98	2431.13	2656.34
los	863	857	2597.055	2515.41	2556.2325	2762.98	2431.13	2699.69	2331.13	2547.055
spe	863	862	2597.055	2368.33	2482.6925	2762.98	2431.13	2561.03	2175.63	2469.305
los	862	GCA.002782605.1.Bacteria.Desulfobacterota	2368.33	0.0	1184.165	2561.03	2175.63	0.0	0.0	1280.515
spe	862	861	2368.33	2265.965	2317.1475	2561.03	2175.63	2474.98	2056.95	2308.99
los	861	GCA.002327985.1.Bacteria.Desulfobacterota	2265.965	0.0	1132.9825	2474.98	2056.95	0.0	0.0	1237.49
spe	887	886	2727.215	2570.925	2649.07	2881.55	2572.88	2733.26	2408.59	2645.07
los	886	874	2570.925	2502.96	2536.9425	2733.26	2408.59	2671.83	2334.09	2533.675
spe	886	885	2570.925	2490.35	2530.6375	2733.26	2408.59	2660.72	2319.98	2526.62
spe	885	884	2490.35	2409.27	2449.81	2660.72	2319.98	2585.68	2232.86	2446.79
los	884	880	2409.27	2202.89	2306.08	2585.68	2232.86	2408.81	1996.97	2291.325
spe	884	883	2409.27	2107.355	2258.3125	2585.68	2232.86	2320.43	1894.28	2239.98
los	883	GCA.000961655.1.Bacteria.Desulfobacterota	2107.355	0.0	1053.6775	2320.43	1894.28	0.0	0.0	1160.215
spe	885	877	2490.35	2406.095	2448.2225	2660.72	2319.98	2589.76	2222.43	2441.575
los	877	GCA.001797675.1.Bacteria.Desulfobacterota	2406.095	0.0	1203.0475	2589.76	2222.43	0.0	0.0	1294.88
hgt	178	177	3109.52	2987.475	3048.4975	3270.62	2948.42	3145.38	2829.57	3050.095
los	897	896	3021.29	2913.21	2967.25	3166.46	2876.12	3068.25	2758.17	2962.315
hgt	None	dead	0.0	0.0	0.0	0.0	0.0	0.0	0.0	0.0
hgt	1387	1327	2902.155	2828.71	2865.4325	3045.04	2759.27	2972.74	2684.68	2864.86
hgt	1476	1454	2948.885	2633.59	2791.2375	3099.11	2798.66	2806.22	2460.96	2780.035
los	None	dead	0.0	0.0	0.0	0.0	0.0	0.0	0.0	0.0
hgt	None	dead	0.0	0.0	0.0	0.0	0.0	0.0	0.0	0.0
hgt	1419	GCA.002367275.1.Bacteria.Chloroflexota	2163.145	0.0	1081.5725	2372.76	1953.53	0.0	0.0	1186.38
los	None	dead	0.0	0.0	0.0	0.0	0.0	0.0	0.0	0.0
spe	1476	1454	2948.885	2633.59	2791.2375	3099.11	2798.66	2806.22	2460.96	2780.035
spe	1454	1446	2633.59	2467.265	2550.4275	2806.22	2460.96	2650.86	2283.67	2544.945
los	1446	1440	2467.265	2358.68	2412.9725	2650.86	2283.67	2549.6	2167.76	2409.31
spe	1446	1445	2467.265	2304.44	2385.8525	2650.86	2283.67	2498.38	2110.5	2380.68
los	1445	GCA.003130875.1.Bacteria.Chloroflexota	2304.44	0.0	1152.22	2498.38	2110.5	0.0	0.0	1249.19
spe	1445	1444	2304.44	2137.48	2220.96	2498.38	2110.5	2354.92	1920.04	2209.21
los	1444	GCA.003451595.1.Bacteria.Chloroflexota	2137.48	0.0	1068.74	2354.92	1920.04	0.0	0.0	1177.46
spe	1454	1453	2633.59	2571.245	2602.4175	2806.22	2460.96	2752.52	2389.97	2598.095
los	1453	1452	2571.245	2204.94	2388.0925	2752.52	2389.97	2468.84	1941.04	2346.78
spe	1453	1449	2571.245	2414.175	2492.71	2752.52	2389.97	2615.97	2212.38	2482.45
los	1449	GCA.002400365.1.Bacteria.Chloroflexota	2414.175	0.0	1207.0875	2615.97	2212.38	0.0	0.0	1307.985
spe	1387	1327	2902.155	2828.71	2865.4325	3045.04	2759.27	2972.74	2684.68	2864.86
spe	1327	1289	2828.71	2635.61	2732.16	2972.74	2684.68	2795.95	2475.27	2724.005
los	1289	GCA.002345475.1.Bacteria.Firmicutes.H	2635.61	0.0	1317.805	2795.95	2475.27	0.0	0.0	1397.975
spe	1289	1288	2635.61	2207.725	2421.6675	2795.95	2475.27	2392.63	2022.82	2409.385
los	1288	GCA.002411145.1.Bacteria.Firmicutes.C	2207.725	0.0	1103.8625	2392.63	2022.82	0.0	0.0	1196.315
spe	1288	1287	2207.725	1965.585	2086.655	2392.63	2022.82	2175.83	1755.34	2073.985
los	1287	GCA.002329525.1.Bacteria.Firmicutes.C	1965.585	0.0	982.7925	2175.83	1755.34	0.0	0.0	1087.915
hgt	1133	GCA.002366545.1.Bacteria.Actinobacteriota	2731.5	0.0	1365.75	2922.33	2540.67	0.0	0.0	1461.165
spe	1287	1285	1965.585	1868.68	1917.1325	2175.83	1755.34	2085.73	1651.63	1913.73
los	1285	1284	1868.68	1576.575	1722.6275	2085.73	1651.63	1830.37	1322.78	1704.255
spe	1285	1281	1868.68	1642.245	1755.4625	2085.73	1651.63	1876.63	1407.86	1746.795
los	1281	1280	1642.245	1441.56	1541.9025	1876.63	1407.86	1709.78	1173.34	1524.985
dup	1281	GCF.002257705.1.Bacteria.Firmicutes.C	1642.245	0.0	821.1225	1876.63	1407.86	0.0	0.0	938.315
spe	1327	1326	2828.71	2719.225	2773.9675	2972.74	2684.68	2868.22	2570.23	2771.485
spe	1326	1292	2719.225	2370.88	2545.0525	2868.22	2570.23	2569.61	2172.15	2520.185
los	1292	GCF.001950325.1.Bacteria.Firmicutes.B	2370.88	0.0	1185.44	2569.61	2172.15	0.0	0.0	1284.805
spe	1326	1325	2719.225	2604.385	2661.805	2868.22	2570.23	2756.95	2451.82	2660.02
los	1325	1297	2604.385	2420.65	2512.5175	2756.95	2451.82	2602.22	2239.08	2498.015
hgt	None	dead	0.0	0.0	0.0	0.0	0.0	0.0	0.0	0.0
hgt	834	GCA.001798605.1.Bacteria.Myxococcota	2442.985	0.0	1221.4925	2611.91	2274.06	0.0	0.0	1305.955
los	None	dead	0.0	0.0	0.0	0.0	0.0	0.0	0.0	0.0
spe	1325	1324	2604.385	2536.255	2570.32	2756.95	2451.82	2694.52	2377.99	2567.47
los	1324	1308	2536.255	2377.745	2457.0	2694.52	2377.99	2550.36	2205.13	2449.825
hgt	None	dead	0.0	0.0	0.0	0.0	0.0	0.0	0.0	0.0
spe	1324	1323	2536.255	2478.3	2507.2775	2694.52	2377.99	2641.49	2315.11	2504.815
los	1323	1322	2478.3	2209.475	2343.8875	2641.49	2315.11	2414.01	2004.94	2323.215
spe	1323	1319	2478.3	2388.655	2433.4775	2641.49	2315.11	2562.17	2215.14	2428.315
spe	1319	1318	2388.655	2305.29	2346.9725	2562.17	2215.14	2488.59	2121.99	2342.08
los	1318	1317	2305.29	1778.785	2042.0375	2488.59	2121.99	2035.34	1522.23	2005.41
spe	1318	1312	2305.29	2058.365	2181.8275	2488.59	2121.99	2278.56	1838.17	2163.38
los	1312	GCF.000019165.1.Bacteria.Firmicutes.B	2058.365	0.0	1029.1825	2278.56	1838.17	0.0	0.0	1139.28
hgt	216	GCA.001805575.1.Bacteria.Omnitrophota	2167.33	0.0	1083.665	2366.8	1967.86	0.0	0.0	1183.4
los	None	dead	0.0	0.0	0.0	0.0	0.0	0.0	0.0	0.0
dup	216	GCA.001805575.1.Bacteria.Omnitrophota	2167.33	0.0	1083.665	2366.8	1967.86	0.0	0.0	1183.4
spe	178	177	3109.52	2987.475	3048.4975	3270.62	2948.42	3145.38	2829.57	3050.095
spe	177	95	2987.475	2895.515	2941.495	3145.38	2829.57	3052.55	2738.48	2941.93
spe	95	94	2895.515	2874.54	2885.0275	3052.55	2738.48	3031.65	2717.43	2884.99
hgt	32	26	2887.43	905.1525	1896.29125	3067.58	2707.28	1279.15	531.155	1799.3675
los	94	42	2874.54	2631.08	2752.81	3031.65	2717.43	2832.32	2429.84	2730.745
spe	32	26	2887.43	905.1525	1896.29125	3067.58	2707.28	1279.15	531.155	1799.3675
spe	94	93	2874.54	2781.775	2828.1575	3031.65	2717.43	2937.35	2626.2	2828.925
spe	93	92	2781.775	2715.565	2748.67	2937.35	2626.2	2870.72	2560.41	2748.88
los	92	70	2715.565	2480.265	2597.915	2870.72	2560.41	2639.53	2321.0	2595.86
spe	92	91	2715.565	2548.71	2632.1375	2870.72	2560.41	2710.79	2386.63	2628.675
spe	91	90	2548.71	2426.545	2487.6275	2710.79	2386.63	2587.9	2265.19	2487.99
spe	90	74	2426.545	2278.05	2352.2975	2587.9	2265.19	2455.2	2100.9	2344.4
los	74	GCA.002011165.1.Archaea.Halobacteriota	2278.05	0.0	1139.025	2455.2	2100.9	0.0	0.0	1227.6
spe	90	89	2426.545	2320.405	2373.475	2587.9	2265.19	2487.89	2152.92	2370.41
los	89	88	2320.405	2221.93	2271.1675	2487.89	2152.92	2396.19	2047.67	2267.78
spe	89	77	2320.405	2081.03	2200.7175	2487.89	2152.92	2277.46	1884.6	2186.245
los	77	GCA.003194435.1.Archaea.Halobacteriota	2081.03	0.0	1040.515	2277.46	1884.6	0.0	0.0	1138.73
hgt	None	dead	0.0	0.0	0.0	0.0	0.0	0.0	0.0	0.0
hgt	176	140	2870.105	2794.965	2832.535	3029.57	2710.64	2954.89	2635.04	2832.305
hgt	1068	GCA.002877955.1.Bacteria.Caldisericota	2377.575	0.0	1188.7875	2621.46	2133.69	0.0	0.0	1310.73
los	None	dead	0.0	0.0	0.0	0.0	0.0	0.0	0.0	0.0
spe	176	140	2870.105	2794.965	2832.535	3029.57	2710.64	2954.89	2635.04	2832.305
hgt	137	GCA.002255045.1.Archaea.Thermoproteota	2562.75	0.0	1281.375	2734.97	2390.53	0.0	0.0	1367.485
spe	140	139	2794.965	2746.6	2770.7825	2954.89	2635.04	2906.36	2586.84	2770.865
los	139	138	2746.6	2683.72	2715.16	2906.36	2586.84	2844.85	2522.59	2714.475
spe	139	109	2746.6	2611.625	2679.1125	2906.36	2586.84	2779.64	2443.61	2674.985
spe	109	103	2611.625	2372.465	2492.045	2779.64	2443.61	2552.61	2192.32	2485.98
los	103	GCA.002254745.1.Archaea.Thermoproteota	2372.465	0.0	1186.2325	2552.61	2192.32	0.0	0.0	1276.305
spe	103	101	2372.465	2213.35	2292.9075	2552.61	2192.32	2410.41	2016.29	2284.45
los	101	GCF.000011205.1.Archaea.Thermoproteota	2213.35	0.0	1106.675	2410.41	2016.29	0.0	0.0	1205.205
spe	101	99	2213.35	2047.925	2130.6375	2410.41	2016.29	2262.48	1833.37	2121.89
los	99	GCF.000092185.1.Archaea.Thermoproteota	2047.925	0.0	1023.9625	2262.48	1833.37	0.0	0.0	1131.24
spe	109	108	2611.625	2433.705	2522.665	2779.64	2443.61	2622.16	2245.25	2512.445
los	108	GCF.000148385.1.Archaea.Thermoproteota	2433.705	0.0	1216.8525	2622.16	2245.25	0.0	0.0	1311.08
spe	108	107	2433.705	2229.765	2331.735	2622.16	2245.25	2447.7	2011.83	2316.995
hgt	905	GCA.001412425.1.Bacteria.Cloacimonadota	2553.935	0.0	1276.9675	2780.82	2327.05	0.0	0.0	1390.41
los	107	GCA.003019535.1.Archaea.Thermoproteota	2229.765	0.0	1114.8825	2447.7	2011.83	0.0	0.0	1223.85
hgt	86	GCA.001412335.1.Archaea.Halobacteriota	2014.745	0.0	1007.3725	2208.35	1821.14	0.0	0.0	1104.175
hgt	1444	GCA.002366755.1.Bacteria.Chloroflexota	2137.48	0.0	1068.74	2354.92	1920.04	0.0	0.0	1177.46
hgt	1452	GCA.002423325.1.Bacteria.Chloroflexota	2204.94	0.0	1102.47	2468.84	1941.04	0.0	0.0	1234.42
spe	95	39	2895.515	2772.035	2833.775	3052.55	2738.48	2935.32	2608.75	2830.65
spe	39	38	2772.035	2538.31	2655.1725	2935.32	2608.75	2727.65	2348.97	2642.145
hgt	None	dead	0.0	0.0	0.0	0.0	0.0	0.0	0.0	0.0
los	38	GCA.001515205.2.Archaea.Hadarchaeota	2538.31	0.0	1269.155	2727.65	2348.97	0.0	0.0	1363.825
hgt	74	GCA.002011165.1.Archaea.Halobacteriota	2278.05	0.0	1139.025	2455.2	2100.9	0.0	0.0	1227.6
los	None	dead	0.0	0.0	0.0	0.0	0.0	0.0	0.0	0.0
hgt	1058	GCA.001443005.1.Bacteria.Synergistota	2874.585	0.0	1437.2925	3067.3	2681.87	0.0	0.0	1533.65
spe	39	35	2772.035	2625.215	2698.625	2935.32	2608.75	2814.09	2436.34	2685.83
hgt	None	dead	0.0	0.0	0.0	0.0	0.0	0.0	0.0	0.0
los	35	GCF.002201895.1.Archaea.Euryarchaeota	2625.215	0.0	1312.6075	2814.09	2436.34	0.0	0.0	1407.045
hgt	90	89	2426.545	2320.405	2373.475	2587.9	2265.19	2487.89	2152.92	2370.41
los	None	dead	0.0	0.0	0.0	0.0	0.0	0.0	0.0	0.0
spe	90	89	2426.545	2320.405	2373.475	2587.9	2265.19	2487.89	2152.92	2370.41
spe	89	77	2320.405	2081.03	2200.7175	2487.89	2152.92	2277.46	1884.6	2186.245
los	77	GCA.001766825.1.Archaea.Halobacteriota	2081.03	0.0	1040.515	2277.46	1884.6	0.0	0.0	1138.73
spe	89	88	2320.405	2221.93	2271.1675	2487.89	2152.92	2396.19	2047.67	2267.78
los	88	80	2221.93	2032.885	2127.4075	2396.19	2047.67	2234.17	1831.6	2113.895
spe	88	87	2221.93	2144.39	2183.16	2396.19	2047.67	2323.79	1964.99	2180.59
los	87	GCA.002256595.1.Archaea.Halobacteriota	2144.39	0.0	1072.195	2323.79	1964.99	0.0	0.0	1161.895
spe	87	86	2144.39	2014.745	2079.5675	2323.79	1964.99	2208.35	1821.14	2072.465
los	86	84	2014.745	1868.445	1941.595	2208.35	1821.14	2080.58	1656.31	1932.33
spe	177	176	2987.475	2870.105	2928.79	3145.38	2829.57	3029.57	2710.64	2928.01
los	176	175	2870.105	2794.775	2832.44	3029.57	2710.64	2957.01	2632.54	2831.055
spe	176	140	2870.105	2794.965	2832.535	3029.57	2710.64	2954.89	2635.04	2832.305
los	140	GCF.000019605.1.Archaea.Thermoproteota	2794.965	0.0	1397.4825	2954.89	2635.04	0.0	0.0	1477.445
spe	140	139	2794.965	2746.6	2770.7825	2954.89	2635.04	2906.36	2586.84	2770.865
dup	139	109	2746.6	2611.625	2679.1125	2906.36	2586.84	2779.64	2443.61	2674.985
spe	139	109	2746.6	2611.625	2679.1125	2906.36	2586.84	2779.64	2443.61	2674.985
spe	109	103	2611.625	2372.465	2492.045	2779.64	2443.61	2552.61	2192.32	2485.98
los	103	GCA.002254745.1.Archaea.Thermoproteota	2372.465	0.0	1186.2325	2552.61	2192.32	0.0	0.0	1276.305
spe	103	101	2372.465	2213.35	2292.9075	2552.61	2192.32	2410.41	2016.29	2284.45
los	101	99	2213.35	2047.925	2130.6375	2410.41	2016.29	2262.48	1833.37	2121.89
spe	109	108	2611.625	2433.705	2522.665	2779.64	2443.61	2622.16	2245.25	2512.445
spe	108	107	2433.705	2229.765	2331.735	2622.16	2245.25	2447.7	2011.83	2316.995
hgt	None	dead	0.0	0.0	0.0	0.0	0.0	0.0	0.0	0.0
los	107	GCA.001717025.1.Archaea.Thermoproteota	2229.765	0.0	1114.8825	2447.7	2011.83	0.0	0.0	1223.85
hgt	124	GCA.002495485.1.Archaea.Thermoproteota	2576.715	0.0	1288.3575	2744.68	2408.75	0.0	0.0	1372.34
los	None	dead	0.0	0.0	0.0	0.0	0.0	0.0	0.0	0.0
spe	139	109	2746.6	2611.625	2679.1125	2906.36	2586.84	2779.64	2443.61	2674.985
los	109	103	2611.625	2372.465	2492.045	2779.64	2443.61	2552.61	2192.32	2485.98
hgt	None	dead	0.0	0.0	0.0	0.0	0.0	0.0	0.0	0.0
hgt	59	GCA.002878135.1.Archaea.Thermoplasmatota	1950.86	0.0	975.43	2148.2	1753.52	0.0	0.0	1074.1
los	None	dead	0.0	0.0	0.0	0.0	0.0	0.0	0.0	0.0
spe	109	108	2611.625	2433.705	2522.665	2779.64	2443.61	2622.16	2245.25	2512.445
hgt	None	dead	0.0	0.0	0.0	0.0	0.0	0.0	0.0	0.0
hgt	600	GCA.002007425.1.Bacteria.Proteobacteria	1814.2	0.0	907.1	1996.49	1631.91	0.0	0.0	998.245
hgt	1337	GCF.001399675.1.Bacteria.Firmicutes	1832.425	0.0	916.2125	2086.82	1578.03	0.0	0.0	1043.41
los	None	dead	0.0	0.0	0.0	0.0	0.0	0.0	0.0	0.0
hgt	1461	GCA.002413265.1.Bacteria.Chloroflexota	2433.39	0.0	1216.695	2666.93	2199.85	0.0	0.0	1333.465
hgt	None	dead	0.0	0.0	0.0	0.0	0.0	0.0	0.0	0.0
hgt	692	GCA.003140235.1.Bacteria.Acidobacteriota	1806.3	0.0	903.15	2047.7	1564.9	0.0	0.0	1023.85
los	None	dead	0.0	0.0	0.0	0.0	0.0	0.0	0.0	0.0
hgt	None	dead	0.0	0.0	0.0	0.0	0.0	0.0	0.0	0.0
hgt	612	GCF.003612015.1.Bacteria.Proteobacteria	1796.185	0.0	898.0925	1978.58	1613.79	0.0	0.0	989.29
los	None	dead	0.0	0.0	0.0	0.0	0.0	0.0	0.0	0.0
hgt	1228	GCA.003023725.1.Bacteria.Firmicutes.E	2573.425	0.0	1286.7125	2761.84	2385.01	0.0	0.0	1380.92
los	108	107	2433.705	2229.765	2331.735	2622.16	2245.25	2447.7	2011.83	2316.995
spe	139	138	2746.6	2683.72	2715.16	2906.36	2586.84	2844.85	2522.59	2714.475
los	138	137	2683.72	2562.75	2623.235	2844.85	2522.59	2734.97	2390.53	2617.69
spe	138	124	2683.72	2576.715	2630.2175	2844.85	2522.59	2744.68	2408.75	2626.8
los	124	GCA.002495485.1.Archaea.Thermoproteota	2576.715	0.0	1288.3575	2744.68	2408.75	0.0	0.0	1372.34
hgt	None	dead	0.0	0.0	0.0	0.0	0.0	0.0	0.0	0.0
spe	124	123	2576.715	2509.405	2543.06	2744.68	2408.75	2676.61	2342.2	2543.44
los	123	122	2509.405	2416.7	2463.0525	2676.61	2342.2	2593.5	2239.9	2458.255
spe	123	113	2509.405	2352.095	2430.75	2676.61	2342.2	2536.91	2167.28	2421.945
los	113	GCA.001593865.1.Archaea.Thermoproteota	2352.095	0.0	1176.0475	2536.91	2167.28	0.0	0.0	1268.455
hgt	1645	GCF.000212395.1.Bacteria.Thermodesulfobiota	3078.905	0.0	1539.4525	3240.17	2917.64	0.0	0.0	1620.085
hgt	1424	GCA.002011475.1.Bacteria.Chloroflexota	2409.195	0.0	1204.5975	2595.11	2223.28	0.0	0.0	1297.555
los	None	dead	0.0	0.0	0.0	0.0	0.0	0.0	0.0	0.0
