event	left_node	right_node	left_date	right_date	midpoint_date	left_date_lower	left_date_upper	right_date_lower	right_date_upper	midpoint_date_all
spe	179	178	3191.81	3099.385	3145.5975	3350.16	3033.46	3251.39	2947.38	3148.77
hgt	None	dead	0.0	0.0	0.0	0.0	0.0	0.0	0.0	0.0
spe	178	32	3099.385	2666.455	2882.92	3251.39	2947.38	2880.09	2452.82	2852.105
dup	32	31	2666.455	2249.94	2458.1975	2880.09	2452.82	2519.52	1980.36	2430.225
spe	32	31	2666.455	2249.94	2458.1975	2880.09	2452.82	2519.52	1980.36	2430.225
los	31	29	2249.94	1749.91	1999.925	2519.52	1980.36	2062.2	1437.62	1978.57
spe	32	31	2666.455	2249.94	2458.1975	2880.09	2452.82	2519.52	1980.36	2430.225
spe	31	29	2249.94	1749.91	1999.925	2519.52	1980.36	2062.2	1437.62	1978.57
los	29	GCA.002254565.1.Archaea.Altiarchaeota	1749.91	0.0	874.955	2062.2	1437.62	0.0	0.0	1031.1
spe	32	26	2666.455	482.601	1574.528	2880.09	2452.82	673.097	292.105	1586.0975
hgt	91	90	2116.885	1918.545	2017.715	2292.27	1941.5	2091.75	1745.34	2018.805
los	None	dead	0.0	0.0	0.0	0.0	0.0	0.0	0.0	0.0
spe	91	90	2116.885	1918.545	2017.715	2292.27	1941.5	2091.75	1745.34	2018.805
hgt	None	dead	0.0	0.0	0.0	0.0	0.0	0.0	0.0	0.0
hgt	84	GCF.000970205.1.Archaea.Halobacteriota	1194.24	0.0	597.12	1377.79	1010.69	0.0	0.0	688.895
los	None	dead	0.0	0.0	0.0	0.0	0.0	0.0	0.0	0.0
dup	84	GCF.000970205.1.Archaea.Halobacteriota	1194.24	0.0	597.12	1377.79	1010.69	0.0	0.0	688.895
spe	90	74	1918.545	1703.245	1810.895	2091.75	1745.34	1896.74	1509.75	1800.75
hgt	None	dead	0.0	0.0	0.0	0.0	0.0	0.0	0.0	0.0
hgt	89	77	1761.97	1438.885	1600.4275	1945.96	1577.98	1634.55	1243.22	1594.59
los	None	dead	0.0	0.0	0.0	0.0	0.0	0.0	0.0	0.0
spe	89	77	1761.97	1438.885	1600.4275	1945.96	1577.98	1634.55	1243.22	1594.59
spe	90	89	1918.545	1761.97	1840.2575	2091.75	1745.34	1945.96	1577.98	1834.865
spe	89	88	1761.97	1623.18	1692.575	1945.96	1577.98	1801.29	1445.07	1695.515
los	88	80	1623.18	1389.95	1506.565	1801.29	1445.07	1591.35	1188.55	1494.92
spe	88	87	1623.18	1522.785	1572.9825	1801.29	1445.07	1701.29	1344.28	1572.785
los	87	86	1522.785	1362.965	1442.875	1701.29	1344.28	1547.03	1178.9	1440.095
spe	89	77	1761.97	1438.885	1600.4275	1945.96	1577.98	1634.55	1243.22	1594.59
los	77	GCA.003194435.1.Archaea.Halobacteriota	1438.885	0.0	719.4425	1634.55	1243.22	0.0	0.0	817.275
spe	178	177	3099.385	2898.43	2998.9075	3251.39	2947.38	3033.18	2763.68	3007.535
spe	177	95	2898.43	2719.62	2809.025	3033.18	2763.68	2867.1	2572.14	2802.66
spe	95	39	2719.62	2491.15	2605.385	2867.1	2572.14	2670.09	2312.21	2589.655
los	39	38	2491.15	2097.27	2294.21	2670.09	2312.21	2336.37	1858.17	2264.13
spe	39	35	2491.15	2226.53	2358.84	2670.09	2312.21	2455.5	1997.56	2333.825
los	35	GCA.001587715.1.Archaea.Methanobacteriota.B	2226.53	0.0	1113.265	2455.5	1997.56	0.0	0.0	1227.75
spe	95	94	2719.62	2684.395	2702.0075	2867.1	2572.14	2833.14	2535.65	2701.375
spe	94	42	2684.395	2229.015	2456.705	2833.14	2535.65	2495.46	1962.57	2397.855
los	42	GCA.002502135.1.Archaea.Undinarchaeota	2229.015	0.0	1114.5075	2495.46	1962.57	0.0	0.0	1247.73
spe	94	93	2684.395	2518.68	2601.5375	2833.14	2535.65	2671.84	2365.52	2599.33
los	93	92	2518.68	2403.395	2461.0375	2671.84	2365.52	2557.42	2249.37	2460.605
spe	177	176	2898.43	2700.395	2799.4125	3033.18	2763.68	2833.76	2567.03	2800.105
spe	176	175	2700.395	2596.565	2648.48	2833.76	2567.03	2729.77	2463.36	2648.56
los	175	174	2596.565	2507.51	2552.0375	2729.77	2463.36	2637.51	2377.51	2553.64
spe	175	143	2596.565	2114.17	2355.3675	2729.77	2463.36	2330.65	1897.69	2313.73
los	143	GCA.001563325.1.Archaea.Asgardarchaeota	2114.17	0.0	1057.085	2330.65	1897.69	0.0	0.0	1165.325
dup	143	GCA.001940655.1.Archaea.Asgardarchaeota	2114.17	0.0	1057.085	2330.65	1897.69	0.0	0.0	1165.325
spe	176	140	2700.395	2557.41	2628.9025	2833.76	2567.03	2699.59	2415.23	2624.495
los	140	GCF.000019605.1.Archaea.Thermoproteota	2557.41	0.0	1278.705	2699.59	2415.23	0.0	0.0	1349.795
hgt	None	dead	0.0	0.0	0.0	0.0	0.0	0.0	0.0	0.0
hgt	861	GCA.002327985.1.Bacteria.Desulfobacterota	1594.73	0.0	797.365	1807.63	1381.83	0.0	0.0	903.815
los	None	dead	0.0	0.0	0.0	0.0	0.0	0.0	0.0	0.0
hgt	None	dead	0.0	0.0	0.0	0.0	0.0	0.0	0.0	0.0
hgt	1234	1233	1778.17	1459.0	1618.585	2026.44	1529.9	1712.32	1205.68	1616.06
los	None	dead	0.0	0.0	0.0	0.0	0.0	0.0	0.0	0.0
spe	1234	1233	1778.17	1459.0	1618.585	2026.44	1529.9	1712.32	1205.68	1616.06
spe	140	139	2557.41	2461.325	2509.3675	2699.59	2415.23	2602.59	2320.06	2509.825
los	139	109	2461.325	2207.27	2334.2975	2602.59	2320.06	2374.56	2039.98	2321.285
spe	139	138	2461.325	2340.985	2401.155	2602.59	2320.06	2491.84	2190.13	2396.36
los	138	137	2340.985	2115.72	2228.3525	2491.84	2190.13	2294.19	1937.25	2214.545
spe	138	124	2340.985	2144.515	2242.75	2491.84	2190.13	2314.43	1974.6	2233.22
los	124	GCA.002495485.1.Archaea.Thermoproteota	2144.515	0.0	1072.2575	2314.43	1974.6	0.0	0.0	1157.215
spe	124	123	2144.515	2043.585	2094.05	2314.43	1974.6	2216.58	1870.59	2092.51
spe	123	113	2043.585	1818.745	1931.165	2216.58	1870.59	2020.8	1616.69	1916.635
spe	123	122	2043.585	1894.935	1969.26	2216.58	1870.59	2081.81	1708.06	1962.32
spe	122	121	1894.935	1500.96	1697.9475	2081.81	1708.06	1721.42	1280.5	1681.155
los	121	GCA.001775995.1.Archaea.Thermoproteota	1500.96	0.0	750.48	1721.42	1280.5	0.0	0.0	860.71
hgt	None	dead	0.0	0.0	0.0	0.0	0.0	0.0	0.0	0.0
hgt	128	GCA.002011075.1.Archaea.Thermoproteota	786.4855	0.0	393.24275	988.339	584.632	0.0	0.0	494.1695
los	None	dead	0.0	0.0	0.0	0.0	0.0	0.0	0.0	0.0
spe	122	118	1894.935	1695.4	1795.1675	2081.81	1708.06	1909.26	1481.54	1781.675
hgt	None	dead	0.0	0.0	0.0	0.0	0.0	0.0	0.0	0.0
los	118	116	1695.4	1076.3105	1385.85525	1909.26	1481.54	1309.64	842.981	1376.1205
hgt	143	GCA.001563325.1.Archaea.Asgardarchaeota	2114.17	0.0	1057.085	2330.65	1897.69	0.0	0.0	1165.325
los	None	dead	0.0	0.0	0.0	0.0	0.0	0.0	0.0	0.0
