event	left_node	right_node	left_date	right_date	midpoint_date	left_date_lower	left_date_upper	right_date_lower	right_date_upper	midpoint_date_all
hgt	None	dead	0.0	0.0	0.0	0.0	0.0	0.0	0.0	0.0
spe	655	654	2961.955	2819.98	2890.9675	3096.53	2827.38	2952.69	2687.27	2891.9
spe	654	520	2819.98	2728.775	2774.3775	2952.69	2687.27	2864.46	2593.09	2772.89
los	520	406	2728.775	2518.42	2623.5975	2864.46	2593.09	2679.32	2357.52	2610.99
hgt	None	dead	0.0	0.0	0.0	0.0	0.0	0.0	0.0	0.0
hgt	588	576	1741.465	1593.015	1667.24	1880.38	1602.55	1746.04	1439.99	1660.185
los	None	dead	0.0	0.0	0.0	0.0	0.0	0.0	0.0	0.0
spe	588	576	1741.465	1593.015	1667.24	1880.38	1602.55	1746.04	1439.99	1660.185
spe	576	574	1593.015	1337.465	1465.24	1746.04	1439.99	1503.53	1171.4	1458.72
hgt	None	dead	0.0	0.0	0.0	0.0	0.0	0.0	0.0	0.0
los	574	GCF.900112605.1.Bacteria.Proteobacteria	1337.465	0.0	668.7325	1503.53	1171.4	0.0	0.0	751.765
hgt	595	GCA.002389045.1.Bacteria.Proteobacteria	1179.98	0.0	589.99	1332.11	1027.85	0.0	0.0	666.055
los	None	dead	0.0	0.0	0.0	0.0	0.0	0.0	0.0	0.0
hgt	None	dead	0.0	0.0	0.0	0.0	0.0	0.0	0.0	0.0
hgt	653	GCF.001399755.1.Bacteria.Proteobacteria	2511.255	0.0	1255.6275	2643.2	2379.31	0.0	0.0	1321.6
hgt	552	GCF.001614315.2.Bacteria.Proteobacteria	1355.9	0.0	677.95	1526.56	1185.24	0.0	0.0	763.28
los	None	dead	0.0	0.0	0.0	0.0	0.0	0.0	0.0	0.0
hgt	613	612	1308.6	1154.76	1231.68	1448.11	1169.09	1302.07	1007.45	1227.78
spe	613	612	1308.6	1154.76	1231.68	1448.11	1169.09	1302.07	1007.45	1227.78
spe	612	611	1154.76	873.257	1014.0085	1302.07	1007.45	1026.32	720.194	1011.132
los	611	GCF.003052605.1.Bacteria.Proteobacteria	873.257	0.0	436.6285	1026.32	720.194	0.0	0.0	513.16
hgt	None	dead	0.0	0.0	0.0	0.0	0.0	0.0	0.0	0.0
hgt	568	GCF.001051235.1.Bacteria.Proteobacteria	1421.955	0.0	710.9775	1583.57	1260.34	0.0	0.0	791.785
los	None	dead	0.0	0.0	0.0	0.0	0.0	0.0	0.0	0.0
spe	520	519	2728.775	2563.7	2646.2375	2864.46	2593.09	2703.63	2423.77	2644.115
los	519	GCF.002109495.1.Bacteria.Proteobacteria	2563.7	0.0	1281.85	2703.63	2423.77	0.0	0.0	1351.815
spe	519	518	2563.7	2336.69	2450.195	2703.63	2423.77	2479.45	2193.93	2448.78
hgt	477	GCA.001897475.1.Bacteria.Proteobacteria	946.9555	0.0	473.47775	1106.86	787.051	0.0	0.0	553.43
spe	518	517	2336.69	2143.98	2240.335	2479.45	2193.93	2284.9	2003.06	2241.255
los	517	GCA.002937675.1.Bacteria.Proteobacteria	2143.98	0.0	1071.99	2284.9	2003.06	0.0	0.0	1142.45
spe	517	516	2143.98	2063.06	2103.52	2284.9	2003.06	2200.5	1925.62	2105.26
los	516	428	2063.06	1947.315	2005.1875	2200.5	1925.62	2093.73	1800.9	2000.7
spe	516	515	2063.06	1939.7	2001.38	2200.5	1925.62	2073.68	1805.72	2003.11
spe	515	514	1939.7	1792.55	1866.125	2073.68	1805.72	1924.0	1661.1	1867.39
spe	514	436	1792.55	1682.45	1737.5	1924.0	1661.1	1827.26	1537.64	1730.82
los	436	GCA.002722885.1.Bacteria.Proteobacteria	1682.45	0.0	841.225	1827.26	1537.64	0.0	0.0	913.63
spe	436	435	1682.45	1491.68	1587.065	1827.26	1537.64	1647.81	1335.55	1581.405
los	435	GCA.006969625.1.Bacteria.Proteobacteria	1491.68	0.0	745.84	1647.81	1335.55	0.0	0.0	823.905
spe	435	434	1491.68	1283.94	1387.81	1647.81	1335.55	1452.9	1114.98	1381.395
los	434	GCA.002898275.1.Bacteria.Proteobacteria	1283.94	0.0	641.97	1452.9	1114.98	0.0	0.0	726.45
spe	514	513	1792.55	1728.66	1760.605	1924.0	1661.1	1860.39	1596.93	1760.465
spe	513	483	1728.66	1679.37	1704.015	1860.39	1596.93	1813.87	1544.87	1702.63
los	483	447	1679.37	1537.685	1608.5275	1813.87	1544.87	1679.47	1395.9	1604.885
spe	483	482	1679.37	1587.505	1633.4375	1813.87	1544.87	1722.49	1452.52	1633.195
los	482	481	1587.505	1510.43	1548.9675	1722.49	1452.52	1645.81	1375.05	1548.77
spe	482	458	1587.505	1466.17	1526.8375	1722.49	1452.52	1610.52	1321.82	1522.155
los	458	GCA.002340345.1.Bacteria.Proteobacteria	1466.17	0.0	733.085	1610.52	1321.82	0.0	0.0	805.26
spe	458	456	1466.17	1288.015	1377.0925	1610.52	1321.82	1439.86	1136.17	1373.345
los	456	455	1288.015	945.418	1116.7165	1439.86	1136.17	1105.62	785.216	1112.538
spe	513	512	1728.66	1614.755	1671.7075	1860.39	1596.93	1750.68	1478.83	1669.61
los	512	511	1614.755	1534.63	1574.6925	1750.68	1478.83	1667.04	1402.22	1576.45
spe	512	486	1614.755	1342.71	1478.7325	1750.68	1478.83	1498.9	1186.52	1468.6
spe	654	653	2819.98	2511.255	2665.6175	2952.69	2687.27	2643.2	2379.31	2666.0
los	653	652	2511.255	2343.17	2427.2125	2643.2	2379.31	2482.13	2204.21	2423.705
hgt	None	dead	0.0	0.0	0.0	0.0	0.0	0.0	0.0	0.0
hgt	644	636	1640.815	1563.065	1601.94	1774.52	1507.11	1706.55	1419.58	1597.05
los	None	dead	0.0	0.0	0.0	0.0	0.0	0.0	0.0	0.0
spe	644	636	1640.815	1563.065	1601.94	1774.52	1507.11	1706.55	1419.58	1597.05
spe	636	634	1563.065	1398.775	1480.92	1706.55	1419.58	1567.28	1230.27	1468.41
los	634	GCF.001697225.1.Bacteria.Proteobacteria	1398.775	0.0	699.3875	1567.28	1230.27	0.0	0.0	783.64
hgt	889	888	2620.3	2447.185	2533.7425	2780.76	2459.84	2620.46	2273.91	2527.335
hgt	1645	GCF.000212395.1.Bacteria.Thermodesulfobiota	3083.735	0.0	1541.8675	3307.6	2859.87	0.0	0.0	1653.8
hgt	804	GCA.003247575.1.Bacteria.Myxococcota.A	1962.63	0.0	981.315	2181.42	1743.84	0.0	0.0	1090.71
los	None	dead	0.0	0.0	0.0	0.0	0.0	0.0	0.0	0.0
spe	889	888	2620.3	2447.185	2533.7425	2780.76	2459.84	2620.46	2273.91	2527.335
spe	888	854	2447.185	2279.15	2363.1675	2620.46	2273.91	2472.51	2085.79	2353.125
hgt	None	dead	0.0	0.0	0.0	0.0	0.0	0.0	0.0	0.0
dup	None	dead	0.0	0.0	0.0	0.0	0.0	0.0	0.0	0.0
hgt	769	GCA.001798135.1.Bacteria.UBA10199	1840.365	0.0	920.1825	2034.65	1646.08	0.0	0.0	1017.325
hgt	955	GCA.001769655.1.Bacteria.Bacteroidota	1061.248	0.0	530.624	1249.77	872.726	0.0	0.0	624.885
los	None	dead	0.0	0.0	0.0	0.0	0.0	0.0	0.0	0.0
hgt	791	GCA.002050235.1.Bacteria.Desulfobacterota.B	1279.55	0.0	639.775	1476.89	1082.21	0.0	0.0	738.445
hgt	585	GCA.002688175.1.Bacteria.Proteobacteria	1064.929	0.0	532.4645	1229.08	900.778	0.0	0.0	614.54
hgt	684	GCA.002483445.1.Bacteria.Acidobacteriota	1286.44	0.0	643.22	1493.16	1079.72	0.0	0.0	746.58
hgt	696	695	1391.24	1284.94	1338.09	1578.29	1204.19	1468.6	1101.28	1339.785
hgt	551	GCA.002699105.1.Bacteria.Bacteroidota	1073.1825	0.0	536.59125	1248.71	897.655	0.0	0.0	624.355
los	None	dead	0.0	0.0	0.0	0.0	0.0	0.0	0.0	0.0
hgt	1041	GCA.002686955.1.Bacteria.Gemmatimonadota.A	2636.74	0.0	1318.37	2813.51	2459.97	0.0	0.0	1406.755
hgt	270	GCA.001567115.1.Bacteria.OLB16	2744.13	0.0	1372.065	3033.13	2455.13	0.0	0.0	1516.565
spe	696	695	1391.24	1284.94	1338.09	1578.29	1204.19	1468.6	1101.28	1339.785
spe	695	694	1284.94	1206.005	1245.4725	1468.6	1101.28	1389.81	1022.2	1245.4
los	694	692	1206.005	1105.2925	1155.64875	1389.81	1022.2	1299.2	911.385	1150.5975
hgt	926	GCA.001780825.1.Bacteria.Gemmatimonadota	2323.795	0.0	1161.8975	2580.04	2067.55	0.0	0.0	1290.02
hgt	None	dead	0.0	0.0	0.0	0.0	0.0	0.0	0.0	0.0
hgt	173	151	2412.845	2246.95	2329.8975	2537.94	2287.75	2387.45	2106.45	2322.195
hgt	603	GCA.002085445.1.Bacteria.Proteobacteria	1631.14	0.0	815.57	1761.43	1500.85	0.0	0.0	880.715
los	None	dead	0.0	0.0	0.0	0.0	0.0	0.0	0.0	0.0
spe	173	151	2412.845	2246.95	2329.8975	2537.94	2287.75	2387.45	2106.45	2322.195
spe	151	147	2246.95	1821.225	2034.0875	2387.45	2106.45	2036.11	1606.34	1996.895
los	147	GCA.001940755.1.Archaea.Asgardarchaeota	1821.225	0.0	910.6125	2036.11	1606.34	0.0	0.0	1018.055
spe	151	150	2246.95	1673.05	1960.0	2387.45	2106.45	1896.3	1449.8	1918.625
hgt	1449	GCA.002400365.1.Bacteria.Chloroflexota	1825.905	0.0	912.9525	2055.21	1596.6	0.0	0.0	1027.605
los	150	GCA.003144275.1.Archaea.Asgardarchaeota	1673.05	0.0	836.525	1896.3	1449.8	0.0	0.0	948.15
hgt	1457	GCA.002404055.1.Bacteria.Chloroflexota	1912.015	0.0	956.0075	2189.96	1634.07	0.0	0.0	1094.98
spe	854	850	2279.15	2241.395	2260.2725	2472.51	2085.79	2441.02	2041.77	2257.14
hgt	None	dead	0.0	0.0	0.0	0.0	0.0	0.0	0.0	0.0
los	850	849	2241.395	1883.095	2062.245	2441.02	2041.77	2117.85	1648.34	2044.68
hgt	989	GCA.002011685.1.Bacteria.JdFR.76	1901.17	0.0	950.585	2106.56	1695.78	0.0	0.0	1053.28
hgt	807	GCA.002841945.1.Bacteria.Myxococcota	1480.85	0.0	740.425	1670.67	1291.03	0.0	0.0	835.335
los	None	dead	0.0	0.0	0.0	0.0	0.0	0.0	0.0	0.0
dup	989	GCA.002011685.1.Bacteria.JdFR.76	1901.17	0.0	950.585	2106.56	1695.78	0.0	0.0	1053.28
spe	850	846	2241.395	1968.67	2105.0325	2441.02	2041.77	2201.27	1736.07	2088.545
hgt	396	GCF.000177635.2.Bacteria.Chrysiogenota	2591.83	0.0	1295.915	2803.16	2380.5	0.0	0.0	1401.58
los	846	GCA.002327765.1.Bacteria.Desulfobacterota.E	1968.67	0.0	984.335	2201.27	1736.07	0.0	0.0	1100.635
hgt	None	dead	0.0	0.0	0.0	0.0	0.0	0.0	0.0	0.0
hgt	529	GCA.002420425.1.Bacteria.Proteobacteria	1776.585	0.0	888.2925	1957.62	1595.55	0.0	0.0	978.81
hgt	1112	GCA.002898555.1.Bacteria.Armatimonadota	2118.02	0.0	1059.01	2447.88	1788.16	0.0	0.0	1223.94
los	None	dead	0.0	0.0	0.0	0.0	0.0	0.0	0.0	0.0
hgt	444	GCA.002686135.1.Bacteria.Proteobacteria	1051.014	0.0	525.507	1222.56	879.468	0.0	0.0	611.28
spe	854	853	2279.15	2005.945	2142.5475	2472.51	2085.79	2253.28	1758.61	2115.56
los	853	GCA.003232385.1.Bacteria.SZUA.79	2005.945	0.0	1002.9725	2253.28	1758.61	0.0	0.0	1126.64
hgt	None	dead	0.0	0.0	0.0	0.0	0.0	0.0	0.0	0.0
hgt	728	727	1980.89	1736.985	1858.9375	2218.53	1743.25	1988.09	1485.88	1852.205
los	None	dead	0.0	0.0	0.0	0.0	0.0	0.0	0.0	0.0
spe	728	727	1980.89	1736.985	1858.9375	2218.53	1743.25	1988.09	1485.88	1852.205
spe	888	887	2447.185	2263.805	2355.495	2620.46	2273.91	2439.03	2088.58	2354.52
hgt	None	dead	0.0	0.0	0.0	0.0	0.0	0.0	0.0	0.0
hgt	849	GCF.000266945.1.Bacteria.Desulfobacterota	1883.095	0.0	941.5475	2117.85	1648.34	0.0	0.0	1058.925
los	None	dead	0.0	0.0	0.0	0.0	0.0	0.0	0.0	0.0
spe	887	886	2263.805	1999.475	2131.64	2439.03	2088.58	2174.59	1824.36	2131.695
spe	886	885	1999.475	1880.5	1939.9875	2174.59	1824.36	2064.03	1696.97	1935.78
los	885	877	1880.5	1769.305	1824.9025	2064.03	1696.97	1968.93	1569.68	1816.855
spe	885	884	1880.5	1765.875	1823.1875	2064.03	1696.97	1950.17	1581.58	1822.805
los	884	880	1765.875	1499.355	1632.615	1950.17	1581.58	1702.42	1296.29	1623.23
spe	884	883	1765.875	1384.92	1575.3975	1950.17	1581.58	1585.61	1184.23	1567.2
los	883	GCA.001751085.1.Bacteria.Desulfobacterota	1384.92	0.0	692.46	1585.61	1184.23	0.0	0.0	792.805
spe	886	874	1999.475	1902.135	1950.805	2174.59	1824.36	2083.11	1721.16	1947.875
los	874	868	1902.135	1695.53	1798.8325	2083.11	1721.16	1892.42	1498.64	1790.875
spe	874	873	1902.135	1746.56	1824.3475	2083.11	1721.16	1934.16	1558.96	1821.035
los	873	GCA.002011835.1.Bacteria.Desulfobacterota	1746.56	0.0	873.28	1934.16	1558.96	0.0	0.0	967.08
spe	873	871	1746.56	1489.29	1617.925	1934.16	1558.96	1692.73	1285.85	1610.005
hgt	None	dead	0.0	0.0	0.0	0.0	0.0	0.0	0.0	0.0
los	887	863	2263.805	2054.51	2159.1575	2439.03	2088.58	2246.76	1862.26	2150.645
hgt	1184	1180	2566.03	2135.205	2350.6175	2768.44	2363.62	2374.94	1895.47	2331.955
hgt	108	GCF.000148385.1.Archaea.Thermoproteota	1901.755	0.0	950.8775	2111.5	1692.01	0.0	0.0	1055.75
los	None	dead	0.0	0.0	0.0	0.0	0.0	0.0	0.0	0.0
hgt	None	dead	0.0	0.0	0.0	0.0	0.0	0.0	0.0	0.0
spe	1184	1180	2566.03	2135.205	2350.6175	2768.44	2363.62	2374.94	1895.47	2331.955
hgt	None	dead	0.0	0.0	0.0	0.0	0.0	0.0	0.0	0.0
hgt	1160	GCF.000015025.1.Bacteria.Actinobacteriota	971.4955	0.0	485.74775	1182.5	760.491	0.0	0.0	591.25
los	None	dead	0.0	0.0	0.0	0.0	0.0	0.0	0.0	0.0
dup	1160	GCF.000015025.1.Bacteria.Actinobacteriota	971.4955	0.0	485.74775	1182.5	760.491	0.0	0.0	591.25
spe	1180	1179	2135.205	1811.215	1973.21	2374.94	1895.47	2055.86	1566.57	1970.755
los	1179	1173	1811.215	1583.875	1697.545	2055.86	1566.57	1841.44	1326.31	1691.085
spe	1179	1178	1811.215	1623.895	1717.555	2055.86	1566.57	1870.86	1376.93	1716.395
hgt	1167	1166	2045.68	1407.48	1726.58	2266.85	1824.51	1631.42	1183.54	1725.195
los	1178	1177	1623.895	1403.585	1513.74	1870.86	1376.93	1668.18	1138.99	1504.925
hgt	None	dead	0.0	0.0	0.0	0.0	0.0	0.0	0.0	0.0
hgt	1158	GCF.900106035.1.Bacteria.Actinobacteriota	864.931	0.0	432.4655	1069.94	659.922	0.0	0.0	534.97
los	None	dead	0.0	0.0	0.0	0.0	0.0	0.0	0.0	0.0
spe	1167	1166	2045.68	1407.48	1726.58	2266.85	1824.51	1631.42	1183.54	1725.195
spe	1166	1165	1407.48	1265.28	1336.38	1631.42	1183.54	1482.81	1047.75	1339.585
spe	1165	1155	1265.28	1138.4215	1201.85075	1482.81	1047.75	1351.51	925.333	1204.0715
los	1155	GCF.003443735.1.Bacteria.Actinobacteriota	1138.4215	0.0	569.21075	1351.51	925.333	0.0	0.0	675.755
spe	1155	1154	1138.4215	863.8915	1001.1565	1351.51	925.333	1069.86	657.923	1004.7165
los	1154	GCF.003047285.1.Bacteria.Actinobacteriota	863.8915	0.0	431.94575	1069.86	657.923	0.0	0.0	534.93
spe	1165	1164	1265.28	1123.5635	1194.42175	1482.81	1047.75	1339.29	907.837	1195.3235
los	1164	1160	1123.5635	971.4955	1047.5295	1339.29	907.837	1182.5	760.491	1049.8905
spe	1164	1163	1123.5635	951.694	1037.62875	1339.29	907.837	1153.97	749.418	1044.354
los	1163	GCA.001437855.1.Bacteria.Actinobacteriota	951.694	0.0	475.847	1153.97	749.418	0.0	0.0	576.985
hgt	1385	1384	2448.17	2016.48	2232.325	2603.9	2292.44	2177.1	1855.86	2229.88
los	None	dead	0.0	0.0	0.0	0.0	0.0	0.0	0.0	0.0
spe	1385	1384	2448.17	2016.48	2232.325	2603.9	2292.44	2177.1	1855.86	2229.88
spe	1384	1383	2016.48	1891.44	1953.96	2177.1	1855.86	2053.21	1729.67	1953.385
spe	1383	1341	1891.44	1532.885	1712.1625	2053.21	1729.67	1733.11	1332.66	1692.935
los	1341	GCF.001311905.1.Bacteria.Firmicutes	1532.885	0.0	766.4425	1733.11	1332.66	0.0	0.0	866.555
spe	1383	1382	1891.44	1778.165	1834.8025	2053.21	1729.67	1935.03	1621.3	1837.255
los	1382	1344	1778.165	1496.385	1637.275	1935.03	1621.3	1674.98	1317.79	1626.41
spe	1382	1381	1778.165	1661.335	1719.75	1935.03	1621.3	1818.35	1504.32	1719.675
los	1381	1380	1661.335	1558.37	1609.8525	1818.35	1504.32	1715.02	1401.72	1610.035
spe	1381	1351	1661.335	1566.59	1613.9625	1818.35	1504.32	1730.15	1403.03	1610.69
los	1351	1350	1566.59	1380.55	1473.57	1730.15	1403.03	1557.96	1203.14	1466.645
spe	1351	1347	1566.59	1266.54	1416.565	1730.15	1403.03	1442.62	1090.46	1410.305
los	1347	GCF.900099895.1.Bacteria.Firmicutes	1266.54	0.0	633.27	1442.62	1090.46	0.0	0.0	721.31
dup	1347	GCF.001561915.1.Bacteria.Firmicutes	1266.54	0.0	633.27	1442.62	1090.46	0.0	0.0	721.31
hgt	1338	GCF.002335525.1.Bacteria.Firmicutes	1582.81	0.0	791.405	1773.63	1391.99	0.0	0.0	886.815
hgt	1360	GCF.002902625.1.Bacteria.Firmicutes	802.226	0.0	401.113	934.065	670.387	0.0	0.0	467.0325
spe	1384	1338	2016.48	1582.81	1799.645	2177.1	1855.86	1773.63	1391.99	1784.545
los	1338	GCF.002335525.1.Bacteria.Firmicutes	1582.81	0.0	791.405	1773.63	1391.99	0.0	0.0	886.815
hgt	None	dead	0.0	0.0	0.0	0.0	0.0	0.0	0.0	0.0
hgt	1284	GCF.001553315.1.Bacteria.Firmicutes.C	1020.5295	0.0	510.26475	1232.09	808.969	0.0	0.0	616.045
los	None	dead	0.0	0.0	0.0	0.0	0.0	0.0	0.0	0.0
spe	1338	1337	1582.81	1327.38	1455.095	1773.63	1391.99	1542.2	1112.56	1443.095
