event	left_node	right_node	left_date	right_date	midpoint_date	left_date_lower	left_date_upper	right_date_lower	right_date_upper	midpoint_date_all
spe	1185	1169	2722.52	2330.49	2526.505	2913.33	2531.71	2541.69	2119.29	2516.31
hgt	None	dead	0.0	0.0	0.0	0.0	0.0	0.0	0.0	0.0
hgt	1396	GCA.003151665.1.Bacteria.Dormibacterota	2023.82	0.0	1011.91	2389.98	1657.66	0.0	0.0	1194.99
hgt	1178	GCA.002347645.1.Bacteria.Actinobacteriota	1623.895	0.0	811.9475	1870.86	1376.93	0.0	0.0	935.43
los	None	dead	0.0	0.0	0.0	0.0	0.0	0.0	0.0	0.0
spe	1169	1145	2330.49	1977.205	2153.8475	2541.69	2119.29	2204.63	1749.78	2145.735
spe	1145	1143	1977.205	1774.67	1875.9375	2204.63	1749.78	2003.61	1545.73	1875.18
los	1143	GCA.002352645.1.Bacteria.Actinobacteriota	1774.67	0.0	887.335	2003.61	1545.73	0.0	0.0	1001.805
spe	1143	1141	1774.67	1400.775	1587.7225	2003.61	1545.73	1633.42	1168.13	1585.87
los	1141	1140	1400.775	1175.5635	1288.16925	1633.42	1168.13	1408.09	943.037	1288.2285
hgt	None	dead	0.0	0.0	0.0	0.0	0.0	0.0	0.0	0.0
hgt	791	GCA.002050235.1.Bacteria.Desulfobacterota.B	1279.55	0.0	639.775	1476.89	1082.21	0.0	0.0	738.445
los	None	dead	0.0	0.0	0.0	0.0	0.0	0.0	0.0	0.0
spe	1169	1168	2330.49	2240.195	2285.3425	2541.69	2119.29	2457.79	2022.6	2282.145
spe	1168	1167	2240.195	2045.68	2142.9375	2457.79	2022.6	2266.85	1824.51	2141.15
spe	1167	1166	2045.68	1407.48	1726.58	2266.85	1824.51	1631.42	1183.54	1725.195
spe	1166	1165	1407.48	1265.28	1336.38	1631.42	1183.54	1482.81	1047.75	1339.585
spe	1165	1155	1265.28	1138.4215	1201.85075	1482.81	1047.75	1351.51	925.333	1204.0715
los	1155	1154	1138.4215	863.8915	1001.1565	1351.51	925.333	1069.86	657.923	1004.7165
spe	1165	1164	1265.28	1123.5635	1194.42175	1482.81	1047.75	1339.29	907.837	1195.3235
los	1164	1160	1123.5635	971.4955	1047.5295	1339.29	907.837	1182.5	760.491	1049.8905
spe	1164	1163	1123.5635	951.694	1037.62875	1339.29	907.837	1153.97	749.418	1044.354
los	1163	GCA.001437855.1.Bacteria.Actinobacteriota	951.694	0.0	475.847	1153.97	749.418	0.0	0.0	576.985
hgt	None	dead	0.0	0.0	0.0	0.0	0.0	0.0	0.0	0.0
los	1167	GCA.002413185.1.Bacteria.Actinobacteriota	2045.68	0.0	1022.84	2266.85	1824.51	0.0	0.0	1133.425
hgt	1164	1160	1123.5635	971.4955	1047.5295	1339.29	907.837	1182.5	760.491	1049.8905
los	None	dead	0.0	0.0	0.0	0.0	0.0	0.0	0.0	0.0
spe	1164	1160	1123.5635	971.4955	1047.5295	1339.29	907.837	1182.5	760.491	1049.8905
spe	1160	1158	971.4955	864.931	918.21325	1182.5	760.491	1069.94	659.922	921.211
los	1158	GCF.001942305.1.Bacteria.Actinobacteriota	864.931	0.0	432.4655	1069.94	659.922	0.0	0.0	534.97
hgt	None	dead	0.0	0.0	0.0	0.0	0.0	0.0	0.0	0.0
spe	1168	1148	2240.195	1798.435	2019.315	2457.79	2022.6	2044.72	1552.15	2004.97
los	1148	GCA.003021615.1.Bacteria.Actinobacteriota	1798.435	0.0	899.2175	2044.72	1552.15	0.0	0.0	1022.36
hgt	1022	1021	2556.01	2172.51	2364.26	2747.81	2364.21	2411.97	1933.05	2340.43
hgt	1177	GCA.003138355.1.Bacteria.Actinobacteriota	1403.585	0.0	701.7925	1668.18	1138.99	0.0	0.0	834.09
los	None	dead	0.0	0.0	0.0	0.0	0.0	0.0	0.0	0.0
spe	1022	1021	2556.01	2172.51	2364.26	2747.81	2364.21	2411.97	1933.05	2340.43
spe	1021	1020	2172.51	1596.025	1884.2675	2411.97	1933.05	1872.6	1319.45	1865.71
hgt	None	dead	0.0	0.0	0.0	0.0	0.0	0.0	0.0	0.0
los	1020	GCA.003235575.1.Bacteria.Eisenbacteria	1596.025	0.0	798.0125	1872.6	1319.45	0.0	0.0	936.3
hgt	239	GCA.003158755.1.Bacteria.Elusimicrobiota	1416.94	0.0	708.47	1628.4	1205.48	0.0	0.0	814.2
los	None	dead	0.0	0.0	0.0	0.0	0.0	0.0	0.0	0.0
hgt	None	dead	0.0	0.0	0.0	0.0	0.0	0.0	0.0	0.0
hgt	1355	GCF.004522215.1.Bacteria.Firmicutes	1246.46	0.0	623.23	1408.06	1084.86	0.0	0.0	704.03
los	None	dead	0.0	0.0	0.0	0.0	0.0	0.0	0.0	0.0
dup	1355	GCF.004522215.1.Bacteria.Firmicutes	1246.46	0.0	623.23	1408.06	1084.86	0.0	0.0	704.03
hgt	None	dead	0.0	0.0	0.0	0.0	0.0	0.0	0.0	0.0
hgt	1457	GCF.003967555.1.Bacteria.Chloroflexota	1912.015	0.0	956.0075	2189.96	1634.07	0.0	0.0	1094.98
hgt	1119	GCA.002779825.1.Bacteria.Armatimonadota	1968.115	0.0	984.0575	2280.74	1655.49	0.0	0.0	1140.37
los	None	dead	0.0	0.0	0.0	0.0	0.0	0.0	0.0	0.0
hgt	None	dead	0.0	0.0	0.0	0.0	0.0	0.0	0.0	0.0
hgt	1412	1408	1844.64	1782.47	1813.555	2055.17	1634.11	1994.32	1570.62	1812.895
los	None	dead	0.0	0.0	0.0	0.0	0.0	0.0	0.0	0.0
spe	1412	1408	1844.64	1782.47	1813.555	2055.17	1634.11	1994.32	1570.62	1812.895
spe	1408	1402	1782.47	1674.055	1728.2625	1994.32	1570.62	1896.47	1451.64	1722.98
los	1402	GCA.002721445.1.Bacteria.Chloroflexota	1674.055	0.0	837.0275	1896.47	1451.64	0.0	0.0	948.235
spe	1408	1407	1782.47	1694.435	1738.4525	1994.32	1570.62	1910.57	1478.3	1736.31
los	1407	GCA.002717565.1.Bacteria.Chloroflexota	1694.435	0.0	847.2175	1910.57	1478.3	0.0	0.0	955.285
spe	1407	1406	1694.435	1589.865	1642.15	1910.57	1478.3	1810.7	1369.03	1639.8
los	1406	GCA.002717925.1.Bacteria.Chloroflexota	1589.865	0.0	794.9325	1810.7	1369.03	0.0	0.0	905.35
hgt	None	dead	0.0	0.0	0.0	0.0	0.0	0.0	0.0	0.0
hgt	699	698	2103.185	1863.875	1983.53	2288.62	1917.75	2049.06	1678.69	1983.655
hgt	274	GCA.000406005.1.Bacteria.Poribacteria	2054.16	0.0	1027.08	2418.12	1690.2	0.0	0.0	1209.06
hgt	None	dead	0.0	0.0	0.0	0.0	0.0	0.0	0.0	0.0
hgt	794	GCA.003161515.1.Bacteria.Desulfobacterota.B	1417.505	0.0	708.7525	1621.04	1213.97	0.0	0.0	810.52
los	None	dead	0.0	0.0	0.0	0.0	0.0	0.0	0.0	0.0
hgt	515	514	1939.7	1792.55	1866.125	2073.68	1805.72	1924.0	1661.1	1867.39
hgt	None	dead	0.0	0.0	0.0	0.0	0.0	0.0	0.0	0.0
hgt	1032	GCA.002727195.1.Bacteria.Latescibacterota	1683.695	0.0	841.8475	1928.88	1438.51	0.0	0.0	964.44
hgt	568	GCF.001051235.1.Bacteria.Proteobacteria	1421.955	0.0	710.9775	1583.57	1260.34	0.0	0.0	791.785
los	None	dead	0.0	0.0	0.0	0.0	0.0	0.0	0.0	0.0
spe	515	514	1939.7	1792.55	1866.125	2073.68	1805.72	1924.0	1661.1	1867.39
hgt	None	dead	0.0	0.0	0.0	0.0	0.0	0.0	0.0	0.0
hgt	453	GCA.003280605.1.Bacteria.Proteobacteria	706.861	0.0	353.4305	859.917	553.805	0.0	0.0	429.9585
los	None	dead	0.0	0.0	0.0	0.0	0.0	0.0	0.0	0.0
hgt	None	dead	0.0	0.0	0.0	0.0	0.0	0.0	0.0	0.0
spe	514	436	1792.55	1682.45	1737.5	1924.0	1661.1	1827.26	1537.64	1730.82
hgt	612	GCF.003612015.1.Bacteria.Proteobacteria	1154.76	0.0	577.38	1302.07	1007.45	0.0	0.0	651.035
spe	436	435	1682.45	1491.68	1587.065	1827.26	1537.64	1647.81	1335.55	1581.405
hgt	849	GCF.000266945.1.Bacteria.Desulfobacterota	1883.095	0.0	941.5475	2117.85	1648.34	0.0	0.0	1058.925
hgt	511	510	1534.63	1468.305	1501.4675	1667.04	1402.22	1603.84	1332.77	1499.905
los	435	434	1491.68	1283.94	1387.81	1647.81	1335.55	1452.9	1114.98	1381.395
spe	511	510	1534.63	1468.305	1501.4675	1667.04	1402.22	1603.84	1332.77	1499.905
spe	510	492	1468.305	1215.16	1341.7325	1603.84	1332.77	1364.8	1065.52	1334.68
los	492	GCF.002798435.1.Bacteria.Proteobacteria	1215.16	0.0	607.58	1364.8	1065.52	0.0	0.0	682.4
spe	510	509	1468.305	1371.54	1419.9225	1603.84	1332.77	1510.17	1232.91	1418.375
los	509	495	1371.54	1115.4635	1243.50175	1510.17	1232.91	1268.36	962.567	1236.3685
spe	509	508	1371.54	1248.66	1310.1	1510.17	1232.91	1390.59	1106.73	1308.45
los	508	507	1248.66	1032.028	1140.344	1390.59	1106.73	1172.29	891.766	1141.178
spe	508	498	1248.66	1100.442	1174.551	1390.59	1106.73	1252.56	948.324	1169.457
los	498	GCF.000192575.1.Bacteria.Proteobacteria	1100.442	0.0	550.221	1252.56	948.324	0.0	0.0	626.28
hgt	462	GCF.000315795.1.Bacteria.Proteobacteria	1029.85	0.0	514.925	1187.35	872.35	0.0	0.0	593.675
hgt	483	447	1679.37	1537.685	1608.5275	1813.87	1544.87	1679.47	1395.9	1604.885
los	None	dead	0.0	0.0	0.0	0.0	0.0	0.0	0.0	0.0
spe	483	447	1679.37	1537.685	1608.5275	1813.87	1544.87	1679.47	1395.9	1604.885
spe	447	446	1537.685	1337.995	1437.84	1679.47	1395.9	1490.2	1185.79	1432.63
los	446	GCA.002717185.1.Bacteria.Proteobacteria	1337.995	0.0	668.9975	1490.2	1185.79	0.0	0.0	745.1
spe	446	445	1337.995	1219.785	1278.89	1490.2	1185.79	1382.11	1057.46	1273.83
los	445	444	1219.785	1051.014	1135.3995	1382.11	1057.46	1222.56	879.468	1130.789
spe	447	439	1537.685	1378.685	1458.185	1679.47	1395.9	1531.25	1226.12	1452.795
hgt	509	495	1371.54	1115.4635	1243.50175	1510.17	1232.91	1268.36	962.567	1236.3685
spe	509	495	1371.54	1115.4635	1243.50175	1510.17	1232.91	1268.36	962.567	1236.3685
hgt	468	GCF.900167455.1.Bacteria.Proteobacteria	1227.095	0.0	613.5475	1373.3	1080.89	0.0	0.0	686.65
hgt	None	dead	0.0	0.0	0.0	0.0	0.0	0.0	0.0	0.0
hgt	434	GCA.002238885.1.Bacteria.Proteobacteria	1283.94	0.0	641.97	1452.9	1114.98	0.0	0.0	726.45
hgt	492	GCF.002798435.1.Bacteria.Proteobacteria	1215.16	0.0	607.58	1364.8	1065.52	0.0	0.0	682.4
los	None	dead	0.0	0.0	0.0	0.0	0.0	0.0	0.0	0.0
hgt	486	GCA.002721365.1.Bacteria.Proteobacteria	1342.71	0.0	671.355	1498.9	1186.52	0.0	0.0	749.45
hgt	536	GCF.900111015.1.Bacteria.Proteobacteria	1835.635	0.0	917.8175	2001.99	1669.28	0.0	0.0	1000.995
spe	514	513	1792.55	1728.66	1760.605	1924.0	1661.1	1860.39	1596.93	1760.465
hgt	None	dead	0.0	0.0	0.0	0.0	0.0	0.0	0.0	0.0
hgt	579	GCA.003155415.1.Bacteria.Proteobacteria	935.164	0.0	467.582	1112.18	758.148	0.0	0.0	556.09
hgt	574	GCF.000374645.1.Bacteria.Proteobacteria	1337.465	0.0	668.7325	1503.53	1171.4	0.0	0.0	751.765
los	None	dead	0.0	0.0	0.0	0.0	0.0	0.0	0.0	0.0
hgt	552	GCF.001614315.2.Bacteria.Proteobacteria	1355.9	0.0	677.95	1526.56	1185.24	0.0	0.0	763.28
spe	513	483	1728.66	1679.37	1704.015	1860.39	1596.93	1813.87	1544.87	1702.63
los	483	447	1679.37	1537.685	1608.5275	1813.87	1544.87	1679.47	1395.9	1604.885
hgt	None	dead	0.0	0.0	0.0	0.0	0.0	0.0	0.0	0.0
hgt	613	GCF.003097315.1.Bacteria.Proteobacteria	1308.6	0.0	654.3	1448.11	1169.09	0.0	0.0	724.055
los	None	dead	0.0	0.0	0.0	0.0	0.0	0.0	0.0	0.0
hgt	562	546	1813.695	1450.69	1632.1925	1949.37	1678.02	1616.84	1284.54	1616.955
spe	483	482	1679.37	1587.505	1633.4375	1813.87	1544.87	1722.49	1452.52	1633.195
spe	482	481	1587.505	1510.43	1548.9675	1722.49	1452.52	1645.81	1375.05	1548.77
hgt	519	GCF.002109495.1.Bacteria.Proteobacteria	2563.7	0.0	1281.85	2703.63	2423.77	0.0	0.0	1351.815
los	481	480	1510.43	1386.405	1448.4175	1645.81	1375.05	1534.03	1238.78	1442.295
spe	481	469	1510.43	1404.34	1457.385	1645.81	1375.05	1546.78	1261.9	1453.855
hgt	804	GCA.003247575.1.Bacteria.Myxococcota.A	1962.63	0.0	981.315	2181.42	1743.84	0.0	0.0	1090.71
los	469	468	1404.34	1227.095	1315.7175	1546.78	1261.9	1373.3	1080.89	1313.835
spe	469	463	1404.34	1268.17	1336.255	1546.78	1261.9	1417.76	1118.58	1332.68
los	463	GCF.002251795.1.Bacteria.Proteobacteria	1268.17	0.0	634.085	1417.76	1118.58	0.0	0.0	708.88
spe	463	462	1268.17	1029.85	1149.01	1417.76	1118.58	1187.35	872.35	1145.055
los	462	GCF.000315795.1.Bacteria.Proteobacteria	1029.85	0.0	514.925	1187.35	872.35	0.0	0.0	593.675
spe	482	458	1587.505	1466.17	1526.8375	1722.49	1452.52	1610.52	1321.82	1522.155
spe	458	456	1466.17	1288.015	1377.0925	1610.52	1321.82	1439.86	1136.17	1373.345
hgt	944	GCA.002712165.1.Bacteria.Proteobacteria	1392.82	0.0	696.41	1623.46	1162.18	0.0	0.0	811.73
los	456	GCF.002148795.1.Bacteria.Proteobacteria	1288.015	0.0	644.0075	1439.86	1136.17	0.0	0.0	719.93
spe	456	455	1288.015	945.418	1116.7165	1439.86	1136.17	1105.62	785.216	1112.538
hgt	489	GCA.002348365.1.Bacteria.Proteobacteria	1174.55	0.0	587.275	1332.19	1016.91	0.0	0.0	666.095
hgt	446	GCA.002717185.1.Bacteria.Proteobacteria	1337.995	0.0	668.9975	1490.2	1185.79	0.0	0.0	745.1
los	455	454	945.418	825.9765	885.69725	1105.62	785.216	984.66	667.293	886.4565
spe	562	546	1813.695	1450.69	1632.1925	1949.37	1678.02	1616.84	1284.54	1616.955
hgt	None	dead	0.0	0.0	0.0	0.0	0.0	0.0	0.0	0.0
hgt	634	GCF.002020875.1.Bacteria.Proteobacteria	1398.775	0.0	699.3875	1567.28	1230.27	0.0	0.0	783.64
hgt	1041	GCA.002686955.1.Bacteria.Gemmatimonadota.A	2636.74	0.0	1318.37	2813.51	2459.97	0.0	0.0	1406.755
los	None	dead	0.0	0.0	0.0	0.0	0.0	0.0	0.0	0.0
hgt	None	dead	0.0	0.0	0.0	0.0	0.0	0.0	0.0	0.0
hgt	406	GCA.001872725.1.Bacteria.Proteobacteria	2518.42	0.0	1259.21	2679.32	2357.52	0.0	0.0	1339.66
hgt	653	GCF.001399755.1.Bacteria.Proteobacteria	2511.255	0.0	1255.6275	2643.2	2379.31	0.0	0.0	1321.6
los	None	dead	0.0	0.0	0.0	0.0	0.0	0.0	0.0	0.0
hgt	None	dead	0.0	0.0	0.0	0.0	0.0	0.0	0.0	0.0
hgt	None	dead	0.0	0.0	0.0	0.0	0.0	0.0	0.0	0.0
hgt	868	GCA.002347095.1.Bacteria.Desulfobacterota	1695.53	0.0	847.765	1892.42	1498.64	0.0	0.0	946.21
hgt	612	611	1154.76	873.257	1014.0085	1302.07	1007.45	1026.32	720.194	1011.132
los	None	dead	0.0	0.0	0.0	0.0	0.0	0.0	0.0	0.0
spe	612	611	1154.76	873.257	1014.0085	1302.07	1007.45	1026.32	720.194	1011.132
hgt	None	dead	0.0	0.0	0.0	0.0	0.0	0.0	0.0	0.0
hgt	636	GCA.002840095.1.Bacteria.Proteobacteria	1563.065	0.0	781.5325	1706.55	1419.58	0.0	0.0	853.275
hgt	1015	GCA.002790835.1.Bacteria.Krumholzibacteriota	2028.76	0.0	1014.38	2298.38	1759.14	0.0	0.0	1149.19
hgt	400	GCA.002401295.1.Bacteria.SAR324	2337.685	0.0	1168.8425	2593.16	2082.21	0.0	0.0	1296.58
hgt	585	GCA.002688175.1.Bacteria.Proteobacteria	1064.929	0.0	532.4645	1229.08	900.778	0.0	0.0	614.54
los	None	dead	0.0	0.0	0.0	0.0	0.0	0.0	0.0	0.0
hgt	674	GCA.002747255.1.Bacteria.Acidobacteriota	1880.64	0.0	940.32	2129.25	1632.03	0.0	0.0	1064.625
hgt	603	GCA.002085445.1.Bacteria.Proteobacteria	1631.14	0.0	815.57	1761.43	1500.85	0.0	0.0	880.715
hgt	570	GCA.002255365.1.Bacteria.Proteobacteria	1581.87	0.0	790.935	1730.52	1433.22	0.0	0.0	865.26
los	None	dead	0.0	0.0	0.0	0.0	0.0	0.0	0.0	0.0
spe	513	512	1728.66	1614.755	1671.7075	1860.39	1596.93	1750.68	1478.83	1669.61
spe	512	486	1614.755	1342.71	1478.7325	1750.68	1478.83	1498.9	1186.52	1468.6
hgt	None	dead	0.0	0.0	0.0	0.0	0.0	0.0	0.0	0.0
los	486	GCA.002721365.1.Bacteria.Proteobacteria	1342.71	0.0	671.355	1498.9	1186.52	0.0	0.0	749.45
hgt	579	GCA.003137095.1.Bacteria.Proteobacteria	935.164	0.0	467.582	1112.18	758.148	0.0	0.0	556.09
los	None	dead	0.0	0.0	0.0	0.0	0.0	0.0	0.0	0.0
spe	512	511	1614.755	1534.63	1574.6925	1750.68	1478.83	1667.04	1402.22	1576.45
los	511	489	1534.63	1174.55	1354.59	1667.04	1402.22	1332.19	1016.91	1341.975
spe	511	510	1534.63	1468.305	1501.4675	1667.04	1402.22	1603.84	1332.77	1499.905
los	510	492	1468.305	1215.16	1341.7325	1603.84	1332.77	1364.8	1065.52	1334.68
spe	510	509	1468.305	1371.54	1419.9225	1603.84	1332.77	1510.17	1232.91	1418.375
los	509	495	1371.54	1115.4635	1243.50175	1510.17	1232.91	1268.36	962.567	1236.3685
spe	509	508	1371.54	1248.66	1310.1	1510.17	1232.91	1390.59	1106.73	1308.45
los	508	498	1248.66	1100.442	1174.551	1390.59	1106.73	1252.56	948.324	1169.457
spe	508	507	1248.66	1032.028	1140.344	1390.59	1106.73	1172.29	891.766	1141.178
spe	507	506	1032.028	986.4985	1009.26325	1172.29	891.766	1134.96	838.037	1005.1635
los	506	GCA.001464215.1.Bacteria.Proteobacteria	986.4985	0.0	493.24925	1134.96	838.037	0.0	0.0	567.48
spe	507	503	1032.028	904.119	968.0735	1172.29	891.766	1050.27	757.968	965.129
hgt	467	GCF.003258945.1.Bacteria.Proteobacteria	1071.506	0.0	535.753	1222.83	920.182	0.0	0.0	611.415
los	503	501	904.119	722.0125	813.06575	1050.27	757.968	881.342	562.683	806.4765
spe	699	698	2103.185	1863.875	1983.53	2288.62	1917.75	2049.06	1678.69	1983.655
spe	698	686	1863.875	1646.29	1755.0825	2049.06	1678.69	1843.93	1448.65	1748.855
los	686	684	1646.29	1286.44	1466.365	1843.93	1448.65	1493.16	1079.72	1461.825
hgt	None	dead	0.0	0.0	0.0	0.0	0.0	0.0	0.0	0.0
hgt	282	GCF.900105685.1.Bacteria.Verrucomicrobiota	1352.755	0.0	676.3775	1605.89	1099.62	0.0	0.0	802.945
los	None	dead	0.0	0.0	0.0	0.0	0.0	0.0	0.0	0.0
spe	698	697	1863.875	1602.385	1733.13	2049.06	1678.69	1789.82	1414.95	1732.005
hgt	837	GCA.001768075.1.Bacteria.Myxococcota	1589.61	0.0	794.805	1791.58	1387.64	0.0	0.0	895.79
spe	697	696	1602.385	1391.24	1496.8125	1789.82	1414.95	1578.29	1204.19	1497.005
los	696	GCA.003224665.1.Bacteria.Acidobacteriota	1391.24	0.0	695.62	1578.29	1204.19	0.0	0.0	789.145
spe	696	695	1391.24	1284.94	1338.09	1578.29	1204.19	1468.6	1101.28	1339.785
los	695	GCA.003131705.1.Bacteria.Acidobacteriota	1284.94	0.0	642.47	1468.6	1101.28	0.0	0.0	734.3
spe	695	694	1284.94	1206.005	1245.4725	1468.6	1101.28	1389.81	1022.2	1245.4
los	694	GCA.001767075.1.Bacteria.Acidobacteriota	1206.005	0.0	603.0025	1389.81	1022.2	0.0	0.0	694.905
hgt	670	GCA.002898535.1.Bacteria.Acidobacteriota	2337.75	0.0	1168.875	2571.79	2103.71	0.0	0.0	1285.895
spe	694	692	1206.005	1105.2925	1155.64875	1389.81	1022.2	1299.2	911.385	1150.5975
los	692	GCA.003140235.1.Bacteria.Acidobacteriota	1105.2925	0.0	552.64625	1299.2	911.385	0.0	0.0	649.6
hgt	1237	1221	2499.645	2008.115	2253.88	2691.67	2307.62	2274.35	1741.88	2216.775
hgt	1440	GCF.001306175.1.Bacteria.Chloroflexota	1749.24	0.0	874.62	1951.59	1546.89	0.0	0.0	975.795
hgt	434	GCA.002898275.1.Bacteria.Proteobacteria	1283.94	0.0	641.97	1452.9	1114.98	0.0	0.0	726.45
hgt	456	GCF.002148795.1.Bacteria.Proteobacteria	1288.015	0.0	644.0075	1439.86	1136.17	0.0	0.0	719.93
los	None	dead	0.0	0.0	0.0	0.0	0.0	0.0	0.0	0.0
hgt	462	GCF.006980715.1.Bacteria.Proteobacteria	1029.85	0.0	514.925	1187.35	872.35	0.0	0.0	593.675
hgt	None	dead	0.0	0.0	0.0	0.0	0.0	0.0	0.0	0.0
spe	1237	1221	2499.645	2008.115	2253.88	2691.67	2307.62	2274.35	1741.88	2216.775
hgt	1305	GCF.002207765.1.Bacteria.Firmicutes.B	1479.61	0.0	739.805	1675.63	1283.59	0.0	0.0	837.815
hgt	1325	1324	2206.925	2099.855	2153.39	2374.4	2039.45	2268.52	1931.19	2152.795
hgt	1449	GCA.002400365.1.Bacteria.Chloroflexota	1825.905	0.0	912.9525	2055.21	1596.6	0.0	0.0	1027.605
hgt	1462	GCA.002436065.1.Bacteria.Chloroflexota	2240.595	0.0	1120.2975	2485.08	1996.11	0.0	0.0	1242.54
hgt	727	GCA.001805205.1.Bacteria.Nitrospirota	1736.985	0.0	868.4925	1988.09	1485.88	0.0	0.0	994.045
los	None	dead	0.0	0.0	0.0	0.0	0.0	0.0	0.0	0.0
hgt	None	dead	0.0	0.0	0.0	0.0	0.0	0.0	0.0	0.0
hgt	1469	GCA.001898225.1.Bacteria.Chloroflexota	1899.175	0.0	949.5875	2149.99	1648.36	0.0	0.0	1074.995
los	None	dead	0.0	0.0	0.0	0.0	0.0	0.0	0.0	0.0
hgt	None	dead	0.0	0.0	0.0	0.0	0.0	0.0	0.0	0.0
hgt	746	GCF.900079095.1.Bacteria.Tectomicrobia	1971.165	0.0	985.5825	2267.78	1674.55	0.0	0.0	1133.89
los	None	dead	0.0	0.0	0.0	0.0	0.0	0.0	0.0	0.0
spe	1325	1324	2206.925	2099.855	2153.39	2374.4	2039.45	2268.52	1931.19	2152.795
spe	1324	1308	2099.855	1873.47	1986.6625	2268.52	1931.19	2054.46	1692.48	1980.5
los	1308	1300	1873.47	1522.13	1697.8	2054.46	1692.48	1724.92	1319.34	1686.9
spe	1308	1307	1873.47	1657.525	1765.4975	2054.46	1692.48	1841.63	1473.42	1763.94
los	1307	1305	1657.525	1479.61	1568.5675	1841.63	1473.42	1675.63	1283.59	1562.61
hgt	741	GCA.003220615.1.Bacteria.Methylomirabilota	2052.975	0.0	1026.4875	2337.08	1768.87	0.0	0.0	1168.54
spe	1324	1323	2099.855	2012.64	2056.2475	2268.52	1931.19	2185.24	1840.04	2054.28
los	1323	1322	2012.64	1664.355	1838.4975	2185.24	1840.04	1866.79	1461.92	1823.58
hgt	None	dead	0.0	0.0	0.0	0.0	0.0	0.0	0.0	0.0
spe	1323	1319	2012.64	1887.42	1950.03	2185.24	1840.04	2065.19	1709.65	1947.445
spe	1319	1318	1887.42	1776.335	1831.8775	2065.19	1709.65	1960.49	1592.18	1828.685
los	1318	1317	1776.335	1176.776	1476.5555	1960.49	1592.18	1371.35	982.202	1471.346
spe	1318	1312	1776.335	1489.285	1632.81	1960.49	1592.18	1697.39	1281.18	1620.835
los	1312	GCF.002607855.1.Bacteria.Firmicutes.B	1489.285	0.0	744.6425	1697.39	1281.18	0.0	0.0	848.695
hgt	1263	GCA.002307275.1.Bacteria.Firmicutes.A	1119.073	0.0	559.5365	1316.22	921.926	0.0	0.0	658.11
hgt	1330	GCA.003444595.1.Bacteria.Firmicutes.D	1974.4	0.0	987.2	2194.26	1754.54	0.0	0.0	1097.13
hgt	1688	GCF.000353285.1.Bacteria.Cyanobacteria	1633.475	0.0	816.7375	1770.82	1496.13	0.0	0.0	885.41
hgt	695	GCA.003131705.1.Bacteria.Acidobacteriota	1284.94	0.0	642.47	1468.6	1101.28	0.0	0.0	734.3
los	None	dead	0.0	0.0	0.0	0.0	0.0	0.0	0.0	0.0
