event	left_node	right_node	left_date	right_date	midpoint_date	left_date_lower	left_date_upper	right_date_lower	right_date_upper	midpoint_date_all
spe	899	743	3007.825	2880.765	2944.295	3149.06	2866.59	3041.66	2719.87	2934.465
spe	743	721	2880.765	2605.855	2743.31	3041.66	2719.87	2825.34	2386.37	2714.015
spe	721	720	2605.855	2294.32	2450.0875	2825.34	2386.37	2574.63	2014.01	2419.675
los	720	GCA.001775255.1.Bacteria.Desulfobacterota.D	2294.32	0.0	1147.16	2574.63	2014.01	0.0	0.0	1287.315
hgt	None	dead	0.0	0.0	0.0	0.0	0.0	0.0	0.0	0.0
dup	None	dead	0.0	0.0	0.0	0.0	0.0	0.0	0.0	0.0
hgt	1173	GCA.002897715.1.Bacteria.Actinobacteriota	1583.875	0.0	791.9375	1841.44	1326.31	0.0	0.0	920.72
los	None	dead	0.0	0.0	0.0	0.0	0.0	0.0	0.0	0.0
hgt	84	GCF.000970205.1.Archaea.Halobacteriota	1194.24	0.0	597.12	1377.79	1010.69	0.0	0.0	688.895
los	None	dead	0.0	0.0	0.0	0.0	0.0	0.0	0.0	0.0
hgt	389	388	2696.585	2486.95	2591.7675	2887.54	2505.63	2692.2	2281.7	2584.62
hgt	93	GCF.000025525.1.Archaea.Methanobacteriota.A	2518.68	0.0	1259.34	2671.84	2365.52	0.0	0.0	1335.92
hgt	1419	GCA.002367275.1.Bacteria.Chloroflexota	1500.065	0.0	750.0325	1725.81	1274.32	0.0	0.0	862.905
hgt	1292	GCF.001950325.1.Bacteria.Firmicutes.B	1918.11	0.0	959.055	2144.78	1691.44	0.0	0.0	1072.39
hgt	1305	GCF.002207765.1.Bacteria.Firmicutes.B	1479.61	0.0	739.805	1675.63	1283.59	0.0	0.0	837.815
hgt	None	dead	0.0	0.0	0.0	0.0	0.0	0.0	0.0	0.0
hgt	1271	1270	1864.085	1672.825	1768.455	2041.31	1686.86	1850.44	1495.21	1768.26
los	None	dead	0.0	0.0	0.0	0.0	0.0	0.0	0.0	0.0
spe	1271	1270	1864.085	1672.825	1768.455	2041.31	1686.86	1850.44	1495.21	1768.26
spe	1270	1269	1672.825	1505.09	1588.9575	1850.44	1495.21	1679.35	1330.83	1590.635
los	1269	1268	1505.09	1268.035	1386.5625	1679.35	1330.83	1456.08	1079.99	1379.67
spe	1270	1264	1672.825	1373.43	1523.1275	1850.44	1495.21	1561.57	1185.29	1517.865
los	1264	GCA.900317035.1.Bacteria.Firmicutes.A	1373.43	0.0	686.715	1561.57	1185.29	0.0	0.0	780.785
spe	1264	1263	1373.43	1119.073	1246.2515	1561.57	1185.29	1316.22	921.926	1241.748
los	1263	GCA.002308775.1.Bacteria.Firmicutes.A	1119.073	0.0	559.5365	1316.22	921.926	0.0	0.0	658.11
hgt	None	dead	0.0	0.0	0.0	0.0	0.0	0.0	0.0	0.0
dup	None	dead	0.0	0.0	0.0	0.0	0.0	0.0	0.0	0.0
hgt	1350	GCF.001742305.1.Bacteria.Firmicutes	1380.55	0.0	690.275	1557.96	1203.14	0.0	0.0	778.98
los	None	dead	0.0	0.0	0.0	0.0	0.0	0.0	0.0	0.0
hgt	1285	1281	1310.93	1090.0515	1200.49075	1527.17	1094.69	1297.44	882.663	1204.9165
los	None	dead	0.0	0.0	0.0	0.0	0.0	0.0	0.0	0.0
spe	1285	1281	1310.93	1090.0515	1200.49075	1527.17	1094.69	1297.44	882.663	1204.9165
spe	1281	1280	1090.0515	922.663	1006.35725	1297.44	882.663	1124.05	721.276	1009.358
hgt	None	dead	0.0	0.0	0.0	0.0	0.0	0.0	0.0	0.0
hgt	849	GCF.000266945.1.Bacteria.Desulfobacterota	1883.095	0.0	941.5475	2117.85	1648.34	0.0	0.0	1058.925
los	None	dead	0.0	0.0	0.0	0.0	0.0	0.0	0.0	0.0
spe	389	388	2696.585	2486.95	2591.7675	2887.54	2505.63	2692.2	2281.7	2584.62
spe	388	376	2486.95	2123.16	2305.055	2692.2	2281.7	2358.98	1887.34	2289.77
hgt	397	GCF.000526155.1.Bacteria.Desulfobacterota	2952.9	0.0	1476.45	3107.01	2798.79	0.0	0.0	1553.505
los	376	374	2123.16	1638.665	1880.9125	2358.98	1887.34	1908.58	1368.75	1863.865
spe	388	387	2486.95	2281.005	2383.9775	2692.2	2281.7	2506.97	2055.04	2373.62
hgt	887	886	2263.805	1999.475	2131.64	2439.03	2088.58	2174.59	1824.36	2131.695
spe	387	383	2281.005	1865.655	2073.33	2506.97	2055.04	2107.47	1623.84	2065.405
hgt	895	GCA.000739515.1.Bacteria.Moduliflexota	2183.84	0.0	1091.92	2461.79	1905.89	0.0	0.0	1230.895
los	383	381	1865.655	1481.85	1673.7525	2107.47	1623.84	1732.13	1231.57	1669.52
spe	887	886	2263.805	1999.475	2131.64	2439.03	2088.58	2174.59	1824.36	2131.695
spe	886	874	1999.475	1902.135	1950.805	2174.59	1824.36	2083.11	1721.16	1947.875
los	874	873	1902.135	1746.56	1824.3475	2083.11	1721.16	1934.16	1558.96	1821.035
spe	874	868	1902.135	1695.53	1798.8325	2083.11	1721.16	1892.42	1498.64	1790.875
los	868	866	1695.53	1370.345	1532.9375	1892.42	1498.64	1577.25	1163.44	1527.93
spe	886	885	1999.475	1880.5	1939.9875	2174.59	1824.36	2064.03	1696.97	1935.78
los	885	877	1880.5	1769.305	1824.9025	2064.03	1696.97	1968.93	1569.68	1816.855
spe	885	884	1880.5	1765.875	1823.1875	2064.03	1696.97	1950.17	1581.58	1822.805
spe	884	880	1765.875	1499.355	1632.615	1950.17	1581.58	1702.42	1296.29	1623.23
los	880	GCA.001577715.1.Bacteria.Desulfobacterota	1499.355	0.0	749.6775	1702.42	1296.29	0.0	0.0	851.21
spe	884	883	1765.875	1384.92	1575.3975	1950.17	1581.58	1585.61	1184.23	1567.2
hgt	871	GCA.007244385.1.Bacteria.Desulfobacterota	1489.29	0.0	744.645	1692.73	1285.85	0.0	0.0	846.365
los	883	GCA.001751085.1.Bacteria.Desulfobacterota	1384.92	0.0	692.46	1585.61	1184.23	0.0	0.0	792.805
spe	387	386	2281.005	1962.46	2121.7325	2506.97	2055.04	2228.04	1696.88	2101.925
hgt	239	GCA.003158755.1.Bacteria.Elusimicrobiota	1416.94	0.0	708.47	1628.4	1205.48	0.0	0.0	814.2
hgt	1651	GCA.003242895.1.Bacteria.Margulisbacteria	2128.215	0.0	1064.1075	2447.17	1809.26	0.0	0.0	1223.585
hgt	297	293	2095.445	1814.28	1954.8625	2327.22	1863.67	2062.54	1566.02	1946.62
los	386	GCA.002450905.1.Bacteria.Spirochaetota	1962.46	0.0	981.23	2228.04	1696.88	0.0	0.0	1114.02
spe	297	293	2095.445	1814.28	1954.8625	2327.22	1863.67	2062.54	1566.02	1946.62
hgt	932	GCA.002414805.1.Bacteria.Fibrobacterota	1648.045	0.0	824.0225	1898.79	1397.3	0.0	0.0	949.395
hgt	332	GCA.002704825.1.Bacteria.Planctomycetota	994.0835	0.0	497.04175	1195.01	793.157	0.0	0.0	597.505
hgt	320	GCA.003245715.1.Bacteria.Planctomycetota	2201.875	0.0	1100.9375	2465.4	1938.35	0.0	0.0	1232.7
hgt	265	GCA.003501375.1.Bacteria.Sumerlaeota	1925.84	0.0	962.92	2272.12	1579.56	0.0	0.0	1136.06
spe	743	742	2880.765	2637.165	2758.965	3041.66	2719.87	2824.71	2449.62	2745.64
los	742	741	2637.165	2052.975	2345.07	2824.71	2449.62	2337.08	1768.87	2296.79
spe	742	738	2637.165	2317.13	2477.1475	2824.71	2449.62	2529.7	2104.56	2464.635
los	738	728	2317.13	1980.89	2149.01	2529.7	2104.56	2218.53	1743.25	2136.475
spe	738	737	2317.13	2105.695	2211.4125	2529.7	2104.56	2336.12	1875.27	2202.485
spe	737	736	2105.695	1826.19	1965.9425	2336.12	1875.27	2087.86	1564.52	1950.32
hgt	659	GCA.000830255.1.Bacteria.Campylobacterota	1438.4	0.0	719.2	1756.87	1119.93	0.0	0.0	878.435
los	736	GCA.003454665.1.Bacteria.Nitrospirota	1826.19	0.0	913.095	2087.86	1564.52	0.0	0.0	1043.93
hgt	406	GCA.001872725.1.Bacteria.Proteobacteria	2518.42	0.0	1259.21	2679.32	2357.52	0.0	0.0	1339.66
hgt	483	482	1679.37	1587.505	1633.4375	1813.87	1544.87	1722.49	1452.52	1633.195
hgt	568	GCA.002862435.1.Bacteria.Proteobacteria	1421.955	0.0	710.9775	1583.57	1260.34	0.0	0.0	791.785
hgt	498	GCF.000192575.1.Bacteria.Proteobacteria	1100.442	0.0	550.221	1252.56	948.324	0.0	0.0	626.28
hgt	634	GCF.001697225.1.Bacteria.Proteobacteria	1398.775	0.0	699.3875	1567.28	1230.27	0.0	0.0	783.64
hgt	536	GCF.900111015.1.Bacteria.Proteobacteria	1835.635	0.0	917.8175	2001.99	1669.28	0.0	0.0	1000.995
spe	483	482	1679.37	1587.505	1633.4375	1813.87	1544.87	1722.49	1452.52	1633.195
spe	482	458	1587.505	1466.17	1526.8375	1722.49	1452.52	1610.52	1321.82	1522.155
los	458	456	1466.17	1288.015	1377.0925	1610.52	1321.82	1439.86	1136.17	1373.345
spe	482	481	1587.505	1510.43	1548.9675	1722.49	1452.52	1645.81	1375.05	1548.77
los	481	480	1510.43	1386.405	1448.4175	1645.81	1375.05	1534.03	1238.78	1442.295
spe	481	469	1510.43	1404.34	1457.385	1645.81	1375.05	1546.78	1261.9	1453.855
los	469	468	1404.34	1227.095	1315.7175	1546.78	1261.9	1373.3	1080.89	1313.835
spe	469	463	1404.34	1268.17	1336.255	1546.78	1261.9	1417.76	1118.58	1332.68
los	463	GCF.002251795.1.Bacteria.Proteobacteria	1268.17	0.0	634.085	1417.76	1118.58	0.0	0.0	708.88
spe	463	462	1268.17	1029.85	1149.01	1417.76	1118.58	1187.35	872.35	1145.055
hgt	495	GCF.003173035.1.Bacteria.Proteobacteria	1115.4635	0.0	557.73175	1268.36	962.567	0.0	0.0	634.18
hgt	542	GCA.002352565.1.Bacteria.Proteobacteria	1703.185	0.0	851.5925	1875.52	1530.85	0.0	0.0	937.76
hgt	551	GCA.002699105.1.Bacteria.Bacteroidota	1073.1825	0.0	536.59125	1248.71	897.655	0.0	0.0	624.355
hgt	519	GCF.002109495.1.Bacteria.Proteobacteria	2563.7	0.0	1281.85	2703.63	2423.77	0.0	0.0	1351.815
hgt	565	GCF.002958735.1.Bacteria.Proteobacteria	1459.56	0.0	729.78	1636.29	1282.83	0.0	0.0	818.145
hgt	636	GCA.002840095.1.Bacteria.Proteobacteria	1563.065	0.0	781.5325	1706.55	1419.58	0.0	0.0	853.275
hgt	1703	1702	2154.635	2080.605	2117.62	2238.99	2070.28	2162.02	1999.19	2119.09
spe	737	733	2105.695	1608.54	1857.1175	2336.12	1875.27	1850.52	1366.56	1851.34
spe	733	732	1608.54	1363.035	1485.7875	1850.52	1366.56	1611.92	1114.15	1482.335
hgt	395	GCA.002402635.1.Bacteria.Deferribacterota	1495.105	0.0	747.5525	1791.3	1198.91	0.0	0.0	895.65
los	732	GCA.002011735.1.Bacteria.Nitrospirota	1363.035	0.0	681.5175	1611.92	1114.15	0.0	0.0	805.96
hgt	749	GCA.003229375.1.Bacteria.Nitrospinota	1737.095	0.0	868.5475	1995.38	1478.81	0.0	0.0	997.69
hgt	837	GCA.001768075.1.Bacteria.Myxococcota	1589.61	0.0	794.805	1791.58	1387.64	0.0	0.0	895.79
hgt	1288	GCA.002411145.1.Bacteria.Firmicutes.C	1693.72	0.0	846.86	1906.24	1481.2	0.0	0.0	953.12
hgt	1319	GCF.900100785.1.Bacteria.Firmicutes.B	1887.42	0.0	943.71	2065.19	1709.65	0.0	0.0	1032.595
hgt	1312	GCF.000019165.1.Bacteria.Firmicutes.B	1489.285	0.0	744.6425	1697.39	1281.18	0.0	0.0	848.695
hgt	853	GCA.003232385.1.Bacteria.SZUA.79	2005.945	0.0	1002.9725	2253.28	1758.61	0.0	0.0	1126.64
hgt	846	GCF.001611275.1.Bacteria.Desulfobacterota	1968.67	0.0	984.335	2201.27	1736.07	0.0	0.0	1100.635
spe	1703	1702	2154.635	2080.605	2117.62	2238.99	2070.28	2162.02	1999.19	2119.09
spe	1702	1701	2080.605	2039.37	2059.9875	2162.02	1999.19	2114.89	1963.85	2062.935
spe	1701	1700	2039.37	1958.955	1999.1625	2114.89	1963.85	2030.15	1887.76	2001.325
spe	1700	1699	1958.955	1903.47	1931.2125	2030.15	1887.76	1968.87	1838.07	1934.11
hgt	1695	GCF.000020025.1.Bacteria.Cyanobacteria	877.811	0.0	438.9055	1063.17	692.452	0.0	0.0	531.585
los	1699	GCF.000317045.1.Bacteria.Cyanobacteria	1903.47	0.0	951.735	1968.87	1838.07	0.0	0.0	984.435
spe	1699	1698	1903.47	1614.69	1759.08	1968.87	1838.07	1629.18	1600.2	1784.535
spe	1698	1692	1614.69	177.05465	895.87233	1629.18	1600.2	285.411	68.6983	848.93915
spe	1698	1697	1614.69	1292.96	1453.825	1629.18	1600.2	1415.06	1170.86	1400.02
spe	1697	1695	1292.96	877.811	1085.3855	1415.06	1170.86	1063.17	692.452	1053.756
los	1695	GCF.000020025.1.Bacteria.Cyanobacteria	877.811	0.0	438.9055	1063.17	692.452	0.0	0.0	531.585
hgt	1679	1678	1817.625	881.825	1349.725	1965.65	1669.6	1106.31	657.34	1311.495
spe	1700	1688	1958.955	1633.475	1796.215	2030.15	1887.76	1770.82	1496.13	1763.14
hgt	1672	GCF.002251945.1.Bacteria.Cyanobacteria	1997.32	0.0	998.66	2145.69	1848.95	0.0	0.0	1072.845
spe	1679	1678	1817.625	881.825	1349.725	1965.65	1669.6	1106.31	657.34	1311.495
spe	1678	1676	881.825	239.787	560.806	1106.31	657.34	341.05	138.524	622.417
spe	1701	1685	2039.37	1871.67	1955.52	2114.89	1963.85	1986.88	1756.46	1935.675
hgt	1719	GCF.000013205.1.Bacteria.Cyanobacteria	2501.03	0.0	1250.515	2593.62	2408.44	0.0	0.0	1296.81
los	1685	GCF.000018105.1.Bacteria.Cyanobacteria	1871.67	0.0	935.835	1986.88	1756.46	0.0	0.0	993.44
spe	1685	1684	1871.67	1655.535	1763.6025	1986.88	1756.46	1804.69	1506.38	1746.63
los	1684	GCA.001698445.1.Bacteria.Cyanobacteria	1655.535	0.0	827.7675	1804.69	1506.38	0.0	0.0	902.345
