event	left_node	right_node	left_date	right_date	midpoint_date	left_date_lower	left_date_upper	right_date_lower	right_date_upper	midpoint_date_all
hgt	None	dead	0.0	0.0	0.0	0.0	0.0	0.0	0.0	0.0
hgt	510	509	1468.305	1371.54	1419.9225	1603.84	1332.77	1510.17	1232.91	1418.375
los	None	dead	0.0	0.0	0.0	0.0	0.0	0.0	0.0	0.0
spe	510	509	1468.305	1371.54	1419.9225	1603.84	1332.77	1510.17	1232.91	1418.375
hgt	458	GCA.002340345.1.Bacteria.Proteobacteria	1466.17	0.0	733.085	1610.52	1321.82	0.0	0.0	805.26
spe	509	495	1371.54	1115.4635	1243.50175	1510.17	1232.91	1268.36	962.567	1236.3685
los	495	GCA.002796975.1.Bacteria.Proteobacteria	1115.4635	0.0	557.73175	1268.36	962.567	0.0	0.0	634.18
hgt	463	462	1268.17	1029.85	1149.01	1417.76	1118.58	1187.35	872.35	1145.055
spe	463	462	1268.17	1029.85	1149.01	1417.76	1118.58	1187.35	872.35	1145.055
spe	509	508	1371.54	1248.66	1310.1	1510.17	1232.91	1390.59	1106.73	1308.45
hgt	568	GCA.002862435.1.Bacteria.Proteobacteria	1421.955	0.0	710.9775	1583.57	1260.34	0.0	0.0	791.785
los	508	507	1248.66	1032.028	1140.344	1390.59	1106.73	1172.29	891.766	1141.178
spe	508	498	1248.66	1100.442	1174.551	1390.59	1106.73	1252.56	948.324	1169.457
hgt	634	GCF.001697225.1.Bacteria.Proteobacteria	1398.775	0.0	699.3875	1567.28	1230.27	0.0	0.0	783.64
los	498	GCA.002731375.1.Bacteria.Proteobacteria	1100.442	0.0	550.221	1252.56	948.324	0.0	0.0	626.28
hgt	None	dead	0.0	0.0	0.0	0.0	0.0	0.0	0.0	0.0
hgt	536	GCF.900111015.1.Bacteria.Proteobacteria	1835.635	0.0	917.8175	2001.99	1669.28	0.0	0.0	1000.995
los	None	dead	0.0	0.0	0.0	0.0	0.0	0.0	0.0	0.0
hgt	None	dead	0.0	0.0	0.0	0.0	0.0	0.0	0.0	0.0
hgt	837	GCA.001768075.1.Bacteria.Myxococcota	1589.61	0.0	794.805	1791.58	1387.64	0.0	0.0	895.79
los	None	dead	0.0	0.0	0.0	0.0	0.0	0.0	0.0	0.0
hgt	None	dead	0.0	0.0	0.0	0.0	0.0	0.0	0.0	0.0
hgt	736	GCA.001803795.1.Bacteria.Nitrospirota	1826.19	0.0	913.095	2087.86	1564.52	0.0	0.0	1043.93
los	None	dead	0.0	0.0	0.0	0.0	0.0	0.0	0.0	0.0
spe	901	663	3242.11	3154.255	3198.1825	3374.21	3110.01	3286.98	3021.53	3197.87
hgt	None	dead	0.0	0.0	0.0	0.0	0.0	0.0	0.0	0.0
hgt	720	GCA.002347965.1.Bacteria.UBA2233	2294.32	0.0	1147.16	2574.63	2014.01	0.0	0.0	1287.315
los	None	dead	0.0	0.0	0.0	0.0	0.0	0.0	0.0	0.0
hgt	None	dead	0.0	0.0	0.0	0.0	0.0	0.0	0.0	0.0
hgt	1720	1719	2612.48	2501.03	2556.755	2696.4	2528.56	2593.62	2408.44	2552.42
los	None	dead	0.0	0.0	0.0	0.0	0.0	0.0	0.0	0.0
spe	1720	1719	2612.48	2501.03	2556.755	2696.4	2528.56	2593.62	2408.44	2552.42
spe	1719	1718	2501.03	2361.38	2431.205	2593.62	2408.44	2453.23	2269.53	2431.575
los	1718	1717	2361.38	2144.885	2253.1325	2453.23	2269.53	2273.85	2015.92	2234.575
spe	1718	1704	2361.38	2246.435	2303.9075	2453.23	2269.53	2332.27	2160.6	2306.915
los	1704	1672	2246.435	1997.32	2121.8775	2332.27	2160.6	2145.69	1848.95	2090.61
spe	1704	1703	2246.435	2154.635	2200.535	2332.27	2160.6	2238.99	2070.28	2201.275
spe	1703	1702	2154.635	2080.605	2117.62	2238.99	2070.28	2162.02	1999.19	2119.09
spe	1702	1701	2080.605	2039.37	2059.9875	2162.02	1999.19	2114.89	1963.85	2062.935
los	1701	1685	2039.37	1871.67	1955.52	2114.89	1963.85	1986.88	1756.46	1935.675
spe	1701	1700	2039.37	1958.955	1999.1625	2114.89	1963.85	2030.15	1887.76	2001.325
spe	1700	1699	1958.955	1903.47	1931.2125	2030.15	1887.76	1968.87	1838.07	1934.11
hgt	None	dead	0.0	0.0	0.0	0.0	0.0	0.0	0.0	0.0
los	1699	GCF.000317045.1.Bacteria.Cyanobacteria	1903.47	0.0	951.735	1968.87	1838.07	0.0	0.0	984.435
hgt	1697	Fischerella.muscicola.CCMEE5323	1292.96	0.0	646.48	1415.06	1170.86	0.0	0.0	707.53
los	None	dead	0.0	0.0	0.0	0.0	0.0	0.0	0.0	0.0
spe	1699	1698	1903.47	1614.69	1759.08	1968.87	1838.07	1629.18	1600.2	1784.535
spe	1698	1692	1614.69	177.05465	895.87233	1629.18	1600.2	285.411	68.6983	848.93915
los	1692	Richelia.intracellularis.HM01	177.05465	0.0	88.52733	285.411	68.6983	0.0	0.0	142.7055
spe	1698	1697	1614.69	1292.96	1453.825	1629.18	1600.2	1415.06	1170.86	1400.02
dup	1697	1695	1292.96	877.811	1085.3855	1415.06	1170.86	1063.17	692.452	1053.756
spe	1697	1695	1292.96	877.811	1085.3855	1415.06	1170.86	1063.17	692.452	1053.756
los	1695	Nostoc.sp.PCC7120	877.811	0.0	438.9055	1063.17	692.452	0.0	0.0	531.585
spe	1697	1695	1292.96	877.811	1085.3855	1415.06	1170.86	1063.17	692.452	1053.756
spe	1700	1688	1958.955	1633.475	1796.215	2030.15	1887.76	1770.82	1496.13	1763.14
hgt	1672	GCF.002251945.1.Bacteria.Cyanobacteria	1997.32	0.0	998.66	2145.69	1848.95	0.0	0.0	1072.845
spe	1703	1679	2154.635	1817.625	1986.13	2238.99	2070.28	1965.65	1669.6	1954.295
hgt	None	dead	0.0	0.0	0.0	0.0	0.0	0.0	0.0	0.0
los	1679	GCF.000473895.1.Bacteria.Cyanobacteria	1817.625	0.0	908.8125	1965.65	1669.6	0.0	0.0	982.825
hgt	1684	GCF.000316115.1.Bacteria.Cyanobacteria	1655.535	0.0	827.7675	1804.69	1506.38	0.0	0.0	902.345
los	None	dead	0.0	0.0	0.0	0.0	0.0	0.0	0.0	0.0
spe	1679	1678	1817.625	881.825	1349.725	1965.65	1669.6	1106.31	657.34	1311.495
spe	1678	1676	881.825	239.787	560.806	1106.31	657.34	341.05	138.524	622.417
spe	663	397	3154.255	2952.9	3053.5775	3286.98	3021.53	3107.01	2798.79	3042.885
hgt	None	dead	0.0	0.0	0.0	0.0	0.0	0.0	0.0	0.0
hgt	737	733	2105.695	1608.54	1857.1175	2336.12	1875.27	1850.52	1366.56	1851.34
los	None	dead	0.0	0.0	0.0	0.0	0.0	0.0	0.0	0.0
spe	737	733	2105.695	1608.54	1857.1175	2336.12	1875.27	1850.52	1366.56	1851.34
spe	733	732	1608.54	1363.035	1485.7875	1850.52	1366.56	1611.92	1114.15	1482.335
los	732	GCA.002011735.1.Bacteria.Nitrospirota	1363.035	0.0	681.5175	1611.92	1114.15	0.0	0.0	805.96
spe	397	396	2952.9	2591.83	2772.365	3107.01	2798.79	2803.16	2380.5	2743.755
spe	396	395	2591.83	1495.105	2043.4675	2803.16	2380.5	1791.3	1198.91	2001.035
los	395	GCF.000487995.1.Bacteria.Deferribacterota	1495.105	0.0	747.5525	1791.3	1198.91	0.0	0.0	895.65
hgt	None	dead	0.0	0.0	0.0	0.0	0.0	0.0	0.0	0.0
hgt	853	GCA.003232385.1.Bacteria.SZUA.79	2005.945	0.0	1002.9725	2253.28	1758.61	0.0	0.0	1126.64
los	None	dead	0.0	0.0	0.0	0.0	0.0	0.0	0.0	0.0
hgt	None	dead	0.0	0.0	0.0	0.0	0.0	0.0	0.0	0.0
hgt	749	GCA.003229375.1.Bacteria.Nitrospinota	1737.095	0.0	868.5475	1995.38	1478.81	0.0	0.0	997.69
los	None	dead	0.0	0.0	0.0	0.0	0.0	0.0	0.0	0.0
hgt	None	dead	0.0	0.0	0.0	0.0	0.0	0.0	0.0	0.0
hgt	None	dead	0.0	0.0	0.0	0.0	0.0	0.0	0.0	0.0
hgt	None	dead	0.0	0.0	0.0	0.0	0.0	0.0	0.0	0.0
hgt	932	GCA.002414805.1.Bacteria.Fibrobacterota	1648.045	0.0	824.0225	1898.79	1397.3	0.0	0.0	949.395
dup	None	dead	0.0	0.0	0.0	0.0	0.0	0.0	0.0	0.0
hgt	389	388	2696.585	2486.95	2591.7675	2887.54	2505.63	2692.2	2281.7	2584.62
los	None	dead	0.0	0.0	0.0	0.0	0.0	0.0	0.0	0.0
hgt	None	dead	0.0	0.0	0.0	0.0	0.0	0.0	0.0	0.0
hgt	320	GCA.003245715.1.Bacteria.Planctomycetota	2201.875	0.0	1100.9375	2465.4	1938.35	0.0	0.0	1232.7
hgt	297	293	2095.445	1814.28	1954.8625	2327.22	1863.67	2062.54	1566.02	1946.62
los	None	dead	0.0	0.0	0.0	0.0	0.0	0.0	0.0	0.0
hgt	None	dead	0.0	0.0	0.0	0.0	0.0	0.0	0.0	0.0
hgt	332	GCA.002704825.1.Bacteria.Planctomycetota	994.0835	0.0	497.04175	1195.01	793.157	0.0	0.0	597.505
los	None	dead	0.0	0.0	0.0	0.0	0.0	0.0	0.0	0.0
spe	297	293	2095.445	1814.28	1954.8625	2327.22	1863.67	2062.54	1566.02	1946.62
spe	389	388	2696.585	2486.95	2591.7675	2887.54	2505.63	2692.2	2281.7	2584.62
spe	388	387	2486.95	2281.005	2383.9775	2692.2	2281.7	2506.97	2055.04	2373.62
spe	387	383	2281.005	1865.655	2073.33	2506.97	2055.04	2107.47	1623.84	2065.405
los	383	381	1865.655	1481.85	1673.7525	2107.47	1623.84	1732.13	1231.57	1669.52
spe	387	386	2281.005	1962.46	2121.7325	2506.97	2055.04	2228.04	1696.88	2101.925
los	386	GCA.002450905.1.Bacteria.Spirochaetota	1962.46	0.0	981.23	2228.04	1696.88	0.0	0.0	1114.02
spe	388	376	2486.95	2123.16	2305.055	2692.2	2281.7	2358.98	1887.34	2289.77
hgt	None	dead	0.0	0.0	0.0	0.0	0.0	0.0	0.0	0.0
los	376	374	2123.16	1638.665	1880.9125	2358.98	1887.34	1908.58	1368.75	1863.865
hgt	895	GCA.000739515.1.Bacteria.Moduliflexota	2183.84	0.0	1091.92	2461.79	1905.89	0.0	0.0	1230.895
hgt	883	GCA.000961655.1.Bacteria.Desulfobacterota	1384.92	0.0	692.46	1585.61	1184.23	0.0	0.0	792.805
los	None	dead	0.0	0.0	0.0	0.0	0.0	0.0	0.0	0.0
hgt	1651	GCA.003242895.1.Bacteria.Margulisbacteria	2128.215	0.0	1064.1075	2447.17	1809.26	0.0	0.0	1223.585
hgt	887	886	2263.805	1999.475	2131.64	2439.03	2088.58	2174.59	1824.36	2131.695
los	None	dead	0.0	0.0	0.0	0.0	0.0	0.0	0.0	0.0
spe	887	886	2263.805	1999.475	2131.64	2439.03	2088.58	2174.59	1824.36	2131.695
spe	886	885	1999.475	1880.5	1939.9875	2174.59	1824.36	2064.03	1696.97	1935.78
los	885	877	1880.5	1769.305	1824.9025	2064.03	1696.97	1968.93	1569.68	1816.855
spe	885	884	1880.5	1765.875	1823.1875	2064.03	1696.97	1950.17	1581.58	1822.805
los	884	883	1765.875	1384.92	1575.3975	1950.17	1581.58	1585.61	1184.23	1567.2
spe	884	880	1765.875	1499.355	1632.615	1950.17	1581.58	1702.42	1296.29	1623.23
los	880	GCA.001577715.1.Bacteria.Desulfobacterota	1499.355	0.0	749.6775	1702.42	1296.29	0.0	0.0	851.21
spe	886	874	1999.475	1902.135	1950.805	2174.59	1824.36	2083.11	1721.16	1947.875
spe	874	873	1902.135	1746.56	1824.3475	2083.11	1721.16	1934.16	1558.96	1821.035
los	873	GCA.002011835.1.Bacteria.Desulfobacterota	1746.56	0.0	873.28	1934.16	1558.96	0.0	0.0	967.08
spe	873	871	1746.56	1489.29	1617.925	1934.16	1558.96	1692.73	1285.85	1610.005
los	871	GCA.002899795.1.Bacteria.Desulfobacterota	1489.29	0.0	744.645	1692.73	1285.85	0.0	0.0	846.365
spe	874	868	1902.135	1695.53	1798.8325	2083.11	1721.16	1892.42	1498.64	1790.875
hgt	849	GCF.000266945.1.Bacteria.Desulfobacterota	1883.095	0.0	941.5475	2117.85	1648.34	0.0	0.0	1058.925
los	868	866	1695.53	1370.345	1532.9375	1892.42	1498.64	1577.25	1163.44	1527.93
dup	None	dead	0.0	0.0	0.0	0.0	0.0	0.0	0.0	0.0
hgt	1173	GCA.002897715.1.Bacteria.Actinobacteriota	1583.875	0.0	791.9375	1841.44	1326.31	0.0	0.0	920.72
los	None	dead	0.0	0.0	0.0	0.0	0.0	0.0	0.0	0.0
hgt	1271	1270	1864.085	1672.825	1768.455	2041.31	1686.86	1850.44	1495.21	1768.26
hgt	84	GCF.000970205.1.Archaea.Halobacteriota	1194.24	0.0	597.12	1377.79	1010.69	0.0	0.0	688.895
los	None	dead	0.0	0.0	0.0	0.0	0.0	0.0	0.0	0.0
hgt	1289	1288	2267.365	1693.72	1980.5425	2466.28	2068.45	1906.24	1481.2	1973.74
spe	1271	1270	1864.085	1672.825	1768.455	2041.31	1686.86	1850.44	1495.21	1768.26
spe	1270	1264	1672.825	1373.43	1523.1275	1850.44	1495.21	1561.57	1185.29	1517.865
los	1264	GCA.900317035.1.Bacteria.Firmicutes.A	1373.43	0.0	686.715	1561.57	1185.29	0.0	0.0	780.785
spe	1264	1263	1373.43	1119.073	1246.2515	1561.57	1185.29	1316.22	921.926	1241.748
los	1263	GCA.002308775.1.Bacteria.Firmicutes.A	1119.073	0.0	559.5365	1316.22	921.926	0.0	0.0	658.11
spe	1270	1269	1672.825	1505.09	1588.9575	1850.44	1495.21	1679.35	1330.83	1590.635
los	1269	1268	1505.09	1268.035	1386.5625	1679.35	1330.83	1456.08	1079.99	1379.67
hgt	None	dead	0.0	0.0	0.0	0.0	0.0	0.0	0.0	0.0
hgt	1350	GCF.001742305.1.Bacteria.Firmicutes	1380.55	0.0	690.275	1557.96	1203.14	0.0	0.0	778.98
los	None	dead	0.0	0.0	0.0	0.0	0.0	0.0	0.0	0.0
spe	1289	1288	2267.365	1693.72	1980.5425	2466.28	2068.45	1906.24	1481.2	1973.74
hgt	1312	GCF.002607855.1.Bacteria.Firmicutes.B	1489.285	0.0	744.6425	1697.39	1281.18	0.0	0.0	848.695
spe	1288	1287	1693.72	1417.98	1555.85	1906.24	1481.2	1642.01	1193.95	1550.095
los	1287	GCA.002329525.1.Bacteria.Firmicutes.C	1417.98	0.0	708.99	1642.01	1193.95	0.0	0.0	821.005
spe	1287	1285	1417.98	1310.93	1364.455	1642.01	1193.95	1527.17	1094.69	1368.35
los	1285	1284	1310.93	1020.5295	1165.72975	1527.17	1094.69	1232.09	808.969	1168.0695
spe	1285	1281	1310.93	1090.0515	1200.49075	1527.17	1094.69	1297.44	882.663	1204.9165
spe	1281	1280	1090.0515	922.663	1006.35725	1297.44	882.663	1124.05	721.276	1009.358
hgt	1323	1319	2012.64	1887.42	1950.03	2185.24	1840.04	2065.19	1709.65	1947.445
los	None	dead	0.0	0.0	0.0	0.0	0.0	0.0	0.0	0.0
spe	1323	1319	2012.64	1887.42	1950.03	2185.24	1840.04	2065.19	1709.65	1947.445
spe	1319	1318	1887.42	1776.335	1831.8775	2065.19	1709.65	1960.49	1592.18	1828.685
los	1318	1317	1776.335	1176.776	1476.5555	1960.49	1592.18	1371.35	982.202	1471.346
spe	1318	1312	1776.335	1489.285	1632.81	1960.49	1592.18	1697.39	1281.18	1620.835
los	1312	GCF.002607855.1.Bacteria.Firmicutes.B	1489.285	0.0	744.6425	1697.39	1281.18	0.0	0.0	848.695
spe	663	662	3154.255	3076.16	3115.2075	3286.98	3021.53	3210.53	2941.79	3114.385
los	662	400	3076.16	2337.685	2706.9225	3210.53	2941.79	2593.16	2082.21	2646.37
spe	662	661	3076.16	3025.1	3050.63	3210.53	2941.79	3159.02	2891.18	3050.855
spe	661	660	3025.1	2520.845	2772.9725	3159.02	2891.18	2755.25	2286.44	2722.73
los	660	GCA.002395105.1.Bacteria.Proteobacteria	2520.845	0.0	1260.4225	2755.25	2286.44	0.0	0.0	1377.625
hgt	None	dead	0.0	0.0	0.0	0.0	0.0	0.0	0.0	0.0
hgt	846	GCF.001611275.1.Bacteria.Desulfobacterota	1968.67	0.0	984.335	2201.27	1736.07	0.0	0.0	1100.635
los	None	dead	0.0	0.0	0.0	0.0	0.0	0.0	0.0	0.0
spe	660	659	2520.845	1438.4	1979.6225	2755.25	2286.44	1756.87	1119.93	1937.59
los	659	GCF.000021725.1.Bacteria.Campylobacterota	1438.4	0.0	719.2	1756.87	1119.93	0.0	0.0	878.435
spe	661	655	3025.1	2961.955	2993.5275	3159.02	2891.18	3096.53	2827.38	2993.2
los	655	403	2961.955	2470.89	2716.4225	3096.53	2827.38	2681.53	2260.25	2678.39
spe	655	654	2961.955	2819.98	2890.9675	3096.53	2827.38	2952.69	2687.27	2891.9
los	654	653	2819.98	2511.255	2665.6175	2952.69	2687.27	2643.2	2379.31	2666.0
spe	654	520	2819.98	2728.775	2774.3775	2952.69	2687.27	2864.46	2593.09	2772.89
spe	520	406	2728.775	2518.42	2623.5975	2864.46	2593.09	2679.32	2357.52	2610.99
hgt	None	dead	0.0	0.0	0.0	0.0	0.0	0.0	0.0	0.0
los	406	GCF.002795805.1.Bacteria.Proteobacteria	2518.42	0.0	1259.21	2679.32	2357.52	0.0	0.0	1339.66
hgt	636	GCA.002840095.1.Bacteria.Proteobacteria	1563.065	0.0	781.5325	1706.55	1419.58	0.0	0.0	853.275
los	None	dead	0.0	0.0	0.0	0.0	0.0	0.0	0.0	0.0
spe	520	519	2728.775	2563.7	2646.2375	2864.46	2593.09	2703.63	2423.77	2644.115
los	519	518	2563.7	2336.69	2450.195	2703.63	2423.77	2479.45	2193.93	2448.78
hgt	None	dead	0.0	0.0	0.0	0.0	0.0	0.0	0.0	0.0
hgt	542	GCA.002352565.1.Bacteria.Proteobacteria	1703.185	0.0	851.5925	1875.52	1530.85	0.0	0.0	937.76
los	None	dead	0.0	0.0	0.0	0.0	0.0	0.0	0.0	0.0
