event	left_node	right_node	left_date	right_date	midpoint_date	left_date_lower	left_date_upper	right_date_lower	right_date_upper	midpoint_date_all
hgt	None	dead	0.0	0.0	0.0	0.0	0.0	0.0	0.0	0.0
hgt	898	897	2936.14	2852.85	2894.495	3088.09	2784.19	3010.8	2694.9	2891.495
los	None	dead	0.0	0.0	0.0	0.0	0.0	0.0	0.0	0.0
spe	898	897	2936.14	2852.85	2894.495	3088.09	2784.19	3010.8	2694.9	2891.495
spe	897	889	2852.85	2620.3	2736.575	3010.8	2694.9	2780.76	2459.84	2735.32
spe	889	843	2620.3	2513.665	2566.9825	2780.76	2459.84	2674.81	2352.52	2566.64
los	843	783	2513.665	2400.415	2457.04	2674.81	2352.52	2571.02	2229.81	2452.31
spe	843	842	2513.665	2402.255	2457.96	2674.81	2352.52	2569.39	2235.12	2454.965
los	842	798	2402.255	2140.29	2271.2725	2569.39	2235.12	2320.21	1960.37	2264.88
hgt	None	dead	0.0	0.0	0.0	0.0	0.0	0.0	0.0	0.0
spe	842	841	2402.255	2321.855	2362.055	2569.39	2235.12	2490.49	2153.22	2361.305
los	841	840	2321.855	2131.765	2226.81	2490.49	2153.22	2300.85	1962.68	2226.585
spe	841	801	2321.855	2014.795	2168.325	2490.49	2153.22	2227.16	1802.43	2146.46
los	801	GCA.001797815.1.Bacteria.RBG.13.61.14	2014.795	0.0	1007.3975	2227.16	1802.43	0.0	0.0	1113.58
hgt	868	GCA.002347095.1.Bacteria.Desulfobacterota	1695.53	0.0	847.765	1892.42	1498.64	0.0	0.0	946.21
los	None	dead	0.0	0.0	0.0	0.0	0.0	0.0	0.0	0.0
spe	889	888	2620.3	2447.185	2533.7425	2780.76	2459.84	2620.46	2273.91	2527.335
hgt	None	dead	0.0	0.0	0.0	0.0	0.0	0.0	0.0	0.0
spe	888	887	2447.185	2263.805	2355.495	2620.46	2273.91	2439.03	2088.58	2354.52
spe	887	886	2263.805	1999.475	2131.64	2439.03	2088.58	2174.59	1824.36	2131.695
los	886	874	1999.475	1902.135	1950.805	2174.59	1824.36	2083.11	1721.16	1947.875
spe	886	885	1999.475	1880.5	1939.9875	2174.59	1824.36	2064.03	1696.97	1935.78
los	885	877	1880.5	1769.305	1824.9025	2064.03	1696.97	1968.93	1569.68	1816.855
spe	885	884	1880.5	1765.875	1823.1875	2064.03	1696.97	1950.17	1581.58	1822.805
los	884	883	1765.875	1384.92	1575.3975	1950.17	1581.58	1585.61	1184.23	1567.2
spe	884	880	1765.875	1499.355	1632.615	1950.17	1581.58	1702.42	1296.29	1623.23
los	880	GCA.001577715.1.Bacteria.Desulfobacterota	1499.355	0.0	749.6775	1702.42	1296.29	0.0	0.0	851.21
spe	887	863	2263.805	2054.51	2159.1575	2439.03	2088.58	2246.76	1862.26	2150.645
spe	863	857	2054.51	1926.135	1990.3225	2246.76	1862.26	2147.23	1705.04	1975.9
los	857	GCA.001830835.1.Bacteria.Desulfobacterota	1926.135	0.0	963.0675	2147.23	1705.04	0.0	0.0	1073.615
spe	863	862	2054.51	1719.125	1886.8175	2246.76	1862.26	1930.25	1508.0	1877.38
los	862	GCA.002782605.1.Bacteria.Desulfobacterota	1719.125	0.0	859.5625	1930.25	1508.0	0.0	0.0	965.125
spe	862	861	1719.125	1594.73	1656.9275	1930.25	1508.0	1807.63	1381.83	1656.04
los	861	GCA.002327985.1.Bacteria.Desulfobacterota	1594.73	0.0	797.365	1807.63	1381.83	0.0	0.0	903.815
hgt	1430	GCA.001795235.1.Bacteria.Chloroflexota	2141.86	0.0	1070.93	2460.53	1823.19	0.0	0.0	1230.265
hgt	846	GCF.001611275.1.Bacteria.Desulfobacterota	1968.67	0.0	984.335	2201.27	1736.07	0.0	0.0	1100.635
los	None	dead	0.0	0.0	0.0	0.0	0.0	0.0	0.0	0.0
hgt	1402	GCA.003228115.1.Bacteria.Chloroflexota	1674.055	0.0	837.0275	1896.47	1451.64	0.0	0.0	948.235
spe	888	854	2447.185	2279.15	2363.1675	2620.46	2273.91	2472.51	2085.79	2353.125
los	854	853	2279.15	2005.945	2142.5475	2472.51	2085.79	2253.28	1758.61	2115.56
spe	854	850	2279.15	2241.395	2260.2725	2472.51	2085.79	2441.02	2041.77	2257.14
hgt	None	dead	0.0	0.0	0.0	0.0	0.0	0.0	0.0	0.0
hgt	857	GCA.001830835.1.Bacteria.Desulfobacterota	1926.135	0.0	963.0675	2147.23	1705.04	0.0	0.0	1073.615
los	None	dead	0.0	0.0	0.0	0.0	0.0	0.0	0.0	0.0
hgt	None	dead	0.0	0.0	0.0	0.0	0.0	0.0	0.0	0.0
hgt	None	dead	0.0	0.0	0.0	0.0	0.0	0.0	0.0	0.0
spe	850	846	2241.395	1968.67	2105.0325	2441.02	2041.77	2201.27	1736.07	2088.545
los	846	GCF.001611275.1.Bacteria.Desulfobacterota	1968.67	0.0	984.335	2201.27	1736.07	0.0	0.0	1100.635
dup	None	dead	0.0	0.0	0.0	0.0	0.0	0.0	0.0	0.0
hgt	1015	GCA.002790835.1.Bacteria.Krumholzibacteriota	2028.76	0.0	1014.38	2298.38	1759.14	0.0	0.0	1149.19
los	None	dead	0.0	0.0	0.0	0.0	0.0	0.0	0.0	0.0
hgt	361	353	2290.69	2130.965	2210.8275	2497.86	2083.52	2351.41	1910.52	2204.19
los	None	dead	0.0	0.0	0.0	0.0	0.0	0.0	0.0	0.0
hgt	None	dead	0.0	0.0	0.0	0.0	0.0	0.0	0.0	0.0
hgt	706	GCA.002327305.1.Bacteria.Acidobacteriota	1754.72	0.0	877.36	1977.7	1531.74	0.0	0.0	988.85
los	None	dead	0.0	0.0	0.0	0.0	0.0	0.0	0.0	0.0
spe	361	353	2290.69	2130.965	2210.8275	2497.86	2083.52	2351.41	1910.52	2204.19
hgt	None	dead	0.0	0.0	0.0	0.0	0.0	0.0	0.0	0.0
hgt	282	GCF.900105685.1.Bacteria.Verrucomicrobiota	1352.755	0.0	676.3775	1605.89	1099.62	0.0	0.0	802.945
hgt	288	GCA.002382525.1.Bacteria.Verrucomicrobiota	1623.24	0.0	811.62	1880.16	1366.32	0.0	0.0	940.08
los	None	dead	0.0	0.0	0.0	0.0	0.0	0.0	0.0	0.0
hgt	None	dead	0.0	0.0	0.0	0.0	0.0	0.0	0.0	0.0
hgt	486	GCF.000264455.2.Bacteria.Proteobacteria	1342.71	0.0	671.355	1498.9	1186.52	0.0	0.0	749.45
hgt	332	GCA.002364485.1.Bacteria.Planctomycetota	994.0835	0.0	497.04175	1195.01	793.157	0.0	0.0	597.505
hgt	1177	GCA.001464275.1.Bacteria.Actinobacteriota	1403.585	0.0	701.7925	1668.18	1138.99	0.0	0.0	834.09
hgt	714	GCA.002731215.1.Bacteria.Acidobacteriota	2396.315	0.0	1198.1575	2582.71	2209.92	0.0	0.0	1291.355
los	None	dead	0.0	0.0	0.0	0.0	0.0	0.0	0.0	0.0
hgt	711	GCA.001664505.1.Bacteria.Acidobacteriota	1840.1	0.0	920.05	2042.75	1637.45	0.0	0.0	1021.375
hgt	350	GCA.003509045.1.Bacteria.Planctomycetota	1478.92	0.0	739.46	1725.22	1232.62	0.0	0.0	862.61
hgt	557	GCA.002007405.1.Bacteria.Proteobacteria	1159.506	0.0	579.753	1333.32	985.692	0.0	0.0	666.66
hgt	1076	GCF.900142435.1.Bacteria.Aquificota	1416.635	0.0	708.3175	1692.52	1140.75	0.0	0.0	846.26
spe	353	347	2130.965	1965.575	2048.27	2351.41	1910.52	2194.16	1736.99	2044.2
hgt	533	532	1994.64	1609.445	1802.0425	2150.09	1839.19	1820.16	1398.73	1774.41
spe	347	345	1965.575	1671.41	1818.4925	2194.16	1736.99	1909.09	1433.73	1813.945
los	345	GCA.002746235.1.Bacteria.Planctomycetota	1671.41	0.0	835.705	1909.09	1433.73	0.0	0.0	954.545
hgt	None	dead	0.0	0.0	0.0	0.0	0.0	0.0	0.0	0.0
hgt	636	GCA.002840095.1.Bacteria.Proteobacteria	1563.065	0.0	781.5325	1706.55	1419.58	0.0	0.0	853.275
hgt	328	327	1796.445	1506.63	1651.5375	2017.05	1575.84	1727.92	1285.34	1651.195
los	None	dead	0.0	0.0	0.0	0.0	0.0	0.0	0.0	0.0
spe	328	327	1796.445	1506.63	1651.5375	2017.05	1575.84	1727.92	1285.34	1651.195
spe	327	326	1506.63	1183.194	1344.912	1727.92	1285.34	1405.44	960.948	1344.434
los	326	GCF.900129635.1.Bacteria.Planctomycetota	1183.194	0.0	591.597	1405.44	960.948	0.0	0.0	702.72
spe	533	532	1994.64	1609.445	1802.0425	2150.09	1839.19	1820.16	1398.73	1774.41
hgt	612	GCF.003612015.1.Bacteria.Proteobacteria	1154.76	0.0	577.38	1302.07	1007.45	0.0	0.0	651.035
hgt	674	GCA.002298155.1.Bacteria.Acidobacteriota	1880.64	0.0	940.32	2129.25	1632.03	0.0	0.0	1064.625
hgt	None	dead	0.0	0.0	0.0	0.0	0.0	0.0	0.0	0.0
hgt	321	GCA.003136555.1.Bacteria.Planctomycetota	2405.83	0.0	1202.915	2641.62	2170.04	0.0	0.0	1320.81
hgt	660	659	2520.845	1438.4	1979.6225	2755.25	2286.44	1756.87	1119.93	1937.59
hgt	529	GCA.002420425.1.Bacteria.Proteobacteria	1776.585	0.0	888.2925	1957.62	1595.55	0.0	0.0	978.81
hgt	613	GCF.003097315.1.Bacteria.Proteobacteria	1308.6	0.0	654.3	1448.11	1169.09	0.0	0.0	724.055
los	None	dead	0.0	0.0	0.0	0.0	0.0	0.0	0.0	0.0
hgt	1720	GCF.000484535.1.Bacteria.Cyanobacteria	2612.48	0.0	1306.24	2696.4	2528.56	0.0	0.0	1348.2
spe	660	659	2520.845	1438.4	1979.6225	2755.25	2286.44	1756.87	1119.93	1937.59
hgt	183	GCA.002402105.1.Bacteria.UBP17	2942.325	0.0	1471.1625	3395.25	2489.4	0.0	0.0	1697.625
hgt	634	GCF.002020875.1.Bacteria.Proteobacteria	1398.775	0.0	699.3875	1567.28	1230.27	0.0	0.0	783.64
spe	353	352	2130.965	1718.42	1924.6925	2351.41	1910.52	1950.1	1486.74	1919.075
los	352	350	1718.42	1478.92	1598.67	1950.1	1486.74	1725.22	1232.62	1591.36
hgt	None	dead	0.0	0.0	0.0	0.0	0.0	0.0	0.0	0.0
hgt	159	GCA.002049455.2.Eukaryota.Rhodophyta	1074.125	0.0	537.0625	1097.88	1050.37	0.0	0.0	548.94
los	None	dead	0.0	0.0	0.0	0.0	0.0	0.0	0.0	0.0
hgt	1136	GCA.003157385.1.Bacteria.Actinobacteriota	2343.38	0.0	1171.69	2620.61	2066.15	0.0	0.0	1310.305
hgt	834	GCA.001798605.1.Bacteria.Myxococcota	1804.155	0.0	902.0775	1986.48	1621.83	0.0	0.0	993.24
los	None	dead	0.0	0.0	0.0	0.0	0.0	0.0	0.0	0.0
hgt	None	dead	0.0	0.0	0.0	0.0	0.0	0.0	0.0	0.0
hgt	1469	GCA.001898225.1.Bacteria.Chloroflexota	1899.175	0.0	949.5875	2149.99	1648.36	0.0	0.0	1074.995
hgt	397	GCF.000526155.1.Bacteria.Desulfobacterota	2952.9	0.0	1476.45	3107.01	2798.79	0.0	0.0	1553.505
los	None	dead	0.0	0.0	0.0	0.0	0.0	0.0	0.0	0.0
spe	850	849	2241.395	1883.095	2062.245	2441.02	2041.77	2117.85	1648.34	2044.68
spe	897	896	2852.85	2619.11	2735.98	3010.8	2694.9	2824.05	2414.17	2712.485
los	896	895	2619.11	2183.84	2401.475	2824.05	2414.17	2461.79	1905.89	2364.97
hgt	None	dead	0.0	0.0	0.0	0.0	0.0	0.0	0.0	0.0
hgt	738	737	2317.13	2105.695	2211.4125	2529.7	2104.56	2336.12	1875.27	2202.485
los	None	dead	0.0	0.0	0.0	0.0	0.0	0.0	0.0	0.0
spe	738	737	2317.13	2105.695	2211.4125	2529.7	2104.56	2336.12	1875.27	2202.485
spe	737	736	2105.695	1826.19	1965.9425	2336.12	1875.27	2087.86	1564.52	1950.32
los	736	GCA.001803795.1.Bacteria.Nitrospirota	1826.19	0.0	913.095	2087.86	1564.52	0.0	0.0	1043.93
spe	737	733	2105.695	1608.54	1857.1175	2336.12	1875.27	1850.52	1366.56	1851.34
los	733	732	1608.54	1363.035	1485.7875	1850.52	1366.56	1611.92	1114.15	1482.335
spe	896	892	2619.11	2105.205	2362.1575	2824.05	2414.17	2398.65	1811.76	2317.905
los	892	GCA.001873295.1.Bacteria.CG2.30.70.394	2105.205	0.0	1052.6025	2398.65	1811.76	0.0	0.0	1199.325
hgt	None	dead	0.0	0.0	0.0	0.0	0.0	0.0	0.0	0.0
hgt	753	GCA.001803565.1.Bacteria.Nitrospinota.B	2050.24	0.0	1025.12	2289.58	1810.9	0.0	0.0	1144.79
los	None	dead	0.0	0.0	0.0	0.0	0.0	0.0	0.0	0.0
hgt	None	dead	0.0	0.0	0.0	0.0	0.0	0.0	0.0	0.0
hgt	861	GCA.002327985.1.Bacteria.Desulfobacterota	1594.73	0.0	797.365	1807.63	1381.83	0.0	0.0	903.815
los	None	dead	0.0	0.0	0.0	0.0	0.0	0.0	0.0	0.0
hgt	None	dead	0.0	0.0	0.0	0.0	0.0	0.0	0.0	0.0
spe	1393	1392	3573.7	3456.59	3515.145	3702.34	3445.06	3587.78	3325.4	3513.87
spe	1392	1391	3456.59	3155.64	3306.115	3587.78	3325.4	3298.49	3012.79	3300.285
los	1391	1211	3155.64	2902.885	3029.2625	3298.49	3012.79	3083.37	2722.4	3010.445
spe	1391	1390	3155.64	3037.655	3096.6475	3298.49	3012.79	3183.96	2891.35	3094.92
spe	1390	1218	3037.655	2844.535	2941.095	3183.96	2891.35	3032.89	2656.18	2920.07
los	1218	GCA.001513125.1.Bacteria.DTU030	2844.535	0.0	1422.2675	3032.89	2656.18	0.0	0.0	1516.445
spe	1218	1216	2844.535	2236.855	2540.695	3032.89	2656.18	2504.52	1969.19	2501.04
los	1216	1215	2236.855	1553.665	1895.26	2504.52	1969.19	1859.72	1247.61	1876.065
spe	1390	1389	3037.655	2954.69	2996.1725	3183.96	2891.35	3102.64	2806.74	2995.35
spe	1389	1237	2954.69	2499.645	2727.1675	3102.64	2806.74	2691.67	2307.62	2705.13
los	1237	1236	2499.645	2327.67	2413.6575	2691.67	2307.62	2536.63	2118.71	2405.19
spe	1237	1221	2499.645	2008.115	2253.88	2691.67	2307.62	2274.35	1741.88	2216.775
los	1221	GCA.002375895.1.Bacteria.Firmicutes.E	2008.115	0.0	1004.0575	2274.35	1741.88	0.0	0.0	1137.175
spe	1389	1388	2954.69	2796.04	2875.365	3102.64	2806.74	2947.92	2644.16	2873.4
los	1388	1387	2796.04	2728.885	2762.4625	2947.92	2644.16	2879.75	2578.02	2762.97
spe	1388	1274	2796.04	2556.69	2676.365	2947.92	2644.16	2724.36	2389.02	2668.47
los	1274	1273	2556.69	2327.63	2442.16	2724.36	2389.02	2507.54	2147.72	2436.04
spe	1274	1240	2556.69	2176.58	2366.635	2724.36	2389.02	2395.16	1958.0	2341.18
hgt	1297	1296	1941.385	1757.76	1849.5725	2141.08	1741.69	1982.79	1532.73	1836.905
hgt	1218	GCA.001513125.1.Bacteria.DTU030	2844.535	0.0	1422.2675	3032.89	2656.18	0.0	0.0	1516.445
hgt	1233	GCA.002291985.1.Bacteria.Firmicutes.E	1459.0	0.0	729.5	1712.32	1205.68	0.0	0.0	856.16
spe	1297	1296	1941.385	1757.76	1849.5725	2141.08	1741.69	1982.79	1532.73	1836.905
spe	1392	1188	3456.59	3093.335	3274.9625	3587.78	3325.4	3261.52	2925.15	3256.465
hgt	None	dead	0.0	0.0	0.0	0.0	0.0	0.0	0.0	0.0
los	1188	GCA.002779205.1.Bacteria.Actinobacteriota	3093.335	0.0	1546.6675	3261.52	2925.15	0.0	0.0	1630.76
hgt	1327	1326	2593.555	2394.985	2494.27	2753.26	2433.85	2562.74	2227.23	2490.245
los	None	dead	0.0	0.0	0.0	0.0	0.0	0.0	0.0	0.0
spe	1327	1326	2593.555	2394.985	2494.27	2753.26	2433.85	2562.74	2227.23	2490.245
spe	1326	1325	2394.985	2206.925	2300.955	2562.74	2227.23	2374.4	2039.45	2301.095
los	1325	1297	2206.925	1941.385	2074.155	2374.4	2039.45	2141.08	1741.69	2058.045
spe	1325	1324	2206.925	2099.855	2153.39	2374.4	2039.45	2268.52	1931.19	2152.795
spe	1324	1323	2099.855	2012.64	2056.2475	2268.52	1931.19	2185.24	1840.04	2054.28
hgt	None	dead	0.0	0.0	0.0	0.0	0.0	0.0	0.0	0.0
los	1323	1322	2012.64	1664.355	1838.4975	2185.24	1840.04	1866.79	1461.92	1823.58
hgt	801	GCA.001797815.1.Bacteria.RBG.13.61.14	2014.795	0.0	1007.3975	2227.16	1802.43	0.0	0.0	1113.58
los	None	dead	0.0	0.0	0.0	0.0	0.0	0.0	0.0	0.0
spe	1323	1319	2012.64	1887.42	1950.03	2185.24	1840.04	2065.19	1709.65	1947.445
spe	1319	1318	1887.42	1776.335	1831.8775	2065.19	1709.65	1960.49	1592.18	1828.685
los	1318	1317	1776.335	1176.776	1476.5555	1960.49	1592.18	1371.35	982.202	1471.346
spe	1318	1312	1776.335	1489.285	1632.81	1960.49	1592.18	1697.39	1281.18	1620.835
los	1312	GCF.002607855.1.Bacteria.Firmicutes.B	1489.285	0.0	744.6425	1697.39	1281.18	0.0	0.0	848.695
hgt	1425	GCA.003229915.1.Bacteria.Chloroflexota	1957.375	0.0	978.6875	2183.94	1730.81	0.0	0.0	1091.97
spe	1324	1308	2099.855	1873.47	1986.6625	2268.52	1931.19	2054.46	1692.48	1980.5
spe	1308	1307	1873.47	1657.525	1765.4975	2054.46	1692.48	1841.63	1473.42	1763.94
spe	1307	1305	1657.525	1479.61	1568.5675	1841.63	1473.42	1675.63	1283.59	1562.61
los	1305	1304	1479.61	1181.512	1330.561	1675.63	1283.59	1388.17	974.854	1325.242
spe	1308	1300	1873.47	1522.13	1697.8	2054.46	1692.48	1724.92	1319.34	1686.9
hgt	None	dead	0.0	0.0	0.0	0.0	0.0	0.0	0.0	0.0
los	1300	GCF.000620305.1.Bacteria.Firmicutes.B	1522.13	0.0	761.065	1724.92	1319.34	0.0	0.0	862.46
hgt	1315	GCF.002224645.1.Bacteria.Firmicutes.B	994.8405	0.0	497.42025	1191.01	798.671	0.0	0.0	595.505
los	None	dead	0.0	0.0	0.0	0.0	0.0	0.0	0.0	0.0
spe	1326	1292	2394.985	1918.11	2156.5475	2562.74	2227.23	2144.78	1691.44	2127.09
hgt	1216	1215	2236.855	1553.665	1895.26	2504.52	1969.19	1859.72	1247.61	1876.065
hgt	None	dead	0.0	0.0	0.0	0.0	0.0	0.0	0.0	0.0
hgt	1341	GCF.001311905.1.Bacteria.Firmicutes	1532.885	0.0	766.4425	1733.11	1332.66	0.0	0.0	866.555
hgt	1351	1347	1566.59	1266.54	1416.565	1730.15	1403.03	1442.62	1090.46	1410.305
los	None	dead	0.0	0.0	0.0	0.0	0.0	0.0	0.0	0.0
spe	1351	1347	1566.59	1266.54	1416.565	1730.15	1403.03	1442.62	1090.46	1410.305
hgt	1355	GCF.004522215.1.Bacteria.Firmicutes	1246.46	0.0	623.23	1408.06	1084.86	0.0	0.0	704.03
hgt	1245	GCA.002399285.1.Bacteria.Firmicutes.A	1582.345	0.0	791.1725	1800.83	1363.86	0.0	0.0	900.415
hgt	1271	1259	1864.085	1790.12	1827.1025	2041.31	1686.86	1969.14	1611.1	1826.205
hgt	267	GCA.002428325.1.Bacteria.UBP4	2714.255	0.0	1357.1275	3000.58	2427.93	0.0	0.0	1500.29
spe	1271	1259	1864.085	1790.12	1827.1025	2041.31	1686.86	1969.14	1611.1	1826.205
spe	1259	1258	1790.12	1529.515	1659.8175	1969.14	1611.1	1715.08	1343.95	1656.545
hgt	1288	1287	1693.72	1417.98	1555.85	1906.24	1481.2	1642.01	1193.95	1550.095
los	1258	1257	1529.515	1329.735	1429.625	1715.08	1343.95	1555.08	1104.39	1409.735
spe	1288	1287	1693.72	1417.98	1555.85	1906.24	1481.2	1642.01	1193.95	1550.095
spe	1287	1285	1417.98	1310.93	1364.455	1642.01	1193.95	1527.17	1094.69	1368.35
los	1285	1284	1310.93	1020.5295	1165.72975	1527.17	1094.69	1232.09	808.969	1168.0695
spe	1285	1281	1310.93	1090.0515	1200.49075	1527.17	1094.69	1297.44	882.663	1204.9165
los	1281	1280	1090.0515	922.663	1006.35725	1297.44	882.663	1124.05	721.276	1009.358
spe	1259	1253	1790.12	1647.265	1718.6925	1969.14	1611.1	1829.72	1464.81	1716.975
spe	1253	1252	1647.265	1454.05	1550.6575	1829.72	1464.81	1642.28	1265.82	1547.77
hgt	1269	GCF.002252565.1.Bacteria.Firmicutes.A	1505.09	0.0	752.545	1679.35	1330.83	0.0	0.0	839.675
los	1252	1251	1454.05	1274.235	1364.1425	1642.28	1265.82	1470.58	1077.89	1360.085
hgt	None	dead	0.0	0.0	0.0	0.0	0.0	0.0	0.0	0.0
hgt	1375	GCF.000178255.1.Bacteria.Firmicutes	767.299	0.0	383.6495	885.979	648.619	0.0	0.0	442.9895
los	None	dead	0.0	0.0	0.0	0.0	0.0	0.0	0.0	0.0
hgt	1655	GCA.001771505.1.Bacteria.Margulisbacteria	2252.155	0.0	1126.0775	2572.62	1931.69	0.0	0.0	1286.31
hgt	1280	GCF.900104455.1.Bacteria.Firmicutes.C	922.663	0.0	461.3315	1124.05	721.276	0.0	0.0	562.025
spe	1216	1215	2236.855	1553.665	1895.26	2504.52	1969.19	1859.72	1247.61	1876.065
hgt	216	GCA.001805575.1.Bacteria.Omnitrophota	1438.35	0.0	719.175	1648.45	1228.25	0.0	0.0	824.225
hgt	1263	GCA.002307275.1.Bacteria.Firmicutes.A	1119.073	0.0	559.5365	1316.22	921.926	0.0	0.0	658.11
hgt	1029	GCA.001777915.1.Bacteria.Edwardsbacteria	2028.8	0.0	1014.4	2272.61	1784.99	0.0	0.0	1136.305
hgt	1304	GCA.002352935.1.Bacteria.Firmicutes.B	1181.512	0.0	590.756	1388.17	974.854	0.0	0.0	694.085
hgt	198	GCA.001871015.1.Bacteria.Desantisbacteria	2391.375	0.0	1195.6875	2665.73	2117.02	0.0	0.0	1332.865
spe	1188	1187	3093.335	3023.46	3058.3975	3261.52	2925.15	3189.86	2857.06	3059.29
hgt	None	dead	0.0	0.0	0.0	0.0	0.0	0.0	0.0	0.0
hgt	376	GCA.002418835.1.Bacteria.Spirochaetota	2123.16	0.0	1061.58	2358.98	1887.34	0.0	0.0	1179.49
los	None	dead	0.0	0.0	0.0	0.0	0.0	0.0	0.0	0.0
hgt	None	dead	0.0	0.0	0.0	0.0	0.0	0.0	0.0	0.0
spe	1187	1186	3023.46	2887.55	2955.505	3189.86	2857.06	3070.95	2704.15	2947.005
spe	1186	1136	2887.55	2343.38	2615.465	3070.95	2704.15	2620.61	2066.15	2568.55
los	1136	GCA.003157385.1.Bacteria.Actinobacteriota	2343.38	0.0	1171.69	2620.61	2066.15	0.0	0.0	1310.305
spe	1186	1185	2887.55	2722.52	2805.035	3070.95	2704.15	2913.33	2531.71	2801.33
los	1185	1169	2722.52	2330.49	2526.505	2913.33	2531.71	2541.69	2119.29	2516.31
hgt	1210	1209	2730.93	2349.065	2539.9975	2941.58	2520.28	2623.27	2074.86	2508.22
spe	1185	1184	2722.52	2566.03	2644.275	2913.33	2531.71	2768.44	2363.62	2638.475
los	1184	1183	2566.03	1976.055	2271.0425	2768.44	2363.62	2250.56	1701.55	2234.995
spe	1184	1180	2566.03	2135.205	2350.6175	2768.44	2363.62	2374.94	1895.47	2331.955
hgt	1454	1446	2138.89	1892.56	2015.725	2343.0	1934.78	2094.3	1690.82	2016.91
los	1180	GCF.001029505.1.Bacteria.Actinobacteriota	2135.205	0.0	1067.6025	2374.94	1895.47	0.0	0.0	1187.47
hgt	1470	1469	2082.735	1899.175	1990.955	2316.34	1849.13	2149.99	1648.36	1982.35
spe	1454	1446	2138.89	1892.56	2015.725	2343.0	1934.78	2094.3	1690.82	2016.91
spe	1446	1440	1892.56	1749.24	1820.9	2094.3	1690.82	1951.59	1546.89	1820.595
los	1440	1439	1749.24	1503.92	1626.58	1951.59	1546.89	1702.99	1304.85	1628.22
spe	1446	1445	1892.56	1683.66	1788.11	2094.3	1690.82	1884.49	1482.83	1788.565
los	1445	1444	1683.66	1493.995	1588.8275	1884.49	1482.83	1710.68	1277.31	1580.9
hgt	746	GCF.900079095.1.Bacteria.Tectomicrobia	1971.165	0.0	985.5825	2267.78	1674.55	0.0	0.0	1133.89
spe	1470	1469	2082.735	1899.175	1990.955	2316.34	1849.13	2149.99	1648.36	1982.35
spe	1469	1467	1899.175	1752.37	1825.7725	2149.99	1648.36	2017.47	1487.27	1818.63
los	1467	GCA.002440805.1.Bacteria.Chloroflexota	1752.37	0.0	876.185	2017.47	1487.27	0.0	0.0	1008.735
hgt	1462	GCA.002436065.1.Bacteria.Chloroflexota	2240.595	0.0	1120.2975	2485.08	1996.11	0.0	0.0	1242.54
spe	1180	1179	2135.205	1811.215	1973.21	2374.94	1895.47	2055.86	1566.57	1970.755
spe	1179	1173	1811.215	1583.875	1697.545	2055.86	1566.57	1841.44	1326.31	1691.085
spe	1179	1178	1811.215	1623.895	1717.555	2055.86	1566.57	1870.86	1376.93	1716.395
los	1178	1177	1623.895	1403.585	1513.74	1870.86	1376.93	1668.18	1138.99	1504.925
hgt	None	dead	0.0	0.0	0.0	0.0	0.0	0.0	0.0	0.0
hgt	167	166	1031.0195	815.5625	923.291	1134.18	927.859	940.789	690.336	912.258
los	None	dead	0.0	0.0	0.0	0.0	0.0	0.0	0.0	0.0
spe	167	166	1031.0195	815.5625	923.291	1134.18	927.859	940.789	690.336	912.258
spe	166	165	815.5625	570.5515	693.057	940.789	690.336	716.091	425.012	682.9005
spe	1210	1209	2730.93	2349.065	2539.9975	2941.58	2520.28	2623.27	2074.86	2508.22
hgt	1337	GCF.000092905.1.Bacteria.Firmicutes	1327.38	0.0	663.69	1542.2	1112.56	0.0	0.0	771.1
spe	1209	1208	2349.065	2154.735	2251.9	2623.27	2074.86	2464.94	1844.53	2233.9
hgt	None	dead	0.0	0.0	0.0	0.0	0.0	0.0	0.0	0.0
los	1208	GCA.900016865.1.Bacteria.Firmicutes.G	2154.735	0.0	1077.3675	2464.94	1844.53	0.0	0.0	1232.47
hgt	874	873	1902.135	1746.56	1824.3475	2083.11	1721.16	1934.16	1558.96	1821.035
los	None	dead	0.0	0.0	0.0	0.0	0.0	0.0	0.0	0.0
spe	874	873	1902.135	1746.56	1824.3475	2083.11	1721.16	1934.16	1558.96	1821.035
spe	873	871	1746.56	1489.29	1617.925	1934.16	1558.96	1692.73	1285.85	1610.005
los	871	GCA.002899795.1.Bacteria.Desulfobacterota	1489.29	0.0	744.645	1692.73	1285.85	0.0	0.0	846.365
hgt	193	GCA.001873945.1.Bacteria.UBA9089	2357.525	0.0	1178.7625	2650.07	2064.98	0.0	0.0	1325.035
hgt	1425	1424	1957.375	1821.17	1889.2725	2183.94	1730.81	2044.52	1597.82	1890.88
los	None	dead	0.0	0.0	0.0	0.0	0.0	0.0	0.0	0.0
spe	1425	1424	1957.375	1821.17	1889.2725	2183.94	1730.81	2044.52	1597.82	1890.88
spe	1424	1422	1821.17	1675.19	1748.18	2044.52	1597.82	1898.81	1451.57	1748.045
los	1422	GCA.003484395.1.Bacteria.Chloroflexota	1675.19	0.0	837.595	1898.81	1451.57	0.0	0.0	949.405
spe	1422	1421	1675.19	1634.78	1654.985	1898.81	1451.57	1858.01	1411.55	1655.18
los	1421	GCA.002347295.1.Bacteria.Chloroflexota	1634.78	0.0	817.39	1858.01	1411.55	0.0	0.0	929.005
spe	1421	1419	1634.78	1500.065	1567.4225	1858.01	1411.55	1725.81	1274.32	1566.165
hgt	None	dead	0.0	0.0	0.0	0.0	0.0	0.0	0.0	0.0
spe	1187	1133	3023.46	2425.095	2724.2775	3189.86	2857.06	2688.38	2161.81	2675.835
hgt	1463	1462	2342.68	2240.595	2291.6375	2569.78	2115.58	2485.08	1996.11	2282.945
los	None	dead	0.0	0.0	0.0	0.0	0.0	0.0	0.0	0.0
spe	1463	1462	2342.68	2240.595	2291.6375	2569.78	2115.58	2485.08	1996.11	2282.945
hgt	1476	1454	2705.185	2138.89	2422.0375	2890.77	2519.6	2343.0	1934.78	2412.775
spe	1462	1461	2240.595	1858.39	2049.4925	2485.08	1996.11	2155.55	1561.23	2023.155
los	1461	GCA.002413265.1.Bacteria.Chloroflexota	1858.39	0.0	929.195	2155.55	1561.23	0.0	0.0	1077.775
spe	1476	1454	2705.185	2138.89	2422.0375	2890.77	2519.6	2343.0	1934.78	2412.775
hgt	1463	1457	2342.68	1912.015	2127.3475	2569.78	2115.58	2189.96	1634.07	2101.925
spe	1454	1446	2138.89	1892.56	2015.725	2343.0	1934.78	2094.3	1690.82	2016.91
spe	1446	1445	1892.56	1683.66	1788.11	2094.3	1690.82	1884.49	1482.83	1788.565
hgt	1449	GCA.002400365.1.Bacteria.Chloroflexota	1825.905	0.0	912.9525	2055.21	1596.6	0.0	0.0	1027.605
spe	1445	1444	1683.66	1493.995	1588.8275	1884.49	1482.83	1710.68	1277.31	1580.9
hgt	None	dead	0.0	0.0	0.0	0.0	0.0	0.0	0.0	0.0
los	1444	GCA.003451595.1.Bacteria.Chloroflexota	1493.995	0.0	746.9975	1710.68	1277.31	0.0	0.0	855.34
hgt	1440	GCF.001306175.1.Bacteria.Chloroflexota	1749.24	0.0	874.62	1951.59	1546.89	0.0	0.0	975.795
los	None	dead	0.0	0.0	0.0	0.0	0.0	0.0	0.0	0.0
spe	1446	1440	1892.56	1749.24	1820.9	2094.3	1690.82	1951.59	1546.89	1820.595
los	1440	GCF.001306175.1.Bacteria.Chloroflexota	1749.24	0.0	874.62	1951.59	1546.89	0.0	0.0	975.795
spe	1440	1439	1749.24	1503.92	1626.58	1951.59	1546.89	1702.99	1304.85	1628.22
spe	1439	1438	1503.92	1310.445	1407.1825	1702.99	1304.85	1509.7	1111.19	1407.09
los	1438	GCA.002841995.1.Bacteria.Chloroflexota	1310.445	0.0	655.2225	1509.7	1111.19	0.0	0.0	754.85
spe	1438	1437	1310.445	1179.4025	1244.92375	1509.7	1111.19	1379.79	979.015	1244.3575
los	1437	GCA.002702065.1.Bacteria.Chloroflexota	1179.4025	0.0	589.70125	1379.79	979.015	0.0	0.0	689.895
spe	1463	1457	2342.68	1912.015	2127.3475	2569.78	2115.58	2189.96	1634.07	2101.925
hgt	None	dead	0.0	0.0	0.0	0.0	0.0	0.0	0.0	0.0
hgt	1109	GCA.002898895.1.Bacteria.Armatimonadota	2109.385	0.0	1054.6925	2401.88	1816.89	0.0	0.0	1200.94
hgt	210	GCA.002796105.1.Bacteria.Omnitrophota	1714.94	0.0	857.47	1944.87	1485.01	0.0	0.0	972.435
los	None	dead	0.0	0.0	0.0	0.0	0.0	0.0	0.0	0.0
spe	1454	1453	2138.89	2041.27	2090.08	2343.0	1934.78	2251.3	1831.24	2087.12
spe	1453	1449	2041.27	1825.905	1933.5875	2251.3	1831.24	2055.21	1596.6	1923.95
los	1449	GCA.002400365.1.Bacteria.Chloroflexota	1825.905	0.0	912.9525	2055.21	1596.6	0.0	0.0	1027.605
spe	1453	1452	2041.27	1560.03	1800.65	2251.3	1831.24	1846.56	1273.5	1762.4
los	1452	GCA.002423325.1.Bacteria.Chloroflexota	1560.03	0.0	780.015	1846.56	1273.5	0.0	0.0	923.28
hgt	236	GCA.002412545.1.Bacteria.Elusimicrobiota	1711.295	0.0	855.6475	1934.56	1488.03	0.0	0.0	967.28
hgt	668	GCA.002010665.1.Bacteria.Acidobacteriota	1532.235	0.0	766.1175	1800.98	1263.49	0.0	0.0	900.49
los	None	dead	0.0	0.0	0.0	0.0	0.0	0.0	0.0	0.0
hgt	1667	GCA.003503675.1.Bacteria.Cyanobacteria	2867.145	0.0	1433.5725	3021.27	2713.02	0.0	0.0	1510.635
hgt	198	GCA.002478245.1.Bacteria.UBP18	2391.375	0.0	1195.6875	2665.73	2117.02	0.0	0.0	1332.865
hgt	359	GCF.000949635.1.Bacteria.Planctomycetota	1819.66	0.0	909.83	2067.21	1572.11	0.0	0.0	1033.605
