event	left_node	right_node	left_date	right_date	midpoint_date	left_date_lower	left_date_upper	right_date_lower	right_date_upper	midpoint_date_all
hgt	None	dead	0.0	0.0	0.0	0.0	0.0	0.0	0.0	0.0
hgt	646	588	1850.35	1741.465	1795.9075	1979.31	1721.39	1880.38	1602.55	1790.93
hgt	692	GCA.003152325.1.Bacteria.Acidobacteriota	1105.2925	0.0	552.64625	1299.2	911.385	0.0	0.0	649.6
los	None	dead	0.0	0.0	0.0	0.0	0.0	0.0	0.0	0.0
spe	646	588	1850.35	1741.465	1795.9075	1979.31	1721.39	1880.38	1602.55	1790.93
hgt	553	GCF.001641825.1.Bacteria.Proteobacteria	1585.42	0.0	792.71	1735.79	1435.05	0.0	0.0	867.895
hgt	None	dead	0.0	0.0	0.0	0.0	0.0	0.0	0.0	0.0
spe	588	587	1741.465	1367.14	1554.3025	1880.38	1602.55	1518.25	1216.03	1548.205
los	587	586	1367.14	1254.4	1310.77	1518.25	1216.03	1410.43	1098.37	1308.31
spe	587	581	1367.14	1215.78	1291.46	1518.25	1216.03	1373.53	1058.03	1288.14
los	581	579	1215.78	935.164	1075.472	1373.53	1058.03	1112.18	758.148	1065.839
dup	None	dead	0.0	0.0	0.0	0.0	0.0	0.0	0.0	0.0
hgt	598	GCA.002292285.1.Bacteria.Proteobacteria	872.755	0.0	436.3775	1022.28	723.23	0.0	0.0	511.14
los	None	dead	0.0	0.0	0.0	0.0	0.0	0.0	0.0	0.0
hgt	746	GCF.900079095.1.Bacteria.Tectomicrobia	1971.165	0.0	985.5825	2267.78	1674.55	0.0	0.0	1133.89
hgt	439	GCA.002723345.1.Bacteria.Proteobacteria	1378.685	0.0	689.3425	1531.25	1226.12	0.0	0.0	765.625
hgt	492	GCF.002798435.1.Bacteria.Proteobacteria	1215.16	0.0	607.58	1364.8	1065.52	0.0	0.0	682.4
los	None	dead	0.0	0.0	0.0	0.0	0.0	0.0	0.0	0.0
hgt	436	435	1682.45	1491.68	1587.065	1827.26	1537.64	1647.81	1335.55	1581.405
hgt	None	dead	0.0	0.0	0.0	0.0	0.0	0.0	0.0	0.0
hgt	462	GCF.000315795.1.Bacteria.Proteobacteria	1029.85	0.0	514.925	1187.35	872.35	0.0	0.0	593.675
los	None	dead	0.0	0.0	0.0	0.0	0.0	0.0	0.0	0.0
spe	436	435	1682.45	1491.68	1587.065	1827.26	1537.64	1647.81	1335.55	1581.405
spe	435	434	1491.68	1283.94	1387.81	1647.81	1335.55	1452.9	1114.98	1381.395
los	434	GCA.002238885.1.Bacteria.Proteobacteria	1283.94	0.0	641.97	1452.9	1114.98	0.0	0.0	726.45
spe	588	576	1741.465	1593.015	1667.24	1880.38	1602.55	1746.04	1439.99	1660.185
los	576	GCA.002432655.1.Bacteria.Proteobacteria	1593.015	0.0	796.5075	1746.04	1439.99	0.0	0.0	873.02
spe	576	574	1593.015	1337.465	1465.24	1746.04	1439.99	1503.53	1171.4	1458.72
dup	713	699	2232.07	2103.185	2167.6275	2420.07	2044.07	2288.62	1917.75	2168.91
spe	713	699	2232.07	2103.185	2167.6275	2420.07	2044.07	2288.62	1917.75	2168.91
spe	699	698	2103.185	1863.875	1983.53	2288.62	1917.75	2049.06	1678.69	1983.655
los	698	686	1863.875	1646.29	1755.0825	2049.06	1678.69	1843.93	1448.65	1748.855
hgt	None	dead	0.0	0.0	0.0	0.0	0.0	0.0	0.0	0.0
spe	698	697	1863.875	1602.385	1733.13	2049.06	1678.69	1789.82	1414.95	1732.005
hgt	517	GCA.002937675.1.Bacteria.Proteobacteria	2143.98	0.0	1071.99	2284.9	2003.06	0.0	0.0	1142.45
hgt	None	dead	0.0	0.0	0.0	0.0	0.0	0.0	0.0	0.0
hgt	486	GCA.002721365.1.Bacteria.Proteobacteria	1342.71	0.0	671.355	1498.9	1186.52	0.0	0.0	749.45
los	None	dead	0.0	0.0	0.0	0.0	0.0	0.0	0.0	0.0
hgt	741	GCA.003220615.1.Bacteria.Methylomirabilota	2052.975	0.0	1026.4875	2337.08	1768.87	0.0	0.0	1168.54
hgt	None	dead	0.0	0.0	0.0	0.0	0.0	0.0	0.0	0.0
los	697	696	1602.385	1391.24	1496.8125	1789.82	1414.95	1578.29	1204.19	1497.005
hgt	579	GCA.003155415.1.Bacteria.Proteobacteria	935.164	0.0	467.582	1112.18	758.148	0.0	0.0	556.09
los	None	dead	0.0	0.0	0.0	0.0	0.0	0.0	0.0	0.0
dup	579	GCA.003155415.1.Bacteria.Proteobacteria	935.164	0.0	467.582	1112.18	758.148	0.0	0.0	556.09
hgt	944	GCA.002712165.1.Bacteria.Proteobacteria	1392.82	0.0	696.41	1623.46	1162.18	0.0	0.0	811.73
hgt	601	595	1388.16	1179.98	1284.07	1524.4	1251.92	1332.11	1027.85	1276.125
los	None	dead	0.0	0.0	0.0	0.0	0.0	0.0	0.0	0.0
spe	601	595	1388.16	1179.98	1284.07	1524.4	1251.92	1332.11	1027.85	1276.125
hgt	None	dead	0.0	0.0	0.0	0.0	0.0	0.0	0.0	0.0
hgt	724	GCA.001914955.1.Bacteria.Nitrospirota	1584.32	0.0	792.16	1849.0	1319.64	0.0	0.0	924.5
los	None	dead	0.0	0.0	0.0	0.0	0.0	0.0	0.0	0.0
spe	699	681	2103.185	1875.565	1989.375	2288.62	1917.75	2076.39	1674.74	1981.68
spe	681	680	1875.565	1688.545	1782.055	2076.39	1674.74	1915.25	1461.84	1769.115
hgt	585	GCA.002688175.1.Bacteria.Proteobacteria	1064.929	0.0	532.4645	1229.08	900.778	0.0	0.0	614.54
los	680	GCA.003155335.1.Bacteria.Acidobacteriota	1688.545	0.0	844.2725	1915.25	1461.84	0.0	0.0	957.625
hgt	966	GCA.003167015.1.Bacteria.Bacteroidota	1413.085	0.0	706.5425	1615.79	1210.38	0.0	0.0	807.895
hgt	924	GCA.002348465.1.Bacteria.Gemmatimonadota	1818.875	0.0	909.4375	2151.84	1485.91	0.0	0.0	1075.92
hgt	None	dead	0.0	0.0	0.0	0.0	0.0	0.0	0.0	0.0
hgt	598	GCA.002292285.1.Bacteria.Proteobacteria	872.755	0.0	436.3775	1022.28	723.23	0.0	0.0	511.14
los	None	dead	0.0	0.0	0.0	0.0	0.0	0.0	0.0	0.0
spe	713	699	2232.07	2103.185	2167.6275	2420.07	2044.07	2288.62	1917.75	2168.91
spe	699	698	2103.185	1863.875	1983.53	2288.62	1917.75	2049.06	1678.69	1983.655
los	698	686	1863.875	1646.29	1755.0825	2049.06	1678.69	1843.93	1448.65	1748.855
spe	698	697	1863.875	1602.385	1733.13	2049.06	1678.69	1789.82	1414.95	1732.005
los	697	696	1602.385	1391.24	1496.8125	1789.82	1414.95	1578.29	1204.19	1497.005
spe	699	681	2103.185	1875.565	1989.375	2288.62	1917.75	2076.39	1674.74	1981.68
los	681	680	1875.565	1688.545	1782.055	2076.39	1674.74	1915.25	1461.84	1769.115
dup	681	GCA.002712885.1.Bacteria.Acidobacteriota	1875.565	0.0	937.7825	2076.39	1674.74	0.0	0.0	1038.195
