event	left_node	right_node	left_date	right_date	midpoint_date	left_date_lower	left_date_upper	right_date_lower	right_date_upper	midpoint_date_all
spe	179	178	3191.81	3099.385	3145.5975	3350.16	3033.46	3251.39	2947.38	3148.77
hgt	None	dead	0.0	0.0	0.0	0.0	0.0	0.0	0.0	0.0
hgt	91	90	2116.885	1918.545	2017.715	2292.27	1941.5	2091.75	1745.34	2018.805
los	None	dead	0.0	0.0	0.0	0.0	0.0	0.0	0.0	0.0
spe	91	90	2116.885	1918.545	2017.715	2292.27	1941.5	2091.75	1745.34	2018.805
spe	90	74	1918.545	1703.245	1810.895	2091.75	1745.34	1896.74	1509.75	1800.75
spe	90	89	1918.545	1761.97	1840.2575	2091.75	1745.34	1945.96	1577.98	1834.865
spe	89	88	1761.97	1623.18	1692.575	1945.96	1577.98	1801.29	1445.07	1695.515
los	88	80	1623.18	1389.95	1506.565	1801.29	1445.07	1591.35	1188.55	1494.92
spe	88	87	1623.18	1522.785	1572.9825	1801.29	1445.07	1701.29	1344.28	1572.785
los	87	GCA.002256595.1.Archaea.Halobacteriota	1522.785	0.0	761.3925	1701.29	1344.28	0.0	0.0	850.645
spe	87	86	1522.785	1362.965	1442.875	1701.29	1344.28	1547.03	1178.9	1440.095
los	86	84	1362.965	1194.24	1278.6025	1547.03	1178.9	1377.79	1010.69	1278.86
hgt	None	dead	0.0	0.0	0.0	0.0	0.0	0.0	0.0	0.0
spe	89	77	1761.97	1438.885	1600.4275	1945.96	1577.98	1634.55	1243.22	1594.59
dup	None	dead	0.0	0.0	0.0	0.0	0.0	0.0	0.0	0.0
hgt	84	GCF.000970205.1.Archaea.Halobacteriota	1194.24	0.0	597.12	1377.79	1010.69	0.0	0.0	688.895
los	None	dead	0.0	0.0	0.0	0.0	0.0	0.0	0.0	0.0
hgt	74	GCF.000194625.1.Archaea.Halobacteriota	1703.245	0.0	851.6225	1896.74	1509.75	0.0	0.0	948.37
los	None	dead	0.0	0.0	0.0	0.0	0.0	0.0	0.0	0.0
spe	178	177	3099.385	2898.43	2998.9075	3251.39	2947.38	3033.18	2763.68	3007.535
spe	177	95	2898.43	2719.62	2809.025	3033.18	2763.68	2867.1	2572.14	2802.66
spe	95	39	2719.62	2491.15	2605.385	2867.1	2572.14	2670.09	2312.21	2589.655
los	39	38	2491.15	2097.27	2294.21	2670.09	2312.21	2336.37	1858.17	2264.13
spe	39	35	2491.15	2226.53	2358.84	2670.09	2312.21	2455.5	1997.56	2333.825
los	35	GCA.001587715.1.Archaea.Methanobacteriota.B	2226.53	0.0	1113.265	2455.5	1997.56	0.0	0.0	1227.75
dup	35	GCF.002201895.1.Archaea.Euryarchaeota	2226.53	0.0	1113.265	2455.5	1997.56	0.0	0.0	1227.75
spe	95	94	2719.62	2684.395	2702.0075	2867.1	2572.14	2833.14	2535.65	2701.375
spe	94	42	2684.395	2229.015	2456.705	2833.14	2535.65	2495.46	1962.57	2397.855
los	42	GCA.002502135.1.Archaea.Undinarchaeota	2229.015	0.0	1114.5075	2495.46	1962.57	0.0	0.0	1247.73
spe	94	93	2684.395	2518.68	2601.5375	2833.14	2535.65	2671.84	2365.52	2599.33
los	93	92	2518.68	2403.395	2461.0375	2671.84	2365.52	2557.42	2249.37	2460.605
dup	93	GCF.000025525.1.Archaea.Methanobacteriota.A	2518.68	0.0	1259.34	2671.84	2365.52	0.0	0.0	1335.92
spe	177	176	2898.43	2700.395	2799.4125	3033.18	2763.68	2833.76	2567.03	2800.105
los	176	140	2700.395	2557.41	2628.9025	2833.76	2567.03	2699.59	2415.23	2624.495
hgt	None	dead	0.0	0.0	0.0	0.0	0.0	0.0	0.0	0.0
spe	176	175	2700.395	2596.565	2648.48	2833.76	2567.03	2729.77	2463.36	2648.56
los	175	174	2596.565	2507.51	2552.0375	2729.77	2463.36	2637.51	2377.51	2553.64
spe	175	143	2596.565	2114.17	2355.3675	2729.77	2463.36	2330.65	1897.69	2313.73
los	143	GCA.001563325.1.Archaea.Asgardarchaeota	2114.17	0.0	1057.085	2330.65	1897.69	0.0	0.0	1165.325
hgt	87	86	1522.785	1362.965	1442.875	1701.29	1344.28	1547.03	1178.9	1440.095
los	None	dead	0.0	0.0	0.0	0.0	0.0	0.0	0.0	0.0
spe	87	86	1522.785	1362.965	1442.875	1701.29	1344.28	1547.03	1178.9	1440.095
spe	86	84	1362.965	1194.24	1278.6025	1547.03	1178.9	1377.79	1010.69	1278.86
los	84	GCF.000970205.1.Archaea.Halobacteriota	1194.24	0.0	597.12	1377.79	1010.69	0.0	0.0	688.895
dup	84	GCF.000011005.1.Archaea.Euryarchaeota	1194.24	0.0	597.12	1377.79	1010.69	0.0	0.0	688.895
spe	178	32	3099.385	2666.455	2882.92	3251.39	2947.38	2880.09	2452.82	2852.105
hgt	None	dead	0.0	0.0	0.0	0.0	0.0	0.0	0.0	0.0
hgt	None	dead	0.0	0.0	0.0	0.0	0.0	0.0	0.0	0.0
hgt	123	113	2043.585	1818.745	1931.165	2216.58	1870.59	2020.8	1616.69	1916.635
los	None	dead	0.0	0.0	0.0	0.0	0.0	0.0	0.0	0.0
spe	123	113	2043.585	1818.745	1931.165	2216.58	1870.59	2020.8	1616.69	1916.635
hgt	None	dead	0.0	0.0	0.0	0.0	0.0	0.0	0.0	0.0
hgt	128	GCA.002011075.1.Archaea.Thermoproteota	786.4855	0.0	393.24275	988.339	584.632	0.0	0.0	494.1695
los	None	dead	0.0	0.0	0.0	0.0	0.0	0.0	0.0	0.0
hgt	None	dead	0.0	0.0	0.0	0.0	0.0	0.0	0.0	0.0
spe	32	26	2666.455	482.601	1574.528	2880.09	2452.82	673.097	292.105	1586.0975
hgt	754	753	2306.035	2050.24	2178.1375	2533.64	2078.43	2289.58	1810.9	2172.27
los	None	dead	0.0	0.0	0.0	0.0	0.0	0.0	0.0	0.0
spe	754	753	2306.035	2050.24	2178.1375	2533.64	2078.43	2289.58	1810.9	2172.27
hgt	None	dead	0.0	0.0	0.0	0.0	0.0	0.0	0.0	0.0
hgt	None	dead	0.0	0.0	0.0	0.0	0.0	0.0	0.0	0.0
dup	None	dead	0.0	0.0	0.0	0.0	0.0	0.0	0.0	0.0
hgt	328	327	1796.445	1506.63	1651.5375	2017.05	1575.84	1727.92	1285.34	1651.195
los	None	dead	0.0	0.0	0.0	0.0	0.0	0.0	0.0	0.0
spe	328	327	1796.445	1506.63	1651.5375	2017.05	1575.84	1727.92	1285.34	1651.195
hgt	None	dead	0.0	0.0	0.0	0.0	0.0	0.0	0.0	0.0
dup	None	dead	0.0	0.0	0.0	0.0	0.0	0.0	0.0	0.0
hgt	670	GCA.002898535.1.Bacteria.Acidobacteriota	2337.75	0.0	1168.875	2571.79	2103.71	0.0	0.0	1285.895
los	None	dead	0.0	0.0	0.0	0.0	0.0	0.0	0.0	0.0
dup	None	dead	0.0	0.0	0.0	0.0	0.0	0.0	0.0	0.0
hgt	350	GCA.003509045.1.Bacteria.Planctomycetota	1478.92	0.0	739.46	1725.22	1232.62	0.0	0.0	862.61
los	None	dead	0.0	0.0	0.0	0.0	0.0	0.0	0.0	0.0
hgt	326	GCA.002404095.1.Bacteria.Planctomycetota	1183.194	0.0	591.597	1405.44	960.948	0.0	0.0	702.72
los	None	dead	0.0	0.0	0.0	0.0	0.0	0.0	0.0	0.0
spe	327	326	1506.63	1183.194	1344.912	1727.92	1285.34	1405.44	960.948	1344.434
dup	None	dead	0.0	0.0	0.0	0.0	0.0	0.0	0.0	0.0
hgt	542	GCA.002631715.1.Bacteria.Proteobacteria	1703.185	0.0	851.5925	1875.52	1530.85	0.0	0.0	937.76
los	None	dead	0.0	0.0	0.0	0.0	0.0	0.0	0.0	0.0
hgt	None	dead	0.0	0.0	0.0	0.0	0.0	0.0	0.0	0.0
hgt	602	601	1545.47	1388.16	1466.815	1675.86	1415.08	1524.4	1251.92	1463.89
los	None	dead	0.0	0.0	0.0	0.0	0.0	0.0	0.0	0.0
spe	602	601	1545.47	1388.16	1466.815	1675.86	1415.08	1524.4	1251.92	1463.89
spe	601	595	1388.16	1179.98	1284.07	1524.4	1251.92	1332.11	1027.85	1276.125
los	595	GCA.002454015.1.Bacteria.Proteobacteria	1179.98	0.0	589.99	1332.11	1027.85	0.0	0.0	666.055
spe	601	600	1388.16	1178.33	1283.245	1524.4	1251.92	1321.12	1035.54	1279.97
hgt	None	dead	0.0	0.0	0.0	0.0	0.0	0.0	0.0	0.0
los	600	598	1178.33	872.755	1025.5425	1321.12	1035.54	1022.28	723.23	1022.175
hgt	444	GCA.002686135.1.Bacteria.Proteobacteria	1051.014	0.0	525.507	1222.56	879.468	0.0	0.0	611.28
los	None	dead	0.0	0.0	0.0	0.0	0.0	0.0	0.0	0.0
dup	None	dead	0.0	0.0	0.0	0.0	0.0	0.0	0.0	0.0
hgt	1449	GCA.002366595.1.Bacteria.Chloroflexota	1825.905	0.0	912.9525	2055.21	1596.6	0.0	0.0	1027.605
los	None	dead	0.0	0.0	0.0	0.0	0.0	0.0	0.0	0.0
hgt	686	GCA.002451015.1.Bacteria.Acidobacteriota	1646.29	0.0	823.145	1843.93	1448.65	0.0	0.0	921.965
los	None	dead	0.0	0.0	0.0	0.0	0.0	0.0	0.0	0.0
spe	753	751	2050.24	1894.43	1972.335	2289.58	1810.9	2141.93	1646.93	1968.255
los	751	749	1894.43	1737.095	1815.7625	2141.93	1646.93	1995.38	1478.81	1810.37
hgt	None	dead	0.0	0.0	0.0	0.0	0.0	0.0	0.0	0.0
dup	None	dead	0.0	0.0	0.0	0.0	0.0	0.0	0.0	0.0
hgt	1218	GCA.001513125.1.Bacteria.DTU030	2844.535	0.0	1422.2675	3032.89	2656.18	0.0	0.0	1516.445
los	None	dead	0.0	0.0	0.0	0.0	0.0	0.0	0.0	0.0
dup	None	dead	0.0	0.0	0.0	0.0	0.0	0.0	0.0	0.0
hgt	1221	GCA.002375925.1.Bacteria.Firmicutes.E	2008.115	0.0	1004.0575	2274.35	1741.88	0.0	0.0	1137.175
los	None	dead	0.0	0.0	0.0	0.0	0.0	0.0	0.0	0.0
hgt	1307	GCA.000987045.1.Bacteria.Firmicutes.B	1657.525	0.0	828.7625	1841.63	1473.42	0.0	0.0	920.815
los	None	dead	0.0	0.0	0.0	0.0	0.0	0.0	0.0	0.0
dup	None	dead	0.0	0.0	0.0	0.0	0.0	0.0	0.0	0.0
dup	None	dead	0.0	0.0	0.0	0.0	0.0	0.0	0.0	0.0
hgt	116	GCA.001774245.1.Archaea.Thermoproteota	1076.3105	0.0	538.15525	1309.64	842.981	0.0	0.0	654.82
los	None	dead	0.0	0.0	0.0	0.0	0.0	0.0	0.0	0.0
dup	None	dead	0.0	0.0	0.0	0.0	0.0	0.0	0.0	0.0
hgt	434	GCA.002898275.1.Bacteria.Proteobacteria	1283.94	0.0	641.97	1452.9	1114.98	0.0	0.0	726.45
los	None	dead	0.0	0.0	0.0	0.0	0.0	0.0	0.0	0.0
hgt	560	558	1548.725	1383.43	1466.0775	1698.95	1398.5	1538.73	1228.13	1463.54
los	None	dead	0.0	0.0	0.0	0.0	0.0	0.0	0.0	0.0
hgt	None	dead	0.0	0.0	0.0	0.0	0.0	0.0	0.0	0.0
hgt	415	GCA.002717245.1.Bacteria.Proteobacteria	1236.27	0.0	618.135	1416.58	1055.96	0.0	0.0	708.29
los	None	dead	0.0	0.0	0.0	0.0	0.0	0.0	0.0	0.0
hgt	None	dead	0.0	0.0	0.0	0.0	0.0	0.0	0.0	0.0
spe	560	558	1548.725	1383.43	1466.0775	1698.95	1398.5	1538.73	1228.13	1463.54
spe	558	557	1383.43	1159.506	1271.468	1538.73	1228.13	1333.32	985.692	1262.211
los	557	GCA.002007405.1.Bacteria.Proteobacteria	1159.506	0.0	579.753	1333.32	985.692	0.0	0.0	666.66
hgt	603	602	1631.14	1545.47	1588.305	1761.43	1500.85	1675.86	1415.08	1588.255
los	None	dead	0.0	0.0	0.0	0.0	0.0	0.0	0.0	0.0
spe	603	602	1631.14	1545.47	1588.305	1761.43	1500.85	1675.86	1415.08	1588.255
spe	602	592	1545.47	1238.975	1392.2225	1675.86	1415.08	1390.11	1087.84	1381.85
spe	602	601	1545.47	1388.16	1466.815	1675.86	1415.08	1524.4	1251.92	1463.89
spe	601	600	1388.16	1178.33	1283.245	1524.4	1251.92	1321.12	1035.54	1279.97
hgt	None	dead	0.0	0.0	0.0	0.0	0.0	0.0	0.0	0.0
los	600	598	1178.33	872.755	1025.5425	1321.12	1035.54	1022.28	723.23	1022.175
hgt	444	GCA.002686135.1.Bacteria.Proteobacteria	1051.014	0.0	525.507	1222.56	879.468	0.0	0.0	611.28
los	None	dead	0.0	0.0	0.0	0.0	0.0	0.0	0.0	0.0
hgt	None	dead	0.0	0.0	0.0	0.0	0.0	0.0	0.0	0.0
hgt	598	GCA.002292285.1.Bacteria.Proteobacteria	872.755	0.0	436.3775	1022.28	723.23	0.0	0.0	511.14
los	None	dead	0.0	0.0	0.0	0.0	0.0	0.0	0.0	0.0
spe	601	595	1388.16	1179.98	1284.07	1524.4	1251.92	1332.11	1027.85	1276.125
dup	None	dead	0.0	0.0	0.0	0.0	0.0	0.0	0.0	0.0
hgt	47	GCA.002494765.1.Archaea.Thermoplasmatota	1547.68	0.0	773.84	1769.19	1326.17	0.0	0.0	884.595
los	None	dead	0.0	0.0	0.0	0.0	0.0	0.0	0.0	0.0
hgt	1058	GCA.001443005.1.Bacteria.Synergistota	2584.325	0.0	1292.1625	2896.49	2272.16	0.0	0.0	1448.245
los	None	dead	0.0	0.0	0.0	0.0	0.0	0.0	0.0	0.0
hgt	None	dead	0.0	0.0	0.0	0.0	0.0	0.0	0.0	0.0
hgt	None	dead	0.0	0.0	0.0	0.0	0.0	0.0	0.0	0.0
hgt	None	dead	0.0	0.0	0.0	0.0	0.0	0.0	0.0	0.0
dup	None	dead	0.0	0.0	0.0	0.0	0.0	0.0	0.0	0.0
hgt	1419	GCA.002352365.1.Bacteria.Chloroflexota	1500.065	0.0	750.0325	1725.81	1274.32	0.0	0.0	862.905
los	None	dead	0.0	0.0	0.0	0.0	0.0	0.0	0.0	0.0
hgt	862	GCA.002782605.1.Bacteria.Desulfobacterota	1719.125	0.0	859.5625	1930.25	1508.0	0.0	0.0	965.125
los	None	dead	0.0	0.0	0.0	0.0	0.0	0.0	0.0	0.0
hgt	91	90	2116.885	1918.545	2017.715	2292.27	1941.5	2091.75	1745.34	2018.805
los	None	dead	0.0	0.0	0.0	0.0	0.0	0.0	0.0	0.0
spe	91	90	2116.885	1918.545	2017.715	2292.27	1941.5	2091.75	1745.34	2018.805
spe	90	74	1918.545	1703.245	1810.895	2091.75	1745.34	1896.74	1509.75	1800.75
los	74	GCA.002011165.1.Archaea.Halobacteriota	1703.245	0.0	851.6225	1896.74	1509.75	0.0	0.0	948.37
spe	90	89	1918.545	1761.97	1840.2575	2091.75	1745.34	1945.96	1577.98	1834.865
spe	89	77	1761.97	1438.885	1600.4275	1945.96	1577.98	1634.55	1243.22	1594.59
los	77	GCA.003194435.1.Archaea.Halobacteriota	1438.885	0.0	719.4425	1634.55	1243.22	0.0	0.0	817.275
spe	89	88	1761.97	1623.18	1692.575	1945.96	1577.98	1801.29	1445.07	1695.515
los	88	80	1623.18	1389.95	1506.565	1801.29	1445.07	1591.35	1188.55	1494.92
spe	88	87	1623.18	1522.785	1572.9825	1801.29	1445.07	1701.29	1344.28	1572.785
spe	87	86	1522.785	1362.965	1442.875	1701.29	1344.28	1547.03	1178.9	1440.095
los	86	GCA.001412335.1.Archaea.Halobacteriota	1362.965	0.0	681.4825	1547.03	1178.9	0.0	0.0	773.515
spe	86	84	1362.965	1194.24	1278.6025	1547.03	1178.9	1377.79	1010.69	1278.86
los	84	GCF.000011005.1.Archaea.Euryarchaeota	1194.24	0.0	597.12	1377.79	1010.69	0.0	0.0	688.895
dup	None	dead	0.0	0.0	0.0	0.0	0.0	0.0	0.0	0.0
hgt	880	GCF.000195295.1.Bacteria.Desulfobacterota	1499.355	0.0	749.6775	1702.42	1296.29	0.0	0.0	851.21
los	None	dead	0.0	0.0	0.0	0.0	0.0	0.0	0.0	0.0
hgt	862	GCA.002782605.1.Bacteria.Desulfobacterota	1719.125	0.0	859.5625	1930.25	1508.0	0.0	0.0	965.125
los	None	dead	0.0	0.0	0.0	0.0	0.0	0.0	0.0	0.0
hgt	176	175	2700.395	2596.565	2648.48	2833.76	2567.03	2729.77	2463.36	2648.56
los	None	dead	0.0	0.0	0.0	0.0	0.0	0.0	0.0	0.0
spe	176	175	2700.395	2596.565	2648.48	2833.76	2567.03	2729.77	2463.36	2648.56
spe	175	143	2596.565	2114.17	2355.3675	2729.77	2463.36	2330.65	1897.69	2313.73
los	143	GCA.001940655.1.Archaea.Asgardarchaeota	2114.17	0.0	1057.085	2330.65	1897.69	0.0	0.0	1165.325
spe	175	174	2596.565	2507.51	2552.0375	2729.77	2463.36	2637.51	2377.51	2553.64
los	174	173	2507.51	2412.845	2460.1775	2637.51	2377.51	2537.94	2287.75	2462.63
spe	32	31	2666.455	2249.94	2458.1975	2880.09	2452.82	2519.52	1980.36	2430.225
dup	31	GCA.001723855.1.Archaea.Altiarchaeota	2249.94	0.0	1124.97	2519.52	1980.36	0.0	0.0	1259.76
spe	31	29	2249.94	1749.91	1999.925	2519.52	1980.36	2062.2	1437.62	1978.57
hgt	None	dead	0.0	0.0	0.0	0.0	0.0	0.0	0.0	0.0
hgt	93	GCF.000025525.1.Archaea.Methanobacteriota.A	2518.68	0.0	1259.34	2671.84	2365.52	0.0	0.0	1335.92
los	None	dead	0.0	0.0	0.0	0.0	0.0	0.0	0.0	0.0
hgt	None	dead	0.0	0.0	0.0	0.0	0.0	0.0	0.0	0.0
hgt	88	87	1623.18	1522.785	1572.9825	1801.29	1445.07	1701.29	1344.28	1572.785
los	None	dead	0.0	0.0	0.0	0.0	0.0	0.0	0.0	0.0
spe	88	87	1623.18	1522.785	1572.9825	1801.29	1445.07	1701.29	1344.28	1572.785
spe	87	86	1522.785	1362.965	1442.875	1701.29	1344.28	1547.03	1178.9	1440.095
los	86	GCA.001412335.1.Archaea.Halobacteriota	1362.965	0.0	681.4825	1547.03	1178.9	0.0	0.0	773.515
spe	86	84	1362.965	1194.24	1278.6025	1547.03	1178.9	1377.79	1010.69	1278.86
los	84	GCF.000011005.1.Archaea.Euryarchaeota	1194.24	0.0	597.12	1377.79	1010.69	0.0	0.0	688.895
