event	left_node	right_node	left_date	right_date	midpoint_date
spe	177	95	2898.43	2719.62	2809.025
spe	95	39	2719.62	2491.15	2605.385
los	39	35	2491.15	2226.53	2358.84
spe	39	38	2491.15	2097.27	2294.21
los	38	GCA.001515205.2.Archaea.Hadarchaeota	2097.27	0.0	1048.635
spe	95	94	2719.62	2684.395	2702.0075
spe	94	42	2684.395	2229.015	2456.705
los	42	GCA.002502135.1.Archaea.Undinarchaeota	2229.015	0.0	1114.5075
spe	94	93	2684.395	2518.68	2601.5375
hgt	None	dead	0.0	0.0	0.0
hgt	140	139	2557.41	2461.325	2509.3675
hgt	74	GCF.000194625.1.Archaea.Halobacteriota	1703.245	0.0	851.6225
los	None	dead	0.0	0.0	0.0
spe	140	139	2557.41	2461.325	2509.3675
spe	139	138	2461.325	2340.985	2401.155
los	138	137	2340.985	2115.72	2228.3525
hgt	None	dead	0.0	0.0	0.0
hgt	89	88	1761.97	1623.18	1692.575
los	None	dead	0.0	0.0	0.0
spe	89	88	1761.97	1623.18	1692.575
spe	88	87	1623.18	1522.785	1572.9825
spe	87	86	1522.785	1362.965	1442.875
los	86	GCA.001412335.1.Archaea.Halobacteriota	1362.965	0.0	681.4825
spe	86	84	1362.965	1194.24	1278.6025
spe	88	80	1623.18	1389.95	1506.565
hgt	74	GCA.002011165.1.Archaea.Halobacteriota	1703.245	0.0	851.6225
los	80	GCF.002114285.1.Archaea.Halobacteriota	1389.95	0.0	694.975
hgt	35	GCF.002201895.1.Archaea.Euryarchaeota	2226.53	0.0	1113.265
spe	138	124	2340.985	2144.515	2242.75
los	124	GCA.002495485.1.Archaea.Thermoproteota	2144.515	0.0	1072.2575
spe	124	123	2144.515	2043.585	2094.05
spe	123	122	2043.585	1894.935	1969.26
spe	122	118	1894.935	1695.4	1795.1675
los	118	116	1695.4	1076.3105	1385.85525
spe	122	121	1894.935	1500.96	1697.9475
spe	123	113	2043.585	1818.745	1931.165
hgt	140	GCF.000019605.1.Archaea.Thermoproteota	2557.41	0.0	1278.705
hgt	174	GCA.001940665.1.Archaea.Asgardarchaeota	2507.51	0.0	1253.755
spe	139	109	2461.325	2207.27	2334.2975
spe	109	103	2207.27	1834.935	2021.1025
los	103	GCA.002254745.1.Archaea.Thermoproteota	1834.935	0.0	917.4675
hgt	None	dead	0.0	0.0	0.0
spe	103	101	1834.935	1617.2	1726.0675
los	101	99	1617.2	1407.615	1512.4075
hgt	686	GCA.002451015.1.Bacteria.Acidobacteriota	1646.29	0.0	823.145
los	None	dead	0.0	0.0	0.0
hgt	None	dead	0.0	0.0	0.0
hgt	80	GCF.002114285.1.Archaea.Halobacteriota	1389.95	0.0	694.975
los	None	dead	0.0	0.0	0.0
spe	109	108	2207.27	1901.755	2054.5125
hgt	133	GCA.000405685.1.Archaea.Thermoproteota	1545.885	0.0	772.9425
spe	108	107	1901.755	1609.36	1755.5575
hgt	89	77	1761.97	1438.885	1600.4275
los	107	GCA.001717025.1.Archaea.Thermoproteota	1609.36	0.0	804.68
spe	89	77	1761.97	1438.885	1600.4275
hgt	None	dead	0.0	0.0	0.0
hgt	390	GCA.002780065.1.Bacteria.UBA8481	3073.69	0.0	1536.845
hgt	128	GCA.002011075.1.Archaea.Thermoproteota	786.4855	0.0	393.24275
hgt	883	GCA.000961655.1.Bacteria.Desulfobacterota	1384.92	0.0	692.46
los	None	dead	0.0	0.0	0.0
hgt	None	dead	0.0	0.0	0.0
hgt	38	GCA.001515205.2.Archaea.Hadarchaeota	2097.27	0.0	1048.635
los	None	dead	0.0	0.0	0.0
hgt	None	dead	0.0	0.0	0.0
hgt	None	dead	0.0	0.0	0.0
hgt	None	dead	0.0	0.0	0.0
hgt	188	GCA.001787855.1.Bacteria.Riflebacteria	3243.665	0.0	1621.8325
hgt	185	GCA.001791795.1.Bacteria.Wallbacteria	3359.525	0.0	1679.7625
hgt	794	GCA.003161515.1.Bacteria.Desulfobacterota.B	1417.505	0.0	708.7525
los	None	dead	0.0	0.0	0.0
spe	93	92	2518.68	2403.395	2461.0375
spe	92	91	2403.395	2116.885	2260.14
hgt	None	dead	0.0	0.0	0.0
hgt	853	GCA.003232385.1.Bacteria.SZUA.79	2005.945	0.0	1002.9725
hgt	59	GCA.002878135.1.Archaea.Thermoplasmatota	1280.64	0.0	640.32
los	None	dead	0.0	0.0	0.0
hgt	143	GCA.001940655.1.Archaea.Asgardarchaeota	2114.17	0.0	1057.085
hgt	32	26	2666.455	482.601	1574.528
los	91	90	2116.885	1918.545	2017.715
spe	32	26	2666.455	482.601	1574.528
spe	92	70	2403.395	2001.665	2202.53
spe	70	54	2001.665	1859.245	1930.455
spe	54	53	1859.245	1535.695	1697.47
hgt	137	GCA.002255045.1.Archaea.Thermoproteota	2115.72	0.0	1057.86
los	53	52	1535.695	1285.845	1410.77
spe	54	48	1859.245	1706.4	1782.8225
los	48	GCA.003009755.1.Archaea.Thermoplasmatota	1706.4	0.0	853.2
spe	48	47	1706.4	1547.68	1627.04
hgt	None	dead	0.0	0.0	0.0
los	70	69	2001.665	1843.005	1922.335
hgt	118	116	1695.4	1076.3105	1385.85525
hgt	107	GCA.001717025.1.Archaea.Thermoproteota	1609.36	0.0	804.68
hgt	356	GCA.001828445.1.Bacteria.Planctomycetota	1770.21	0.0	885.105
los	None	dead	0.0	0.0	0.0
spe	118	116	1695.4	1076.3105	1385.85525
hgt	654	653	2819.98	2511.255	2665.6175
hgt	1360	GCF.002902625.1.Bacteria.Firmicutes	802.226	0.0	401.113
hgt	1284	GCF.001553315.1.Bacteria.Firmicutes.C	1020.5295	0.0	510.26475
los	None	dead	0.0	0.0	0.0
spe	654	653	2819.98	2511.255	2665.6175
hgt	None	dead	0.0	0.0	0.0
hgt	634	GCF.001697225.1.Bacteria.Proteobacteria	1398.775	0.0	699.3875
los	None	dead	0.0	0.0	0.0
spe	653	652	2511.255	2343.17	2427.2125
los	652	526	2343.17	2011.455	2177.3125
spe	652	651	2343.17	2202.31	2272.74
spe	651	650	2202.31	2111.655	2156.9825
los	650	536	2111.655	1835.635	1973.645
hgt	None	dead	0.0	0.0	0.0
spe	650	649	2111.655	2046.605	2079.13
los	649	543	2046.605	1880.315	1963.46
spe	649	648	2046.605	1974.705	2010.655
hgt	None	dead	0.0	0.0	0.0
hgt	None	dead	0.0	0.0	0.0
hgt	None	dead	0.0	0.0	0.0
dup	None	dead	0.0	0.0	0.0
hgt	552	GCF.001614315.2.Bacteria.Proteobacteria	1355.9	0.0	677.95
los	None	dead	0.0	0.0	0.0
hgt	1703	1679	2154.635	1817.625	1986.13
los	None	dead	0.0	0.0	0.0
hgt	None	dead	0.0	0.0	0.0
hgt	546	GCA.002747435.1.Bacteria.Proteobacteria	1450.69	0.0	725.345
los	None	dead	0.0	0.0	0.0
spe	1703	1679	2154.635	1817.625	1986.13
spe	1679	1678	1817.625	881.825	1349.725
hgt	1685	GCF.000018105.1.Bacteria.Cyanobacteria	1871.67	0.0	935.835
los	1678	1676	881.825	239.787	560.806
dup	1685	GCF.000018105.1.Bacteria.Cyanobacteria	1871.67	0.0	935.835
hgt	1702	GCF.003838225.1.Bacteria.Cyanobacteria	2080.605	0.0	1040.3025
hgt	631	603	1709.925	1631.14	1670.5325
spe	631	603	1709.925	1631.14	1670.5325
spe	603	602	1631.14	1545.47	1588.305
los	602	601	1545.47	1388.16	1466.815
spe	602	592	1545.47	1238.975	1392.2225
hgt	642	GCA.001464965.1.Bacteria.Proteobacteria	1315.1	0.0	657.55
hgt	None	dead	0.0	0.0	0.0
spe	648	562	1974.705	1813.695	1894.2
spe	562	561	1813.695	1737.62	1775.6575
spe	561	553	1737.62	1585.42	1661.52
los	553	552	1585.42	1355.9	1470.66
spe	561	560	1737.62	1548.725	1643.1725
spe	560	558	1548.725	1383.43	1466.0775
hgt	542	GCA.002631715.1.Bacteria.Proteobacteria	1703.185	0.0	851.5925
los	558	557	1383.43	1159.506	1271.468
hgt	None	dead	0.0	0.0	0.0
hgt	585	GCA.002688175.1.Bacteria.Proteobacteria	1064.929	0.0	532.4645
los	None	dead	0.0	0.0	0.0
spe	562	546	1813.695	1450.69	1632.1925
los	546	GCA.002747435.1.Bacteria.Proteobacteria	1450.69	0.0	725.345
hgt	602	601	1545.47	1388.16	1466.815
spe	602	601	1545.47	1388.16	1466.815
spe	601	600	1388.16	1178.33	1283.245
los	600	GCA.002007425.1.Bacteria.Proteobacteria	1178.33	0.0	589.165
spe	600	598	1178.33	872.755	1025.5425
spe	601	595	1388.16	1179.98	1284.07
hgt	None	dead	0.0	0.0	0.0
los	595	GCA.002454015.1.Bacteria.Proteobacteria	1179.98	0.0	589.99
hgt	557	GCA.002728355.1.Bacteria.Proteobacteria	1159.506	0.0	579.753
los	None	dead	0.0	0.0	0.0
hgt	587	581	1367.14	1215.78	1291.46
los	None	dead	0.0	0.0	0.0
spe	587	581	1367.14	1215.78	1291.46
spe	581	579	1215.78	935.164	1075.472
hgt	1032	GCA.002693325.1.Bacteria.Latescibacterota	1683.695	0.0	841.8475
los	579	GCA.003137095.1.Bacteria.Proteobacteria	935.164	0.0	467.582
hgt	600	GCA.002007425.1.Bacteria.Proteobacteria	1178.33	0.0	589.165
hgt	588	576	1741.465	1593.015	1667.24
los	None	dead	0.0	0.0	0.0
spe	588	576	1741.465	1593.015	1667.24
spe	576	574	1593.015	1337.465	1465.24
los	574	GCF.000374645.1.Bacteria.Proteobacteria	1337.465	0.0	668.7325
hgt	595	GCA.002454015.1.Bacteria.Proteobacteria	1179.98	0.0	589.99
hgt	565	GCF.002958735.1.Bacteria.Proteobacteria	1459.56	0.0	729.78
los	None	dead	0.0	0.0	0.0
hgt	634	GCF.001697225.1.Bacteria.Proteobacteria	1398.775	0.0	699.3875
spe	648	647	1974.705	1898.035	1936.37
spe	647	571	1898.035	1737.025	1817.53
hgt	None	dead	0.0	0.0	0.0
los	571	565	1737.025	1459.56	1598.2925
hgt	542	GCA.002352565.1.Bacteria.Proteobacteria	1703.185	0.0	851.5925
los	None	dead	0.0	0.0	0.0
spe	571	570	1737.025	1581.87	1659.4475
spe	570	568	1581.87	1421.955	1501.9125
los	568	GCA.002862435.1.Bacteria.Proteobacteria	1421.955	0.0	710.9775
spe	647	646	1898.035	1850.35	1874.1925
spe	646	588	1850.35	1741.465	1795.9075
los	588	587	1741.465	1367.14	1554.3025
spe	588	576	1741.465	1593.015	1667.24
los	576	GCA.002432655.1.Bacteria.Proteobacteria	1593.015	0.0	796.5075
hgt	None	dead	0.0	0.0	0.0
hgt	611	GCF.000284615.1.Bacteria.Proteobacteria	873.257	0.0	436.6285
los	None	dead	0.0	0.0	0.0
spe	576	574	1593.015	1337.465	1465.24
los	574	GCF.900112605.1.Bacteria.Proteobacteria	1337.465	0.0	668.7325
spe	646	645	1850.35	1783.08	1816.715
spe	645	631	1783.08	1709.925	1746.5025
los	631	603	1709.925	1631.14	1670.5325
spe	631	630	1709.925	1575.32	1642.6225
los	630	629	1575.32	1401.175	1488.2475
spe	630	614	1575.32	1428.05	1501.685
los	614	606	1428.05	1255.84	1341.945
spe	614	613	1428.05	1308.6	1368.325
spe	613	612	1308.6	1154.76	1231.68
spe	612	611	1154.76	873.257	1014.0085
los	611	GCF.000284615.1.Bacteria.Proteobacteria	873.257	0.0	436.6285
spe	645	644	1783.08	1640.815	1711.9475
spe	644	643	1640.815	1460.61	1550.7125
los	643	639	1460.61	1235.875	1348.2425
spe	643	642	1460.61	1315.1	1387.855
los	642	GCA.001464965.1.Bacteria.Proteobacteria	1315.1	0.0	657.55
spe	644	636	1640.815	1563.065	1601.94
hgt	None	dead	0.0	0.0	0.0
los	636	634	1563.065	1398.775	1480.92
hgt	568	GCA.002862435.1.Bacteria.Proteobacteria	1421.955	0.0	710.9775
los	None	dead	0.0	0.0	0.0
hgt	536	GCF.002940605.1.Bacteria.Proteobacteria	1835.635	0.0	917.8175
hgt	829	828	1996.235	1753.18	1874.7075
los	None	dead	0.0	0.0	0.0
spe	829	828	1996.235	1753.18	1874.7075
hgt	813	812	1701.895	1577.595	1639.745
hgt	482	458	1587.505	1466.17	1526.8375
hgt	832	GCA.002721815.1.Bacteria.Myxococcota	1570.54	0.0	785.27
spe	482	458	1587.505	1466.17	1526.8375
hgt	None	dead	0.0	0.0	0.0
hgt	None	dead	0.0	0.0	0.0
hgt	495	GCA.002796975.1.Bacteria.Proteobacteria	1115.4635	0.0	557.73175
los	None	dead	0.0	0.0	0.0
hgt	None	dead	0.0	0.0	0.0
hgt	486	GCA.002721365.1.Bacteria.Proteobacteria	1342.71	0.0	671.355
los	None	dead	0.0	0.0	0.0
hgt	481	469	1510.43	1404.34	1457.385
spe	481	469	1510.43	1404.34	1457.385
spe	469	463	1404.34	1268.17	1336.255
spe	463	462	1268.17	1029.85	1149.01
los	462	GCF.000315795.1.Bacteria.Proteobacteria	1029.85	0.0	514.925
hgt	446	445	1337.995	1219.785	1278.89
spe	469	468	1404.34	1227.095	1315.7175
los	468	GCF.900167455.1.Bacteria.Proteobacteria	1227.095	0.0	613.5475
spe	468	467	1227.095	1071.506	1149.3005
hgt	536	GCF.900111015.1.Bacteria.Proteobacteria	1835.635	0.0	917.8175
los	467	GCA.002291925.1.Bacteria.Proteobacteria	1071.506	0.0	535.753
hgt	435	GCA.006969625.1.Bacteria.Proteobacteria	1491.68	0.0	745.84
hgt	1041	GCA.002686955.1.Bacteria.Gemmatimonadota.A	2636.74	0.0	1318.37
spe	446	445	1337.995	1219.785	1278.89
spe	445	444	1219.785	1051.014	1135.3995
los	444	GCA.002348425.1.Bacteria.Proteobacteria	1051.014	0.0	525.507
hgt	804	GCA.002731275.1.Bacteria.Myxococcota	1962.63	0.0	981.315
hgt	447	439	1537.685	1378.685	1458.185
los	None	dead	0.0	0.0	0.0
hgt	None	dead	0.0	0.0	0.0
hgt	453	GCA.002457765.1.Bacteria.Proteobacteria	706.861	0.0	353.4305
los	None	dead	0.0	0.0	0.0
spe	447	439	1537.685	1378.685	1458.185
hgt	492	GCF.002798435.1.Bacteria.Proteobacteria	1215.16	0.0	607.58
hgt	816	GCA.002724675.1.Bacteria.Myxococcota.A	1315.445	0.0	657.7225
hgt	511	489	1534.63	1174.55	1354.59
spe	511	489	1534.63	1174.55	1354.59
hgt	415	GCA.002717245.1.Bacteria.Proteobacteria	1236.27	0.0	618.135
spe	458	456	1466.17	1288.015	1377.0925
hgt	944	GCA.002712165.1.Bacteria.Proteobacteria	1392.82	0.0	696.41
hgt	509	508	1371.54	1248.66	1310.1
hgt	None	dead	0.0	0.0	0.0
hgt	436	GCA.002722885.1.Bacteria.Proteobacteria	1682.45	0.0	841.225
hgt	434	GCA.002238885.1.Bacteria.Proteobacteria	1283.94	0.0	641.97
hgt	446	GCA.002717185.1.Bacteria.Proteobacteria	1337.995	0.0	668.9975
los	None	dead	0.0	0.0	0.0
hgt	462	GCF.000315795.1.Bacteria.Proteobacteria	1029.85	0.0	514.925
hgt	492	GCF.900172325.1.Bacteria.Proteobacteria	1215.16	0.0	607.58
spe	456	455	1288.015	945.418	1116.7165
spe	455	454	945.418	825.9765	885.69725
spe	454	453	825.9765	706.861	766.41875
hgt	468	GCF.900167455.1.Bacteria.Proteobacteria	1227.095	0.0	613.5475
los	453	GCA.002457765.1.Bacteria.Proteobacteria	706.861	0.0	353.4305
hgt	498	GCA.002731375.1.Bacteria.Proteobacteria	1100.442	0.0	550.221
spe	509	508	1371.54	1248.66	1310.1
spe	508	498	1248.66	1100.442	1174.551
hgt	None	dead	0.0	0.0	0.0
los	498	GCA.002731375.1.Bacteria.Proteobacteria	1100.442	0.0	550.221
hgt	503	GCA.002280485.1.Bacteria.Proteobacteria	904.119	0.0	452.0595
los	None	dead	0.0	0.0	0.0
spe	508	507	1248.66	1032.028	1140.344
spe	507	503	1032.028	904.119	968.0735
los	503	GCA.002280485.1.Bacteria.Proteobacteria	904.119	0.0	452.0595
spe	503	501	904.119	722.0125	813.06575
los	501	GCA.003158585.1.Bacteria.Proteobacteria	722.0125	0.0	361.00625
spe	507	506	1032.028	986.4985	1009.26325
spe	813	812	1701.895	1577.595	1639.745
hgt	None	dead	0.0	0.0	0.0
hgt	807	GCA.002841945.1.Bacteria.Myxococcota	1480.85	0.0	740.425
hgt	495	GCF.003173035.1.Bacteria.Proteobacteria	1115.4635	0.0	557.73175
hgt	486	GCF.000264455.2.Bacteria.Proteobacteria	1342.71	0.0	671.355
los	None	dead	0.0	0.0	0.0
hgt	None	dead	0.0	0.0	0.0
hgt	434	GCA.002898275.1.Bacteria.Proteobacteria	1283.94	0.0	641.97
los	None	dead	0.0	0.0	0.0
spe	812	811	1577.595	1395.975	1486.785
spe	828	827	1753.18	1632.18	1692.68
spe	827	821	1632.18	1447.61	1539.895
los	821	GCA.002841825.1.Bacteria.Myxococcota	1447.61	0.0	723.805
spe	827	826	1632.18	1472.31	1552.245
los	826	GCA.002747355.1.Bacteria.Myxococcota	1472.31	0.0	736.155
spe	826	825	1472.31	1177.188	1324.749
los	825	GCA.003170275.1.Bacteria.Myxococcota	1177.188	0.0	588.594
spe	651	533	2202.31	1994.64	2098.475
hgt	275	GCA.001784175.1.Bacteria.Lindowbacteria	2803.71	0.0	1401.855
los	533	532	1994.64	1609.445	1802.0425
spe	533	529	1994.64	1776.585	1885.6125
hgt	None	dead	0.0	0.0	0.0
los	529	GCA.002420425.1.Bacteria.Proteobacteria	1776.585	0.0	888.2925
hgt	345	GCA.002746235.1.Bacteria.Planctomycetota	1671.41	0.0	835.705
los	None	dead	0.0	0.0	0.0
hgt	1126	1116	2761.99	2323.38	2542.685
hgt	1227	GCA.003242675.1.Bacteria.Firmicutes.E	1913.92	0.0	956.96
hgt	86	GCA.001412335.1.Archaea.Halobacteriota	1362.965	0.0	681.4825
los	None	dead	0.0	0.0	0.0
spe	1126	1116	2761.99	2323.38	2542.685
hgt	742	741	2637.165	2052.975	2345.07
hgt	None	dead	0.0	0.0	0.0
hgt	807	GCA.002789955.1.Bacteria.Myxococcota	1480.85	0.0	740.425
hgt	68	GCA.002495185.1.Archaea.Thermoplasmatota	1652.035	0.0	826.0175
los	None	dead	0.0	0.0	0.0
hgt	None	dead	0.0	0.0	0.0
hgt	275	274	2803.71	2054.16	2428.935
hgt	727	GCA.001803815.1.Bacteria.Nitrospirota	1736.985	0.0	868.4925
spe	275	274	2803.71	2054.16	2428.935
hgt	1444	GCA.003451595.1.Bacteria.Chloroflexota	1493.995	0.0	746.9975
hgt	1437	GCA.002702065.1.Bacteria.Chloroflexota	1179.4025	0.0	589.70125
dup	None	dead	0.0	0.0	0.0
hgt	1701	1700	2039.37	1958.955	1999.1625
hgt	895	GCA.000739515.1.Bacteria.Moduliflexota	2183.84	0.0	1091.92
hgt	1380	1379	1558.37	1484.04	1521.205
los	None	dead	0.0	0.0	0.0
spe	1380	1379	1558.37	1484.04	1521.205
spe	1379	1378	1484.04	1182.795	1333.4175
los	1378	GCF.001908175.1.Bacteria.Firmicutes	1182.795	0.0	591.3975
hgt	736	GCA.001803795.1.Bacteria.Nitrospirota	1826.19	0.0	913.095
spe	1378	1377	1182.795	1064.8355	1123.81525
los	1377	1376	1064.8355	944.6735	1004.7545
spe	1379	1355	1484.04	1246.46	1365.25
hgt	1380	GCF.001049895.1.Bacteria.Firmicutes	1558.37	0.0	779.185
hgt	1338	GCF.002335525.1.Bacteria.Firmicutes	1582.81	0.0	791.405
hgt	1341	GCF.001311905.1.Bacteria.Firmicutes	1532.885	0.0	766.4425
hgt	1344	GCF.000218765.1.Bacteria.Firmicutes	1496.385	0.0	748.1925
hgt	None	dead	0.0	0.0	0.0
hgt	746	GCA.002238965.1.Bacteria.UBA8248	1971.165	0.0	985.5825
hgt	332	GCA.002704825.1.Bacteria.Planctomycetota	994.0835	0.0	497.04175
hgt	1467	GCA.002440805.1.Bacteria.Chloroflexota	1752.37	0.0	876.185
los	None	dead	0.0	0.0	0.0
hgt	1032	GCA.002727195.1.Bacteria.Latescibacterota	1683.695	0.0	841.8475
spe	1701	1700	2039.37	1958.955	1999.1625
hgt	None	dead	0.0	0.0	0.0
hgt	1685	1684	1871.67	1655.535	1763.6025
los	None	dead	0.0	0.0	0.0
spe	1685	1684	1871.67	1655.535	1763.6025
hgt	1672	GCF.002251945.1.Bacteria.Cyanobacteria	1997.32	0.0	998.66
hgt	1678	GCF.000017845.1.Bacteria.Cyanobacteria	881.825	0.0	440.9125
spe	1700	1699	1958.955	1903.47	1931.2125
spe	1699	1698	1903.47	1614.69	1759.08
los	1698	1692	1614.69	177.05465	895.87233
spe	1698	1697	1614.69	1292.96	1453.825
spe	1697	1695	1292.96	877.811	1085.3855
spe	1700	1688	1958.955	1633.475	1796.215
hgt	798	797	2140.29	1864.035	2002.1625
hgt	795	791	1521.62	1279.55	1400.585
los	None	dead	0.0	0.0	0.0
spe	795	791	1521.62	1279.55	1400.585
hgt	1020	GCA.001780165.1.Bacteria.Eisenbacteria	1596.025	0.0	798.0125
hgt	709	GCA.003223145.1.Bacteria.Acidobacteriota	1543.01	0.0	771.505
hgt	65	GCA.001800745.1.Archaea.Thermoplasmatota	1254.445	0.0	627.2225
spe	798	797	2140.29	1864.035	2002.1625
hgt	None	dead	0.0	0.0	0.0
hgt	1341	GCF.001653195.1.Bacteria.Firmicutes	1532.885	0.0	766.4425
hgt	837	GCA.001768075.1.Bacteria.Myxococcota	1589.61	0.0	794.805
los	None	dead	0.0	0.0	0.0
spe	797	796	1864.035	1703.52	1783.7775
hgt	720	GCA.002347965.1.Bacteria.UBA2233	2294.32	0.0	1147.16
hgt	None	dead	0.0	0.0	0.0
los	796	795	1703.52	1521.62	1612.57
hgt	339	GCA.002311745.1.Bacteria.Planctomycetota	1460.73	0.0	730.365
los	None	dead	0.0	0.0	0.0
spe	742	741	2637.165	2052.975	2345.07
hgt	None	dead	0.0	0.0	0.0
hgt	334	GCA.002338715.1.Bacteria.Planctomycetota	1403.32	0.0	701.66
hgt	1128	GCA.002898935.1.Bacteria.CSP1.3	3110.52	0.0	1555.26
los	None	dead	0.0	0.0	0.0
hgt	681	GCA.002712885.1.Bacteria.Acidobacteriota	1875.565	0.0	937.7825
hgt	None	dead	0.0	0.0	0.0
hgt	326	GCF.900129635.1.Bacteria.Planctomycetota	1183.194	0.0	591.597
hgt	1180	GCF.001029505.1.Bacteria.Actinobacteriota	2135.205	0.0	1067.6025
los	None	dead	0.0	0.0	0.0
hgt	825	GCA.003170275.1.Bacteria.Myxococcota	1177.188	0.0	588.594
hgt	1426	GCF.001953175.1.Bacteria.Chloroflexota	2179.07	0.0	1089.535
hgt	1467	GCA.002292925.1.Bacteria.Chloroflexota	1752.37	0.0	876.185
hgt	1119	GCF.002973605.1.Bacteria.Armatimonadota	1968.115	0.0	984.0575
