event	left_node	right_node	left_date	right_date	midpoint_date	left_date_lower	left_date_upper	right_date_lower	right_date_upper	midpoint_date_all
spe	899	898	3007.825	2936.14	2971.9825	3149.06	2866.59	3088.09	2784.19	2966.625
spe	898	756	2936.14	2563.145	2749.6425	3088.09	2784.19	2763.41	2362.88	2725.485
spe	756	754	2563.145	2306.035	2434.59	2763.41	2362.88	2533.64	2078.43	2420.92
los	754	746	2306.035	1971.165	2138.6	2533.64	2078.43	2267.78	1674.55	2104.095
spe	754	753	2306.035	2050.24	2178.1375	2533.64	2078.43	2289.58	1810.9	2172.27
los	753	751	2050.24	1894.43	1972.335	2289.58	1810.9	2141.93	1646.93	1968.255
spe	898	897	2936.14	2852.85	2894.495	3088.09	2784.19	3010.8	2694.9	2891.495
hgt	1390	1218	3037.655	2844.535	2941.095	3183.96	2891.35	3032.89	2656.18	2920.07
spe	897	896	2852.85	2619.11	2735.98	3010.8	2694.9	2824.05	2414.17	2712.485
spe	896	892	2619.11	2105.205	2362.1575	2824.05	2414.17	2398.65	1811.76	2317.905
hgt	857	GCA.002010915.1.Bacteria.Desulfobacterota	1926.135	0.0	963.0675	2147.23	1705.04	0.0	0.0	1073.615
los	892	GCA.001873295.1.Bacteria.CG2.30.70.394	2105.205	0.0	1052.6025	2398.65	1811.76	0.0	0.0	1199.325
hgt	738	737	2317.13	2105.695	2211.4125	2529.7	2104.56	2336.12	1875.27	2202.485
spe	738	737	2317.13	2105.695	2211.4125	2529.7	2104.56	2336.12	1875.27	2202.485
spe	737	733	2105.695	1608.54	1857.1175	2336.12	1875.27	1850.52	1366.56	1851.34
los	733	GCA.003235715.1.Bacteria.Nitrospirota	1608.54	0.0	804.27	1850.52	1366.56	0.0	0.0	925.26
spe	733	732	1608.54	1363.035	1485.7875	1850.52	1366.56	1611.92	1114.15	1482.335
los	732	GCA.003153275.1.Bacteria.Nitrospirota	1363.035	0.0	681.5175	1611.92	1114.15	0.0	0.0	805.96
spe	737	736	2105.695	1826.19	1965.9425	2336.12	1875.27	2087.86	1564.52	1950.32
los	736	GCA.003454665.1.Bacteria.Nitrospirota	1826.19	0.0	913.095	2087.86	1564.52	0.0	0.0	1043.93
hgt	1186	1136	2887.55	2343.38	2615.465	3070.95	2704.15	2620.61	2066.15	2568.55
los	896	895	2619.11	2183.84	2401.475	2824.05	2414.17	2461.79	1905.89	2364.97
spe	1186	1136	2887.55	2343.38	2615.465	3070.95	2704.15	2620.61	2066.15	2568.55
hgt	681	GCA.002712885.1.Bacteria.Acidobacteriota	1875.565	0.0	937.7825	2076.39	1674.74	0.0	0.0	1038.195
hgt	None	dead	0.0	0.0	0.0	0.0	0.0	0.0	0.0	0.0
hgt	229	GCA.002791075.1.Bacteria.Ratteibacteria	2503.665	0.0	1251.8325	2705.55	2301.78	0.0	0.0	1352.775
los	None	dead	0.0	0.0	0.0	0.0	0.0	0.0	0.0	0.0
hgt	None	dead	0.0	0.0	0.0	0.0	0.0	0.0	0.0	0.0
hgt	1319	GCF.900100785.1.Bacteria.Firmicutes.B	1887.42	0.0	943.71	2065.19	1709.65	0.0	0.0	1032.595
los	None	dead	0.0	0.0	0.0	0.0	0.0	0.0	0.0	0.0
hgt	1477	1476	2951.08	2705.185	2828.1325	3128.51	2773.65	2890.77	2519.6	2824.055
spe	1390	1218	3037.655	2844.535	2941.095	3183.96	2891.35	3032.89	2656.18	2920.07
hgt	None	dead	0.0	0.0	0.0	0.0	0.0	0.0	0.0	0.0
hgt	198	GCA.001871015.1.Bacteria.Desantisbacteria	2391.375	0.0	1195.6875	2665.73	2117.02	0.0	0.0	1332.865
spe	1218	1216	2844.535	2236.855	2540.695	3032.89	2656.18	2504.52	1969.19	2501.04
hgt	961	GCA.001769385.1.Bacteria.Bacteroidota	648.9575	0.0	324.47875	800.436	497.479	0.0	0.0	400.218
hgt	39	38	2491.15	2097.27	2294.21	2670.09	2312.21	2336.37	1858.17	2264.13
hgt	1240	GCA.002376045.1.Bacteria.Firmicutes.A	2176.58	0.0	1088.29	2395.16	1958.0	0.0	0.0	1197.58
spe	1216	1215	2236.855	1553.665	1895.26	2504.52	1969.19	1859.72	1247.61	1876.065
hgt	1068	GCA.002877955.1.Bacteria.Caldisericota	1762.385	0.0	881.1925	2070.1	1454.67	0.0	0.0	1035.05
hgt	1317	GCA.002398485.1.Bacteria.Firmicutes.B	1176.776	0.0	588.388	1371.35	982.202	0.0	0.0	685.675
hgt	1289	GCA.002345475.1.Bacteria.Firmicutes.H	2267.365	0.0	1133.6825	2466.28	2068.45	0.0	0.0	1233.14
hgt	1252	GCF.900107485.1.Bacteria.Firmicutes.A	1454.05	0.0	727.025	1642.28	1265.82	0.0	0.0	821.14
hgt	1195	GCA.002396805.1.Bacteria.Firmicutes.G	1796.335	0.0	898.1675	2085.27	1507.4	0.0	0.0	1042.635
hgt	1426	GCF.001953175.1.Bacteria.Chloroflexota	2179.07	0.0	1089.535	2402.77	1955.37	0.0	0.0	1201.385
hgt	193	GCA.001873945.1.Bacteria.UBA9089	2357.525	0.0	1178.7625	2650.07	2064.98	0.0	0.0	1325.035
hgt	None	dead	0.0	0.0	0.0	0.0	0.0	0.0	0.0	0.0
hgt	93	GCF.000025525.1.Archaea.Methanobacteriota.A	2518.68	0.0	1259.34	2671.84	2365.52	0.0	0.0	1335.92
hgt	None	dead	0.0	0.0	0.0	0.0	0.0	0.0	0.0	0.0
dup	None	dead	0.0	0.0	0.0	0.0	0.0	0.0	0.0	0.0
hgt	90	89	1918.545	1761.97	1840.2575	2091.75	1745.34	1945.96	1577.98	1834.865
los	None	dead	0.0	0.0	0.0	0.0	0.0	0.0	0.0	0.0
spe	90	89	1918.545	1761.97	1840.2575	2091.75	1745.34	1945.96	1577.98	1834.865
spe	89	88	1761.97	1623.18	1692.575	1945.96	1577.98	1801.29	1445.07	1695.515
spe	88	80	1623.18	1389.95	1506.565	1801.29	1445.07	1591.35	1188.55	1494.92
los	80	GCF.002114285.1.Archaea.Halobacteriota	1389.95	0.0	694.975	1591.35	1188.55	0.0	0.0	795.675
spe	88	87	1623.18	1522.785	1572.9825	1801.29	1445.07	1701.29	1344.28	1572.785
los	87	GCA.002256595.1.Archaea.Halobacteriota	1522.785	0.0	761.3925	1701.29	1344.28	0.0	0.0	850.645
spe	87	86	1522.785	1362.965	1442.875	1701.29	1344.28	1547.03	1178.9	1440.095
spe	86	84	1362.965	1194.24	1278.6025	1547.03	1178.9	1377.79	1010.69	1278.86
hgt	87	GCA.002256595.1.Archaea.Halobacteriota	1522.785	0.0	761.3925	1701.29	1344.28	0.0	0.0	850.645
spe	89	77	1761.97	1438.885	1600.4275	1945.96	1577.98	1634.55	1243.22	1594.59
hgt	91	GCA.003034855.1.Archaea.Halobacteriota	2116.885	0.0	1058.4425	2292.27	1941.5	0.0	0.0	1146.135
hgt	123	122	2043.585	1894.935	1969.26	2216.58	1870.59	2081.81	1708.06	1962.32
los	None	dead	0.0	0.0	0.0	0.0	0.0	0.0	0.0	0.0
spe	123	122	2043.585	1894.935	1969.26	2216.58	1870.59	2081.81	1708.06	1962.32
spe	122	121	1894.935	1500.96	1697.9475	2081.81	1708.06	1721.42	1280.5	1681.155
hgt	113	GCA.001593865.1.Archaea.Thermoproteota	1818.745	0.0	909.3725	2020.8	1616.69	0.0	0.0	1010.4
los	121	GCA.001273335.1.Archaea.Thermoproteota	1500.96	0.0	750.48	1721.42	1280.5	0.0	0.0	860.71
spe	122	118	1894.935	1695.4	1795.1675	2081.81	1708.06	1909.26	1481.54	1781.675
spe	118	116	1695.4	1076.3105	1385.85525	1909.26	1481.54	1309.64	842.981	1376.1205
los	116	GCA.001774245.1.Archaea.Thermoproteota	1076.3105	0.0	538.15525	1309.64	842.981	0.0	0.0	654.82
hgt	174	GCA.001940665.1.Archaea.Asgardarchaeota	2507.51	0.0	1253.755	2637.51	2377.51	0.0	0.0	1318.755
spe	39	38	2491.15	2097.27	2294.21	2670.09	2312.21	2336.37	1858.17	2264.13
hgt	137	136	2115.72	1983.8	2049.76	2294.19	1937.25	2174.3	1793.3	2043.745
hgt	140	GCF.000019605.1.Archaea.Thermoproteota	2557.41	0.0	1278.705	2699.59	2415.23	0.0	0.0	1349.795
hgt	31	GCA.001723855.1.Archaea.Altiarchaeota	2249.94	0.0	1124.97	2519.52	1980.36	0.0	0.0	1259.76
spe	137	136	2115.72	1983.8	2049.76	2294.19	1937.25	2174.3	1793.3	2043.745
spe	136	134	1983.8	1773.37	1878.585	2174.3	1793.3	1966.71	1580.03	1877.165
los	134	130	1773.37	1634.235	1703.8025	1966.71	1580.03	1841.07	1427.4	1697.055
spe	134	133	1773.37	1545.885	1659.6275	1966.71	1580.03	1756.6	1335.17	1650.94
los	133	GCA.000405685.1.Archaea.Thermoproteota	1545.885	0.0	772.9425	1756.6	1335.17	0.0	0.0	878.3
hgt	143	GCA.001563325.1.Archaea.Asgardarchaeota	2114.17	0.0	1057.085	2330.65	1897.69	0.0	0.0	1165.325
hgt	992	GCF.001886815.1.Bacteria.Calditrichota	1675.73	0.0	837.865	1903.04	1448.42	0.0	0.0	951.52
hgt	47	GCA.002494765.1.Archaea.Thermoplasmatota	1547.68	0.0	773.84	1769.19	1326.17	0.0	0.0	884.595
hgt	352	GCA.002167285.1.Bacteria.Planctomycetota	1718.42	0.0	859.21	1950.1	1486.74	0.0	0.0	975.05
hgt	107	GCA.003019535.1.Archaea.Thermoproteota	1609.36	0.0	804.68	1848.64	1370.08	0.0	0.0	924.32
dup	107	GCA.003019535.1.Archaea.Thermoproteota	1609.36	0.0	804.68	1848.64	1370.08	0.0	0.0	924.32
hgt	133	GCA.002506605.1.Archaea.Thermoproteota	1545.885	0.0	772.9425	1756.6	1335.17	0.0	0.0	878.3
hgt	1078	1076	1937.95	1416.635	1677.2925	2224.85	1651.05	1692.52	1140.75	1682.8
spe	1078	1076	1937.95	1416.635	1677.2925	2224.85	1651.05	1692.52	1140.75	1682.8
hgt	955	GCA.001769655.1.Bacteria.Bacteroidota	1061.248	0.0	530.624	1249.77	872.726	0.0	0.0	624.885
hgt	1069	GCF.000378005.1.Bacteria.Coprothermobacterota	2029.205	0.0	1014.6025	2331.6	1726.81	0.0	0.0	1165.8
hgt	128	GCA.002011085.1.Archaea.Thermoproteota	786.4855	0.0	393.24275	988.339	584.632	0.0	0.0	494.1695
hgt	395	GCA.002402635.1.Bacteria.Deferribacterota	1495.105	0.0	747.5525	1791.3	1198.91	0.0	0.0	895.65
hgt	866	GCA.002877985.1.Bacteria.Desulfobacterota	1370.345	0.0	685.1725	1577.25	1163.44	0.0	0.0	788.625
hgt	108	GCF.000148385.1.Archaea.Thermoproteota	1901.755	0.0	950.8775	2111.5	1692.01	0.0	0.0	1055.75
hgt	332	GCA.002704825.1.Bacteria.Planctomycetota	994.0835	0.0	497.04175	1195.01	793.157	0.0	0.0	597.505
hgt	1188	GCA.002779205.1.Bacteria.Actinobacteriota	3093.335	0.0	1546.6675	3261.52	2925.15	0.0	0.0	1630.76
hgt	1080	GCF.001547735.1.Bacteria.Thermosulfidibacterota	2542.65	0.0	1271.325	2807.1	2278.2	0.0	0.0	1403.55
hgt	386	GCA.002450905.1.Bacteria.Spirochaetota	1962.46	0.0	981.23	2228.04	1696.88	0.0	0.0	1114.02
hgt	515	GCA.002632265.1.Bacteria.Proteobacteria	1939.7	0.0	969.85	2073.68	1805.72	0.0	0.0	1036.84
hgt	966	GCA.003167015.1.Bacteria.Bacteroidota	1413.085	0.0	706.5425	1615.79	1210.38	0.0	0.0	807.895
dup	None	dead	0.0	0.0	0.0	0.0	0.0	0.0	0.0	0.0
hgt	1032	GCA.002693325.1.Bacteria.Latescibacterota	1683.695	0.0	841.8475	1928.88	1438.51	0.0	0.0	964.44
los	None	dead	0.0	0.0	0.0	0.0	0.0	0.0	0.0	0.0
dup	None	dead	0.0	0.0	0.0	0.0	0.0	0.0	0.0	0.0
hgt	356	GCA.001828445.1.Bacteria.Planctomycetota	1770.21	0.0	885.105	2032.85	1507.57	0.0	0.0	1016.425
los	None	dead	0.0	0.0	0.0	0.0	0.0	0.0	0.0	0.0
hgt	853	GCA.003232385.1.Bacteria.SZUA.79	2005.945	0.0	1002.9725	2253.28	1758.61	0.0	0.0	1126.64
los	None	dead	0.0	0.0	0.0	0.0	0.0	0.0	0.0	0.0
hgt	1412	1408	1844.64	1782.47	1813.555	2055.17	1634.11	1994.32	1570.62	1812.895
hgt	1133	GCA.002366545.1.Bacteria.Actinobacteriota	2425.095	0.0	1212.5475	2688.38	2161.81	0.0	0.0	1344.19
hgt	1006	GCA.001302725.1.Bacteria.Zixibacteria	1667.645	0.0	833.8225	1902.27	1433.02	0.0	0.0	951.135
hgt	216	GCA.001805575.1.Bacteria.Omnitrophota	1438.35	0.0	719.175	1648.45	1228.25	0.0	0.0	824.225
hgt	1651	GCA.003242895.1.Bacteria.Margulisbacteria	2128.215	0.0	1064.1075	2447.17	1809.26	0.0	0.0	1223.585
hgt	1191	GCA.002408345.1.Bacteria.Firmicutes.G	2182.46	0.0	1091.23	2502.41	1862.51	0.0	0.0	1251.205
hgt	972	GCA.002779395.1.Bacteria.Bacteroidota	1270.04	0.0	635.02	1470.78	1069.3	0.0	0.0	735.39
hgt	None	dead	0.0	0.0	0.0	0.0	0.0	0.0	0.0	0.0
hgt	236	GCA.002412545.1.Bacteria.Elusimicrobiota	1711.295	0.0	855.6475	1934.56	1488.03	0.0	0.0	967.28
los	None	dead	0.0	0.0	0.0	0.0	0.0	0.0	0.0	0.0
spe	1412	1408	1844.64	1782.47	1813.555	2055.17	1634.11	1994.32	1570.62	1812.895
spe	1408	1407	1782.47	1694.435	1738.4525	1994.32	1570.62	1910.57	1478.3	1736.31
los	1407	1406	1694.435	1589.865	1642.15	1910.57	1478.3	1810.7	1369.03	1639.8
spe	1408	1402	1782.47	1674.055	1728.2625	1994.32	1570.62	1896.47	1451.64	1722.98
los	1402	GCA.003228115.1.Bacteria.Chloroflexota	1674.055	0.0	837.0275	1896.47	1451.64	0.0	0.0	948.235
dup	None	dead	0.0	0.0	0.0	0.0	0.0	0.0	0.0	0.0
hgt	359	GCF.000949635.1.Bacteria.Planctomycetota	1819.66	0.0	909.83	2067.21	1572.11	0.0	0.0	1033.605
los	None	dead	0.0	0.0	0.0	0.0	0.0	0.0	0.0	0.0
dup	None	dead	0.0	0.0	0.0	0.0	0.0	0.0	0.0	0.0
hgt	749	GCA.003229375.1.Bacteria.Nitrospinota	1737.095	0.0	868.5475	1995.38	1478.81	0.0	0.0	997.69
los	None	dead	0.0	0.0	0.0	0.0	0.0	0.0	0.0	0.0
hgt	1360	GCF.002902625.1.Bacteria.Firmicutes	802.226	0.0	401.113	934.065	670.387	0.0	0.0	467.0325
los	None	dead	0.0	0.0	0.0	0.0	0.0	0.0	0.0	0.0
hgt	1387	1327	2728.885	2593.555	2661.22	2879.75	2578.02	2753.26	2433.85	2656.8
hgt	736	GCA.003454665.1.Bacteria.Nitrospirota	1826.19	0.0	913.095	2087.86	1564.52	0.0	0.0	1043.93
hgt	1280	GCF.900104455.1.Bacteria.Firmicutes.C	922.663	0.0	461.3315	1124.05	721.276	0.0	0.0	562.025
spe	1387	1327	2728.885	2593.555	2661.22	2879.75	2578.02	2753.26	2433.85	2656.8
spe	1327	1289	2593.555	2267.365	2430.46	2753.26	2433.85	2466.28	2068.45	2410.855
hgt	1068	GCA.002428295.1.Bacteria.Caldisericota	1762.385	0.0	881.1925	2070.1	1454.67	0.0	0.0	1035.05
los	1289	GCA.002345475.1.Bacteria.Firmicutes.H	2267.365	0.0	1133.6825	2466.28	2068.45	0.0	0.0	1233.14
spe	1289	1288	2267.365	1693.72	1980.5425	2466.28	2068.45	1906.24	1481.2	1973.74
spe	1288	1287	1693.72	1417.98	1555.85	1906.24	1481.2	1642.01	1193.95	1550.095
los	1287	1285	1417.98	1310.93	1364.455	1642.01	1193.95	1527.17	1094.69	1368.35
spe	1327	1326	2593.555	2394.985	2494.27	2753.26	2433.85	2562.74	2227.23	2490.245
spe	1326	1292	2394.985	1918.11	2156.5475	2562.74	2227.23	2144.78	1691.44	2127.09
los	1292	GCF.001950325.1.Bacteria.Firmicutes.B	1918.11	0.0	959.055	2144.78	1691.44	0.0	0.0	1072.39
hgt	1663	GCA.001464165.1.Bacteria.Cyanobacteria	2465.64	0.0	1232.82	2722.63	2208.65	0.0	0.0	1361.315
hgt	None	dead	0.0	0.0	0.0	0.0	0.0	0.0	0.0	0.0
hgt	None	dead	0.0	0.0	0.0	0.0	0.0	0.0	0.0	0.0
hgt	1227	GCA.003242675.1.Bacteria.Firmicutes.E	1913.92	0.0	956.96	2160.15	1667.69	0.0	0.0	1080.075
los	None	dead	0.0	0.0	0.0	0.0	0.0	0.0	0.0	0.0
hgt	1237	1221	2499.645	2008.115	2253.88	2691.67	2307.62	2274.35	1741.88	2216.775
hgt	None	dead	0.0	0.0	0.0	0.0	0.0	0.0	0.0	0.0
hgt	1375	GCF.000178255.1.Bacteria.Firmicutes	767.299	0.0	383.6495	885.979	648.619	0.0	0.0	442.9895
los	None	dead	0.0	0.0	0.0	0.0	0.0	0.0	0.0	0.0
spe	1326	1325	2394.985	2206.925	2300.955	2562.74	2227.23	2374.4	2039.45	2301.095
spe	1325	1297	2206.925	1941.385	2074.155	2374.4	2039.45	2141.08	1741.69	2058.045
los	1297	GCA.002329495.1.Bacteria.Firmicutes.B	1941.385	0.0	970.6925	2141.08	1741.69	0.0	0.0	1070.54
spe	1297	1296	1941.385	1757.76	1849.5725	2141.08	1741.69	1982.79	1532.73	1836.905
los	1296	GCA.001513545.1.Bacteria.Firmicutes.B	1757.76	0.0	878.88	1982.79	1532.73	0.0	0.0	991.395
spe	1325	1324	2206.925	2099.855	2153.39	2374.4	2039.45	2268.52	1931.19	2152.795
spe	1324	1323	2099.855	2012.64	2056.2475	2268.52	1931.19	2185.24	1840.04	2054.28
los	1323	1319	2012.64	1887.42	1950.03	2185.24	1840.04	2065.19	1709.65	1947.445
spe	1323	1322	2012.64	1664.355	1838.4975	2185.24	1840.04	1866.79	1461.92	1823.58
los	1322	GCA.001512665.1.Bacteria.Firmicutes.B	1664.355	0.0	832.1775	1866.79	1461.92	0.0	0.0	933.395
spe	1324	1308	2099.855	1873.47	1986.6625	2268.52	1931.19	2054.46	1692.48	1980.5
los	1308	1300	1873.47	1522.13	1697.8	2054.46	1692.48	1724.92	1319.34	1686.9
spe	1308	1307	1873.47	1657.525	1765.4975	2054.46	1692.48	1841.63	1473.42	1763.94
spe	1307	1305	1657.525	1479.61	1568.5675	1841.63	1473.42	1675.63	1283.59	1562.61
spe	1305	1304	1479.61	1181.512	1330.561	1675.63	1283.59	1388.17	974.854	1325.242
los	1304	GCA.001508005.1.Bacteria.Firmicutes.B	1181.512	0.0	590.756	1388.17	974.854	0.0	0.0	694.085
hgt	1312	GCF.000019165.1.Bacteria.Firmicutes.B	1489.285	0.0	744.6425	1697.39	1281.18	0.0	0.0	848.695
los	1305	GCF.002207765.1.Bacteria.Firmicutes.B	1479.61	0.0	739.805	1675.63	1283.59	0.0	0.0	837.815
spe	1237	1221	2499.645	2008.115	2253.88	2691.67	2307.62	2274.35	1741.88	2216.775
hgt	1305	GCF.002207765.1.Bacteria.Firmicutes.B	1479.61	0.0	739.805	1675.63	1283.59	0.0	0.0	837.815
hgt	1300	GCF.000620305.1.Bacteria.Firmicutes.B	1522.13	0.0	761.065	1724.92	1319.34	0.0	0.0	862.46
hgt	1296	GCA.001513545.1.Bacteria.Firmicutes.B	1757.76	0.0	878.88	1982.79	1532.73	0.0	0.0	991.395
hgt	1312	GCF.002607855.1.Bacteria.Firmicutes.B	1489.285	0.0	744.6425	1697.39	1281.18	0.0	0.0	848.695
dup	None	dead	0.0	0.0	0.0	0.0	0.0	0.0	0.0	0.0
dup	None	dead	0.0	0.0	0.0	0.0	0.0	0.0	0.0	0.0
hgt	244	GCA.001800075.1.Bacteria.Elusimicrobiota	1459.21	0.0	729.605	1673.69	1244.73	0.0	0.0	836.845
los	None	dead	0.0	0.0	0.0	0.0	0.0	0.0	0.0	0.0
hgt	791	GCA.002898795.1.Bacteria.Desulfobacterota.B	1279.55	0.0	639.775	1476.89	1082.21	0.0	0.0	738.445
los	None	dead	0.0	0.0	0.0	0.0	0.0	0.0	0.0	0.0
hgt	1382	1381	1778.165	1661.335	1719.75	1935.03	1621.3	1818.35	1504.32	1719.675
los	None	dead	0.0	0.0	0.0	0.0	0.0	0.0	0.0	0.0
spe	1382	1381	1778.165	1661.335	1719.75	1935.03	1621.3	1818.35	1504.32	1719.675
spe	1381	1351	1661.335	1566.59	1613.9625	1818.35	1504.32	1730.15	1403.03	1610.69
spe	1351	1347	1566.59	1266.54	1416.565	1730.15	1403.03	1442.62	1090.46	1410.305
los	1347	GCF.900099895.1.Bacteria.Firmicutes	1266.54	0.0	633.27	1442.62	1090.46	0.0	0.0	721.31
spe	1351	1350	1566.59	1380.55	1473.57	1730.15	1403.03	1557.96	1203.14	1466.645
los	1350	GCF.000942395.1.Bacteria.Firmicutes	1380.55	0.0	690.275	1557.96	1203.14	0.0	0.0	778.98
hgt	1338	GCF.002335525.1.Bacteria.Firmicutes	1582.81	0.0	791.405	1773.63	1391.99	0.0	0.0	886.815
spe	1381	1380	1661.335	1558.37	1609.8525	1818.35	1504.32	1715.02	1401.72	1610.035
spe	1380	1379	1558.37	1484.04	1521.205	1715.02	1401.72	1638.91	1329.17	1522.095
los	1379	1378	1484.04	1182.795	1333.4175	1638.91	1329.17	1325.65	1039.94	1339.425
spe	1379	1355	1484.04	1246.46	1365.25	1638.91	1329.17	1408.06	1084.86	1361.885
los	1355	GCF.000503775.1.Bacteria.Firmicutes	1246.46	0.0	623.23	1408.06	1084.86	0.0	0.0	704.03
hgt	868	GCA.002347095.1.Bacteria.Desulfobacterota	1695.53	0.0	847.765	1892.42	1498.64	0.0	0.0	946.21
hgt	769	GCA.001798135.1.Bacteria.UBA10199	1840.365	0.0	920.1825	2034.65	1646.08	0.0	0.0	1017.325
hgt	None	dead	0.0	0.0	0.0	0.0	0.0	0.0	0.0	0.0
dup	None	dead	0.0	0.0	0.0	0.0	0.0	0.0	0.0	0.0
hgt	837	GCA.001768075.1.Bacteria.Myxococcota	1589.61	0.0	794.805	1791.58	1387.64	0.0	0.0	895.79
los	None	dead	0.0	0.0	0.0	0.0	0.0	0.0	0.0	0.0
hgt	850	849	2241.395	1883.095	2062.245	2441.02	2041.77	2117.85	1648.34	2044.68
los	None	dead	0.0	0.0	0.0	0.0	0.0	0.0	0.0	0.0
spe	850	849	2241.395	1883.095	2062.245	2441.02	2041.77	2117.85	1648.34	2044.68
hgt	31	29	2249.94	1749.91	1999.925	2519.52	1980.36	2062.2	1437.62	1978.57
hgt	895	GCA.002897695.1.Bacteria.BMS3Abin14	2183.84	0.0	1091.92	2461.79	1905.89	0.0	0.0	1230.895
hgt	None	dead	0.0	0.0	0.0	0.0	0.0	0.0	0.0	0.0
hgt	1240	GCF.900142995.1.Bacteria.Firmicutes.A	2176.58	0.0	1088.29	2395.16	1958.0	0.0	0.0	1197.58
hgt	746	GCA.002238965.1.Bacteria.UBA8248	1971.165	0.0	985.5825	2267.78	1674.55	0.0	0.0	1133.89
hgt	1292	GCF.001950325.1.Bacteria.Firmicutes.B	1918.11	0.0	959.055	2144.78	1691.44	0.0	0.0	1072.39
spe	31	29	2249.94	1749.91	1999.925	2519.52	1980.36	2062.2	1437.62	1978.57
hgt	721	GCA.003230535.1.Bacteria.SZUA.182	2605.855	0.0	1302.9275	2825.34	2386.37	0.0	0.0	1412.67
hgt	221	GCA.002796125.1.Bacteria.Omnitrophota	1523.065	0.0	761.5325	1719.3	1326.83	0.0	0.0	859.65
hgt	1439	1438	1503.92	1310.445	1407.1825	1702.99	1304.85	1509.7	1111.19	1407.09
los	None	dead	0.0	0.0	0.0	0.0	0.0	0.0	0.0	0.0
spe	1439	1438	1503.92	1310.445	1407.1825	1702.99	1304.85	1509.7	1111.19	1407.09
hgt	274	GCA.000406005.1.Bacteria.Poribacteria	2054.16	0.0	1027.08	2418.12	1690.2	0.0	0.0	1209.06
hgt	1470	GCF.000025005.1.Bacteria.Chloroflexota	2082.735	0.0	1041.3675	2316.34	1849.13	0.0	0.0	1158.17
hgt	994	GCA.001304035.1.Bacteria.SM23.31	2025.62	0.0	1012.81	2232.44	1818.8	0.0	0.0	1116.22
spe	1438	1437	1310.445	1179.4025	1244.92375	1509.7	1111.19	1379.79	979.015	1244.3575
hgt	853	GCA.001797415.1.Bacteria.Desulfobacterota	2005.945	0.0	1002.9725	2253.28	1758.61	0.0	0.0	1126.64
hgt	877	GCF.000620765.1.Bacteria.Desulfobacterota.I	1769.305	0.0	884.6525	1968.93	1569.68	0.0	0.0	984.465
hgt	741	GCA.001771285.1.Bacteria.Methylomirabilota	2052.975	0.0	1026.4875	2337.08	1768.87	0.0	0.0	1168.54
hgt	376	GCA.002418835.1.Bacteria.Spirochaetota	2123.16	0.0	1061.58	2358.98	1887.34	0.0	0.0	1179.49
hgt	727	GCA.001805205.1.Bacteria.Nitrospirota	1736.985	0.0	868.4925	1988.09	1485.88	0.0	0.0	994.045
hgt	801	GCA.002328485.1.Bacteria.Desulfobacterota.G	2014.795	0.0	1007.3975	2227.16	1802.43	0.0	0.0	1113.58
hgt	751	GCA.002500605.1.Bacteria.Nitrospinota	1894.43	0.0	947.215	2141.93	1646.93	0.0	0.0	1070.965
hgt	941	GCA.003477045.1.Bacteria.Delongbacteria	2279.38	0.0	1139.69	2492.79	2065.97	0.0	0.0	1246.395
hgt	1063	GCA.002878315.1.Bacteria.Thermotogota	1761.17	0.0	880.585	2059.15	1463.19	0.0	0.0	1029.575
hgt	1273	GCF.000166335.1.Bacteria.Firmicutes.A	2327.63	0.0	1163.815	2507.54	2147.72	0.0	0.0	1253.77
hgt	1333	GCF.900111575.1.Bacteria.Firmicutes.D	2067.36	0.0	1033.68	2262.12	1872.6	0.0	0.0	1131.06
dup	895	GCA.002897695.1.Bacteria.BMS3Abin14	2183.84	0.0	1091.92	2461.79	1905.89	0.0	0.0	1230.895
hgt	846	GCA.002327765.1.Bacteria.Desulfobacterota.E	1968.67	0.0	984.335	2201.27	1736.07	0.0	0.0	1100.635
spe	1477	1476	2951.08	2705.185	2828.1325	3128.51	2773.65	2890.77	2519.6	2824.055
spe	1476	1475	2705.185	2571.35	2638.2675	2890.77	2519.6	2771.01	2371.69	2631.23
los	1475	1474	2571.35	2422.145	2496.7475	2771.01	2371.69	2641.91	2202.38	2486.695
spe	1475	1463	2571.35	2342.68	2457.015	2771.01	2371.69	2569.78	2115.58	2443.295
hgt	275	GCA.001784175.1.Bacteria.Lindowbacteria	2803.71	0.0	1401.855	3083.32	2524.1	0.0	0.0	1541.66
hgt	1209	GCA.002452295.1.Bacteria.Firmicutes.G	2349.065	0.0	1174.5325	2623.27	2074.86	0.0	0.0	1311.635
hgt	714	713	2396.315	2232.07	2314.1925	2582.71	2209.92	2420.07	2044.07	2313.39
spe	1463	1457	2342.68	1912.015	2127.3475	2569.78	2115.58	2189.96	1634.07	2101.925
hgt	1384	1383	2016.48	1891.44	1953.96	2177.1	1855.86	2053.21	1729.67	1953.385
hgt	768	767	1703.165	1544.31	1623.7375	1903.86	1502.47	1743.72	1344.9	1624.38
hgt	1333	GCA.002423965.1.Bacteria.Firmicutes.D	2067.36	0.0	1033.68	2262.12	1872.6	0.0	0.0	1131.06
hgt	1082	GCA.002011615.1.Bacteria.WOR.3	2820.665	0.0	1410.3325	3066.11	2575.22	0.0	0.0	1533.055
spe	768	767	1703.165	1544.31	1623.7375	1903.86	1502.47	1743.72	1344.9	1624.38
spe	767	766	1544.31	1359.65	1451.98	1743.72	1344.9	1564.02	1155.28	1449.5
hgt	768	GCA.001798715.1.Bacteria.UBA10199	1703.165	0.0	851.5825	1903.86	1502.47	0.0	0.0	951.93
hgt	1078	GCA.002898315.1.Bacteria.Calescibacterota	1937.95	0.0	968.975	2224.85	1651.05	0.0	0.0	1112.425
hgt	477	GCA.001897475.1.Bacteria.Proteobacteria	946.9555	0.0	473.47775	1106.86	787.051	0.0	0.0	553.43
spe	1384	1383	2016.48	1891.44	1953.96	2177.1	1855.86	2053.21	1729.67	1953.385
spe	1383	1341	1891.44	1532.885	1712.1625	2053.21	1729.67	1733.11	1332.66	1692.935
hgt	80	GCF.002114285.1.Archaea.Halobacteriota	1389.95	0.0	694.975	1591.35	1188.55	0.0	0.0	795.675
hgt	350	GCA.003509045.1.Bacteria.Planctomycetota	1478.92	0.0	739.46	1725.22	1232.62	0.0	0.0	862.61
hgt	1109	GCA.002898895.1.Bacteria.Armatimonadota	2109.385	0.0	1054.6925	2401.88	1816.89	0.0	0.0	1200.94
hgt	826	825	1472.31	1177.188	1324.749	1647.9	1296.72	1364.83	989.546	1318.723
los	1341	GCF.001311905.1.Bacteria.Firmicutes	1532.885	0.0	766.4425	1733.11	1332.66	0.0	0.0	866.555
spe	826	825	1472.31	1177.188	1324.749	1647.9	1296.72	1364.83	989.546	1318.723
spe	1383	1382	1891.44	1778.165	1834.8025	2053.21	1729.67	1935.03	1621.3	1837.255
spe	1382	1344	1778.165	1496.385	1637.275	1935.03	1621.3	1674.98	1317.79	1626.41
los	1344	GCA.002159075.1.Bacteria.Firmicutes	1496.385	0.0	748.1925	1674.98	1317.79	0.0	0.0	837.49
hgt	797	796	1864.035	1703.52	1783.7775	2051.89	1676.18	1897.12	1509.92	1780.905
hgt	74	GCA.002011165.1.Archaea.Halobacteriota	1703.245	0.0	851.6225	1896.74	1509.75	0.0	0.0	948.37
spe	1382	1381	1778.165	1661.335	1719.75	1935.03	1621.3	1818.35	1504.32	1719.675
spe	1381	1351	1661.335	1566.59	1613.9625	1818.35	1504.32	1730.15	1403.03	1610.69
los	1351	1350	1566.59	1380.55	1473.57	1730.15	1403.03	1557.96	1203.14	1466.645
spe	1351	1347	1566.59	1266.54	1416.565	1730.15	1403.03	1442.62	1090.46	1410.305
los	1347	GCF.001561915.1.Bacteria.Firmicutes	1266.54	0.0	633.27	1442.62	1090.46	0.0	0.0	721.31
dup	1347	GCF.900099895.1.Bacteria.Firmicutes	1266.54	0.0	633.27	1442.62	1090.46	0.0	0.0	721.31
hgt	1344	GCF.000218765.1.Bacteria.Firmicutes	1496.385	0.0	748.1925	1674.98	1317.79	0.0	0.0	837.49
spe	1381	1380	1661.335	1558.37	1609.8525	1818.35	1504.32	1715.02	1401.72	1610.035
hgt	188	GCA.001787855.1.Bacteria.Riflebacteria	3243.665	0.0	1621.8325	3519.48	2967.85	0.0	0.0	1759.74
los	1380	GCF.001049895.1.Bacteria.Firmicutes	1558.37	0.0	779.185	1715.02	1401.72	0.0	0.0	857.51
spe	1380	1379	1558.37	1484.04	1521.205	1715.02	1401.72	1638.91	1329.17	1522.095
hgt	659	GCA.000830255.1.Bacteria.Campylobacterota	1438.4	0.0	719.2	1756.87	1119.93	0.0	0.0	878.435
los	1379	1378	1484.04	1182.795	1333.4175	1638.91	1329.17	1325.65	1039.94	1339.425
spe	1379	1355	1484.04	1246.46	1365.25	1638.91	1329.17	1408.06	1084.86	1361.885
los	1355	GCF.004522215.1.Bacteria.Firmicutes	1246.46	0.0	623.23	1408.06	1084.86	0.0	0.0	704.03
hgt	1143	GCA.002352645.1.Bacteria.Actinobacteriota	1774.67	0.0	887.335	2003.61	1545.73	0.0	0.0	1001.805
spe	797	796	1864.035	1703.52	1783.7775	2051.89	1676.18	1897.12	1509.92	1780.905
hgt	328	327	1796.445	1506.63	1651.5375	2017.05	1575.84	1727.92	1285.34	1651.195
hgt	400	GCA.002401295.1.Bacteria.SAR324	2337.685	0.0	1168.8425	2593.16	2082.21	0.0	0.0	1296.58
spe	328	327	1796.445	1506.63	1651.5375	2017.05	1575.84	1727.92	1285.34	1651.195
spe	327	326	1506.63	1183.194	1344.912	1727.92	1285.34	1405.44	960.948	1344.434
hgt	821	GCF.000737335.2.Bacteria.Proteobacteria	1447.61	0.0	723.805	1643.48	1251.74	0.0	0.0	821.74
hgt	1163	GCF.000384115.1.Bacteria.Actinobacteriota	951.694	0.0	475.847	1153.97	749.418	0.0	0.0	576.985
hgt	345	GCA.002748355.1.Bacteria.Planctomycetota	1671.41	0.0	835.705	1909.09	1433.73	0.0	0.0	954.545
spe	796	795	1703.52	1521.62	1612.57	1897.12	1509.92	1718.38	1324.86	1610.99
spe	795	791	1521.62	1279.55	1400.585	1718.38	1324.86	1476.89	1082.21	1400.295
los	791	GCA.002898795.1.Bacteria.Desulfobacterota.B	1279.55	0.0	639.775	1476.89	1082.21	0.0	0.0	738.445
spe	795	794	1521.62	1417.505	1469.5625	1718.38	1324.86	1621.04	1213.97	1466.175
hgt	1032	GCA.002727195.1.Bacteria.Latescibacterota	1683.695	0.0	841.8475	1928.88	1438.51	0.0	0.0	964.44
los	794	GCA.001798565.1.Bacteria.Desulfobacterota.B	1417.505	0.0	708.7525	1621.04	1213.97	0.0	0.0	810.52
hgt	1112	GCA.002898555.1.Bacteria.Armatimonadota	2118.02	0.0	1059.01	2447.88	1788.16	0.0	0.0	1223.94
hgt	1128	GCA.002898935.1.Bacteria.CSP1.3	3110.52	0.0	1555.26	3301.89	2919.15	0.0	0.0	1650.945
hgt	670	669	2337.75	1783.33	2060.54	2571.79	2103.71	2057.34	1509.32	2040.555
hgt	816	GCA.002724675.1.Bacteria.Myxococcota.A	1315.445	0.0	657.7225	1517.68	1113.21	0.0	0.0	758.84
hgt	1058	GCF.000233775.1.Bacteria.Synergistota	2584.325	0.0	1292.1625	2896.49	2272.16	0.0	0.0	1448.245
hgt	1444	GCA.003451595.1.Bacteria.Chloroflexota	1493.995	0.0	746.9975	1710.68	1277.31	0.0	0.0	855.34
hgt	1439	GCF.900187885.1.Bacteria.Chloroflexota	1503.92	0.0	751.96	1702.99	1304.85	0.0	0.0	851.495
hgt	720	GCA.002347965.1.Bacteria.UBA2233	2294.32	0.0	1147.16	2574.63	2014.01	0.0	0.0	1287.315
spe	670	669	2337.75	1783.33	2060.54	2571.79	2103.71	2057.34	1509.32	2040.555
hgt	949	GCA.001872685.1.Bacteria.Marinisomatota	1569.07	0.0	784.535	1783.46	1354.68	0.0	0.0	891.73
spe	669	668	1783.33	1532.235	1657.7825	2057.34	1509.32	1800.98	1263.49	1660.415
hgt	390	GCA.002780065.1.Bacteria.UBA8481	3073.69	0.0	1536.845	3239.89	2907.49	0.0	0.0	1619.945
hgt	935	GCA.001789205.1.Bacteria.Fibrobacterota	2051.05	0.0	1025.525	2302.83	1799.27	0.0	0.0	1151.415
los	668	GCA.002010665.1.Bacteria.Acidobacteriota	1532.235	0.0	766.1175	1800.98	1263.49	0.0	0.0	900.49
hgt	1051	GCA.002501535.1.Bacteria.UBP7	2573.63	0.0	1286.815	3034.11	2113.15	0.0	0.0	1517.055
hgt	None	dead	0.0	0.0	0.0	0.0	0.0	0.0	0.0	0.0
spe	714	713	2396.315	2232.07	2314.1925	2582.71	2209.92	2420.07	2044.07	2313.39
spe	713	699	2232.07	2103.185	2167.6275	2420.07	2044.07	2288.62	1917.75	2168.91
los	699	681	2103.185	1875.565	1989.375	2288.62	1917.75	2076.39	1674.74	1981.68
spe	699	698	2103.185	1863.875	1983.53	2288.62	1917.75	2049.06	1678.69	1983.655
spe	698	686	1863.875	1646.29	1755.0825	2049.06	1678.69	1843.93	1448.65	1748.855
hgt	1235	GCA.002376005.1.Bacteria.Firmicutes.E	2052.91	0.0	1026.455	2283.89	1821.93	0.0	0.0	1141.945
los	686	GCA.002451015.1.Bacteria.Acidobacteriota	1646.29	0.0	823.145	1843.93	1448.65	0.0	0.0	921.965
spe	686	684	1646.29	1286.44	1466.365	1843.93	1448.65	1493.16	1079.72	1461.825
hgt	692	GCA.003140235.1.Bacteria.Acidobacteriota	1105.2925	0.0	552.64625	1299.2	911.385	0.0	0.0	649.6
los	684	GCA.003223975.1.Bacteria.Acidobacteriota	1286.44	0.0	643.22	1493.16	1079.72	0.0	0.0	746.58
spe	698	697	1863.875	1602.385	1733.13	2049.06	1678.69	1789.82	1414.95	1732.005
los	697	GCA.003222815.1.Bacteria.Acidobacteriota	1602.385	0.0	801.1925	1789.82	1414.95	0.0	0.0	894.91
spe	697	696	1602.385	1391.24	1496.8125	1789.82	1414.95	1578.29	1204.19	1497.005
hgt	692	GCA.003152325.1.Bacteria.Acidobacteriota	1105.2925	0.0	552.64625	1299.2	911.385	0.0	0.0	649.6
hgt	210	GCA.002796105.1.Bacteria.Omnitrophota	1714.94	0.0	857.47	1944.87	1485.01	0.0	0.0	972.435
spe	696	695	1391.24	1284.94	1338.09	1578.29	1204.19	1468.6	1101.28	1339.785
spe	695	694	1284.94	1206.005	1245.4725	1468.6	1101.28	1389.81	1022.2	1245.4
los	694	692	1206.005	1105.2925	1155.64875	1389.81	1022.2	1299.2	911.385	1150.5975
hgt	1704	1703	2246.435	2154.635	2200.535	2332.27	2160.6	2238.99	2070.28	2201.275
hgt	None	dead	0.0	0.0	0.0	0.0	0.0	0.0	0.0	0.0
dup	None	dead	0.0	0.0	0.0	0.0	0.0	0.0	0.0	0.0
hgt	1177	GCA.001464275.1.Bacteria.Actinobacteriota	1403.585	0.0	701.7925	1668.18	1138.99	0.0	0.0	834.09
los	None	dead	0.0	0.0	0.0	0.0	0.0	0.0	0.0	0.0
dup	None	dead	0.0	0.0	0.0	0.0	0.0	0.0	0.0	0.0
hgt	284	282	1735.725	1352.755	1544.24	1976.84	1494.61	1605.89	1099.62	1538.23
los	None	dead	0.0	0.0	0.0	0.0	0.0	0.0	0.0	0.0
spe	284	282	1735.725	1352.755	1544.24	1976.84	1494.61	1605.89	1099.62	1538.23
dup	None	dead	0.0	0.0	0.0	0.0	0.0	0.0	0.0	0.0
hgt	498	GCF.000192575.1.Bacteria.Proteobacteria	1100.442	0.0	550.221	1252.56	948.324	0.0	0.0	626.28
los	None	dead	0.0	0.0	0.0	0.0	0.0	0.0	0.0	0.0
dup	None	dead	0.0	0.0	0.0	0.0	0.0	0.0	0.0	0.0
hgt	873	GCA.002011835.1.Bacteria.Desulfobacterota	1746.56	0.0	873.28	1934.16	1558.96	0.0	0.0	967.08
los	None	dead	0.0	0.0	0.0	0.0	0.0	0.0	0.0	0.0
hgt	797	GCA.002311335.1.Bacteria.Desulfobacterota.B	1864.035	0.0	932.0175	2051.89	1676.18	0.0	0.0	1025.945
los	None	dead	0.0	0.0	0.0	0.0	0.0	0.0	0.0	0.0
hgt	652	651	2343.17	2202.31	2272.74	2482.13	2204.21	2336.11	2068.51	2275.32
hgt	None	dead	0.0	0.0	0.0	0.0	0.0	0.0	0.0	0.0
dup	None	dead	0.0	0.0	0.0	0.0	0.0	0.0	0.0	0.0
hgt	332	GCA.002364485.1.Bacteria.Planctomycetota	994.0835	0.0	497.04175	1195.01	793.157	0.0	0.0	597.505
los	None	dead	0.0	0.0	0.0	0.0	0.0	0.0	0.0	0.0
hgt	265	GCA.003290465.1.Bacteria.Sumerlaeota	1925.84	0.0	962.92	2272.12	1579.56	0.0	0.0	1136.06
los	None	dead	0.0	0.0	0.0	0.0	0.0	0.0	0.0	0.0
spe	713	712	2232.07	2029.595	2130.8325	2420.07	2044.07	2222.24	1836.95	2128.51
spe	712	711	2029.595	1840.1	1934.8475	2222.24	1836.95	2042.75	1637.45	1929.845
hgt	781	780	2015.825	1753.025	1884.425	2200.61	1831.04	1959.77	1546.28	1873.445
hgt	400	GCA.002707655.1.Bacteria.SAR324	2337.685	0.0	1168.8425	2593.16	2082.21	0.0	0.0	1296.58
hgt	639	GCA.003230085.1.Bacteria.Proteobacteria	1235.875	0.0	617.9375	1397.92	1073.83	0.0	0.0	698.96
hgt	1020	GCA.001780165.1.Bacteria.Eisenbacteria	1596.025	0.0	798.0125	1872.6	1319.45	0.0	0.0	936.3
hgt	674	GCA.002747255.1.Bacteria.Acidobacteriota	1880.64	0.0	940.32	2129.25	1632.03	0.0	0.0	1064.625
spe	781	780	2015.825	1753.025	1884.425	2200.61	1831.04	1959.77	1546.28	1873.445
spe	780	778	1753.025	1573.38	1663.2025	1959.77	1546.28	1798.09	1348.67	1654.22
hgt	288	GCA.002323895.1.Bacteria.Verrucomicrobiota	1623.24	0.0	811.62	1880.16	1366.32	0.0	0.0	940.08
los	778	GCA.002321895.1.Bacteria.Bdellovibrionota	1573.38	0.0	786.69	1798.09	1348.67	0.0	0.0	899.045
hgt	581	579	1215.78	935.164	1075.472	1373.53	1058.03	1112.18	758.148	1065.839
hgt	1026	GCA.002084765.1.Bacteria.4572.55	2235.5	0.0	1117.75	2487.03	1983.97	0.0	0.0	1243.515
hgt	270	GCA.001567115.1.Bacteria.OLB16	2744.13	0.0	1372.065	3033.13	2455.13	0.0	0.0	1516.565
hgt	303	GCA.003477185.1.Bacteria.Verrucomicrobiota	1541.925	0.0	770.9625	1780.09	1303.76	0.0	0.0	890.045
hgt	293	GCA.002429065.1.Bacteria.Verrucomicrobiota	1814.28	0.0	907.14	2062.54	1566.02	0.0	0.0	1031.27
hgt	979	GCA.002763895.1.Bacteria.Bacteroidota	1509.38	0.0	754.69	1695.99	1322.77	0.0	0.0	847.995
hgt	955	GCF.001280305.1.Bacteria.Bacteroidota	1061.248	0.0	530.624	1249.77	872.726	0.0	0.0	624.885
hgt	270	GCA.002746185.1.Bacteria.Hydrogenedentota	2744.13	0.0	1372.065	3033.13	2455.13	0.0	0.0	1516.565
spe	581	579	1215.78	935.164	1075.472	1373.53	1058.03	1112.18	758.148	1065.839
hgt	220	GCA.001805375.1.Bacteria.Omnitrophota	1293.03	0.0	646.515	1485.84	1100.22	0.0	0.0	742.92
hgt	585	GCA.002688175.1.Bacteria.Proteobacteria	1064.929	0.0	532.4645	1229.08	900.778	0.0	0.0	614.54
hgt	396	GCF.000177635.2.Bacteria.Chrysiogenota	2591.83	0.0	1295.915	2803.16	2380.5	0.0	0.0	1401.58
hgt	227	GCA.001804315.1.Bacteria.Omnitrophota	2301.915	0.0	1150.9575	2511.57	2092.26	0.0	0.0	1255.785
hgt	1228	GCA.003023725.1.Bacteria.Firmicutes.E	2160.575	0.0	1080.2875	2393.31	1927.84	0.0	0.0	1196.655
hgt	613	GCF.003097315.1.Bacteria.Proteobacteria	1308.6	0.0	654.3	1448.11	1169.09	0.0	0.0	724.055
hgt	551	GCA.002699105.1.Bacteria.Bacteroidota	1073.1825	0.0	536.59125	1248.71	897.655	0.0	0.0	624.355
hgt	220	GCA.001805375.1.Bacteria.Omnitrophota	1293.03	0.0	646.515	1485.84	1100.22	0.0	0.0	742.92
hgt	1284	GCF.001553315.1.Bacteria.Firmicutes.C	1020.5295	0.0	510.26475	1232.09	808.969	0.0	0.0	616.045
hgt	828	GCA.002699025.1.Bacteria.Myxococcota	1753.18	0.0	876.59	1925.68	1580.68	0.0	0.0	962.84
hgt	832	GCA.002721815.1.Bacteria.Myxococcota	1570.54	0.0	785.27	1770.5	1370.58	0.0	0.0	885.25
hgt	None	dead	0.0	0.0	0.0	0.0	0.0	0.0	0.0	0.0
hgt	568	GCA.002862435.1.Bacteria.Proteobacteria	1421.955	0.0	710.9775	1583.57	1260.34	0.0	0.0	791.785
los	None	dead	0.0	0.0	0.0	0.0	0.0	0.0	0.0	0.0
hgt	345	GCA.002746235.1.Bacteria.Planctomycetota	1671.41	0.0	835.705	1909.09	1433.73	0.0	0.0	954.545
los	711	709	1840.1	1543.01	1691.555	2042.75	1637.45	1779.22	1306.8	1674.775
spe	712	706	2029.595	1754.72	1892.1575	2222.24	1836.95	1977.7	1531.74	1876.99
hgt	1041	GCA.002686955.1.Bacteria.Gemmatimonadota.A	2636.74	0.0	1318.37	2813.51	2459.97	0.0	0.0	1406.755
spe	706	704	1754.72	1564.51	1659.615	1977.7	1531.74	1779.6	1349.42	1663.56
los	704	GCA.003133645.1.Bacteria.Acidobacteriota	1564.51	0.0	782.255	1779.6	1349.42	0.0	0.0	889.8
spe	704	702	1564.51	1307.095	1435.8025	1779.6	1349.42	1523.49	1090.7	1435.15
hgt	714	GCA.002731215.1.Bacteria.Acidobacteriota	2396.315	0.0	1198.1575	2582.71	2209.92	0.0	0.0	1291.355
hgt	697	GCA.003222815.1.Bacteria.Acidobacteriota	1602.385	0.0	801.1925	1789.82	1414.95	0.0	0.0	894.91
hgt	406	GCA.001872725.1.Bacteria.Proteobacteria	2518.42	0.0	1259.21	2679.32	2357.52	0.0	0.0	1339.66
hgt	None	dead	0.0	0.0	0.0	0.0	0.0	0.0	0.0	0.0
hgt	347	GCA.002683135.1.Bacteria.Planctomycetota	1965.575	0.0	982.7875	2194.16	1736.99	0.0	0.0	1097.08
los	None	dead	0.0	0.0	0.0	0.0	0.0	0.0	0.0	0.0
spe	652	651	2343.17	2202.31	2272.74	2482.13	2204.21	2336.11	2068.51	2275.32
hgt	None	dead	0.0	0.0	0.0	0.0	0.0	0.0	0.0	0.0
hgt	612	611	1154.76	873.257	1014.0085	1302.07	1007.45	1026.32	720.194	1011.132
los	None	dead	0.0	0.0	0.0	0.0	0.0	0.0	0.0	0.0
spe	612	611	1154.76	873.257	1014.0085	1302.07	1007.45	1026.32	720.194	1011.132
hgt	None	dead	0.0	0.0	0.0	0.0	0.0	0.0	0.0	0.0
hgt	553	GCF.001641825.1.Bacteria.Proteobacteria	1585.42	0.0	792.71	1735.79	1435.05	0.0	0.0	867.895
los	None	dead	0.0	0.0	0.0	0.0	0.0	0.0	0.0	0.0
spe	651	533	2202.31	1994.64	2098.475	2336.11	2068.51	2150.09	1839.19	2087.65
hgt	None	dead	0.0	0.0	0.0	0.0	0.0	0.0	0.0	0.0
dup	None	dead	0.0	0.0	0.0	0.0	0.0	0.0	0.0	0.0
hgt	568	GCF.001051235.1.Bacteria.Proteobacteria	1421.955	0.0	710.9775	1583.57	1260.34	0.0	0.0	791.785
los	None	dead	0.0	0.0	0.0	0.0	0.0	0.0	0.0	0.0
hgt	598	GCA.002292285.1.Bacteria.Proteobacteria	872.755	0.0	436.3775	1022.28	723.23	0.0	0.0	511.14
los	None	dead	0.0	0.0	0.0	0.0	0.0	0.0	0.0	0.0
spe	533	529	1994.64	1776.585	1885.6125	2150.09	1839.19	1957.62	1595.55	1872.82
hgt	562	561	1813.695	1737.62	1775.6575	1949.37	1678.02	1874.45	1600.79	1775.08
hgt	514	513	1792.55	1728.66	1760.605	1924.0	1661.1	1860.39	1596.93	1760.465
spe	514	513	1792.55	1728.66	1760.605	1924.0	1661.1	1860.39	1596.93	1760.465
spe	513	512	1728.66	1614.755	1671.7075	1860.39	1596.93	1750.68	1478.83	1669.61
spe	512	486	1614.755	1342.71	1478.7325	1750.68	1478.83	1498.9	1186.52	1468.6
hgt	439	GCF.001613805.1.Bacteria.Proteobacteria	1378.685	0.0	689.3425	1531.25	1226.12	0.0	0.0	765.625
los	486	GCA.002721365.1.Bacteria.Proteobacteria	1342.71	0.0	671.355	1498.9	1186.52	0.0	0.0	749.45
hgt	517	GCA.002937675.1.Bacteria.Proteobacteria	2143.98	0.0	1071.99	2284.9	2003.06	0.0	0.0	1142.45
spe	512	511	1614.755	1534.63	1574.6925	1750.68	1478.83	1667.04	1402.22	1576.45
hgt	447	446	1537.685	1337.995	1437.84	1679.47	1395.9	1490.2	1185.79	1432.63
hgt	458	456	1466.17	1288.015	1377.0925	1610.52	1321.82	1439.86	1136.17	1373.345
spe	511	489	1534.63	1174.55	1354.59	1667.04	1402.22	1332.19	1016.91	1341.975
hgt	439	GCA.002723345.1.Bacteria.Proteobacteria	1378.685	0.0	689.3425	1531.25	1226.12	0.0	0.0	765.625
los	489	GCA.002701885.1.Bacteria.Proteobacteria	1174.55	0.0	587.275	1332.19	1016.91	0.0	0.0	666.095
hgt	486	GCA.002721365.1.Bacteria.Proteobacteria	1342.71	0.0	671.355	1498.9	1186.52	0.0	0.0	749.45
spe	458	456	1466.17	1288.015	1377.0925	1610.52	1321.82	1439.86	1136.17	1373.345
spe	456	455	1288.015	945.418	1116.7165	1439.86	1136.17	1105.62	785.216	1112.538
hgt	None	dead	0.0	0.0	0.0	0.0	0.0	0.0	0.0	0.0
los	455	454	945.418	825.9765	885.69725	1105.62	785.216	984.66	667.293	886.4565
hgt	501	GCA.003454415.1.Bacteria.Proteobacteria	722.0125	0.0	361.00625	881.342	562.683	0.0	0.0	440.671
los	None	dead	0.0	0.0	0.0	0.0	0.0	0.0	0.0	0.0
hgt	453	GCA.002457765.1.Bacteria.Proteobacteria	706.861	0.0	353.4305	859.917	553.805	0.0	0.0	429.9585
hgt	462	GCF.006980715.1.Bacteria.Proteobacteria	1029.85	0.0	514.925	1187.35	872.35	0.0	0.0	593.675
spe	447	446	1537.685	1337.995	1437.84	1679.47	1395.9	1490.2	1185.79	1432.63
spe	446	445	1337.995	1219.785	1278.89	1490.2	1185.79	1382.11	1057.46	1273.83
spe	445	444	1219.785	1051.014	1135.3995	1382.11	1057.46	1222.56	879.468	1130.789
los	444	GCA.002348425.1.Bacteria.Proteobacteria	1051.014	0.0	525.507	1222.56	879.468	0.0	0.0	611.28
hgt	436	GCA.002722885.1.Bacteria.Proteobacteria	1682.45	0.0	841.225	1827.26	1537.64	0.0	0.0	913.63
spe	511	510	1534.63	1468.305	1501.4675	1667.04	1402.22	1603.84	1332.77	1499.905
hgt	434	GCA.002898275.1.Bacteria.Proteobacteria	1283.94	0.0	641.97	1452.9	1114.98	0.0	0.0	726.45
spe	510	492	1468.305	1215.16	1341.7325	1603.84	1332.77	1364.8	1065.52	1334.68
hgt	455	454	945.418	825.9765	885.69725	1105.62	785.216	984.66	667.293	886.4565
spe	455	454	945.418	825.9765	885.69725	1105.62	785.216	984.66	667.293	886.4565
spe	454	453	825.9765	706.861	766.41875	984.66	667.293	859.917	553.805	769.2325
los	453	GCA.002457765.1.Bacteria.Proteobacteria	706.861	0.0	353.4305	859.917	553.805	0.0	0.0	429.9585
spe	510	509	1468.305	1371.54	1419.9225	1603.84	1332.77	1510.17	1232.91	1418.375
spe	509	508	1371.54	1248.66	1310.1	1510.17	1232.91	1390.59	1106.73	1308.45
los	508	507	1248.66	1032.028	1140.344	1390.59	1106.73	1172.29	891.766	1141.178
spe	508	498	1248.66	1100.442	1174.551	1390.59	1106.73	1252.56	948.324	1169.457
los	498	GCF.000192575.1.Bacteria.Proteobacteria	1100.442	0.0	550.221	1252.56	948.324	0.0	0.0	626.28
spe	509	495	1371.54	1115.4635	1243.50175	1510.17	1232.91	1268.36	962.567	1236.3685
hgt	462	GCF.000315795.1.Bacteria.Proteobacteria	1029.85	0.0	514.925	1187.35	872.35	0.0	0.0	593.675
hgt	435	GCA.006969625.1.Bacteria.Proteobacteria	1491.68	0.0	745.84	1647.81	1335.55	0.0	0.0	823.905
los	495	GCF.003173035.1.Bacteria.Proteobacteria	1115.4635	0.0	557.73175	1268.36	962.567	0.0	0.0	634.18
hgt	434	GCA.002238885.1.Bacteria.Proteobacteria	1283.94	0.0	641.97	1452.9	1114.98	0.0	0.0	726.45
spe	513	483	1728.66	1679.37	1704.015	1860.39	1596.93	1813.87	1544.87	1702.63
los	483	447	1679.37	1537.685	1608.5275	1813.87	1544.87	1679.47	1395.9	1604.885
spe	483	482	1679.37	1587.505	1633.4375	1813.87	1544.87	1722.49	1452.52	1633.195
los	482	458	1587.505	1466.17	1526.8375	1722.49	1452.52	1610.52	1321.82	1522.155
spe	482	481	1587.505	1510.43	1548.9675	1722.49	1452.52	1645.81	1375.05	1548.77
los	481	480	1510.43	1386.405	1448.4175	1645.81	1375.05	1534.03	1238.78	1442.295
spe	481	469	1510.43	1404.34	1457.385	1645.81	1375.05	1546.78	1261.9	1453.855
spe	469	463	1404.34	1268.17	1336.255	1546.78	1261.9	1417.76	1118.58	1332.68
los	463	462	1268.17	1029.85	1149.01	1417.76	1118.58	1187.35	872.35	1145.055
spe	469	468	1404.34	1227.095	1315.7175	1546.78	1261.9	1373.3	1080.89	1313.835
spe	468	467	1227.095	1071.506	1149.3005	1373.3	1080.89	1222.83	920.182	1146.741
los	467	GCA.002291925.1.Bacteria.Proteobacteria	1071.506	0.0	535.753	1222.83	920.182	0.0	0.0	611.415
hgt	495	GCF.003173035.1.Bacteria.Proteobacteria	1115.4635	0.0	557.73175	1268.36	962.567	0.0	0.0	634.18
hgt	458	GCA.002340345.1.Bacteria.Proteobacteria	1466.17	0.0	733.085	1610.52	1321.82	0.0	0.0	805.26
hgt	None	dead	0.0	0.0	0.0	0.0	0.0	0.0	0.0	0.0
hgt	565	GCF.002958735.1.Bacteria.Proteobacteria	1459.56	0.0	729.78	1636.29	1282.83	0.0	0.0	818.145
los	None	dead	0.0	0.0	0.0	0.0	0.0	0.0	0.0	0.0
spe	562	561	1813.695	1737.62	1775.6575	1949.37	1678.02	1874.45	1600.79	1775.08
hgt	645	644	1783.08	1640.815	1711.9475	1911.77	1654.39	1774.52	1507.11	1709.44
spe	561	553	1737.62	1585.42	1661.52	1874.45	1600.79	1735.79	1435.05	1654.75
hgt	600	GCA.002007425.1.Bacteria.Proteobacteria	1178.33	0.0	589.165	1321.12	1035.54	0.0	0.0	660.56
los	553	GCF.001641825.1.Bacteria.Proteobacteria	1585.42	0.0	792.71	1735.79	1435.05	0.0	0.0	867.895
hgt	542	GCA.002631715.1.Bacteria.Proteobacteria	1703.185	0.0	851.5925	1875.52	1530.85	0.0	0.0	937.76
spe	553	552	1585.42	1355.9	1470.66	1735.79	1435.05	1526.56	1185.24	1460.515
spe	552	551	1355.9	1073.1825	1214.54125	1526.56	1185.24	1248.71	897.655	1212.1075
los	551	GCA.002699105.1.Bacteria.Bacteroidota	1073.1825	0.0	536.59125	1248.71	897.655	0.0	0.0	624.355
hgt	581	GCA.002868855.1.Bacteria.Proteobacteria	1215.78	0.0	607.89	1373.53	1058.03	0.0	0.0	686.765
hgt	653	GCF.001399755.1.Bacteria.Proteobacteria	2511.255	0.0	1255.6275	2643.2	2379.31	0.0	0.0	1321.6
spe	645	644	1783.08	1640.815	1711.9475	1911.77	1654.39	1774.52	1507.11	1709.44
spe	644	636	1640.815	1563.065	1601.94	1774.52	1507.11	1706.55	1419.58	1597.05
los	636	634	1563.065	1398.775	1480.92	1706.55	1419.58	1567.28	1230.27	1468.41
spe	644	643	1640.815	1460.61	1550.7125	1774.52	1507.11	1604.84	1316.38	1545.45
los	643	639	1460.61	1235.875	1348.2425	1604.84	1316.38	1397.92	1073.83	1339.335
spe	643	642	1460.61	1315.1	1387.855	1604.84	1316.38	1468.25	1161.95	1383.395
hgt	603	602	1631.14	1545.47	1588.305	1761.43	1500.85	1675.86	1415.08	1588.255
hgt	576	GCA.002432655.1.Bacteria.Proteobacteria	1593.015	0.0	796.5075	1746.04	1439.99	0.0	0.0	873.02
spe	603	602	1631.14	1545.47	1588.305	1761.43	1500.85	1675.86	1415.08	1588.255
spe	602	592	1545.47	1238.975	1392.2225	1675.86	1415.08	1390.11	1087.84	1381.85
los	592	GCF.001720165.1.Bacteria.Proteobacteria	1238.975	0.0	619.4875	1390.11	1087.84	0.0	0.0	695.055
spe	602	601	1545.47	1388.16	1466.815	1675.86	1415.08	1524.4	1251.92	1463.89
los	601	600	1388.16	1178.33	1283.245	1524.4	1251.92	1321.12	1035.54	1279.97
spe	601	595	1388.16	1179.98	1284.07	1524.4	1251.92	1332.11	1027.85	1276.125
los	595	GCA.002454015.1.Bacteria.Proteobacteria	1179.98	0.0	589.99	1332.11	1027.85	0.0	0.0	666.055
hgt	None	dead	0.0	0.0	0.0	0.0	0.0	0.0	0.0	0.0
hgt	634	GCF.002020875.1.Bacteria.Proteobacteria	1398.775	0.0	699.3875	1567.28	1230.27	0.0	0.0	783.64
los	None	dead	0.0	0.0	0.0	0.0	0.0	0.0	0.0	0.0
spe	561	560	1737.62	1548.725	1643.1725	1874.45	1600.79	1698.95	1398.5	1636.475
spe	560	558	1548.725	1383.43	1466.0775	1698.95	1398.5	1538.73	1228.13	1463.54
los	558	557	1383.43	1159.506	1271.468	1538.73	1228.13	1333.32	985.692	1262.211
hgt	571	570	1737.025	1581.87	1659.4475	1877.08	1596.97	1730.52	1433.22	1655.15
hgt	546	GCF.000021985.1.Bacteria.Proteobacteria	1450.69	0.0	725.345	1616.84	1284.54	0.0	0.0	808.42
hgt	576	574	1593.015	1337.465	1465.24	1746.04	1439.99	1503.53	1171.4	1458.72
spe	576	574	1593.015	1337.465	1465.24	1746.04	1439.99	1503.53	1171.4	1458.72
hgt	536	GCF.900111015.1.Bacteria.Proteobacteria	1835.635	0.0	917.8175	2001.99	1669.28	0.0	0.0	1000.995
spe	571	570	1737.025	1581.87	1659.4475	1877.08	1596.97	1730.52	1433.22	1655.15
spe	570	568	1581.87	1421.955	1501.9125	1730.52	1433.22	1583.57	1260.34	1495.43
los	568	GCF.001051235.1.Bacteria.Proteobacteria	1421.955	0.0	710.9775	1583.57	1260.34	0.0	0.0	791.785
hgt	519	GCF.002109495.1.Bacteria.Proteobacteria	2563.7	0.0	1281.85	2703.63	2423.77	0.0	0.0	1351.815
hgt	612	GCF.003612015.1.Bacteria.Proteobacteria	1154.76	0.0	577.38	1302.07	1007.45	0.0	0.0	651.035
spe	533	532	1994.64	1609.445	1802.0425	2150.09	1839.19	1820.16	1398.73	1774.41
hgt	634	GCF.001697225.1.Bacteria.Proteobacteria	1398.775	0.0	699.3875	1567.28	1230.27	0.0	0.0	783.64
los	532	GCA.001750625.1.Bacteria.Proteobacteria	1609.445	0.0	804.7225	1820.16	1398.73	0.0	0.0	910.08
spe	651	650	2202.31	2111.655	2156.9825	2336.11	2068.51	2245.39	1977.92	2157.015
spe	650	649	2111.655	2046.605	2079.13	2245.39	1977.92	2179.57	1913.64	2079.515
los	649	648	2046.605	1974.705	2010.655	2179.57	1913.64	2104.7	1844.71	2012.14
spe	649	543	2046.605	1880.315	1963.46	2179.57	1913.64	2032.2	1728.43	1954.0
los	543	539	1880.315	1679.045	1779.68	2032.2	1728.43	1878.59	1479.5	1755.85
spe	543	542	1880.315	1703.185	1791.75	2032.2	1728.43	1875.52	1530.85	1781.525
los	542	GCA.002631715.1.Bacteria.Proteobacteria	1703.185	0.0	851.5925	1875.52	1530.85	0.0	0.0	937.76
spe	650	536	2111.655	1835.635	1973.645	2245.39	1977.92	2001.99	1669.28	1957.335
los	536	GCF.900111015.1.Bacteria.Proteobacteria	1835.635	0.0	917.8175	2001.99	1669.28	0.0	0.0	1000.995
hgt	1140	GCA.002722565.1.Bacteria.Actinobacteriota	1175.5635	0.0	587.78175	1408.09	943.037	0.0	0.0	704.045
hgt	None	dead	0.0	0.0	0.0	0.0	0.0	0.0	0.0	0.0
dup	None	dead	0.0	0.0	0.0	0.0	0.0	0.0	0.0	0.0
dup	None	dead	0.0	0.0	0.0	0.0	0.0	0.0	0.0	0.0
hgt	866	GCA.003194485.1.Bacteria.Desulfobacterota	1370.345	0.0	685.1725	1577.25	1163.44	0.0	0.0	788.625
los	None	dead	0.0	0.0	0.0	0.0	0.0	0.0	0.0	0.0
hgt	334	GCA.002338715.1.Bacteria.Planctomycetota	1403.32	0.0	701.66	1623.36	1183.28	0.0	0.0	811.68
los	None	dead	0.0	0.0	0.0	0.0	0.0	0.0	0.0	0.0
hgt	840	804	2131.765	1962.63	2047.1975	2300.85	1962.68	2181.42	1743.84	2022.345
los	None	dead	0.0	0.0	0.0	0.0	0.0	0.0	0.0	0.0
spe	840	804	2131.765	1962.63	2047.1975	2300.85	1962.68	2181.42	1743.84	2022.345
hgt	1145	GCA.001767695.1.Bacteria.Actinobacteriota	1977.205	0.0	988.6025	2204.63	1749.78	0.0	0.0	1102.315
hgt	328	GCF.002277955.1.Bacteria.Planctomycetota	1796.445	0.0	898.2225	2017.05	1575.84	0.0	0.0	1008.525
hgt	274	GCA.002687025.1.Bacteria.Poribacteria	2054.16	0.0	1027.08	2418.12	1690.2	0.0	0.0	1209.06
hgt	397	GCF.000526155.1.Bacteria.Desulfobacterota	2952.9	0.0	1476.45	3107.01	2798.79	0.0	0.0	1553.505
hgt	None	dead	0.0	0.0	0.0	0.0	0.0	0.0	0.0	0.0
hgt	834	GCA.001798605.1.Bacteria.Myxococcota	1804.155	0.0	902.0775	1986.48	1621.83	0.0	0.0	993.24
los	None	dead	0.0	0.0	0.0	0.0	0.0	0.0	0.0	0.0
hgt	321	GCA.003136555.1.Bacteria.Planctomycetota	2405.83	0.0	1202.915	2641.62	2170.04	0.0	0.0	1320.81
hgt	1720	GCF.000484535.1.Bacteria.Cyanobacteria	2612.48	0.0	1306.24	2696.4	2528.56	0.0	0.0	1348.2
spe	1704	1703	2246.435	2154.635	2200.535	2332.27	2160.6	2238.99	2070.28	2201.275
spe	1703	1679	2154.635	1817.625	1986.13	2238.99	2070.28	1965.65	1669.6	1954.295
los	1679	1678	1817.625	881.825	1349.725	1965.65	1669.6	1106.31	657.34	1311.495
spe	1703	1702	2154.635	2080.605	2117.62	2238.99	2070.28	2162.02	1999.19	2119.09
spe	1702	1701	2080.605	2039.37	2059.9875	2162.02	1999.19	2114.89	1963.85	2062.935
spe	1701	1685	2039.37	1871.67	1955.52	2114.89	1963.85	1986.88	1756.46	1935.675
los	1685	GCF.000018105.1.Bacteria.Cyanobacteria	1871.67	0.0	935.835	1986.88	1756.46	0.0	0.0	993.44
spe	1685	1684	1871.67	1655.535	1763.6025	1986.88	1756.46	1804.69	1506.38	1746.63
los	1684	GCA.001698445.1.Bacteria.Cyanobacteria	1655.535	0.0	827.7675	1804.69	1506.38	0.0	0.0	902.345
spe	1701	1700	2039.37	1958.955	1999.1625	2114.89	1963.85	2030.15	1887.76	2001.325
spe	1700	1688	1958.955	1633.475	1796.215	2030.15	1887.76	1770.82	1496.13	1763.14
hgt	1672	GCF.002251945.1.Bacteria.Cyanobacteria	1997.32	0.0	998.66	2145.69	1848.95	0.0	0.0	1072.845
los	1688	GCF.000353285.1.Bacteria.Cyanobacteria	1633.475	0.0	816.7375	1770.82	1496.13	0.0	0.0	885.41
spe	1700	1699	1958.955	1903.47	1931.2125	2030.15	1887.76	1968.87	1838.07	1934.11
spe	1699	1698	1903.47	1614.69	1759.08	1968.87	1838.07	1629.18	1600.2	1784.535
los	1698	1692	1614.69	177.05465	895.87233	1629.18	1600.2	285.411	68.6983	848.93915
spe	1698	1697	1614.69	1292.96	1453.825	1629.18	1600.2	1415.06	1170.86	1400.02
spe	1697	1695	1292.96	877.811	1085.3855	1415.06	1170.86	1063.17	692.452	1053.756
hgt	1678	GCF.000017845.1.Bacteria.Cyanobacteria	881.825	0.0	440.9125	1106.31	657.34	0.0	0.0	553.155
hgt	1688	GCF.000353285.1.Bacteria.Cyanobacteria	1633.475	0.0	816.7375	1770.82	1496.13	0.0	0.0	885.41
hgt	1701	1685	2039.37	1871.67	1955.52	2114.89	1963.85	1986.88	1756.46	1935.675
spe	1701	1685	2039.37	1871.67	1955.52	2114.89	1963.85	1986.88	1756.46	1935.675
spe	1685	1684	1871.67	1655.535	1763.6025	1986.88	1756.46	1804.69	1506.38	1746.63
los	1684	GCF.000316115.1.Bacteria.Cyanobacteria	1655.535	0.0	827.7675	1804.69	1506.38	0.0	0.0	902.345
hgt	977	GCA.001567195.1.Bacteria.Bacteroidota	1134.0835	0.0	567.04175	1328.54	939.627	0.0	0.0	664.27
hgt	1119	GCF.002973605.1.Bacteria.Armatimonadota	1968.115	0.0	984.0575	2280.74	1655.49	0.0	0.0	1140.37
hgt	1106	GCA.003134215.1.Bacteria.Armatimonadota	1625.995	0.0	812.9975	1906.9	1345.09	0.0	0.0	953.45
hgt	813	812	1701.895	1577.595	1639.745	1867.35	1536.44	1758.46	1396.73	1632.04
los	None	dead	0.0	0.0	0.0	0.0	0.0	0.0	0.0	0.0
spe	813	812	1701.895	1577.595	1639.745	1867.35	1536.44	1758.46	1396.73	1632.04
hgt	1006	1004	1667.645	1471.43	1569.5375	1902.27	1433.02	1709.05	1233.81	1568.04
hgt	None	dead	0.0	0.0	0.0	0.0	0.0	0.0	0.0	0.0
hgt	1141	GCA.003140175.1.Bacteria.Actinobacteriota	1400.775	0.0	700.3875	1633.42	1168.13	0.0	0.0	816.71
los	None	dead	0.0	0.0	0.0	0.0	0.0	0.0	0.0	0.0
hgt	1338	1337	1582.81	1327.38	1455.095	1773.63	1391.99	1542.2	1112.56	1443.095
hgt	924	GCA.002348465.1.Bacteria.Gemmatimonadota	1818.875	0.0	909.4375	2151.84	1485.91	0.0	0.0	1075.92
hgt	1167	1166	2045.68	1407.48	1726.58	2266.85	1824.51	1631.42	1183.54	1725.195
spe	812	811	1577.595	1395.975	1486.785	1758.46	1396.73	1585.0	1206.95	1482.705
hgt	807	GCA.002841945.1.Bacteria.Myxococcota	1480.85	0.0	740.425	1670.67	1291.03	0.0	0.0	835.335
los	811	GCA.002726535.1.Bacteria.Myxococcota	1395.975	0.0	697.9875	1585.0	1206.95	0.0	0.0	792.5
spe	1167	1166	2045.68	1407.48	1726.58	2266.85	1824.51	1631.42	1183.54	1725.195
spe	1166	1165	1407.48	1265.28	1336.38	1631.42	1183.54	1482.81	1047.75	1339.585
spe	1165	1164	1265.28	1123.5635	1194.42175	1482.81	1047.75	1339.29	907.837	1195.3235
los	1164	1163	1123.5635	951.694	1037.62875	1339.29	907.837	1153.97	749.418	1044.354
spe	1164	1160	1123.5635	971.4955	1047.5295	1339.29	907.837	1182.5	760.491	1049.8905
spe	1160	1158	971.4955	864.931	918.21325	1182.5	760.491	1069.94	659.922	921.211
los	1158	GCF.001942305.1.Bacteria.Actinobacteriota	864.931	0.0	432.4655	1069.94	659.922	0.0	0.0	534.97
spe	1165	1155	1265.28	1138.4215	1201.85075	1482.81	1047.75	1351.51	925.333	1204.0715
spe	1155	1154	1138.4215	863.8915	1001.1565	1351.51	925.333	1069.86	657.923	1004.7165
los	1154	GCF.001591405.1.Bacteria.Actinobacteria	863.8915	0.0	431.94575	1069.86	657.923	0.0	0.0	534.93
hgt	1473	GCA.001443375.1.Bacteria.Chloroflexota	1376.695	0.0	688.3475	1641.8	1111.59	0.0	0.0	820.9
hgt	1180	GCF.001029505.1.Bacteria.Actinobacteriota	2135.205	0.0	1067.6025	2374.94	1895.47	0.0	0.0	1187.47
spe	1338	1337	1582.81	1327.38	1455.095	1773.63	1391.99	1542.2	1112.56	1443.095
hgt	1344	GCA.002159075.1.Bacteria.Firmicutes	1496.385	0.0	748.1925	1674.98	1317.79	0.0	0.0	837.49
spe	1006	1004	1667.645	1471.43	1569.5375	1902.27	1433.02	1709.05	1233.81	1568.04
hgt	940	GCA.002898195.1.Bacteria.AABM5.125.24	1851.48	0.0	925.74	2096.71	1606.25	0.0	0.0	1048.355
hgt	1099	1098	2846.765	1685.385	2266.075	3123.3	2570.23	2041.88	1328.89	2226.095
hgt	1396	GCA.003151665.1.Bacteria.Dormibacterota	2023.82	0.0	1011.91	2389.98	1657.66	0.0	0.0	1194.99
hgt	709	GCA.003223995.1.Bacteria.Acidobacteriota	1543.01	0.0	771.505	1779.22	1306.8	0.0	0.0	889.61
hgt	None	dead	0.0	0.0	0.0	0.0	0.0	0.0	0.0	0.0
hgt	807	GCA.002789955.1.Bacteria.Myxococcota	1480.85	0.0	740.425	1670.67	1291.03	0.0	0.0	835.335
los	None	dead	0.0	0.0	0.0	0.0	0.0	0.0	0.0	0.0
spe	1099	1098	2846.765	1685.385	2266.075	3123.3	2570.23	2041.88	1328.89	2226.095
hgt	832	GCA.002721815.1.Bacteria.Myxococcota	1570.54	0.0	785.27	1770.5	1370.58	0.0	0.0	885.25
hgt	1430	GCA.001795235.1.Bacteria.Chloroflexota	2141.86	0.0	1070.93	2460.53	1823.19	0.0	0.0	1230.265
hgt	1173	GCA.002897715.1.Bacteria.Actinobacteriota	1583.875	0.0	791.9375	1841.44	1326.31	0.0	0.0	920.72
hgt	1221	GCA.002375895.1.Bacteria.Firmicutes.E	2008.115	0.0	1004.0575	2274.35	1741.88	0.0	0.0	1137.175
hgt	1208	GCA.001513145.1.Bacteria.Firmicutes.G	2154.735	0.0	1077.3675	2464.94	1844.53	0.0	0.0	1232.47
hgt	74	GCF.000194625.1.Archaea.Halobacteriota	1703.245	0.0	851.6225	1896.74	1509.75	0.0	0.0	948.37
hgt	1300	GCA.002418765.1.Bacteria.Firmicutes.B	1522.13	0.0	761.065	1724.92	1319.34	0.0	0.0	862.46
hgt	1226	GCA.003242195.1.Bacteria.Firmicutes.E	1761.44	0.0	880.72	2030.25	1492.63	0.0	0.0	1015.125
hgt	709	GCA.003223145.1.Bacteria.Acidobacteriota	1543.01	0.0	771.505	1779.22	1306.8	0.0	0.0	889.61
hgt	686	GCA.002451015.1.Bacteria.Acidobacteriota	1646.29	0.0	823.145	1843.93	1448.65	0.0	0.0	921.965
hgt	880	GCF.000195295.1.Bacteria.Desulfobacterota	1499.355	0.0	749.6775	1702.42	1296.29	0.0	0.0	851.21
hgt	1088	GCA.002010365.1.Bacteria.Bipolaricaulota	1639.23	0.0	819.615	1926.36	1352.1	0.0	0.0	963.18
spe	1463	1462	2342.68	2240.595	2291.6375	2569.78	2115.58	2485.08	1996.11	2282.945
hgt	1008	GCA.000447245.1.Bacteria.Zixibacteria	1888.32	0.0	944.16	2123.29	1653.35	0.0	0.0	1061.645
hgt	1119	GCA.002779825.1.Bacteria.Armatimonadota	1968.115	0.0	984.0575	2280.74	1655.49	0.0	0.0	1140.37
los	1462	1461	2240.595	1858.39	2049.4925	2485.08	1996.11	2155.55	1561.23	2023.155
hgt	1285	1281	1310.93	1090.0515	1200.49075	1527.17	1094.69	1297.44	882.663	1204.9165
hgt	801	GCA.001797815.1.Bacteria.RBG.13.61.14	2014.795	0.0	1007.3975	2227.16	1802.43	0.0	0.0	1113.58
spe	1285	1281	1310.93	1090.0515	1200.49075	1527.17	1094.69	1297.44	882.663	1204.9165
spe	1281	1280	1090.0515	922.663	1006.35725	1297.44	882.663	1124.05	721.276	1009.358
los	1280	GCF.900104455.1.Bacteria.Firmicutes.C	922.663	0.0	461.3315	1124.05	721.276	0.0	0.0	562.025
hgt	1315	GCF.002224645.1.Bacteria.Firmicutes.B	994.8405	0.0	497.42025	1191.01	798.671	0.0	0.0	595.505
spe	1476	1454	2705.185	2138.89	2422.0375	2890.77	2519.6	2343.0	1934.78	2412.775
hgt	1228	GCA.003023725.1.Bacteria.Firmicutes.E	2160.575	0.0	1080.2875	2393.31	1927.84	0.0	0.0	1196.655
hgt	1469	GCA.001898225.1.Bacteria.Chloroflexota	1899.175	0.0	949.5875	2149.99	1648.36	0.0	0.0	1074.995
hgt	741	GCA.003220615.1.Bacteria.Methylomirabilota	2052.975	0.0	1026.4875	2337.08	1768.87	0.0	0.0	1168.54
spe	1454	1446	2138.89	1892.56	2015.725	2343.0	1934.78	2094.3	1690.82	2016.91
spe	1446	1440	1892.56	1749.24	1820.9	2094.3	1690.82	1951.59	1546.89	1820.595
los	1440	1439	1749.24	1503.92	1626.58	1951.59	1546.89	1702.99	1304.85	1628.22
spe	1446	1445	1892.56	1683.66	1788.11	2094.3	1690.82	1884.49	1482.83	1788.565
los	1445	1444	1683.66	1493.995	1588.8275	1884.49	1482.83	1710.68	1277.31	1580.9
hgt	746	GCF.900079095.1.Bacteria.Tectomicrobia	1971.165	0.0	985.5825	2267.78	1674.55	0.0	0.0	1133.89
hgt	924	GCA.003221825.1.Bacteria.Gemmatimonadota	1818.875	0.0	909.4375	2151.84	1485.91	0.0	0.0	1075.92
hgt	1430	GCA.001795235.1.Bacteria.Chloroflexota	2141.86	0.0	1070.93	2460.53	1823.19	0.0	0.0	1230.265
hgt	None	dead	0.0	0.0	0.0	0.0	0.0	0.0	0.0	0.0
hgt	None	dead	0.0	0.0	0.0	0.0	0.0	0.0	0.0	0.0
hgt	1444	GCA.002366755.1.Bacteria.Chloroflexota	1493.995	0.0	746.9975	1710.68	1277.31	0.0	0.0	855.34
los	None	dead	0.0	0.0	0.0	0.0	0.0	0.0	0.0	0.0
spe	1454	1453	2138.89	2041.27	2090.08	2343.0	1934.78	2251.3	1831.24	2087.12
spe	1453	1452	2041.27	1560.03	1800.65	2251.3	1831.24	1846.56	1273.5	1762.4
los	1452	GCA.002423325.1.Bacteria.Chloroflexota	1560.03	0.0	780.015	1846.56	1273.5	0.0	0.0	923.28
spe	1453	1449	2041.27	1825.905	1933.5875	2251.3	1831.24	2055.21	1596.6	1923.95
hgt	1425	1424	1957.375	1821.17	1889.2725	2183.94	1730.81	2044.52	1597.82	1890.88
los	None	dead	0.0	0.0	0.0	0.0	0.0	0.0	0.0	0.0
spe	1425	1424	1957.375	1821.17	1889.2725	2183.94	1730.81	2044.52	1597.82	1890.88
spe	1424	1422	1821.17	1675.19	1748.18	2044.52	1597.82	1898.81	1451.57	1748.045
los	1422	GCA.003484395.1.Bacteria.Chloroflexota	1675.19	0.0	837.595	1898.81	1451.57	0.0	0.0	949.405
spe	1422	1421	1675.19	1634.78	1654.985	1898.81	1451.57	1858.01	1411.55	1655.18
los	1421	GCA.002347295.1.Bacteria.Chloroflexota	1634.78	0.0	817.39	1858.01	1411.55	0.0	0.0	929.005
spe	1421	1419	1634.78	1500.065	1567.4225	1858.01	1411.55	1725.81	1274.32	1566.165
hgt	1425	GCA.003229915.1.Bacteria.Chloroflexota	1957.375	0.0	978.6875	2183.94	1730.81	0.0	0.0	1091.97
hgt	1406	GCA.002710215.1.Bacteria.Chloroflexota	1589.865	0.0	794.9325	1810.7	1369.03	0.0	0.0	905.35
spe	897	889	2852.85	2620.3	2736.575	3010.8	2694.9	2780.76	2459.84	2735.32
los	889	843	2620.3	2513.665	2566.9825	2780.76	2459.84	2674.81	2352.52	2566.64
spe	889	888	2620.3	2447.185	2533.7425	2780.76	2459.84	2620.46	2273.91	2527.335
los	888	854	2447.185	2279.15	2363.1675	2620.46	2273.91	2472.51	2085.79	2353.125
spe	888	887	2447.185	2263.805	2355.495	2620.46	2273.91	2439.03	2088.58	2354.52
hgt	None	dead	0.0	0.0	0.0	0.0	0.0	0.0	0.0	0.0
hgt	724	GCA.001914955.1.Bacteria.Nitrospirota	1584.32	0.0	792.16	1849.0	1319.64	0.0	0.0	924.5
los	None	dead	0.0	0.0	0.0	0.0	0.0	0.0	0.0	0.0
spe	887	863	2263.805	2054.51	2159.1575	2439.03	2088.58	2246.76	1862.26	2150.645
spe	863	857	2054.51	1926.135	1990.3225	2246.76	1862.26	2147.23	1705.04	1975.9
los	857	GCA.002010915.1.Bacteria.Desulfobacterota	1926.135	0.0	963.0675	2147.23	1705.04	0.0	0.0	1073.615
spe	863	862	2054.51	1719.125	1886.8175	2246.76	1862.26	1930.25	1508.0	1877.38
spe	862	861	1719.125	1594.73	1656.9275	1930.25	1508.0	1807.63	1381.83	1656.04
hgt	883	GCA.001751085.1.Bacteria.Desulfobacterota	1384.92	0.0	692.46	1585.61	1184.23	0.0	0.0	792.805
los	861	GCA.002327985.1.Bacteria.Desulfobacterota	1594.73	0.0	797.365	1807.63	1381.83	0.0	0.0	903.815
spe	887	886	2263.805	1999.475	2131.64	2439.03	2088.58	2174.59	1824.36	2131.695
hgt	None	dead	0.0	0.0	0.0	0.0	0.0	0.0	0.0	0.0
los	886	885	1999.475	1880.5	1939.9875	2174.59	1824.36	2064.03	1696.97	1935.78
hgt	987	GCA.002085355.1.Bacteria.KSB1	1549.045	0.0	774.5225	1774.03	1324.06	0.0	0.0	887.015
los	None	dead	0.0	0.0	0.0	0.0	0.0	0.0	0.0	0.0
spe	886	874	1999.475	1902.135	1950.805	2174.59	1824.36	2083.11	1721.16	1947.875
los	874	868	1902.135	1695.53	1798.8325	2083.11	1721.16	1892.42	1498.64	1790.875
spe	874	873	1902.135	1746.56	1824.3475	2083.11	1721.16	1934.16	1558.96	1821.035
los	873	GCA.002011835.1.Bacteria.Desulfobacterota	1746.56	0.0	873.28	1934.16	1558.96	0.0	0.0	967.08
spe	873	871	1746.56	1489.29	1617.925	1934.16	1558.96	1692.73	1285.85	1610.005
