event	left_node	right_node	left_date	right_date	midpoint_date	left_date_lower	left_date_upper	right_date_lower	right_date_upper	midpoint_date_all
hgt	None	dead	0.0	0.0	0.0	0.0	0.0	0.0	0.0	0.0
dup	None	dead	0.0	0.0	0.0	0.0	0.0	0.0	0.0	0.0
hgt	486	GCF.000264455.2.Bacteria.Proteobacteria	1342.71	0.0	671.355	1498.9	1186.52	0.0	0.0	749.45
los	None	dead	0.0	0.0	0.0	0.0	0.0	0.0	0.0	0.0
hgt	363	321	2571.645	2405.83	2488.7375	2770.7	2372.59	2641.62	2170.04	2470.37
los	None	dead	0.0	0.0	0.0	0.0	0.0	0.0	0.0	0.0
hgt	None	dead	0.0	0.0	0.0	0.0	0.0	0.0	0.0	0.0
hgt	436	GCA.002722885.1.Bacteria.Proteobacteria	1682.45	0.0	841.225	1827.26	1537.64	0.0	0.0	913.63
los	None	dead	0.0	0.0	0.0	0.0	0.0	0.0	0.0	0.0
spe	363	321	2571.645	2405.83	2488.7375	2770.7	2372.59	2641.62	2170.04	2470.37
hgt	None	dead	0.0	0.0	0.0	0.0	0.0	0.0	0.0	0.0
dup	None	dead	0.0	0.0	0.0	0.0	0.0	0.0	0.0	0.0
dup	None	dead	0.0	0.0	0.0	0.0	0.0	0.0	0.0	0.0
dup	None	dead	0.0	0.0	0.0	0.0	0.0	0.0	0.0	0.0
hgt	447	439	1537.685	1378.685	1458.185	1679.47	1395.9	1531.25	1226.12	1452.795
hgt	612	GCF.003612015.1.Bacteria.Proteobacteria	1154.76	0.0	577.38	1302.07	1007.45	0.0	0.0	651.035
los	None	dead	0.0	0.0	0.0	0.0	0.0	0.0	0.0	0.0
spe	447	439	1537.685	1378.685	1458.185	1679.47	1395.9	1531.25	1226.12	1452.795
hgt	467	GCF.003258945.1.Bacteria.Proteobacteria	1071.506	0.0	535.753	1222.83	920.182	0.0	0.0	611.415
hgt	874	873	1902.135	1746.56	1824.3475	2083.11	1721.16	1934.16	1558.96	1821.035
hgt	462	GCF.000315795.1.Bacteria.Proteobacteria	1029.85	0.0	514.925	1187.35	872.35	0.0	0.0	593.675
los	None	dead	0.0	0.0	0.0	0.0	0.0	0.0	0.0	0.0
hgt	None	dead	0.0	0.0	0.0	0.0	0.0	0.0	0.0	0.0
hgt	445	GCA.002717225.1.Bacteria.Proteobacteria	1219.785	0.0	609.8925	1382.11	1057.46	0.0	0.0	691.055
los	None	dead	0.0	0.0	0.0	0.0	0.0	0.0	0.0	0.0
hgt	849	GCF.000266945.1.Bacteria.Desulfobacterota	1883.095	0.0	941.5475	2117.85	1648.34	0.0	0.0	1058.925
spe	874	873	1902.135	1746.56	1824.3475	2083.11	1721.16	1934.16	1558.96	1821.035
spe	873	871	1746.56	1489.29	1617.925	1934.16	1558.96	1692.73	1285.85	1610.005
los	871	GCA.002899795.1.Bacteria.Desulfobacterota	1489.29	0.0	744.645	1692.73	1285.85	0.0	0.0	846.365
dup	None	dead	0.0	0.0	0.0	0.0	0.0	0.0	0.0	0.0
hgt	498	GCA.002731375.1.Bacteria.Proteobacteria	1100.442	0.0	550.221	1252.56	948.324	0.0	0.0	626.28
hgt	506	GCA.002480495.1.Bacteria.Proteobacteria	986.4985	0.0	493.24925	1134.96	838.037	0.0	0.0	567.48
los	None	dead	0.0	0.0	0.0	0.0	0.0	0.0	0.0	0.0
hgt	435	GCA.006969625.1.Bacteria.Proteobacteria	1491.68	0.0	745.84	1647.81	1335.55	0.0	0.0	823.905
dup	None	dead	0.0	0.0	0.0	0.0	0.0	0.0	0.0	0.0
hgt	486	GCA.002721365.1.Bacteria.Proteobacteria	1342.71	0.0	671.355	1498.9	1186.52	0.0	0.0	749.45
los	None	dead	0.0	0.0	0.0	0.0	0.0	0.0	0.0	0.0
hgt	650	536	2111.655	1835.635	1973.645	2245.39	1977.92	2001.99	1669.28	1957.335
los	None	dead	0.0	0.0	0.0	0.0	0.0	0.0	0.0	0.0
hgt	None	dead	0.0	0.0	0.0	0.0	0.0	0.0	0.0	0.0
hgt	None	dead	0.0	0.0	0.0	0.0	0.0	0.0	0.0	0.0
hgt	None	dead	0.0	0.0	0.0	0.0	0.0	0.0	0.0	0.0
hgt	463	GCF.002251795.1.Bacteria.Proteobacteria	1268.17	0.0	634.085	1417.76	1118.58	0.0	0.0	708.88
los	None	dead	0.0	0.0	0.0	0.0	0.0	0.0	0.0	0.0
hgt	None	dead	0.0	0.0	0.0	0.0	0.0	0.0	0.0	0.0
spe	650	536	2111.655	1835.635	1973.645	2245.39	1977.92	2001.99	1669.28	1957.335
hgt	None	dead	0.0	0.0	0.0	0.0	0.0	0.0	0.0	0.0
hgt	498	GCF.000192575.1.Bacteria.Proteobacteria	1100.442	0.0	550.221	1252.56	948.324	0.0	0.0	626.28
hgt	498	GCF.000192575.1.Bacteria.Proteobacteria	1100.442	0.0	550.221	1252.56	948.324	0.0	0.0	626.28
los	None	dead	0.0	0.0	0.0	0.0	0.0	0.0	0.0	0.0
hgt	468	GCF.900167455.1.Bacteria.Proteobacteria	1227.095	0.0	613.5475	1373.3	1080.89	0.0	0.0	686.65
hgt	509	495	1371.54	1115.4635	1243.50175	1510.17	1232.91	1268.36	962.567	1236.3685
los	None	dead	0.0	0.0	0.0	0.0	0.0	0.0	0.0	0.0
spe	509	495	1371.54	1115.4635	1243.50175	1510.17	1232.91	1268.36	962.567	1236.3685
hgt	434	GCA.002238885.1.Bacteria.Proteobacteria	1283.94	0.0	641.97	1452.9	1114.98	0.0	0.0	726.45
hgt	395	GCF.000487995.1.Bacteria.Deferribacterota	1495.105	0.0	747.5525	1791.3	1198.91	0.0	0.0	895.65
los	None	dead	0.0	0.0	0.0	0.0	0.0	0.0	0.0	0.0
hgt	492	GCF.002798435.1.Bacteria.Proteobacteria	1215.16	0.0	607.58	1364.8	1065.52	0.0	0.0	682.4
hgt	468	GCF.900167455.1.Bacteria.Proteobacteria	1227.095	0.0	613.5475	1373.3	1080.89	0.0	0.0	686.65
hgt	579	GCA.003137095.1.Bacteria.Proteobacteria	935.164	0.0	467.582	1112.18	758.148	0.0	0.0	556.09
los	None	dead	0.0	0.0	0.0	0.0	0.0	0.0	0.0	0.0
hgt	332	GCA.002704825.1.Bacteria.Planctomycetota	994.0835	0.0	497.04175	1195.01	793.157	0.0	0.0	597.505
hgt	453	GCA.003280605.1.Bacteria.Proteobacteria	706.861	0.0	353.4305	859.917	553.805	0.0	0.0	429.9585
hgt	345	GCA.002748355.1.Bacteria.Planctomycetota	1671.41	0.0	835.705	1909.09	1433.73	0.0	0.0	954.545
los	None	dead	0.0	0.0	0.0	0.0	0.0	0.0	0.0	0.0
hgt	492	GCF.900172325.1.Bacteria.Proteobacteria	1215.16	0.0	607.58	1364.8	1065.52	0.0	0.0	682.4
hgt	None	dead	0.0	0.0	0.0	0.0	0.0	0.0	0.0	0.0
hgt	1038	1032	2092.525	1683.695	1888.11	2301.0	1884.05	1928.88	1438.51	1869.755
hgt	568	GCF.001051235.1.Bacteria.Proteobacteria	1421.955	0.0	710.9775	1583.57	1260.34	0.0	0.0	791.785
los	None	dead	0.0	0.0	0.0	0.0	0.0	0.0	0.0	0.0
spe	1038	1032	2092.525	1683.695	1888.11	2301.0	1884.05	1928.88	1438.51	1869.755
hgt	492	GCF.002798435.1.Bacteria.Proteobacteria	1215.16	0.0	607.58	1364.8	1065.52	0.0	0.0	682.4
spe	321	320	2405.83	2201.875	2303.8525	2641.62	2170.04	2465.4	1938.35	2289.985
hgt	926	GCA.001780825.1.Bacteria.Gemmatimonadota	2323.795	0.0	1161.8975	2580.04	2067.55	0.0	0.0	1290.02
los	320	GCA.002746535.1.Bacteria.Planctomycetota	2201.875	0.0	1100.9375	2465.4	1938.35	0.0	0.0	1232.7
dup	926	GCA.001780825.1.Bacteria.Gemmatimonadota	2323.795	0.0	1161.8975	2580.04	2067.55	0.0	0.0	1290.02
hgt	636	GCA.002840095.1.Bacteria.Proteobacteria	1563.065	0.0	781.5325	1706.55	1419.58	0.0	0.0	853.275
hgt	926	GCA.001780825.1.Bacteria.Gemmatimonadota	2323.795	0.0	1161.8975	2580.04	2067.55	0.0	0.0	1290.02
hgt	None	dead	0.0	0.0	0.0	0.0	0.0	0.0	0.0	0.0
hgt	1021	GCA.002686915.1.Bacteria.ARS69	2172.51	0.0	1086.255	2411.97	1933.05	0.0	0.0	1205.985
hgt	807	GCA.002841945.1.Bacteria.Myxococcota	1480.85	0.0	740.425	1670.67	1291.03	0.0	0.0	835.335
los	None	dead	0.0	0.0	0.0	0.0	0.0	0.0	0.0	0.0
hgt	293	GCA.003246265.1.Bacteria.Verrucomicrobiota	1814.28	0.0	907.14	2062.54	1566.02	0.0	0.0	1031.27
hgt	None	dead	0.0	0.0	0.0	0.0	0.0	0.0	0.0	0.0
hgt	846	GCF.001611275.1.Bacteria.Desulfobacterota	1968.67	0.0	984.335	2201.27	1736.07	0.0	0.0	1100.635
los	None	dead	0.0	0.0	0.0	0.0	0.0	0.0	0.0	0.0
hgt	None	dead	0.0	0.0	0.0	0.0	0.0	0.0	0.0	0.0
spe	1722	1721	3243.33	3160.365	3201.8475	3359.45	3127.21	3276.84	3043.89	3201.67
spe	1721	1667	3160.365	2867.145	3013.755	3276.84	3043.89	3021.27	2713.02	2994.93
hgt	None	dead	0.0	0.0	0.0	0.0	0.0	0.0	0.0	0.0
hgt	326	GCF.900129635.1.Bacteria.Planctomycetota	1183.194	0.0	591.597	1405.44	960.948	0.0	0.0	702.72
hgt	1344	GCF.000218765.1.Bacteria.Firmicutes	1496.385	0.0	748.1925	1674.98	1317.79	0.0	0.0	837.49
los	None	dead	0.0	0.0	0.0	0.0	0.0	0.0	0.0	0.0
hgt	None	dead	0.0	0.0	0.0	0.0	0.0	0.0	0.0	0.0
hgt	892	GCA.001873285.1.Bacteria.CG2.30.53.67	2105.205	0.0	1052.6025	2398.65	1811.76	0.0	0.0	1199.325
hgt	1688	GCF.000353285.1.Bacteria.Cyanobacteria	1633.475	0.0	816.7375	1770.82	1496.13	0.0	0.0	885.41
hgt	1449	GCA.002400365.1.Bacteria.Chloroflexota	1825.905	0.0	912.9525	2055.21	1596.6	0.0	0.0	1027.605
hgt	1106	GCA.003134215.1.Bacteria.Armatimonadota	1625.995	0.0	812.9975	1906.9	1345.09	0.0	0.0	953.45
los	None	dead	0.0	0.0	0.0	0.0	0.0	0.0	0.0	0.0
hgt	1440	GCF.001306175.1.Bacteria.Chloroflexota	1749.24	0.0	874.62	1951.59	1546.89	0.0	0.0	975.795
hgt	None	dead	0.0	0.0	0.0	0.0	0.0	0.0	0.0	0.0
dup	None	dead	0.0	0.0	0.0	0.0	0.0	0.0	0.0	0.0
hgt	1444	GCA.003451595.1.Bacteria.Chloroflexota	1493.995	0.0	746.9975	1710.68	1277.31	0.0	0.0	855.34
los	None	dead	0.0	0.0	0.0	0.0	0.0	0.0	0.0	0.0
hgt	728	727	1980.89	1736.985	1858.9375	2218.53	1743.25	1988.09	1485.88	1852.205
hgt	826	825	1472.31	1177.188	1324.749	1647.9	1296.72	1364.83	989.546	1318.723
los	None	dead	0.0	0.0	0.0	0.0	0.0	0.0	0.0	0.0
spe	826	825	1472.31	1177.188	1324.749	1647.9	1296.72	1364.83	989.546	1318.723
hgt	None	dead	0.0	0.0	0.0	0.0	0.0	0.0	0.0	0.0
hgt	1307	GCA.000987045.1.Bacteria.Firmicutes.B	1657.525	0.0	828.7625	1841.63	1473.42	0.0	0.0	920.815
los	None	dead	0.0	0.0	0.0	0.0	0.0	0.0	0.0	0.0
hgt	None	dead	0.0	0.0	0.0	0.0	0.0	0.0	0.0	0.0
spe	728	727	1980.89	1736.985	1858.9375	2218.53	1743.25	1988.09	1485.88	1852.205
hgt	756	GCA.001790645.1.Bacteria.Schekmanbacteria	2563.145	0.0	1281.5725	2763.41	2362.88	0.0	0.0	1381.705
hgt	853	GCA.001797415.1.Bacteria.Desulfobacterota	2005.945	0.0	1002.9725	2253.28	1758.61	0.0	0.0	1126.64
hgt	1347	GCF.001561915.1.Bacteria.Firmicutes	1266.54	0.0	633.27	1442.62	1090.46	0.0	0.0	721.31
hgt	383	GCA.001829315.1.Bacteria.Spirochaetota	1865.655	0.0	932.8275	2107.47	1623.84	0.0	0.0	1053.735
hgt	1350	GCF.001742305.1.Bacteria.Firmicutes	1380.55	0.0	690.275	1557.96	1203.14	0.0	0.0	778.98
los	None	dead	0.0	0.0	0.0	0.0	0.0	0.0	0.0	0.0
hgt	1269	GCF.002252565.1.Bacteria.Firmicutes.A	1505.09	0.0	752.545	1679.35	1330.83	0.0	0.0	839.675
hgt	None	dead	0.0	0.0	0.0	0.0	0.0	0.0	0.0	0.0
hgt	1128	GCA.002898935.1.Bacteria.CSP1.3	3110.52	0.0	1555.26	3301.89	2919.15	0.0	0.0	1650.945
hgt	675	674	2161.39	1880.64	2021.015	2382.98	1939.8	2129.25	1632.03	2007.505
hgt	None	dead	0.0	0.0	0.0	0.0	0.0	0.0	0.0	0.0
hgt	529	GCA.002420425.1.Bacteria.Proteobacteria	1776.585	0.0	888.2925	1957.62	1595.55	0.0	0.0	978.81
hgt	576	GCA.002432655.1.Bacteria.Proteobacteria	1593.015	0.0	796.5075	1746.04	1439.99	0.0	0.0	873.02
los	None	dead	0.0	0.0	0.0	0.0	0.0	0.0	0.0	0.0
hgt	None	dead	0.0	0.0	0.0	0.0	0.0	0.0	0.0	0.0
hgt	603	602	1631.14	1545.47	1588.305	1761.43	1500.85	1675.86	1415.08	1588.255
hgt	434	GCA.002898275.1.Bacteria.Proteobacteria	1283.94	0.0	641.97	1452.9	1114.98	0.0	0.0	726.45
los	None	dead	0.0	0.0	0.0	0.0	0.0	0.0	0.0	0.0
spe	603	602	1631.14	1545.47	1588.305	1761.43	1500.85	1675.86	1415.08	1588.255
spe	602	592	1545.47	1238.975	1392.2225	1675.86	1415.08	1390.11	1087.84	1381.85
los	592	GCF.000024725.1.Bacteria.Proteobacteria	1238.975	0.0	619.4875	1390.11	1087.84	0.0	0.0	695.055
hgt	None	dead	0.0	0.0	0.0	0.0	0.0	0.0	0.0	0.0
hgt	456	GCF.002148795.1.Bacteria.Proteobacteria	1288.015	0.0	644.0075	1439.86	1136.17	0.0	0.0	719.93
los	None	dead	0.0	0.0	0.0	0.0	0.0	0.0	0.0	0.0
hgt	None	dead	0.0	0.0	0.0	0.0	0.0	0.0	0.0	0.0
hgt	462	GCF.006980715.1.Bacteria.Proteobacteria	1029.85	0.0	514.925	1187.35	872.35	0.0	0.0	593.675
los	None	dead	0.0	0.0	0.0	0.0	0.0	0.0	0.0	0.0
spe	602	601	1545.47	1388.16	1466.815	1675.86	1415.08	1524.4	1251.92	1463.89
spe	601	595	1388.16	1179.98	1284.07	1524.4	1251.92	1332.11	1027.85	1276.125
los	595	GCA.002454015.1.Bacteria.Proteobacteria	1179.98	0.0	589.99	1332.11	1027.85	0.0	0.0	666.055
spe	601	600	1388.16	1178.33	1283.245	1524.4	1251.92	1321.12	1035.54	1279.97
hgt	560	GCA.001735895.1.Bacteria.Proteobacteria	1548.725	0.0	774.3625	1698.95	1398.5	0.0	0.0	849.475
los	600	598	1178.33	872.755	1025.5425	1321.12	1035.54	1022.28	723.23	1022.175
spe	675	674	2161.39	1880.64	2021.015	2382.98	1939.8	2129.25	1632.03	2007.505
hgt	None	dead	0.0	0.0	0.0	0.0	0.0	0.0	0.0	0.0
hgt	692	GCA.003152325.1.Bacteria.Acidobacteriota	1105.2925	0.0	552.64625	1299.2	911.385	0.0	0.0	649.6
hgt	697	GCA.003222815.1.Bacteria.Acidobacteriota	1602.385	0.0	801.1925	1789.82	1414.95	0.0	0.0	894.91
hgt	977	GCA.001567195.1.Bacteria.Bacteroidota	1134.0835	0.0	567.04175	1328.54	939.627	0.0	0.0	664.27
hgt	670	GCA.002898535.1.Bacteria.Acidobacteriota	2337.75	0.0	1168.875	2571.79	2103.71	0.0	0.0	1285.895
los	None	dead	0.0	0.0	0.0	0.0	0.0	0.0	0.0	0.0
hgt	837	GCA.001768075.1.Bacteria.Myxococcota	1589.61	0.0	794.805	1791.58	1387.64	0.0	0.0	895.79
hgt	724	GCA.001914955.1.Bacteria.Nitrospirota	1584.32	0.0	792.16	1849.0	1319.64	0.0	0.0	924.5
hgt	794	GCA.003161515.1.Bacteria.Desulfobacterota.B	1417.505	0.0	708.7525	1621.04	1213.97	0.0	0.0	810.52
hgt	None	dead	0.0	0.0	0.0	0.0	0.0	0.0	0.0	0.0
hgt	359	GCF.000949635.1.Bacteria.Planctomycetota	1819.66	0.0	909.83	2067.21	1572.11	0.0	0.0	1033.605
hgt	868	GCA.002347095.1.Bacteria.Desulfobacterota	1695.53	0.0	847.765	1892.42	1498.64	0.0	0.0	946.21
hgt	966	GCA.003167015.1.Bacteria.Bacteroidota	1413.085	0.0	706.5425	1615.79	1210.38	0.0	0.0	807.895
los	None	dead	0.0	0.0	0.0	0.0	0.0	0.0	0.0	0.0
hgt	636	GCA.002840095.1.Bacteria.Proteobacteria	1563.065	0.0	781.5325	1706.55	1419.58	0.0	0.0	853.275
hgt	660	659	2520.845	1438.4	1979.6225	2755.25	2286.44	1756.87	1119.93	1937.59
hgt	None	dead	0.0	0.0	0.0	0.0	0.0	0.0	0.0	0.0
hgt	183	GCA.002402105.1.Bacteria.UBP17	2942.325	0.0	1471.1625	3395.25	2489.4	0.0	0.0	1697.625
hgt	515	GCA.002632265.1.Bacteria.Proteobacteria	1939.7	0.0	969.85	2073.68	1805.72	0.0	0.0	1036.84
los	None	dead	0.0	0.0	0.0	0.0	0.0	0.0	0.0	0.0
hgt	None	dead	0.0	0.0	0.0	0.0	0.0	0.0	0.0	0.0
hgt	None	dead	0.0	0.0	0.0	0.0	0.0	0.0	0.0	0.0
hgt	603	GCA.002085445.1.Bacteria.Proteobacteria	1631.14	0.0	815.57	1761.43	1500.85	0.0	0.0	880.715
hgt	751	GCA.002500605.1.Bacteria.Nitrospinota	1894.43	0.0	947.215	2141.93	1646.93	0.0	0.0	1070.965
los	None	dead	0.0	0.0	0.0	0.0	0.0	0.0	0.0	0.0
hgt	1015	GCA.002790835.1.Bacteria.Krumholzibacteriota	2028.76	0.0	1014.38	2298.38	1759.14	0.0	0.0	1149.19
hgt	None	dead	0.0	0.0	0.0	0.0	0.0	0.0	0.0	0.0
hgt	613	GCF.003097315.1.Bacteria.Proteobacteria	1308.6	0.0	654.3	1448.11	1169.09	0.0	0.0	724.055
hgt	400	GCA.002401295.1.Bacteria.SAR324	2337.685	0.0	1168.8425	2593.16	2082.21	0.0	0.0	1296.58
los	None	dead	0.0	0.0	0.0	0.0	0.0	0.0	0.0	0.0
dup	None	dead	0.0	0.0	0.0	0.0	0.0	0.0	0.0	0.0
hgt	644	636	1640.815	1563.065	1601.94	1774.52	1507.11	1706.55	1419.58	1597.05
hgt	576	574	1593.015	1337.465	1465.24	1746.04	1439.99	1503.53	1171.4	1458.72
hgt	653	GCF.001399755.1.Bacteria.Proteobacteria	2511.255	0.0	1255.6275	2643.2	2379.31	0.0	0.0	1321.6
hgt	711	GCA.001664505.1.Bacteria.Acidobacteriota	1840.1	0.0	920.05	2042.75	1637.45	0.0	0.0	1021.375
hgt	579	GCA.003155415.1.Bacteria.Proteobacteria	935.164	0.0	467.582	1112.18	758.148	0.0	0.0	556.09
los	None	dead	0.0	0.0	0.0	0.0	0.0	0.0	0.0	0.0
hgt	552	GCF.001614315.2.Bacteria.Proteobacteria	1355.9	0.0	677.95	1526.56	1185.24	0.0	0.0	763.28
spe	576	574	1593.015	1337.465	1465.24	1746.04	1439.99	1503.53	1171.4	1458.72
spe	644	636	1640.815	1563.065	1601.94	1774.52	1507.11	1706.55	1419.58	1597.05
hgt	265	GCA.003501375.1.Bacteria.Sumerlaeota	1925.84	0.0	962.92	2272.12	1579.56	0.0	0.0	1136.06
hgt	406	GCA.001872725.1.Bacteria.Proteobacteria	2518.42	0.0	1259.21	2679.32	2357.52	0.0	0.0	1339.66
hgt	None	dead	0.0	0.0	0.0	0.0	0.0	0.0	0.0	0.0
hgt	519	GCF.002109495.1.Bacteria.Proteobacteria	2563.7	0.0	1281.85	2703.63	2423.77	0.0	0.0	1351.815
hgt	458	GCA.002340345.1.Bacteria.Proteobacteria	1466.17	0.0	733.085	1610.52	1321.82	0.0	0.0	805.26
hgt	462	GCF.006980715.1.Bacteria.Proteobacteria	1029.85	0.0	514.925	1187.35	872.35	0.0	0.0	593.675
hgt	446	GCA.002717185.1.Bacteria.Proteobacteria	1337.995	0.0	668.9975	1490.2	1185.79	0.0	0.0	745.1
hgt	455	GCF.900102465.1.Bacteria.Proteobacteria	945.418	0.0	472.709	1105.62	785.216	0.0	0.0	552.81
hgt	944	GCA.002712165.1.Bacteria.Proteobacteria	1392.82	0.0	696.41	1623.46	1162.18	0.0	0.0	811.73
los	None	dead	0.0	0.0	0.0	0.0	0.0	0.0	0.0	0.0
hgt	489	GCA.002348365.1.Bacteria.Proteobacteria	1174.55	0.0	587.275	1332.19	1016.91	0.0	0.0	666.095
hgt	804	GCA.003247575.1.Bacteria.Myxococcota.A	1962.63	0.0	981.315	2181.42	1743.84	0.0	0.0	1090.71
hgt	611	GCF.003052605.1.Bacteria.Proteobacteria	873.257	0.0	436.6285	1026.32	720.194	0.0	0.0	513.16
hgt	546	GCA.002747435.1.Bacteria.Proteobacteria	1450.69	0.0	725.345	1616.84	1284.54	0.0	0.0	808.42
hgt	565	GCF.002958735.1.Bacteria.Proteobacteria	1459.56	0.0	729.78	1636.29	1282.83	0.0	0.0	818.145
hgt	570	GCA.002255365.1.Bacteria.Proteobacteria	1581.87	0.0	790.935	1730.52	1433.22	0.0	0.0	865.26
hgt	None	dead	0.0	0.0	0.0	0.0	0.0	0.0	0.0	0.0
hgt	1041	GCA.002686955.1.Bacteria.Gemmatimonadota.A	2636.74	0.0	1318.37	2813.51	2459.97	0.0	0.0	1406.755
spe	636	634	1563.065	1398.775	1480.92	1706.55	1419.58	1567.28	1230.27	1468.41
hgt	568	GCA.002862435.1.Bacteria.Proteobacteria	1421.955	0.0	710.9775	1583.57	1260.34	0.0	0.0	791.785
hgt	611	GCF.000284615.1.Bacteria.Proteobacteria	873.257	0.0	436.6285	1026.32	720.194	0.0	0.0	513.16
hgt	546	GCF.000021985.1.Bacteria.Proteobacteria	1450.69	0.0	725.345	1616.84	1284.54	0.0	0.0	808.42
hgt	542	GCA.002352565.1.Bacteria.Proteobacteria	1703.185	0.0	851.5925	1875.52	1530.85	0.0	0.0	937.76
los	None	dead	0.0	0.0	0.0	0.0	0.0	0.0	0.0	0.0
hgt	553	GCF.001641825.1.Bacteria.Proteobacteria	1585.42	0.0	792.71	1735.79	1435.05	0.0	0.0	867.895
hgt	642	GCA.001447805.1.Bacteria.Proteobacteria	1315.1	0.0	657.55	1468.25	1161.95	0.0	0.0	734.125
hgt	403	GCF.900177345.1.Bacteria.Proteobacteria	2470.89	0.0	1235.445	2681.53	2260.25	0.0	0.0	1340.765
hgt	586	585	1254.4	1064.929	1159.6645	1410.43	1098.37	1229.08	900.778	1155.604
los	None	dead	0.0	0.0	0.0	0.0	0.0	0.0	0.0	0.0
spe	586	585	1254.4	1064.929	1159.6645	1410.43	1098.37	1229.08	900.778	1155.604
hgt	749	GCA.002705185.1.Bacteria.Nitrospinota	1737.095	0.0	868.5475	1995.38	1478.81	0.0	0.0	997.69
hgt	None	dead	0.0	0.0	0.0	0.0	0.0	0.0	0.0	0.0
hgt	849	GCA.001896555.1.Bacteria.Desulfobacterota	1883.095	0.0	941.5475	2117.85	1648.34	0.0	0.0	1058.925
hgt	539	GCF.001431315.1.Bacteria.Proteobacteria	1679.045	0.0	839.5225	1878.59	1479.5	0.0	0.0	939.295
hgt	376	GCA.002418835.1.Bacteria.Spirochaetota	2123.16	0.0	1061.58	2358.98	1887.34	0.0	0.0	1179.49
los	None	dead	0.0	0.0	0.0	0.0	0.0	0.0	0.0	0.0
hgt	376	GCA.002418835.1.Bacteria.Spirochaetota	2123.16	0.0	1061.58	2358.98	1887.34	0.0	0.0	1179.49
spe	660	659	2520.845	1438.4	1979.6225	2755.25	2286.44	1756.87	1119.93	1937.59
hgt	396	GCF.000177635.2.Bacteria.Chrysiogenota	2591.83	0.0	1295.915	2803.16	2380.5	0.0	0.0	1401.58
hgt	720	GCA.002347965.1.Bacteria.UBA2233	2294.32	0.0	1147.16	2574.63	2014.01	0.0	0.0	1287.315
hgt	370	GCA.003497555.1.Bacteria.Spirochaetota	2080.07	0.0	1040.035	2365.12	1795.02	0.0	0.0	1182.56
hgt	1667	GCA.003503675.1.Bacteria.Cyanobacteria	2867.145	0.0	1433.5725	3021.27	2713.02	0.0	0.0	1510.635
hgt	1078	1076	1937.95	1416.635	1677.2925	2224.85	1651.05	1692.52	1140.75	1682.8
hgt	386	GCA.001829155.1.Bacteria.Spirochaetota	1962.46	0.0	981.23	2228.04	1696.88	0.0	0.0	1114.02
hgt	None	dead	0.0	0.0	0.0	0.0	0.0	0.0	0.0	0.0
hgt	383	GCA.001829315.1.Bacteria.Spirochaetota	1865.655	0.0	932.8275	2107.47	1623.84	0.0	0.0	1053.735
hgt	477	GCA.001897475.1.Bacteria.Proteobacteria	946.9555	0.0	473.47775	1106.86	787.051	0.0	0.0	553.43
los	None	dead	0.0	0.0	0.0	0.0	0.0	0.0	0.0	0.0
hgt	941	GCA.003477045.1.Bacteria.Delongbacteria	2279.38	0.0	1139.69	2492.79	2065.97	0.0	0.0	1246.395
spe	1078	1076	1937.95	1416.635	1677.2925	2224.85	1651.05	1692.52	1140.75	1682.8
hgt	694	GCA.001767075.1.Bacteria.Acidobacteriota	1206.005	0.0	603.0025	1389.81	1022.2	0.0	0.0	694.905
hgt	1148	GCF.000969705.1.Bacteria.Actinobacteriota	1798.435	0.0	899.2175	2044.72	1552.15	0.0	0.0	1022.36
los	None	dead	0.0	0.0	0.0	0.0	0.0	0.0	0.0	0.0
hgt	1173	GCA.001768675.1.Bacteria.Actinobacteriota	1583.875	0.0	791.9375	1841.44	1326.31	0.0	0.0	920.72
hgt	None	dead	0.0	0.0	0.0	0.0	0.0	0.0	0.0	0.0
dup	1667	GCA.003503675.1.Bacteria.Cyanobacteria	2867.145	0.0	1433.5725	3021.27	2713.02	0.0	0.0	1510.635
hgt	720	GCA.002347965.1.Bacteria.UBA2233	2294.32	0.0	1147.16	2574.63	2014.01	0.0	0.0	1287.315
hgt	849	GCF.000266945.1.Bacteria.Desulfobacterota	1883.095	0.0	941.5475	2117.85	1648.34	0.0	0.0	1058.925
los	None	dead	0.0	0.0	0.0	0.0	0.0	0.0	0.0	0.0
hgt	None	dead	0.0	0.0	0.0	0.0	0.0	0.0	0.0	0.0
hgt	None	dead	0.0	0.0	0.0	0.0	0.0	0.0	0.0	0.0
hgt	733	GCA.003235715.1.Bacteria.Nitrospirota	1608.54	0.0	804.27	1850.52	1366.56	0.0	0.0	925.26
hgt	686	GCA.002451015.1.Bacteria.Acidobacteriota	1646.29	0.0	823.145	1843.93	1448.65	0.0	0.0	921.965
los	None	dead	0.0	0.0	0.0	0.0	0.0	0.0	0.0	0.0
hgt	880	GCF.000195295.1.Bacteria.Desulfobacterota	1499.355	0.0	749.6775	1702.42	1296.29	0.0	0.0	851.21
hgt	None	dead	0.0	0.0	0.0	0.0	0.0	0.0	0.0	0.0
dup	None	dead	0.0	0.0	0.0	0.0	0.0	0.0	0.0	0.0
hgt	532	GCA.002405475.1.Bacteria.Proteobacteria	1609.445	0.0	804.7225	1820.16	1398.73	0.0	0.0	910.08
hgt	600	GCA.002007425.1.Bacteria.Proteobacteria	1178.33	0.0	589.165	1321.12	1035.54	0.0	0.0	660.56
los	None	dead	0.0	0.0	0.0	0.0	0.0	0.0	0.0	0.0
dup	None	dead	0.0	0.0	0.0	0.0	0.0	0.0	0.0	0.0
hgt	84	GCF.000970205.1.Archaea.Halobacteriota	1194.24	0.0	597.12	1377.79	1010.69	0.0	0.0	688.895
los	None	dead	0.0	0.0	0.0	0.0	0.0	0.0	0.0	0.0
dup	None	dead	0.0	0.0	0.0	0.0	0.0	0.0	0.0	0.0
hgt	1080	GCF.001547735.1.Bacteria.Thermosulfidibacterota	2542.65	0.0	1271.325	2807.1	2278.2	0.0	0.0	1403.55
los	None	dead	0.0	0.0	0.0	0.0	0.0	0.0	0.0	0.0
hgt	1127	1126	2984.585	2761.99	2873.2875	3182.1	2787.07	2998.52	2525.46	2853.78
los	None	dead	0.0	0.0	0.0	0.0	0.0	0.0	0.0	0.0
hgt	None	dead	0.0	0.0	0.0	0.0	0.0	0.0	0.0	0.0
hgt	1184	1180	2566.03	2135.205	2350.6175	2768.44	2363.62	2374.94	1895.47	2331.955
los	None	dead	0.0	0.0	0.0	0.0	0.0	0.0	0.0	0.0
spe	1184	1180	2566.03	2135.205	2350.6175	2768.44	2363.62	2374.94	1895.47	2331.955
hgt	1167	GCA.002413185.1.Bacteria.Actinobacteriota	2045.68	0.0	1022.84	2266.85	1824.51	0.0	0.0	1133.425
hgt	1440	1439	1749.24	1503.92	1626.58	1951.59	1546.89	1702.99	1304.85	1628.22
hgt	None	dead	0.0	0.0	0.0	0.0	0.0	0.0	0.0	0.0
hgt	813	812	1701.895	1577.595	1639.745	1867.35	1536.44	1758.46	1396.73	1632.04
hgt	1473	GCA.003243965.1.Bacteria.Chloroflexota	1376.695	0.0	688.3475	1641.8	1111.59	0.0	0.0	820.9
los	None	dead	0.0	0.0	0.0	0.0	0.0	0.0	0.0	0.0
hgt	1399	GCA.002450835.1.Bacteria.Chloroflexota	1765.22	0.0	882.61	2036.35	1494.09	0.0	0.0	1018.175
spe	813	812	1701.895	1577.595	1639.745	1867.35	1536.44	1758.46	1396.73	1632.04
spe	812	811	1577.595	1395.975	1486.785	1758.46	1396.73	1585.0	1206.95	1482.705
hgt	352	GCA.002167285.1.Bacteria.Planctomycetota	1718.42	0.0	859.21	1950.1	1486.74	0.0	0.0	975.05
hgt	807	GCA.002789955.1.Bacteria.Myxococcota	1480.85	0.0	740.425	1670.67	1291.03	0.0	0.0	835.335
hgt	None	dead	0.0	0.0	0.0	0.0	0.0	0.0	0.0	0.0
hgt	832	GCA.002721815.1.Bacteria.Myxococcota	1570.54	0.0	785.27	1770.5	1370.58	0.0	0.0	885.25
hgt	924	GCA.002348465.1.Bacteria.Gemmatimonadota	1818.875	0.0	909.4375	2151.84	1485.91	0.0	0.0	1075.92
hgt	804	GCA.002731275.1.Bacteria.Myxococcota	1962.63	0.0	981.315	2181.42	1743.84	0.0	0.0	1090.71
los	None	dead	0.0	0.0	0.0	0.0	0.0	0.0	0.0	0.0
hgt	832	GCA.002696345.1.Bacteria.Myxococcota	1570.54	0.0	785.27	1770.5	1370.58	0.0	0.0	885.25
hgt	1221	GCA.002375895.1.Bacteria.Firmicutes.E	2008.115	0.0	1004.0575	2274.35	1741.88	0.0	0.0	1137.175
hgt	None	dead	0.0	0.0	0.0	0.0	0.0	0.0	0.0	0.0
hgt	1406	GCA.002710215.1.Bacteria.Chloroflexota	1589.865	0.0	794.9325	1810.7	1369.03	0.0	0.0	905.35
hgt	1402	GCA.003228115.1.Bacteria.Chloroflexota	1674.055	0.0	837.0275	1896.47	1451.64	0.0	0.0	948.235
hgt	1467	GCA.002440805.1.Bacteria.Chloroflexota	1752.37	0.0	876.185	2017.47	1487.27	0.0	0.0	1008.735
los	None	dead	0.0	0.0	0.0	0.0	0.0	0.0	0.0	0.0
hgt	42	GCA.003230355.1.Archaea.Hydrothermarchaeota	2229.015	0.0	1114.5075	2495.46	1962.57	0.0	0.0	1247.73
spe	1440	1439	1749.24	1503.92	1626.58	1951.59	1546.89	1702.99	1304.85	1628.22
spe	1439	1438	1503.92	1310.445	1407.1825	1702.99	1304.85	1509.7	1111.19	1407.09
hgt	None	dead	0.0	0.0	0.0	0.0	0.0	0.0	0.0	0.0
hgt	87	GCA.002256595.1.Archaea.Halobacteriota	1522.785	0.0	761.3925	1701.29	1344.28	0.0	0.0	850.645
hgt	1457	GCF.003967555.1.Bacteria.Chloroflexota	1912.015	0.0	956.0075	2189.96	1634.07	0.0	0.0	1094.98
los	None	dead	0.0	0.0	0.0	0.0	0.0	0.0	0.0	0.0
hgt	None	dead	0.0	0.0	0.0	0.0	0.0	0.0	0.0	0.0
hgt	1221	GCA.002375925.1.Bacteria.Firmicutes.E	2008.115	0.0	1004.0575	2274.35	1741.88	0.0	0.0	1137.175
hgt	1240	GCA.002376045.1.Bacteria.Firmicutes.A	2176.58	0.0	1088.29	2395.16	1958.0	0.0	0.0	1197.58
hgt	1467	GCA.002292925.1.Bacteria.Chloroflexota	1752.37	0.0	876.185	2017.47	1487.27	0.0	0.0	1008.735
los	None	dead	0.0	0.0	0.0	0.0	0.0	0.0	0.0	0.0
hgt	1215	GCF.000328625.1.Bacteria.Firmicutes.F	1553.665	0.0	776.8325	1859.72	1247.61	0.0	0.0	929.86
hgt	1305	GCF.002207765.1.Bacteria.Firmicutes.B	1479.61	0.0	739.805	1675.63	1283.59	0.0	0.0	837.815
spe	1438	1437	1310.445	1179.4025	1244.92375	1509.7	1111.19	1379.79	979.015	1244.3575
hgt	1470	GCF.000025005.1.Bacteria.Chloroflexota	2082.735	0.0	1041.3675	2316.34	1849.13	0.0	0.0	1158.17
hgt	None	dead	0.0	0.0	0.0	0.0	0.0	0.0	0.0	0.0
hgt	1469	GCA.001898225.1.Bacteria.Chloroflexota	1899.175	0.0	949.5875	2149.99	1648.36	0.0	0.0	1074.995
hgt	None	dead	0.0	0.0	0.0	0.0	0.0	0.0	0.0	0.0
hgt	1461	GCA.002347925.1.Bacteria.Chloroflexota	1858.39	0.0	929.195	2155.55	1561.23	0.0	0.0	1077.775
hgt	1462	GCA.002436065.1.Bacteria.Chloroflexota	2240.595	0.0	1120.2975	2485.08	1996.11	0.0	0.0	1242.54
hgt	1457	GCA.002404055.1.Bacteria.Chloroflexota	1912.015	0.0	956.0075	2189.96	1634.07	0.0	0.0	1094.98
los	None	dead	0.0	0.0	0.0	0.0	0.0	0.0	0.0	0.0
hgt	746	GCF.900079095.1.Bacteria.Tectomicrobia	1971.165	0.0	985.5825	2267.78	1674.55	0.0	0.0	1133.89
hgt	1337	GCF.000092905.1.Bacteria.Firmicutes	1327.38	0.0	663.69	1542.2	1112.56	0.0	0.0	771.1
los	None	dead	0.0	0.0	0.0	0.0	0.0	0.0	0.0	0.0
spe	1180	1179	2135.205	1811.215	1973.21	2374.94	1895.47	2055.86	1566.57	1970.755
los	1179	1173	1811.215	1583.875	1697.545	2055.86	1566.57	1841.44	1326.31	1691.085
spe	1179	1178	1811.215	1623.895	1717.555	2055.86	1566.57	1870.86	1376.93	1716.395
hgt	None	dead	0.0	0.0	0.0	0.0	0.0	0.0	0.0	0.0
hgt	821	GCF.000737335.2.Bacteria.Proteobacteria	1447.61	0.0	723.805	1643.48	1251.74	0.0	0.0	821.74
hgt	1098	GCA.003244105.1.Bacteria.Eremiobacterota	1685.385	0.0	842.6925	2041.88	1328.89	0.0	0.0	1020.94
los	None	dead	0.0	0.0	0.0	0.0	0.0	0.0	0.0	0.0
hgt	None	dead	0.0	0.0	0.0	0.0	0.0	0.0	0.0	0.0
hgt	1020	GCA.001780165.1.Bacteria.Eisenbacteria	1596.025	0.0	798.0125	1872.6	1319.45	0.0	0.0	936.3
hgt	1119	GCA.002779825.1.Bacteria.Armatimonadota	1968.115	0.0	984.0575	2280.74	1655.49	0.0	0.0	1140.37
los	None	dead	0.0	0.0	0.0	0.0	0.0	0.0	0.0	0.0
hgt	239	GCA.003158755.1.Bacteria.Elusimicrobiota	1416.94	0.0	708.47	1628.4	1205.48	0.0	0.0	814.2
hgt	1143	GCA.002352645.1.Bacteria.Actinobacteriota	1774.67	0.0	887.335	2003.61	1545.73	0.0	0.0	1001.805
hgt	1167	1166	2045.68	1407.48	1726.58	2266.85	1824.51	1631.42	1183.54	1725.195
hgt	None	dead	0.0	0.0	0.0	0.0	0.0	0.0	0.0	0.0
dup	1178	GCA.002347645.1.Bacteria.Actinobacteriota	1623.895	0.0	811.9475	1870.86	1376.93	0.0	0.0	935.43
hgt	1396	GCA.003151665.1.Bacteria.Dormibacterota	2023.82	0.0	1011.91	2389.98	1657.66	0.0	0.0	1194.99
hgt	1141	GCA.003140175.1.Bacteria.Actinobacteriota	1400.775	0.0	700.3875	1633.42	1168.13	0.0	0.0	816.71
los	None	dead	0.0	0.0	0.0	0.0	0.0	0.0	0.0	0.0
spe	1167	1166	2045.68	1407.48	1726.58	2266.85	1824.51	1631.42	1183.54	1725.195
hgt	None	dead	0.0	0.0	0.0	0.0	0.0	0.0	0.0	0.0
spe	1166	1165	1407.48	1265.28	1336.38	1631.42	1183.54	1482.81	1047.75	1339.585
spe	1165	1155	1265.28	1138.4215	1201.85075	1482.81	1047.75	1351.51	925.333	1204.0715
hgt	1166	GCF.004348535.1.Bacteria.Actinobacteriota	1407.48	0.0	703.74	1631.42	1183.54	0.0	0.0	815.71
spe	1155	1154	1138.4215	863.8915	1001.1565	1351.51	925.333	1069.86	657.923	1004.7165
hgt	1158	GCF.001942305.1.Bacteria.Actinobacteriota	864.931	0.0	432.4655	1069.94	659.922	0.0	0.0	534.97
hgt	1158	GCF.900106035.1.Bacteria.Actinobacteriota	864.931	0.0	432.4655	1069.94	659.922	0.0	0.0	534.97
spe	1165	1164	1265.28	1123.5635	1194.42175	1482.81	1047.75	1339.29	907.837	1195.3235
spe	1164	1160	1123.5635	971.4955	1047.5295	1339.29	907.837	1182.5	760.491	1049.8905
los	1160	1158	971.4955	864.931	918.21325	1182.5	760.491	1069.94	659.922	921.211
spe	1164	1163	1123.5635	951.694	1037.62875	1339.29	907.837	1153.97	749.418	1044.354
hgt	None	dead	0.0	0.0	0.0	0.0	0.0	0.0	0.0	0.0
los	1163	GCA.001437855.1.Bacteria.Actinobacteriota	951.694	0.0	475.847	1153.97	749.418	0.0	0.0	576.985
hgt	1140	GCA.002722565.1.Bacteria.Actinobacteriota	1175.5635	0.0	587.78175	1408.09	943.037	0.0	0.0	704.045
los	None	dead	0.0	0.0	0.0	0.0	0.0	0.0	0.0	0.0
hgt	791	GCA.002050235.1.Bacteria.Desulfobacterota.B	1279.55	0.0	639.775	1476.89	1082.21	0.0	0.0	738.445
hgt	1145	GCA.001767695.1.Bacteria.Actinobacteriota	1977.205	0.0	988.6025	2204.63	1749.78	0.0	0.0	1102.315
los	None	dead	0.0	0.0	0.0	0.0	0.0	0.0	0.0	0.0
spe	1178	1177	1623.895	1403.585	1513.74	1870.86	1376.93	1668.18	1138.99	1504.925
hgt	None	dead	0.0	0.0	0.0	0.0	0.0	0.0	0.0	0.0
hgt	None	dead	0.0	0.0	0.0	0.0	0.0	0.0	0.0	0.0
hgt	84	GCF.000011005.1.Archaea.Euryarchaeota	1194.24	0.0	597.12	1377.79	1010.69	0.0	0.0	688.895
hgt	35	GCF.002201895.1.Archaea.Euryarchaeota	2226.53	0.0	1113.265	2455.5	1997.56	0.0	0.0	1227.75
los	None	dead	0.0	0.0	0.0	0.0	0.0	0.0	0.0	0.0
spe	1127	1126	2984.585	2761.99	2873.2875	3182.1	2787.07	2998.52	2525.46	2853.78
hgt	None	dead	0.0	0.0	0.0	0.0	0.0	0.0	0.0	0.0
hgt	None	dead	0.0	0.0	0.0	0.0	0.0	0.0	0.0	0.0
hgt	None	dead	0.0	0.0	0.0	0.0	0.0	0.0	0.0	0.0
hgt	259	GCA.001778375.1.Bacteria.Firestonebacteria	2428.1	0.0	1214.05	2703.62	2152.58	0.0	0.0	1351.81
los	None	dead	0.0	0.0	0.0	0.0	0.0	0.0	0.0	0.0
hgt	None	dead	0.0	0.0	0.0	0.0	0.0	0.0	0.0	0.0
hgt	296	GCA.001804885.1.Bacteria.Verrucomicrobiota	1523.77	0.0	761.885	1776.08	1271.46	0.0	0.0	888.04
los	None	dead	0.0	0.0	0.0	0.0	0.0	0.0	0.0	0.0
spe	1126	1116	2761.99	2323.38	2542.685	2998.52	2525.46	2645.15	2001.61	2500.065
hgt	None	dead	0.0	0.0	0.0	0.0	0.0	0.0	0.0	0.0
hgt	1123	GCA.002305165.1.Bacteria.Armatimonadota	2021.335	0.0	1010.6675	2328.69	1713.98	0.0	0.0	1164.345
los	None	dead	0.0	0.0	0.0	0.0	0.0	0.0	0.0	0.0
hgt	None	dead	0.0	0.0	0.0	0.0	0.0	0.0	0.0	0.0
los	1116	GCA.002435745.1.Bacteria.UBP15	2323.38	0.0	1161.69	2645.15	2001.61	0.0	0.0	1322.575
dup	None	dead	0.0	0.0	0.0	0.0	0.0	0.0	0.0	0.0
hgt	305	GCA.001803235.1.Bacteria.Verrucomicrobiota	1611.655	0.0	805.8275	1845.13	1378.18	0.0	0.0	922.565
los	None	dead	0.0	0.0	0.0	0.0	0.0	0.0	0.0	0.0
hgt	1124	1123	2298.415	2021.335	2159.875	2587.78	2009.05	2328.69	1713.98	2150.88
hgt	1119	GCA.002779825.1.Bacteria.Armatimonadota	1968.115	0.0	984.0575	2280.74	1655.49	0.0	0.0	1140.37
hgt	350	GCA.002402755.1.Bacteria.Planctomycetota	1478.92	0.0	739.46	1725.22	1232.62	0.0	0.0	862.61
los	None	dead	0.0	0.0	0.0	0.0	0.0	0.0	0.0	0.0
hgt	341	GCA.003170085.1.Bacteria.Planctomycetota	1956.375	0.0	978.1875	2170.86	1741.89	0.0	0.0	1085.43
hgt	1041	GCA.002686955.1.Bacteria.Gemmatimonadota.A	2636.74	0.0	1318.37	2813.51	2459.97	0.0	0.0	1406.755
spe	1124	1123	2298.415	2021.335	2159.875	2587.78	2009.05	2328.69	1713.98	2150.88
hgt	1119	GCA.002779825.1.Bacteria.Armatimonadota	1968.115	0.0	984.0575	2280.74	1655.49	0.0	0.0	1140.37
hgt	897	896	2852.85	2619.11	2735.98	3010.8	2694.9	2824.05	2414.17	2712.485
hgt	1068	GCA.002877955.1.Bacteria.Caldisericota	1762.385	0.0	881.1925	2070.1	1454.67	0.0	0.0	1035.05
hgt	87	86	1522.785	1362.965	1442.875	1701.29	1344.28	1547.03	1178.9	1440.095
hgt	1419	GCA.002367275.1.Bacteria.Chloroflexota	1500.065	0.0	750.0325	1725.81	1274.32	0.0	0.0	862.905
los	None	dead	0.0	0.0	0.0	0.0	0.0	0.0	0.0	0.0
hgt	89	77	1761.97	1438.885	1600.4275	1945.96	1577.98	1634.55	1243.22	1594.59
hgt	1419	GCA.002367275.1.Bacteria.Chloroflexota	1500.065	0.0	750.0325	1725.81	1274.32	0.0	0.0	862.905
spe	89	77	1761.97	1438.885	1600.4275	1945.96	1577.98	1634.55	1243.22	1594.59
spe	87	86	1522.785	1362.965	1442.875	1701.29	1344.28	1547.03	1178.9	1440.095
spe	86	84	1362.965	1194.24	1278.6025	1547.03	1178.9	1377.79	1010.69	1278.86
hgt	93	GCF.000025525.1.Archaea.Methanobacteriota.A	2518.68	0.0	1259.34	2671.84	2365.52	0.0	0.0	1335.92
los	84	GCF.000011005.1.Archaea.Euryarchaeota	1194.24	0.0	597.12	1377.79	1010.69	0.0	0.0	688.895
hgt	None	dead	0.0	0.0	0.0	0.0	0.0	0.0	0.0	0.0
hgt	1330	GCA.003444595.1.Bacteria.Firmicutes.D	1974.4	0.0	987.2	2194.26	1754.54	0.0	0.0	1097.13
hgt	1317	GCA.002398485.1.Bacteria.Firmicutes.B	1176.776	0.0	588.388	1371.35	982.202	0.0	0.0	685.675
los	None	dead	0.0	0.0	0.0	0.0	0.0	0.0	0.0	0.0
hgt	93	GCF.000025525.1.Archaea.Methanobacteriota.A	2518.68	0.0	1259.34	2671.84	2365.52	0.0	0.0	1335.92
hgt	None	dead	0.0	0.0	0.0	0.0	0.0	0.0	0.0	0.0
spe	897	896	2852.85	2619.11	2735.98	3010.8	2694.9	2824.05	2414.17	2712.485
spe	896	892	2619.11	2105.205	2362.1575	2824.05	2414.17	2398.65	1811.76	2317.905
hgt	1116	GCA.002898575.1.Bacteria.Armatimonadota	2323.38	0.0	1161.69	2645.15	2001.61	0.0	0.0	1322.575
los	892	GCA.001873285.1.Bacteria.CG2.30.53.67	2105.205	0.0	1052.6025	2398.65	1811.76	0.0	0.0	1199.325
hgt	None	dead	0.0	0.0	0.0	0.0	0.0	0.0	0.0	0.0
hgt	1119	GCA.002779825.1.Bacteria.Armatimonadota	1968.115	0.0	984.0575	2280.74	1655.49	0.0	0.0	1140.37
los	None	dead	0.0	0.0	0.0	0.0	0.0	0.0	0.0	0.0
spe	896	895	2619.11	2183.84	2401.475	2824.05	2414.17	2461.79	1905.89	2364.97
hgt	None	dead	0.0	0.0	0.0	0.0	0.0	0.0	0.0	0.0
hgt	390	GCA.002780065.1.Bacteria.UBA8481	3073.69	0.0	1536.845	3239.89	2907.49	0.0	0.0	1619.945
hgt	199	GCA.003527405.1.Bacteria.Atribacterota	2662.455	0.0	1331.2275	2884.72	2440.19	0.0	0.0	1442.36
los	None	dead	0.0	0.0	0.0	0.0	0.0	0.0	0.0	0.0
hgt	241	GCA.002841695.1.Bacteria.Elusimicrobiota	1514.78	0.0	757.39	1721.08	1308.48	0.0	0.0	860.54
hgt	846	GCA.002327765.1.Bacteria.Desulfobacterota.E	1968.67	0.0	984.335	2201.27	1736.07	0.0	0.0	1100.635
hgt	None	dead	0.0	0.0	0.0	0.0	0.0	0.0	0.0	0.0
hgt	861	GCA.001304105.1.Bacteria.Desulfobacterota	1594.73	0.0	797.365	1807.63	1381.83	0.0	0.0	903.815
hgt	861	GCA.002327985.1.Bacteria.Desulfobacterota	1594.73	0.0	797.365	1807.63	1381.83	0.0	0.0	903.815
hgt	188	GCA.001787855.1.Bacteria.Riflebacteria	3243.665	0.0	1621.8325	3519.48	2967.85	0.0	0.0	1759.74
hgt	801	GCA.002328485.1.Bacteria.Desulfobacterota.G	2014.795	0.0	1007.3975	2227.16	1802.43	0.0	0.0	1113.58
hgt	397	GCF.000526155.1.Bacteria.Desulfobacterota	2952.9	0.0	1476.45	3107.01	2798.79	0.0	0.0	1553.505
hgt	26	GCA.002083985.1.Archaea.Altiarchaeota	482.601	0.0	241.3005	673.097	292.105	0.0	0.0	336.5485
los	None	dead	0.0	0.0	0.0	0.0	0.0	0.0	0.0	0.0
hgt	1296	GCF.900176005.1.Bacteria.Firmicutes.B	1757.76	0.0	878.88	1982.79	1532.73	0.0	0.0	991.395
hgt	101	99	1617.2	1407.615	1512.4075	1821.11	1413.29	1615.68	1199.55	1510.33
los	None	dead	0.0	0.0	0.0	0.0	0.0	0.0	0.0	0.0
spe	101	99	1617.2	1407.615	1512.4075	1821.11	1413.29	1615.68	1199.55	1510.33
dup	None	dead	0.0	0.0	0.0	0.0	0.0	0.0	0.0	0.0
hgt	259	GCA.001778375.1.Bacteria.Firestonebacteria	2428.1	0.0	1214.05	2703.62	2152.58	0.0	0.0	1351.81
hgt	350	GCA.002402755.1.Bacteria.Planctomycetota	1478.92	0.0	739.46	1725.22	1232.62	0.0	0.0	862.61
hgt	519	GCF.002109495.1.Bacteria.Proteobacteria	2563.7	0.0	1281.85	2703.63	2423.77	0.0	0.0	1351.815
hgt	565	GCF.002958735.1.Bacteria.Proteobacteria	1459.56	0.0	729.78	1636.29	1282.83	0.0	0.0	818.145
los	None	dead	0.0	0.0	0.0	0.0	0.0	0.0	0.0	0.0
hgt	674	GCA.002747255.1.Bacteria.Acidobacteriota	1880.64	0.0	940.32	2129.25	1632.03	0.0	0.0	1064.625
hgt	290	289	2080.08	1912.585	1996.3325	2317.05	1843.11	2157.49	1667.68	1992.365
dup	None	dead	0.0	0.0	0.0	0.0	0.0	0.0	0.0	0.0
hgt	347	GCA.002683135.1.Bacteria.Planctomycetota	1965.575	0.0	982.7875	2194.16	1736.99	0.0	0.0	1097.08
hgt	326	GCA.002404095.1.Bacteria.Planctomycetota	1183.194	0.0	591.597	1405.44	960.948	0.0	0.0	702.72
los	None	dead	0.0	0.0	0.0	0.0	0.0	0.0	0.0	0.0
hgt	1119	GCA.002779825.1.Bacteria.Armatimonadota	1968.115	0.0	984.0575	2280.74	1655.49	0.0	0.0	1140.37
hgt	293	GCA.002429065.1.Bacteria.Verrucomicrobiota	1814.28	0.0	907.14	2062.54	1566.02	0.0	0.0	1031.27
hgt	320	GCA.002746535.1.Bacteria.Planctomycetota	2201.875	0.0	1100.9375	2465.4	1938.35	0.0	0.0	1232.7
los	None	dead	0.0	0.0	0.0	0.0	0.0	0.0	0.0	0.0
dup	293	GCA.002429065.1.Bacteria.Verrucomicrobiota	1814.28	0.0	907.14	2062.54	1566.02	0.0	0.0	1031.27
hgt	306	305	1826.22	1611.655	1718.9375	2062.07	1590.37	1845.13	1378.18	1720.125
spe	306	305	1826.22	1611.655	1718.9375	2062.07	1590.37	1845.13	1378.18	1720.125
spe	305	303	1611.655	1541.925	1576.79	1845.13	1378.18	1780.09	1303.76	1574.445
los	303	302	1541.925	1366.155	1454.04	1780.09	1303.76	1596.93	1135.38	1457.735
spe	290	289	2080.08	1912.585	1996.3325	2317.05	1843.11	2157.49	1667.68	1992.365
spe	289	288	1912.585	1623.24	1767.9125	2157.49	1667.68	1880.16	1366.32	1761.905
hgt	None	dead	0.0	0.0	0.0	0.0	0.0	0.0	0.0	0.0
los	288	GCA.002382525.1.Bacteria.Verrucomicrobiota	1623.24	0.0	811.62	1880.16	1366.32	0.0	0.0	940.08
hgt	302	GCF.000170755.1.Bacteria.Verrucomicrobiota	1366.155	0.0	683.0775	1596.93	1135.38	0.0	0.0	798.465
los	None	dead	0.0	0.0	0.0	0.0	0.0	0.0	0.0	0.0
hgt	302	GCF.000170755.1.Bacteria.Verrucomicrobiota	1366.155	0.0	683.0775	1596.93	1135.38	0.0	0.0	798.465
hgt	350	GCA.003509045.1.Bacteria.Planctomycetota	1478.92	0.0	739.46	1725.22	1232.62	0.0	0.0	862.61
spe	1126	1125	2761.99	2539.79	2650.89	2998.52	2525.46	2797.54	2282.04	2640.28
hgt	1124	1123	2298.415	2021.335	2159.875	2587.78	2009.05	2328.69	1713.98	2150.88
spe	1125	1119	2539.79	1968.115	2253.9525	2797.54	2282.04	2280.74	1655.49	2226.515
los	1119	GCF.002973605.1.Bacteria.Armatimonadota	1968.115	0.0	984.0575	2280.74	1655.49	0.0	0.0	1140.37
spe	1124	1123	2298.415	2021.335	2159.875	2587.78	2009.05	2328.69	1713.98	2150.88
spe	1125	1124	2539.79	2298.415	2419.1025	2797.54	2282.04	2587.78	2009.05	2403.295
los	1124	GCA.002409445.1.Bacteria.Armatimonadota	2298.415	0.0	1149.2075	2587.78	2009.05	0.0	0.0	1293.89
spe	1124	1123	2298.415	2021.335	2159.875	2587.78	2009.05	2328.69	1713.98	2150.88
hgt	305	GCA.001803235.1.Bacteria.Verrucomicrobiota	1611.655	0.0	805.8275	1845.13	1378.18	0.0	0.0	922.565
hgt	1116	GCA.002898575.1.Bacteria.Armatimonadota	2323.38	0.0	1161.69	2645.15	2001.61	0.0	0.0	1322.575
hgt	1119	GCA.002779825.1.Bacteria.Armatimonadota	1968.115	0.0	984.0575	2280.74	1655.49	0.0	0.0	1140.37
hgt	None	dead	0.0	0.0	0.0	0.0	0.0	0.0	0.0	0.0
hgt	724	GCA.001914955.1.Bacteria.Nitrospirota	1584.32	0.0	792.16	1849.0	1319.64	0.0	0.0	924.5
hgt	724	GCA.001914955.1.Bacteria.Nitrospirota	1584.32	0.0	792.16	1849.0	1319.64	0.0	0.0	924.5
los	None	dead	0.0	0.0	0.0	0.0	0.0	0.0	0.0	0.0
hgt	874	873	1902.135	1746.56	1824.3475	2083.11	1721.16	1934.16	1558.96	1821.035
los	None	dead	0.0	0.0	0.0	0.0	0.0	0.0	0.0	0.0
spe	874	873	1902.135	1746.56	1824.3475	2083.11	1721.16	1934.16	1558.96	1821.035
hgt	880	GCF.000195295.1.Bacteria.Desulfobacterota	1499.355	0.0	749.6775	1702.42	1296.29	0.0	0.0	851.21
hgt	853	GCA.003232385.1.Bacteria.SZUA.79	2005.945	0.0	1002.9725	2253.28	1758.61	0.0	0.0	1126.64
hgt	None	dead	0.0	0.0	0.0	0.0	0.0	0.0	0.0	0.0
hgt	612	GCF.003612015.1.Bacteria.Proteobacteria	1154.76	0.0	577.38	1302.07	1007.45	0.0	0.0	651.035
los	None	dead	0.0	0.0	0.0	0.0	0.0	0.0	0.0	0.0
hgt	None	dead	0.0	0.0	0.0	0.0	0.0	0.0	0.0	0.0
hgt	552	GCF.001614315.2.Bacteria.Proteobacteria	1355.9	0.0	677.95	1526.56	1185.24	0.0	0.0	763.28
los	None	dead	0.0	0.0	0.0	0.0	0.0	0.0	0.0	0.0
hgt	None	dead	0.0	0.0	0.0	0.0	0.0	0.0	0.0	0.0
hgt	1695	GCF.000020025.1.Bacteria.Cyanobacteria	877.811	0.0	438.9055	1063.17	692.452	0.0	0.0	531.585
hgt	462	GCF.006980715.1.Bacteria.Proteobacteria	1029.85	0.0	514.925	1187.35	872.35	0.0	0.0	593.675
los	None	dead	0.0	0.0	0.0	0.0	0.0	0.0	0.0	0.0
hgt	None	dead	0.0	0.0	0.0	0.0	0.0	0.0	0.0	0.0
hgt	592	GCF.001720165.1.Bacteria.Proteobacteria	1238.975	0.0	619.4875	1390.11	1087.84	0.0	0.0	695.055
los	None	dead	0.0	0.0	0.0	0.0	0.0	0.0	0.0	0.0
spe	873	871	1746.56	1489.29	1617.925	1934.16	1558.96	1692.73	1285.85	1610.005
hgt	570	GCA.002255365.1.Bacteria.Proteobacteria	1581.87	0.0	790.935	1730.52	1433.22	0.0	0.0	865.26
hgt	1720	GCF.000484535.1.Bacteria.Cyanobacteria	2612.48	0.0	1306.24	2696.4	2528.56	0.0	0.0	1348.2
hgt	None	dead	0.0	0.0	0.0	0.0	0.0	0.0	0.0	0.0
hgt	883	GCA.001751085.1.Bacteria.Desulfobacterota	1384.92	0.0	692.46	1585.61	1184.23	0.0	0.0	792.805
hgt	74	GCF.000194625.1.Archaea.Halobacteriota	1703.245	0.0	851.6225	1896.74	1509.75	0.0	0.0	948.37
hgt	866	GCA.002877985.1.Bacteria.Desulfobacterota	1370.345	0.0	685.1725	1577.25	1163.44	0.0	0.0	788.625
los	None	dead	0.0	0.0	0.0	0.0	0.0	0.0	0.0	0.0
spe	1721	1720	3160.365	2612.48	2886.4225	3276.84	3043.89	2696.4	2528.56	2902.7
los	1720	1719	2612.48	2501.03	2556.755	2696.4	2528.56	2593.62	2408.44	2552.42
hgt	None	dead	0.0	0.0	0.0	0.0	0.0	0.0	0.0	0.0
hgt	741	GCA.003220615.1.Bacteria.Methylomirabilota	2052.975	0.0	1026.4875	2337.08	1768.87	0.0	0.0	1168.54
los	None	dead	0.0	0.0	0.0	0.0	0.0	0.0	0.0	0.0
dup	None	dead	0.0	0.0	0.0	0.0	0.0	0.0	0.0	0.0
hgt	267	GCA.002428325.1.Bacteria.UBP4	2714.255	0.0	1357.1275	3000.58	2427.93	0.0	0.0	1500.29
hgt	709	GCA.003223995.1.Bacteria.Acidobacteriota	1543.01	0.0	771.505	1779.22	1306.8	0.0	0.0	889.61
los	None	dead	0.0	0.0	0.0	0.0	0.0	0.0	0.0	0.0
dup	None	dead	0.0	0.0	0.0	0.0	0.0	0.0	0.0	0.0
hgt	1699	GCF.000317045.1.Bacteria.Cyanobacteria	1903.47	0.0	951.735	1968.87	1838.07	0.0	0.0	984.435
los	None	dead	0.0	0.0	0.0	0.0	0.0	0.0	0.0	0.0
hgt	1228	1227	2160.575	1913.92	2037.2475	2393.31	1927.84	2160.15	1667.69	2030.5
hgt	1704	1703	2246.435	2154.635	2200.535	2332.27	2160.6	2238.99	2070.28	2201.275
hgt	1402	GCA.002721445.1.Bacteria.Chloroflexota	1674.055	0.0	837.0275	1896.47	1451.64	0.0	0.0	948.235
hgt	1407	GCA.002717565.1.Bacteria.Chloroflexota	1694.435	0.0	847.2175	1910.57	1478.3	0.0	0.0	955.285
hgt	274	GCA.000406005.1.Bacteria.Poribacteria	2054.16	0.0	1027.08	2418.12	1690.2	0.0	0.0	1209.06
hgt	1651	GCA.003242895.1.Bacteria.Margulisbacteria	2128.215	0.0	1064.1075	2447.17	1809.26	0.0	0.0	1223.585
los	None	dead	0.0	0.0	0.0	0.0	0.0	0.0	0.0	0.0
hgt	1399	GCA.002708145.1.Bacteria.Chloroflexota	1765.22	0.0	882.61	2036.35	1494.09	0.0	0.0	1018.175
hgt	428	GCA.002787615.1.Bacteria.Proteobacteria	1947.315	0.0	973.6575	2093.73	1800.9	0.0	0.0	1046.865
hgt	None	dead	0.0	0.0	0.0	0.0	0.0	0.0	0.0	0.0
hgt	None	dead	0.0	0.0	0.0	0.0	0.0	0.0	0.0	0.0
spe	1704	1703	2246.435	2154.635	2200.535	2332.27	2160.6	2238.99	2070.28	2201.275
spe	1703	1679	2154.635	1817.625	1986.13	2238.99	2070.28	1965.65	1669.6	1954.295
hgt	370	GCF.000092845.1.Bacteria.Spirochaetota	2080.07	0.0	1040.035	2365.12	1795.02	0.0	0.0	1182.56
los	1679	GCF.000473895.1.Bacteria.Cyanobacteria	1817.625	0.0	908.8125	1965.65	1669.6	0.0	0.0	982.825
hgt	1263	GCA.002307275.1.Bacteria.Firmicutes.A	1119.073	0.0	559.5365	1316.22	921.926	0.0	0.0	658.11
hgt	None	dead	0.0	0.0	0.0	0.0	0.0	0.0	0.0	0.0
spe	1679	1678	1817.625	881.825	1349.725	1965.65	1669.6	1106.31	657.34	1311.495
spe	1678	1676	881.825	239.787	560.806	1106.31	657.34	341.05	138.524	622.417
hgt	1251	GCA.002478485.1.Bacteria.Firmicutes.A	1274.235	0.0	637.1175	1470.58	1077.89	0.0	0.0	735.29
hgt	695	GCA.003131705.1.Bacteria.Acidobacteriota	1284.94	0.0	642.47	1468.6	1101.28	0.0	0.0	734.3
los	None	dead	0.0	0.0	0.0	0.0	0.0	0.0	0.0	0.0
spe	1703	1702	2154.635	2080.605	2117.62	2238.99	2070.28	2162.02	1999.19	2119.09
hgt	1698	1692	1614.69	177.05465	895.87233	1629.18	1600.2	285.411	68.6983	848.93915
spe	1698	1692	1614.69	177.05465	895.87233	1629.18	1600.2	285.411	68.6983	848.93915
hgt	None	dead	0.0	0.0	0.0	0.0	0.0	0.0	0.0	0.0
hgt	1695	GCF.000020025.1.Bacteria.Cyanobacteria	877.811	0.0	438.9055	1063.17	692.452	0.0	0.0	531.585
los	None	dead	0.0	0.0	0.0	0.0	0.0	0.0	0.0	0.0
hgt	None	dead	0.0	0.0	0.0	0.0	0.0	0.0	0.0	0.0
spe	1702	1701	2080.605	2039.37	2059.9875	2162.02	1999.19	2114.89	1963.85	2062.935
spe	1701	1685	2039.37	1871.67	1955.52	2114.89	1963.85	1986.88	1756.46	1935.675
spe	1685	1684	1871.67	1655.535	1763.6025	1986.88	1756.46	1804.69	1506.38	1746.63
los	1684	GCA.001698445.1.Bacteria.Cyanobacteria	1655.535	0.0	827.7675	1804.69	1506.38	0.0	0.0	902.345
hgt	1679	GCF.000473895.1.Bacteria.Cyanobacteria	1817.625	0.0	908.8125	1965.65	1669.6	0.0	0.0	982.825
spe	1701	1700	2039.37	1958.955	1999.1625	2114.89	1963.85	2030.15	1887.76	2001.325
hgt	1672	GCF.002251945.1.Bacteria.Cyanobacteria	1997.32	0.0	998.66	2145.69	1848.95	0.0	0.0	1072.845
los	1700	1699	1958.955	1903.47	1931.2125	2030.15	1887.76	1968.87	1838.07	1934.11
spe	1700	1688	1958.955	1633.475	1796.215	2030.15	1887.76	1770.82	1496.13	1763.14
hgt	1719	GCF.000013205.1.Bacteria.Cyanobacteria	2501.03	0.0	1250.515	2593.62	2408.44	0.0	0.0	1296.81
los	1688	GCF.000353285.1.Bacteria.Cyanobacteria	1633.475	0.0	816.7375	1770.82	1496.13	0.0	0.0	885.41
hgt	1695	GCF.000020025.1.Bacteria.Cyanobacteria	877.811	0.0	438.9055	1063.17	692.452	0.0	0.0	531.585
hgt	1698	1697	1614.69	1292.96	1453.825	1629.18	1600.2	1415.06	1170.86	1400.02
los	None	dead	0.0	0.0	0.0	0.0	0.0	0.0	0.0	0.0
spe	1698	1697	1614.69	1292.96	1453.825	1629.18	1600.2	1415.06	1170.86	1400.02
spe	1697	1695	1292.96	877.811	1085.3855	1415.06	1170.86	1063.17	692.452	1053.756
hgt	1318	1312	1776.335	1489.285	1632.81	1960.49	1592.18	1697.39	1281.18	1620.835
hgt	1341	GCF.001653195.1.Bacteria.Firmicutes	1532.885	0.0	766.4425	1733.11	1332.66	0.0	0.0	866.555
hgt	1341	GCF.001653195.1.Bacteria.Firmicutes	1532.885	0.0	766.4425	1733.11	1332.66	0.0	0.0	866.555
los	None	dead	0.0	0.0	0.0	0.0	0.0	0.0	0.0	0.0
hgt	None	dead	0.0	0.0	0.0	0.0	0.0	0.0	0.0	0.0
hgt	1285	1281	1310.93	1090.0515	1200.49075	1527.17	1094.69	1297.44	882.663	1204.9165
hgt	1281	GCF.002257705.1.Bacteria.Firmicutes.C	1090.0515	0.0	545.02575	1297.44	882.663	0.0	0.0	648.72
hgt	1281	GCF.002257705.1.Bacteria.Firmicutes.C	1090.0515	0.0	545.02575	1297.44	882.663	0.0	0.0	648.72
los	None	dead	0.0	0.0	0.0	0.0	0.0	0.0	0.0	0.0
spe	1285	1281	1310.93	1090.0515	1200.49075	1527.17	1094.69	1297.44	882.663	1204.9165
spe	1281	1280	1090.0515	922.663	1006.35725	1297.44	882.663	1124.05	721.276	1009.358
hgt	None	dead	0.0	0.0	0.0	0.0	0.0	0.0	0.0	0.0
hgt	1287	GCA.002329525.1.Bacteria.Firmicutes.C	1417.98	0.0	708.99	1642.01	1193.95	0.0	0.0	821.005
hgt	1288	GCA.002411145.1.Bacteria.Firmicutes.C	1693.72	0.0	846.86	1906.24	1481.2	0.0	0.0	953.12
hgt	1288	GCA.002411145.1.Bacteria.Firmicutes.C	1693.72	0.0	846.86	1906.24	1481.2	0.0	0.0	953.12
los	None	dead	0.0	0.0	0.0	0.0	0.0	0.0	0.0	0.0
spe	1318	1312	1776.335	1489.285	1632.81	1960.49	1592.18	1697.39	1281.18	1620.835
hgt	1271	1259	1864.085	1790.12	1827.1025	2041.31	1686.86	1969.14	1611.1	1826.205
hgt	1338	GCF.002335525.1.Bacteria.Firmicutes	1582.81	0.0	791.405	1773.63	1391.99	0.0	0.0	886.815
hgt	1381	1380	1661.335	1558.37	1609.8525	1818.35	1504.32	1715.02	1401.72	1610.035
hgt	1355	GCF.004522215.1.Bacteria.Firmicutes	1246.46	0.0	623.23	1408.06	1084.86	0.0	0.0	704.03
hgt	1305	GCF.002207765.1.Bacteria.Firmicutes.B	1479.61	0.0	739.805	1675.63	1283.59	0.0	0.0	837.815
los	None	dead	0.0	0.0	0.0	0.0	0.0	0.0	0.0	0.0
hgt	None	dead	0.0	0.0	0.0	0.0	0.0	0.0	0.0	0.0
spe	1381	1380	1661.335	1558.37	1609.8525	1818.35	1504.32	1715.02	1401.72	1610.035
spe	1380	1379	1558.37	1484.04	1521.205	1715.02	1401.72	1638.91	1329.17	1522.095
los	1379	1378	1484.04	1182.795	1333.4175	1638.91	1329.17	1325.65	1039.94	1339.425
spe	1379	1355	1484.04	1246.46	1365.25	1638.91	1329.17	1408.06	1084.86	1361.885
hgt	1330	GCA.003444595.1.Bacteria.Firmicutes.D	1974.4	0.0	987.2	2194.26	1754.54	0.0	0.0	1097.13
hgt	1300	GCF.000620305.1.Bacteria.Firmicutes.B	1522.13	0.0	761.065	1724.92	1319.34	0.0	0.0	862.46
los	None	dead	0.0	0.0	0.0	0.0	0.0	0.0	0.0	0.0
spe	1271	1259	1864.085	1790.12	1827.1025	2041.31	1686.86	1969.14	1611.1	1826.205
hgt	None	dead	0.0	0.0	0.0	0.0	0.0	0.0	0.0	0.0
spe	1259	1253	1790.12	1647.265	1718.6925	1969.14	1611.1	1829.72	1464.81	1716.975
spe	1253	1252	1647.265	1454.05	1550.6575	1829.72	1464.81	1642.28	1265.82	1547.77
hgt	None	dead	0.0	0.0	0.0	0.0	0.0	0.0	0.0	0.0
los	1252	GCF.900107485.1.Bacteria.Firmicutes.A	1454.05	0.0	727.025	1642.28	1265.82	0.0	0.0	821.14
hgt	1284	GCF.001553315.1.Bacteria.Firmicutes.C	1020.5295	0.0	510.26475	1232.09	808.969	0.0	0.0	616.045
los	None	dead	0.0	0.0	0.0	0.0	0.0	0.0	0.0	0.0
spe	1252	1251	1454.05	1274.235	1364.1425	1642.28	1265.82	1470.58	1077.89	1360.085
hgt	1315	GCF.002224645.1.Bacteria.Firmicutes.B	994.8405	0.0	497.42025	1191.01	798.671	0.0	0.0	595.505
los	1251	GCA.002478485.1.Bacteria.Firmicutes.A	1274.235	0.0	637.1175	1470.58	1077.89	0.0	0.0	735.29
hgt	1119	GCF.002973605.1.Bacteria.Armatimonadota	1968.115	0.0	984.0575	2280.74	1655.49	0.0	0.0	1140.37
hgt	1347	GCF.900099895.1.Bacteria.Firmicutes	1266.54	0.0	633.27	1442.62	1090.46	0.0	0.0	721.31
los	None	dead	0.0	0.0	0.0	0.0	0.0	0.0	0.0	0.0
hgt	None	dead	0.0	0.0	0.0	0.0	0.0	0.0	0.0	0.0
hgt	1319	GCF.900100785.1.Bacteria.Firmicutes.B	1887.42	0.0	943.71	2065.19	1709.65	0.0	0.0	1032.595
hgt	1319	GCF.900100785.1.Bacteria.Firmicutes.B	1887.42	0.0	943.71	2065.19	1709.65	0.0	0.0	1032.595
los	None	dead	0.0	0.0	0.0	0.0	0.0	0.0	0.0	0.0
spe	1259	1258	1790.12	1529.515	1659.8175	1969.14	1611.1	1715.08	1343.95	1656.545
spe	1258	1257	1529.515	1329.735	1429.625	1715.08	1343.95	1555.08	1104.39	1409.735
hgt	None	dead	0.0	0.0	0.0	0.0	0.0	0.0	0.0	0.0
hgt	None	dead	0.0	0.0	0.0	0.0	0.0	0.0	0.0	0.0
hgt	1375	GCF.000178255.1.Bacteria.Firmicutes	767.299	0.0	383.6495	885.979	648.619	0.0	0.0	442.9895
los	None	dead	0.0	0.0	0.0	0.0	0.0	0.0	0.0	0.0
hgt	1645	GCF.000212395.1.Bacteria.Thermodesulfobiota	3083.735	0.0	1541.8675	3307.6	2859.87	0.0	0.0	1653.8
hgt	1360	GCF.002902625.1.Bacteria.Firmicutes	802.226	0.0	401.113	934.065	670.387	0.0	0.0	467.0325
los	None	dead	0.0	0.0	0.0	0.0	0.0	0.0	0.0	0.0
hgt	1245	GCA.002399285.1.Bacteria.Firmicutes.A	1582.345	0.0	791.1725	1800.83	1363.86	0.0	0.0	900.415
los	1257	GCA.002297185.1.Bacteria.Firmicutes.A	1329.735	0.0	664.8675	1555.08	1104.39	0.0	0.0	777.54
hgt	1300	GCA.002418765.1.Bacteria.Firmicutes.B	1522.13	0.0	761.065	1724.92	1319.34	0.0	0.0	862.46
hgt	1317	GCA.002398485.1.Bacteria.Firmicutes.B	1176.776	0.0	588.388	1371.35	982.202	0.0	0.0	685.675
hgt	1252	GCF.900107485.1.Bacteria.Firmicutes.A	1454.05	0.0	727.025	1642.28	1265.82	0.0	0.0	821.14
hgt	None	dead	0.0	0.0	0.0	0.0	0.0	0.0	0.0	0.0
hgt	1684	GCA.001698445.1.Bacteria.Cyanobacteria	1655.535	0.0	827.7675	1804.69	1506.38	0.0	0.0	902.345
los	None	dead	0.0	0.0	0.0	0.0	0.0	0.0	0.0	0.0
spe	1228	1227	2160.575	1913.92	2037.2475	2393.31	1927.84	2160.15	1667.69	2030.5
spe	1227	1226	1913.92	1761.44	1837.68	2160.15	1667.69	2030.25	1492.63	1826.39
los	1226	GCA.002385465.1.Bacteria.Firmicutes.E	1761.44	0.0	880.72	2030.25	1492.63	0.0	0.0	1015.125
hgt	798	797	2140.29	1864.035	2002.1625	2320.21	1960.37	2051.89	1676.18	1998.195
los	None	dead	0.0	0.0	0.0	0.0	0.0	0.0	0.0	0.0
spe	798	797	2140.29	1864.035	2002.1625	2320.21	1960.37	2051.89	1676.18	1998.195
hgt	681	GCA.002712885.1.Bacteria.Acidobacteriota	1875.565	0.0	937.7825	2076.39	1674.74	0.0	0.0	1038.195
spe	797	796	1864.035	1703.52	1783.7775	2051.89	1676.18	1897.12	1509.92	1780.905
los	796	795	1703.52	1521.62	1612.57	1897.12	1509.92	1718.38	1324.86	1610.99
hgt	None	dead	0.0	0.0	0.0	0.0	0.0	0.0	0.0	0.0
hgt	None	dead	0.0	0.0	0.0	0.0	0.0	0.0	0.0	0.0
hgt	709	GCA.003223145.1.Bacteria.Acidobacteriota	1543.01	0.0	771.505	1779.22	1306.8	0.0	0.0	889.61
los	None	dead	0.0	0.0	0.0	0.0	0.0	0.0	0.0	0.0
hgt	704	702	1564.51	1307.095	1435.8025	1779.6	1349.42	1523.49	1090.7	1435.15
los	None	dead	0.0	0.0	0.0	0.0	0.0	0.0	0.0	0.0
spe	704	702	1564.51	1307.095	1435.8025	1779.6	1349.42	1523.49	1090.7	1435.15
hgt	282	GCF.900105685.1.Bacteria.Verrucomicrobiota	1352.755	0.0	676.3775	1605.89	1099.62	0.0	0.0	802.945
hgt	None	dead	0.0	0.0	0.0	0.0	0.0	0.0	0.0	0.0
hgt	816	GCA.002724675.1.Bacteria.Myxococcota.A	1315.445	0.0	657.7225	1517.68	1113.21	0.0	0.0	758.84
hgt	397	GCF.000526155.1.Bacteria.Desulfobacterota	2952.9	0.0	1476.45	3107.01	2798.79	0.0	0.0	1553.505
los	None	dead	0.0	0.0	0.0	0.0	0.0	0.0	0.0	0.0
