event	left_node	right_node	left_date	right_date	midpoint_date	left_date_lower	left_date_upper	right_date_lower	right_date_upper	midpoint_date_all
hgt	None	dead	0.0	0.0	0.0	0.0	0.0	0.0	0.0	0.0
dup	None	dead	0.0	0.0	0.0	0.0	0.0	0.0	0.0	0.0
hgt	1177	GCA.001464275.1.Bacteria.Actinobacteriota	1403.585	0.0	701.7925	1668.18	1138.99	0.0	0.0	834.09
los	None	dead	0.0	0.0	0.0	0.0	0.0	0.0	0.0	0.0
hgt	711	GCA.001664505.1.Bacteria.Acidobacteriota	1840.1	0.0	920.05	2042.75	1637.45	0.0	0.0	1021.375
los	None	dead	0.0	0.0	0.0	0.0	0.0	0.0	0.0	0.0
hgt	None	dead	0.0	0.0	0.0	0.0	0.0	0.0	0.0	0.0
dup	None	dead	0.0	0.0	0.0	0.0	0.0	0.0	0.0	0.0
hgt	1020	GCA.001780165.1.Bacteria.Eisenbacteria	1596.025	0.0	798.0125	1872.6	1319.45	0.0	0.0	936.3
los	None	dead	0.0	0.0	0.0	0.0	0.0	0.0	0.0	0.0
dup	None	dead	0.0	0.0	0.0	0.0	0.0	0.0	0.0	0.0
hgt	536	GCF.900111015.1.Bacteria.Proteobacteria	1835.635	0.0	917.8175	2001.99	1669.28	0.0	0.0	1000.995
los	None	dead	0.0	0.0	0.0	0.0	0.0	0.0	0.0	0.0
hgt	None	dead	0.0	0.0	0.0	0.0	0.0	0.0	0.0	0.0
dup	None	dead	0.0	0.0	0.0	0.0	0.0	0.0	0.0	0.0
hgt	1087	GCA.001778455.1.Bacteria.Bipolaricaulota	1296.36	0.0	648.18	1574.11	1018.61	0.0	0.0	787.055
los	None	dead	0.0	0.0	0.0	0.0	0.0	0.0	0.0	0.0
hgt	574	GCF.000374645.1.Bacteria.Proteobacteria	1337.465	0.0	668.7325	1503.53	1171.4	0.0	0.0	751.765
los	None	dead	0.0	0.0	0.0	0.0	0.0	0.0	0.0	0.0
hgt	1106	GCA.003134215.1.Bacteria.Armatimonadota	1625.995	0.0	812.9975	1906.9	1345.09	0.0	0.0	953.45
los	None	dead	0.0	0.0	0.0	0.0	0.0	0.0	0.0	0.0
hgt	None	dead	0.0	0.0	0.0	0.0	0.0	0.0	0.0	0.0
dup	None	dead	0.0	0.0	0.0	0.0	0.0	0.0	0.0	0.0
hgt	68	GCA.002495185.1.Archaea.Thermoplasmatota	1652.035	0.0	826.0175	1840.09	1463.98	0.0	0.0	920.045
los	None	dead	0.0	0.0	0.0	0.0	0.0	0.0	0.0	0.0
hgt	1143	GCA.002352645.1.Bacteria.Actinobacteriota	1774.67	0.0	887.335	2003.61	1545.73	0.0	0.0	1001.805
los	None	dead	0.0	0.0	0.0	0.0	0.0	0.0	0.0	0.0
hgt	None	dead	0.0	0.0	0.0	0.0	0.0	0.0	0.0	0.0
hgt	345	GCA.002748355.1.Bacteria.Planctomycetota	1671.41	0.0	835.705	1909.09	1433.73	0.0	0.0	954.545
los	None	dead	0.0	0.0	0.0	0.0	0.0	0.0	0.0	0.0
hgt	None	dead	0.0	0.0	0.0	0.0	0.0	0.0	0.0	0.0
hgt	791	GCA.002898795.1.Bacteria.Desulfobacterota.B	1279.55	0.0	639.775	1476.89	1082.21	0.0	0.0	738.445
los	None	dead	0.0	0.0	0.0	0.0	0.0	0.0	0.0	0.0
hgt	None	dead	0.0	0.0	0.0	0.0	0.0	0.0	0.0	0.0
hgt	388	376	2486.95	2123.16	2305.055	2692.2	2281.7	2358.98	1887.34	2289.77
los	None	dead	0.0	0.0	0.0	0.0	0.0	0.0	0.0	0.0
spe	388	376	2486.95	2123.16	2305.055	2692.2	2281.7	2358.98	1887.34	2289.77
hgt	None	dead	0.0	0.0	0.0	0.0	0.0	0.0	0.0	0.0
hgt	768	767	1703.165	1544.31	1623.7375	1903.86	1502.47	1743.72	1344.9	1624.38
los	None	dead	0.0	0.0	0.0	0.0	0.0	0.0	0.0	0.0
spe	768	767	1703.165	1544.31	1623.7375	1903.86	1502.47	1743.72	1344.9	1624.38
hgt	None	dead	0.0	0.0	0.0	0.0	0.0	0.0	0.0	0.0
dup	None	dead	0.0	0.0	0.0	0.0	0.0	0.0	0.0	0.0
hgt	380	GCF.000758165.1.Bacteria.Spirochaetota	1331.005	0.0	665.5025	1575.85	1086.16	0.0	0.0	787.925
los	None	dead	0.0	0.0	0.0	0.0	0.0	0.0	0.0	0.0
hgt	1098	GCA.003167155.1.Bacteria.Eremiobacterota	1685.385	0.0	842.6925	2041.88	1328.89	0.0	0.0	1020.94
los	None	dead	0.0	0.0	0.0	0.0	0.0	0.0	0.0	0.0
hgt	None	dead	0.0	0.0	0.0	0.0	0.0	0.0	0.0	0.0
hgt	None	dead	0.0	0.0	0.0	0.0	0.0	0.0	0.0	0.0
hgt	288	GCA.002323895.1.Bacteria.Verrucomicrobiota	1623.24	0.0	811.62	1880.16	1366.32	0.0	0.0	940.08
los	None	dead	0.0	0.0	0.0	0.0	0.0	0.0	0.0	0.0
hgt	None	dead	0.0	0.0	0.0	0.0	0.0	0.0	0.0	0.0
hgt	932	GCA.002414805.1.Bacteria.Fibrobacterota	1648.045	0.0	824.0225	1898.79	1397.3	0.0	0.0	949.395
los	None	dead	0.0	0.0	0.0	0.0	0.0	0.0	0.0	0.0
hgt	586	585	1254.4	1064.929	1159.6645	1410.43	1098.37	1229.08	900.778	1155.604
los	None	dead	0.0	0.0	0.0	0.0	0.0	0.0	0.0	0.0
spe	586	585	1254.4	1064.929	1159.6645	1410.43	1098.37	1229.08	900.778	1155.604
hgt	None	dead	0.0	0.0	0.0	0.0	0.0	0.0	0.0	0.0
hgt	None	dead	0.0	0.0	0.0	0.0	0.0	0.0	0.0	0.0
hgt	270	GCA.002746185.1.Bacteria.Hydrogenedentota	2744.13	0.0	1372.065	3033.13	2455.13	0.0	0.0	1516.565
los	None	dead	0.0	0.0	0.0	0.0	0.0	0.0	0.0	0.0
hgt	None	dead	0.0	0.0	0.0	0.0	0.0	0.0	0.0	0.0
dup	None	dead	0.0	0.0	0.0	0.0	0.0	0.0	0.0	0.0
hgt	270	GCA.001567115.1.Bacteria.OLB16	2744.13	0.0	1372.065	3033.13	2455.13	0.0	0.0	1516.565
los	None	dead	0.0	0.0	0.0	0.0	0.0	0.0	0.0	0.0
hgt	536	GCF.002940605.1.Bacteria.Proteobacteria	1835.635	0.0	917.8175	2001.99	1669.28	0.0	0.0	1000.995
los	None	dead	0.0	0.0	0.0	0.0	0.0	0.0	0.0	0.0
hgt	None	dead	0.0	0.0	0.0	0.0	0.0	0.0	0.0	0.0
hgt	403	GCF.900177345.1.Bacteria.Proteobacteria	2470.89	0.0	1235.445	2681.53	2260.25	0.0	0.0	1340.765
los	None	dead	0.0	0.0	0.0	0.0	0.0	0.0	0.0	0.0
hgt	None	dead	0.0	0.0	0.0	0.0	0.0	0.0	0.0	0.0
dup	None	dead	0.0	0.0	0.0	0.0	0.0	0.0	0.0	0.0
hgt	1663	GCA.001464165.1.Bacteria.Cyanobacteria	2465.64	0.0	1232.82	2722.63	2208.65	0.0	0.0	1361.315
los	None	dead	0.0	0.0	0.0	0.0	0.0	0.0	0.0	0.0
hgt	220	GCA.001805375.1.Bacteria.Omnitrophota	1293.03	0.0	646.515	1485.84	1100.22	0.0	0.0	742.92
los	None	dead	0.0	0.0	0.0	0.0	0.0	0.0	0.0	0.0
hgt	None	dead	0.0	0.0	0.0	0.0	0.0	0.0	0.0	0.0
dup	None	dead	0.0	0.0	0.0	0.0	0.0	0.0	0.0	0.0
hgt	1717	GCF.001870225.1.Bacteria.Cyanobacteria	2144.885	0.0	1072.4425	2273.85	2015.92	0.0	0.0	1136.925
los	None	dead	0.0	0.0	0.0	0.0	0.0	0.0	0.0	0.0
hgt	1719	GCF.000013205.1.Bacteria.Cyanobacteria	2501.03	0.0	1250.515	2593.62	2408.44	0.0	0.0	1296.81
los	None	dead	0.0	0.0	0.0	0.0	0.0	0.0	0.0	0.0
hgt	581	579	1215.78	935.164	1075.472	1373.53	1058.03	1112.18	758.148	1065.839
los	None	dead	0.0	0.0	0.0	0.0	0.0	0.0	0.0	0.0
spe	581	579	1215.78	935.164	1075.472	1373.53	1058.03	1112.18	758.148	1065.839
hgt	None	dead	0.0	0.0	0.0	0.0	0.0	0.0	0.0	0.0
dup	None	dead	0.0	0.0	0.0	0.0	0.0	0.0	0.0	0.0
hgt	775	GCA.001797335.1.Bacteria.Bdellovibrionota.E	1808.405	0.0	904.2025	2005.79	1611.02	0.0	0.0	1002.895
los	None	dead	0.0	0.0	0.0	0.0	0.0	0.0	0.0	0.0
hgt	778	GCA.002715375.1.Bacteria.Bdellovibrionota	1573.38	0.0	786.69	1798.09	1348.67	0.0	0.0	899.045
los	None	dead	0.0	0.0	0.0	0.0	0.0	0.0	0.0	0.0
hgt	None	dead	0.0	0.0	0.0	0.0	0.0	0.0	0.0	0.0
dup	None	dead	0.0	0.0	0.0	0.0	0.0	0.0	0.0	0.0
hgt	302	GCF.000170755.1.Bacteria.Verrucomicrobiota	1366.155	0.0	683.0775	1596.93	1135.38	0.0	0.0	798.465
los	None	dead	0.0	0.0	0.0	0.0	0.0	0.0	0.0	0.0
hgt	320	GCA.002746535.1.Bacteria.Planctomycetota	2201.875	0.0	1100.9375	2465.4	1938.35	0.0	0.0	1232.7
los	None	dead	0.0	0.0	0.0	0.0	0.0	0.0	0.0	0.0
spe	767	766	1544.31	1359.65	1451.98	1743.72	1344.9	1564.02	1155.28	1449.5
hgt	None	dead	0.0	0.0	0.0	0.0	0.0	0.0	0.0	0.0
hgt	768	GCA.001798715.1.Bacteria.UBA10199	1703.165	0.0	851.5825	1903.86	1502.47	0.0	0.0	951.93
los	None	dead	0.0	0.0	0.0	0.0	0.0	0.0	0.0	0.0
hgt	None	dead	0.0	0.0	0.0	0.0	0.0	0.0	0.0	0.0
dup	None	dead	0.0	0.0	0.0	0.0	0.0	0.0	0.0	0.0
hgt	220	GCA.001805375.1.Bacteria.Omnitrophota	1293.03	0.0	646.515	1485.84	1100.22	0.0	0.0	742.92
los	None	dead	0.0	0.0	0.0	0.0	0.0	0.0	0.0	0.0
hgt	227	GCA.001804315.1.Bacteria.Omnitrophota	2301.915	0.0	1150.9575	2511.57	2092.26	0.0	0.0	1255.785
los	None	dead	0.0	0.0	0.0	0.0	0.0	0.0	0.0	0.0
hgt	None	dead	0.0	0.0	0.0	0.0	0.0	0.0	0.0	0.0
hgt	210	GCA.002796105.1.Bacteria.Omnitrophota	1714.94	0.0	857.47	1944.87	1485.01	0.0	0.0	972.435
los	None	dead	0.0	0.0	0.0	0.0	0.0	0.0	0.0	0.0
hgt	None	dead	0.0	0.0	0.0	0.0	0.0	0.0	0.0	0.0
hgt	930	GCA.003455335.1.Bacteria.Fibrobacterota	1384.095	0.0	692.0475	1646.95	1121.24	0.0	0.0	823.475
los	None	dead	0.0	0.0	0.0	0.0	0.0	0.0	0.0	0.0
hgt	None	dead	0.0	0.0	0.0	0.0	0.0	0.0	0.0	0.0
hgt	227	GCA.001804315.1.Bacteria.Omnitrophota	2301.915	0.0	1150.9575	2511.57	2092.26	0.0	0.0	1255.785
los	None	dead	0.0	0.0	0.0	0.0	0.0	0.0	0.0	0.0
hgt	None	dead	0.0	0.0	0.0	0.0	0.0	0.0	0.0	0.0
hgt	400	GCA.002707655.1.Bacteria.SAR324	2337.685	0.0	1168.8425	2593.16	2082.21	0.0	0.0	1296.58
los	None	dead	0.0	0.0	0.0	0.0	0.0	0.0	0.0	0.0
spe	376	374	2123.16	1638.665	1880.9125	2358.98	1887.34	1908.58	1368.75	1863.865
hgt	None	dead	0.0	0.0	0.0	0.0	0.0	0.0	0.0	0.0
los	374	GCA.002730875.1.Bacteria.Spirochaetota	1638.665	0.0	819.3325	1908.58	1368.75	0.0	0.0	954.29
hgt	386	GCA.002450905.1.Bacteria.Spirochaetota	1962.46	0.0	981.23	2228.04	1696.88	0.0	0.0	1114.02
los	None	dead	0.0	0.0	0.0	0.0	0.0	0.0	0.0	0.0
hgt	None	dead	0.0	0.0	0.0	0.0	0.0	0.0	0.0	0.0
hgt	None	dead	0.0	0.0	0.0	0.0	0.0	0.0	0.0	0.0
dup	None	dead	0.0	0.0	0.0	0.0	0.0	0.0	0.0	0.0
hgt	347	GCA.002683135.1.Bacteria.Planctomycetota	1965.575	0.0	982.7875	2194.16	1736.99	0.0	0.0	1097.08
los	None	dead	0.0	0.0	0.0	0.0	0.0	0.0	0.0	0.0
hgt	321	GCA.003136555.1.Bacteria.Planctomycetota	2405.83	0.0	1202.915	2641.62	2170.04	0.0	0.0	1320.81
los	None	dead	0.0	0.0	0.0	0.0	0.0	0.0	0.0	0.0
hgt	None	dead	0.0	0.0	0.0	0.0	0.0	0.0	0.0	0.0
hgt	702	GCA.003223635.1.Bacteria.Acidobacteriota	1307.095	0.0	653.5475	1523.49	1090.7	0.0	0.0	761.745
los	None	dead	0.0	0.0	0.0	0.0	0.0	0.0	0.0	0.0
hgt	None	dead	0.0	0.0	0.0	0.0	0.0	0.0	0.0	0.0
hgt	183	GCA.002402105.1.Bacteria.UBP17	2942.325	0.0	1471.1625	3395.25	2489.4	0.0	0.0	1697.625
los	None	dead	0.0	0.0	0.0	0.0	0.0	0.0	0.0	0.0
hgt	926	924	2323.795	1818.875	2071.335	2580.04	2067.55	2151.84	1485.91	2032.975
los	None	dead	0.0	0.0	0.0	0.0	0.0	0.0	0.0	0.0
spe	926	924	2323.795	1818.875	2071.335	2580.04	2067.55	2151.84	1485.91	2032.975
hgt	None	dead	0.0	0.0	0.0	0.0	0.0	0.0	0.0	0.0
hgt	780	GCA.001769805.1.Bacteria.Bdellovibrionota	1753.025	0.0	876.5125	1959.77	1546.28	0.0	0.0	979.885
los	None	dead	0.0	0.0	0.0	0.0	0.0	0.0	0.0	0.0
hgt	None	dead	0.0	0.0	0.0	0.0	0.0	0.0	0.0	0.0
hgt	477	GCA.001897475.1.Bacteria.Proteobacteria	946.9555	0.0	473.47775	1106.86	787.051	0.0	0.0	553.43
los	None	dead	0.0	0.0	0.0	0.0	0.0	0.0	0.0	0.0
hgt	None	dead	0.0	0.0	0.0	0.0	0.0	0.0	0.0	0.0
hgt	277	267	3121.045	2714.255	2917.65	3310.21	2931.88	3000.58	2427.93	2869.07
los	None	dead	0.0	0.0	0.0	0.0	0.0	0.0	0.0	0.0
spe	277	267	3121.045	2714.255	2917.65	3310.21	2931.88	3000.58	2427.93	2869.07
hgt	None	dead	0.0	0.0	0.0	0.0	0.0	0.0	0.0	0.0
hgt	39	38	2491.15	2097.27	2294.21	2670.09	2312.21	2336.37	1858.17	2264.13
los	None	dead	0.0	0.0	0.0	0.0	0.0	0.0	0.0	0.0
spe	39	38	2491.15	2097.27	2294.21	2670.09	2312.21	2336.37	1858.17	2264.13
hgt	None	dead	0.0	0.0	0.0	0.0	0.0	0.0	0.0	0.0
dup	None	dead	0.0	0.0	0.0	0.0	0.0	0.0	0.0	0.0
hgt	47	GCA.002494765.1.Archaea.Thermoplasmatota	1547.68	0.0	773.84	1769.19	1326.17	0.0	0.0	884.595
los	None	dead	0.0	0.0	0.0	0.0	0.0	0.0	0.0	0.0
dup	None	dead	0.0	0.0	0.0	0.0	0.0	0.0	0.0	0.0
hgt	1068	GCA.002877955.1.Bacteria.Caldisericota	1762.385	0.0	881.1925	2070.1	1454.67	0.0	0.0	1035.05
los	None	dead	0.0	0.0	0.0	0.0	0.0	0.0	0.0	0.0
dup	None	dead	0.0	0.0	0.0	0.0	0.0	0.0	0.0	0.0
hgt	674	GCA.002298155.1.Bacteria.Acidobacteriota	1880.64	0.0	940.32	2129.25	1632.03	0.0	0.0	1064.625
los	None	dead	0.0	0.0	0.0	0.0	0.0	0.0	0.0	0.0
hgt	159	GCF.000091205.1.Eukaryota.Rhodophyta	1074.125	0.0	537.0625	1097.88	1050.37	0.0	0.0	548.94
los	None	dead	0.0	0.0	0.0	0.0	0.0	0.0	0.0	0.0
hgt	None	dead	0.0	0.0	0.0	0.0	0.0	0.0	0.0	0.0
hgt	1079	1078	2204.53	1937.95	2071.24	2483.0	1926.06	2224.85	1651.05	2067.025
los	None	dead	0.0	0.0	0.0	0.0	0.0	0.0	0.0	0.0
spe	1079	1078	2204.53	1937.95	2071.24	2483.0	1926.06	2224.85	1651.05	2067.025
spe	1078	1076	1937.95	1416.635	1677.2925	2224.85	1651.05	1692.52	1140.75	1682.8
hgt	None	dead	0.0	0.0	0.0	0.0	0.0	0.0	0.0	0.0
dup	None	dead	0.0	0.0	0.0	0.0	0.0	0.0	0.0	0.0
hgt	982	GCF.001535965.1.Bacteria.Bacteroidota	1868.295	0.0	934.1475	2047.24	1689.35	0.0	0.0	1023.62
los	None	dead	0.0	0.0	0.0	0.0	0.0	0.0	0.0	0.0
hgt	1082	GCA.002011615.1.Bacteria.WOR.3	2820.665	0.0	1410.3325	3066.11	2575.22	0.0	0.0	1533.055
los	None	dead	0.0	0.0	0.0	0.0	0.0	0.0	0.0	0.0
hgt	None	dead	0.0	0.0	0.0	0.0	0.0	0.0	0.0	0.0
hgt	65	GCA.001800745.1.Archaea.Thermoplasmatota	1254.445	0.0	627.2225	1446.91	1061.98	0.0	0.0	723.455
los	None	dead	0.0	0.0	0.0	0.0	0.0	0.0	0.0	0.0
hgt	None	dead	0.0	0.0	0.0	0.0	0.0	0.0	0.0	0.0
hgt	1228	GCA.003023725.1.Bacteria.Firmicutes.E	2160.575	0.0	1080.2875	2393.31	1927.84	0.0	0.0	1196.655
los	None	dead	0.0	0.0	0.0	0.0	0.0	0.0	0.0	0.0
hgt	None	dead	0.0	0.0	0.0	0.0	0.0	0.0	0.0	0.0
hgt	None	dead	0.0	0.0	0.0	0.0	0.0	0.0	0.0	0.0
dup	None	dead	0.0	0.0	0.0	0.0	0.0	0.0	0.0	0.0
dup	None	dead	0.0	0.0	0.0	0.0	0.0	0.0	0.0	0.0
hgt	553	GCF.001641825.1.Bacteria.Proteobacteria	1585.42	0.0	792.71	1735.79	1435.05	0.0	0.0	867.895
los	None	dead	0.0	0.0	0.0	0.0	0.0	0.0	0.0	0.0
hgt	651	533	2202.31	1994.64	2098.475	2336.11	2068.51	2150.09	1839.19	2087.65
los	None	dead	0.0	0.0	0.0	0.0	0.0	0.0	0.0	0.0
hgt	None	dead	0.0	0.0	0.0	0.0	0.0	0.0	0.0	0.0
dup	None	dead	0.0	0.0	0.0	0.0	0.0	0.0	0.0	0.0
hgt	557	GCA.002007405.1.Bacteria.Proteobacteria	1159.506	0.0	579.753	1333.32	985.692	0.0	0.0	666.66
los	None	dead	0.0	0.0	0.0	0.0	0.0	0.0	0.0	0.0
hgt	511	510	1534.63	1468.305	1501.4675	1667.04	1402.22	1603.84	1332.77	1499.905
los	None	dead	0.0	0.0	0.0	0.0	0.0	0.0	0.0	0.0
hgt	None	dead	0.0	0.0	0.0	0.0	0.0	0.0	0.0	0.0
dup	None	dead	0.0	0.0	0.0	0.0	0.0	0.0	0.0	0.0
dup	None	dead	0.0	0.0	0.0	0.0	0.0	0.0	0.0	0.0
hgt	565	GCF.002958735.1.Bacteria.Proteobacteria	1459.56	0.0	729.78	1636.29	1282.83	0.0	0.0	818.145
los	None	dead	0.0	0.0	0.0	0.0	0.0	0.0	0.0	0.0
hgt	565	GCF.002958735.1.Bacteria.Proteobacteria	1459.56	0.0	729.78	1636.29	1282.83	0.0	0.0	818.145
los	None	dead	0.0	0.0	0.0	0.0	0.0	0.0	0.0	0.0
hgt	613	612	1308.6	1154.76	1231.68	1448.11	1169.09	1302.07	1007.45	1227.78
los	None	dead	0.0	0.0	0.0	0.0	0.0	0.0	0.0	0.0
spe	613	612	1308.6	1154.76	1231.68	1448.11	1169.09	1302.07	1007.45	1227.78
hgt	None	dead	0.0	0.0	0.0	0.0	0.0	0.0	0.0	0.0
hgt	506	GCA.001464215.1.Bacteria.Proteobacteria	986.4985	0.0	493.24925	1134.96	838.037	0.0	0.0	567.48
los	None	dead	0.0	0.0	0.0	0.0	0.0	0.0	0.0	0.0
spe	612	611	1154.76	873.257	1014.0085	1302.07	1007.45	1026.32	720.194	1011.132
hgt	None	dead	0.0	0.0	0.0	0.0	0.0	0.0	0.0	0.0
hgt	613	GCF.003097315.1.Bacteria.Proteobacteria	1308.6	0.0	654.3	1448.11	1169.09	0.0	0.0	724.055
los	None	dead	0.0	0.0	0.0	0.0	0.0	0.0	0.0	0.0
spe	511	510	1534.63	1468.305	1501.4675	1667.04	1402.22	1603.84	1332.77	1499.905
spe	510	492	1468.305	1215.16	1341.7325	1603.84	1332.77	1364.8	1065.52	1334.68
hgt	None	dead	0.0	0.0	0.0	0.0	0.0	0.0	0.0	0.0
hgt	570	GCA.002255365.1.Bacteria.Proteobacteria	1581.87	0.0	790.935	1730.52	1433.22	0.0	0.0	865.26
los	None	dead	0.0	0.0	0.0	0.0	0.0	0.0	0.0	0.0
hgt	None	dead	0.0	0.0	0.0	0.0	0.0	0.0	0.0	0.0
hgt	463	GCF.002251795.1.Bacteria.Proteobacteria	1268.17	0.0	634.085	1417.76	1118.58	0.0	0.0	708.88
los	None	dead	0.0	0.0	0.0	0.0	0.0	0.0	0.0	0.0
spe	510	509	1468.305	1371.54	1419.9225	1603.84	1332.77	1510.17	1232.91	1418.375
hgt	None	dead	0.0	0.0	0.0	0.0	0.0	0.0	0.0	0.0
hgt	435	434	1491.68	1283.94	1387.81	1647.81	1335.55	1452.9	1114.98	1381.395
los	None	dead	0.0	0.0	0.0	0.0	0.0	0.0	0.0	0.0
spe	435	434	1491.68	1283.94	1387.81	1647.81	1335.55	1452.9	1114.98	1381.395
hgt	None	dead	0.0	0.0	0.0	0.0	0.0	0.0	0.0	0.0
hgt	439	GCA.002723345.1.Bacteria.Proteobacteria	1378.685	0.0	689.3425	1531.25	1226.12	0.0	0.0	765.625
los	None	dead	0.0	0.0	0.0	0.0	0.0	0.0	0.0	0.0
hgt	None	dead	0.0	0.0	0.0	0.0	0.0	0.0	0.0	0.0
hgt	None	dead	0.0	0.0	0.0	0.0	0.0	0.0	0.0	0.0
hgt	458	456	1466.17	1288.015	1377.0925	1610.52	1321.82	1439.86	1136.17	1373.345
los	None	dead	0.0	0.0	0.0	0.0	0.0	0.0	0.0	0.0
spe	458	456	1466.17	1288.015	1377.0925	1610.52	1321.82	1439.86	1136.17	1373.345
hgt	None	dead	0.0	0.0	0.0	0.0	0.0	0.0	0.0	0.0
hgt	436	GCA.002722885.1.Bacteria.Proteobacteria	1682.45	0.0	841.225	1827.26	1537.64	0.0	0.0	913.63
los	None	dead	0.0	0.0	0.0	0.0	0.0	0.0	0.0	0.0
spe	456	455	1288.015	945.418	1116.7165	1439.86	1136.17	1105.62	785.216	1112.538
spe	455	454	945.418	825.9765	885.69725	1105.62	785.216	984.66	667.293	886.4565
hgt	None	dead	0.0	0.0	0.0	0.0	0.0	0.0	0.0	0.0
hgt	517	GCA.002937675.1.Bacteria.Proteobacteria	2143.98	0.0	1071.99	2284.9	2003.06	0.0	0.0	1142.45
los	None	dead	0.0	0.0	0.0	0.0	0.0	0.0	0.0	0.0
hgt	None	dead	0.0	0.0	0.0	0.0	0.0	0.0	0.0	0.0
hgt	444	GCA.002348425.1.Bacteria.Proteobacteria	1051.014	0.0	525.507	1222.56	879.468	0.0	0.0	611.28
los	None	dead	0.0	0.0	0.0	0.0	0.0	0.0	0.0	0.0
hgt	None	dead	0.0	0.0	0.0	0.0	0.0	0.0	0.0	0.0
hgt	468	GCF.900167455.1.Bacteria.Proteobacteria	1227.095	0.0	613.5475	1373.3	1080.89	0.0	0.0	686.65
los	None	dead	0.0	0.0	0.0	0.0	0.0	0.0	0.0	0.0
spe	454	453	825.9765	706.861	766.41875	984.66	667.293	859.917	553.805	769.2325
hgt	None	dead	0.0	0.0	0.0	0.0	0.0	0.0	0.0	0.0
los	453	GCA.002457765.1.Bacteria.Proteobacteria	706.861	0.0	353.4305	859.917	553.805	0.0	0.0	429.9585
hgt	435	GCA.006969625.1.Bacteria.Proteobacteria	1491.68	0.0	745.84	1647.81	1335.55	0.0	0.0	823.905
los	None	dead	0.0	0.0	0.0	0.0	0.0	0.0	0.0	0.0
hgt	None	dead	0.0	0.0	0.0	0.0	0.0	0.0	0.0	0.0
hgt	489	GCA.002348365.1.Bacteria.Proteobacteria	1174.55	0.0	587.275	1332.19	1016.91	0.0	0.0	666.095
los	None	dead	0.0	0.0	0.0	0.0	0.0	0.0	0.0	0.0
hgt	None	dead	0.0	0.0	0.0	0.0	0.0	0.0	0.0	0.0
dup	None	dead	0.0	0.0	0.0	0.0	0.0	0.0	0.0	0.0
hgt	445	GCA.002717225.1.Bacteria.Proteobacteria	1219.785	0.0	609.8925	1382.11	1057.46	0.0	0.0	691.055
los	None	dead	0.0	0.0	0.0	0.0	0.0	0.0	0.0	0.0
hgt	506	GCA.002480495.1.Bacteria.Proteobacteria	986.4985	0.0	493.24925	1134.96	838.037	0.0	0.0	567.48
los	None	dead	0.0	0.0	0.0	0.0	0.0	0.0	0.0	0.0
hgt	463	462	1268.17	1029.85	1149.01	1417.76	1118.58	1187.35	872.35	1145.055
los	None	dead	0.0	0.0	0.0	0.0	0.0	0.0	0.0	0.0
spe	463	462	1268.17	1029.85	1149.01	1417.76	1118.58	1187.35	872.35	1145.055
hgt	None	dead	0.0	0.0	0.0	0.0	0.0	0.0	0.0	0.0
hgt	444	GCA.002686135.1.Bacteria.Proteobacteria	1051.014	0.0	525.507	1222.56	879.468	0.0	0.0	611.28
los	None	dead	0.0	0.0	0.0	0.0	0.0	0.0	0.0	0.0
hgt	None	dead	0.0	0.0	0.0	0.0	0.0	0.0	0.0	0.0
hgt	944	GCA.002712165.1.Bacteria.Proteobacteria	1392.82	0.0	696.41	1623.46	1162.18	0.0	0.0	811.73
los	None	dead	0.0	0.0	0.0	0.0	0.0	0.0	0.0	0.0
spe	509	495	1371.54	1115.4635	1243.50175	1510.17	1232.91	1268.36	962.567	1236.3685
hgt	None	dead	0.0	0.0	0.0	0.0	0.0	0.0	0.0	0.0
hgt	453	GCA.002457765.1.Bacteria.Proteobacteria	706.861	0.0	353.4305	859.917	553.805	0.0	0.0	429.9585
los	None	dead	0.0	0.0	0.0	0.0	0.0	0.0	0.0	0.0
hgt	None	dead	0.0	0.0	0.0	0.0	0.0	0.0	0.0	0.0
hgt	467	GCF.003258945.1.Bacteria.Proteobacteria	1071.506	0.0	535.753	1222.83	920.182	0.0	0.0	611.415
los	None	dead	0.0	0.0	0.0	0.0	0.0	0.0	0.0	0.0
hgt	None	dead	0.0	0.0	0.0	0.0	0.0	0.0	0.0	0.0
hgt	439	GCF.001613805.1.Bacteria.Proteobacteria	1378.685	0.0	689.3425	1531.25	1226.12	0.0	0.0	765.625
los	None	dead	0.0	0.0	0.0	0.0	0.0	0.0	0.0	0.0
hgt	None	dead	0.0	0.0	0.0	0.0	0.0	0.0	0.0	0.0
hgt	416	GCA.002938255.1.Bacteria.Proteobacteria	1460.0	0.0	730.0	1629.23	1290.77	0.0	0.0	814.615
los	None	dead	0.0	0.0	0.0	0.0	0.0	0.0	0.0	0.0
spe	509	508	1371.54	1248.66	1310.1	1510.17	1232.91	1390.59	1106.73	1308.45
spe	508	498	1248.66	1100.442	1174.551	1390.59	1106.73	1252.56	948.324	1169.457
los	498	GCA.002731375.1.Bacteria.Proteobacteria	1100.442	0.0	550.221	1252.56	948.324	0.0	0.0	626.28
spe	508	507	1248.66	1032.028	1140.344	1390.59	1106.73	1172.29	891.766	1141.178
los	507	506	1032.028	986.4985	1009.26325	1172.29	891.766	1134.96	838.037	1005.1635
spe	507	503	1032.028	904.119	968.0735	1172.29	891.766	1050.27	757.968	965.129
los	503	501	904.119	722.0125	813.06575	1050.27	757.968	881.342	562.683	806.4765
spe	651	533	2202.31	1994.64	2098.475	2336.11	2068.51	2150.09	1839.19	2087.65
hgt	None	dead	0.0	0.0	0.0	0.0	0.0	0.0	0.0	0.0
spe	533	529	1994.64	1776.585	1885.6125	2150.09	1839.19	1957.62	1595.55	1872.82
hgt	None	dead	0.0	0.0	0.0	0.0	0.0	0.0	0.0	0.0
hgt	595	GCA.002454015.1.Bacteria.Proteobacteria	1179.98	0.0	589.99	1332.11	1027.85	0.0	0.0	666.055
los	None	dead	0.0	0.0	0.0	0.0	0.0	0.0	0.0	0.0
hgt	None	dead	0.0	0.0	0.0	0.0	0.0	0.0	0.0	0.0
hgt	None	dead	0.0	0.0	0.0	0.0	0.0	0.0	0.0	0.0
hgt	543	542	1880.315	1703.185	1791.75	2032.2	1728.43	1875.52	1530.85	1781.525
los	None	dead	0.0	0.0	0.0	0.0	0.0	0.0	0.0	0.0
spe	543	542	1880.315	1703.185	1791.75	2032.2	1728.43	1875.52	1530.85	1781.525
hgt	None	dead	0.0	0.0	0.0	0.0	0.0	0.0	0.0	0.0
hgt	600	GCA.002007425.1.Bacteria.Proteobacteria	1178.33	0.0	589.165	1321.12	1035.54	0.0	0.0	660.56
los	None	dead	0.0	0.0	0.0	0.0	0.0	0.0	0.0	0.0
hgt	None	dead	0.0	0.0	0.0	0.0	0.0	0.0	0.0	0.0
hgt	558	GCA.002386945.1.Bacteria.Proteobacteria	1383.43	0.0	691.715	1538.73	1228.13	0.0	0.0	769.365
los	None	dead	0.0	0.0	0.0	0.0	0.0	0.0	0.0	0.0
hgt	None	dead	0.0	0.0	0.0	0.0	0.0	0.0	0.0	0.0
hgt	None	dead	0.0	0.0	0.0	0.0	0.0	0.0	0.0	0.0
hgt	557	GCA.002728355.1.Bacteria.Proteobacteria	1159.506	0.0	579.753	1333.32	985.692	0.0	0.0	666.66
los	None	dead	0.0	0.0	0.0	0.0	0.0	0.0	0.0	0.0
hgt	None	dead	0.0	0.0	0.0	0.0	0.0	0.0	0.0	0.0
hgt	576	GCA.002432655.1.Bacteria.Proteobacteria	1593.015	0.0	796.5075	1746.04	1439.99	0.0	0.0	873.02
los	None	dead	0.0	0.0	0.0	0.0	0.0	0.0	0.0	0.0
hgt	631	603	1709.925	1631.14	1670.5325	1841.09	1578.76	1761.43	1500.85	1670.97
los	None	dead	0.0	0.0	0.0	0.0	0.0	0.0	0.0	0.0
spe	631	603	1709.925	1631.14	1670.5325	1841.09	1578.76	1761.43	1500.85	1670.97
spe	603	602	1631.14	1545.47	1588.305	1761.43	1500.85	1675.86	1415.08	1588.255
los	602	601	1545.47	1388.16	1466.815	1675.86	1415.08	1524.4	1251.92	1463.89
spe	602	592	1545.47	1238.975	1392.2225	1675.86	1415.08	1390.11	1087.84	1381.85
hgt	None	dead	0.0	0.0	0.0	0.0	0.0	0.0	0.0	0.0
hgt	546	GCA.002747435.1.Bacteria.Proteobacteria	1450.69	0.0	725.345	1616.84	1284.54	0.0	0.0	808.42
los	None	dead	0.0	0.0	0.0	0.0	0.0	0.0	0.0	0.0
hgt	None	dead	0.0	0.0	0.0	0.0	0.0	0.0	0.0	0.0
hgt	None	dead	0.0	0.0	0.0	0.0	0.0	0.0	0.0	0.0
hgt	595	GCA.002389045.1.Bacteria.Proteobacteria	1179.98	0.0	589.99	1332.11	1027.85	0.0	0.0	666.055
los	None	dead	0.0	0.0	0.0	0.0	0.0	0.0	0.0	0.0
hgt	None	dead	0.0	0.0	0.0	0.0	0.0	0.0	0.0	0.0
hgt	551	GCA.002746645.1.Bacteria.Proteobacteria	1073.1825	0.0	536.59125	1248.71	897.655	0.0	0.0	624.355
los	None	dead	0.0	0.0	0.0	0.0	0.0	0.0	0.0	0.0
hgt	644	636	1640.815	1563.065	1601.94	1774.52	1507.11	1706.55	1419.58	1597.05
los	None	dead	0.0	0.0	0.0	0.0	0.0	0.0	0.0	0.0
hgt	None	dead	0.0	0.0	0.0	0.0	0.0	0.0	0.0	0.0
hgt	598	GCA.002170535.1.Bacteria.Proteobacteria	872.755	0.0	436.3775	1022.28	723.23	0.0	0.0	511.14
los	None	dead	0.0	0.0	0.0	0.0	0.0	0.0	0.0	0.0
spe	644	636	1640.815	1563.065	1601.94	1774.52	1507.11	1706.55	1419.58	1597.05
spe	636	634	1563.065	1398.775	1480.92	1706.55	1419.58	1567.28	1230.27	1468.41
los	634	GCF.001697225.1.Bacteria.Proteobacteria	1398.775	0.0	699.3875	1567.28	1230.27	0.0	0.0	783.64
hgt	None	dead	0.0	0.0	0.0	0.0	0.0	0.0	0.0	0.0
hgt	574	GCF.900112605.1.Bacteria.Proteobacteria	1337.465	0.0	668.7325	1503.53	1171.4	0.0	0.0	751.765
los	None	dead	0.0	0.0	0.0	0.0	0.0	0.0	0.0	0.0
hgt	570	568	1581.87	1421.955	1501.9125	1730.52	1433.22	1583.57	1260.34	1495.43
los	None	dead	0.0	0.0	0.0	0.0	0.0	0.0	0.0	0.0
spe	570	568	1581.87	1421.955	1501.9125	1730.52	1433.22	1583.57	1260.34	1495.43
hgt	None	dead	0.0	0.0	0.0	0.0	0.0	0.0	0.0	0.0
hgt	552	GCF.001614315.2.Bacteria.Proteobacteria	1355.9	0.0	677.95	1526.56	1185.24	0.0	0.0	763.28
los	None	dead	0.0	0.0	0.0	0.0	0.0	0.0	0.0	0.0
hgt	None	dead	0.0	0.0	0.0	0.0	0.0	0.0	0.0	0.0
hgt	546	GCF.000021985.1.Bacteria.Proteobacteria	1450.69	0.0	725.345	1616.84	1284.54	0.0	0.0	808.42
los	None	dead	0.0	0.0	0.0	0.0	0.0	0.0	0.0	0.0
hgt	None	dead	0.0	0.0	0.0	0.0	0.0	0.0	0.0	0.0
hgt	598	GCA.002292285.1.Bacteria.Proteobacteria	872.755	0.0	436.3775	1022.28	723.23	0.0	0.0	511.14
los	None	dead	0.0	0.0	0.0	0.0	0.0	0.0	0.0	0.0
hgt	None	dead	0.0	0.0	0.0	0.0	0.0	0.0	0.0	0.0
hgt	634	GCF.001697225.1.Bacteria.Proteobacteria	1398.775	0.0	699.3875	1567.28	1230.27	0.0	0.0	783.64
los	None	dead	0.0	0.0	0.0	0.0	0.0	0.0	0.0	0.0
hgt	653	GCF.001399755.1.Bacteria.Proteobacteria	2511.255	0.0	1255.6275	2643.2	2379.31	0.0	0.0	1321.6
los	None	dead	0.0	0.0	0.0	0.0	0.0	0.0	0.0	0.0
hgt	None	dead	0.0	0.0	0.0	0.0	0.0	0.0	0.0	0.0
hgt	643	642	1460.61	1315.1	1387.855	1604.84	1316.38	1468.25	1161.95	1383.395
los	None	dead	0.0	0.0	0.0	0.0	0.0	0.0	0.0	0.0
spe	643	642	1460.61	1315.1	1387.855	1604.84	1316.38	1468.25	1161.95	1383.395
hgt	None	dead	0.0	0.0	0.0	0.0	0.0	0.0	0.0	0.0
hgt	643	639	1460.61	1235.875	1348.2425	1604.84	1316.38	1397.92	1073.83	1339.335
los	None	dead	0.0	0.0	0.0	0.0	0.0	0.0	0.0	0.0
spe	643	639	1460.61	1235.875	1348.2425	1604.84	1316.38	1397.92	1073.83	1339.335
spe	533	532	1994.64	1609.445	1802.0425	2150.09	1839.19	1820.16	1398.73	1774.41
hgt	None	dead	0.0	0.0	0.0	0.0	0.0	0.0	0.0	0.0
hgt	560	GCA.001735895.1.Bacteria.Proteobacteria	1548.725	0.0	774.3625	1698.95	1398.5	0.0	0.0	849.475
los	None	dead	0.0	0.0	0.0	0.0	0.0	0.0	0.0	0.0
hgt	None	dead	0.0	0.0	0.0	0.0	0.0	0.0	0.0	0.0
hgt	406	GCA.001872725.1.Bacteria.Proteobacteria	2518.42	0.0	1259.21	2679.32	2357.52	0.0	0.0	1339.66
los	None	dead	0.0	0.0	0.0	0.0	0.0	0.0	0.0	0.0
hgt	42	GCA.003230355.1.Archaea.Hydrothermarchaeota	2229.015	0.0	1114.5075	2495.46	1962.57	0.0	0.0	1247.73
los	None	dead	0.0	0.0	0.0	0.0	0.0	0.0	0.0	0.0
hgt	None	dead	0.0	0.0	0.0	0.0	0.0	0.0	0.0	0.0
hgt	753	751	2050.24	1894.43	1972.335	2289.58	1810.9	2141.93	1646.93	1968.255
los	None	dead	0.0	0.0	0.0	0.0	0.0	0.0	0.0	0.0
spe	753	751	2050.24	1894.43	1972.335	2289.58	1810.9	2141.93	1646.93	1968.255
hgt	None	dead	0.0	0.0	0.0	0.0	0.0	0.0	0.0	0.0
hgt	724	GCA.001914955.1.Bacteria.Nitrospirota	1584.32	0.0	792.16	1849.0	1319.64	0.0	0.0	924.5
los	None	dead	0.0	0.0	0.0	0.0	0.0	0.0	0.0	0.0
spe	751	749	1894.43	1737.095	1815.7625	2141.93	1646.93	1995.38	1478.81	1810.37
los	749	GCA.003229375.1.Bacteria.Nitrospinota	1737.095	0.0	868.5475	1995.38	1478.81	0.0	0.0	997.69
hgt	None	dead	0.0	0.0	0.0	0.0	0.0	0.0	0.0	0.0
hgt	853	GCA.001797415.1.Bacteria.Desulfobacterota	2005.945	0.0	1002.9725	2253.28	1758.61	0.0	0.0	1126.64
los	None	dead	0.0	0.0	0.0	0.0	0.0	0.0	0.0	0.0
hgt	None	dead	0.0	0.0	0.0	0.0	0.0	0.0	0.0	0.0
hgt	118	116	1695.4	1076.3105	1385.85525	1909.26	1481.54	1309.64	842.981	1376.1205
los	None	dead	0.0	0.0	0.0	0.0	0.0	0.0	0.0	0.0
spe	118	116	1695.4	1076.3105	1385.85525	1909.26	1481.54	1309.64	842.981	1376.1205
hgt	720	GCA.002347965.1.Bacteria.UBA2233	2294.32	0.0	1147.16	2574.63	2014.01	0.0	0.0	1287.315
los	None	dead	0.0	0.0	0.0	0.0	0.0	0.0	0.0	0.0
hgt	None	dead	0.0	0.0	0.0	0.0	0.0	0.0	0.0	0.0
dup	None	dead	0.0	0.0	0.0	0.0	0.0	0.0	0.0	0.0
hgt	515	GCA.002632265.1.Bacteria.Proteobacteria	1939.7	0.0	969.85	2073.68	1805.72	0.0	0.0	1036.84
los	None	dead	0.0	0.0	0.0	0.0	0.0	0.0	0.0	0.0
hgt	352	GCA.002167285.1.Bacteria.Planctomycetota	1718.42	0.0	859.21	1950.1	1486.74	0.0	0.0	975.05
los	None	dead	0.0	0.0	0.0	0.0	0.0	0.0	0.0	0.0
hgt	None	dead	0.0	0.0	0.0	0.0	0.0	0.0	0.0	0.0
hgt	None	dead	0.0	0.0	0.0	0.0	0.0	0.0	0.0	0.0
hgt	123	113	2043.585	1818.745	1931.165	2216.58	1870.59	2020.8	1616.69	1916.635
los	None	dead	0.0	0.0	0.0	0.0	0.0	0.0	0.0	0.0
spe	123	113	2043.585	1818.745	1931.165	2216.58	1870.59	2020.8	1616.69	1916.635
hgt	None	dead	0.0	0.0	0.0	0.0	0.0	0.0	0.0	0.0
hgt	29	GCA.001742785.1.Archaea.Altiarchaeota	1749.91	0.0	874.955	2062.2	1437.62	0.0	0.0	1031.1
los	None	dead	0.0	0.0	0.0	0.0	0.0	0.0	0.0	0.0
hgt	89	77	1761.97	1438.885	1600.4275	1945.96	1577.98	1634.55	1243.22	1594.59
los	None	dead	0.0	0.0	0.0	0.0	0.0	0.0	0.0	0.0
spe	89	77	1761.97	1438.885	1600.4275	1945.96	1577.98	1634.55	1243.22	1594.59
hgt	None	dead	0.0	0.0	0.0	0.0	0.0	0.0	0.0	0.0
dup	None	dead	0.0	0.0	0.0	0.0	0.0	0.0	0.0	0.0
hgt	74	GCA.002011165.1.Archaea.Halobacteriota	1703.245	0.0	851.6225	1896.74	1509.75	0.0	0.0	948.37
los	None	dead	0.0	0.0	0.0	0.0	0.0	0.0	0.0	0.0
hgt	93	GCF.000025525.1.Archaea.Methanobacteriota.A	2518.68	0.0	1259.34	2671.84	2365.52	0.0	0.0	1335.92
los	None	dead	0.0	0.0	0.0	0.0	0.0	0.0	0.0	0.0
hgt	None	dead	0.0	0.0	0.0	0.0	0.0	0.0	0.0	0.0
hgt	121	GCA.001273335.1.Archaea.Thermoproteota	1500.96	0.0	750.48	1721.42	1280.5	0.0	0.0	860.71
los	None	dead	0.0	0.0	0.0	0.0	0.0	0.0	0.0	0.0
hgt	None	dead	0.0	0.0	0.0	0.0	0.0	0.0	0.0	0.0
hgt	143	GCA.001940655.1.Archaea.Asgardarchaeota	2114.17	0.0	1057.085	2330.65	1897.69	0.0	0.0	1165.325
los	None	dead	0.0	0.0	0.0	0.0	0.0	0.0	0.0	0.0
hgt	None	dead	0.0	0.0	0.0	0.0	0.0	0.0	0.0	0.0
dup	None	dead	0.0	0.0	0.0	0.0	0.0	0.0	0.0	0.0
hgt	133	GCA.002506605.1.Archaea.Thermoproteota	1545.885	0.0	772.9425	1756.6	1335.17	0.0	0.0	878.3
los	None	dead	0.0	0.0	0.0	0.0	0.0	0.0	0.0	0.0
hgt	None	dead	0.0	0.0	0.0	0.0	0.0	0.0	0.0	0.0
dup	None	dead	0.0	0.0	0.0	0.0	0.0	0.0	0.0	0.0
hgt	136	GCA.000375685.1.Archaea.Thermoproteota	1983.8	0.0	991.9	2174.3	1793.3	0.0	0.0	1087.15
los	None	dead	0.0	0.0	0.0	0.0	0.0	0.0	0.0	0.0
hgt	107	GCA.003019535.1.Archaea.Thermoproteota	1609.36	0.0	804.68	1848.64	1370.08	0.0	0.0	924.32
los	None	dead	0.0	0.0	0.0	0.0	0.0	0.0	0.0	0.0
hgt	147	GCA.001940725.1.Archaea.Asgardarchaeota	1821.225	0.0	910.6125	2036.11	1606.34	0.0	0.0	1018.055
los	None	dead	0.0	0.0	0.0	0.0	0.0	0.0	0.0	0.0
hgt	None	dead	0.0	0.0	0.0	0.0	0.0	0.0	0.0	0.0
hgt	130	128	1634.235	786.4855	1210.36025	1841.07	1427.4	988.339	584.632	1212.851
los	None	dead	0.0	0.0	0.0	0.0	0.0	0.0	0.0	0.0
spe	130	128	1634.235	786.4855	1210.36025	1841.07	1427.4	988.339	584.632	1212.851
hgt	None	dead	0.0	0.0	0.0	0.0	0.0	0.0	0.0	0.0
hgt	88	80	1623.18	1389.95	1506.565	1801.29	1445.07	1591.35	1188.55	1494.92
los	None	dead	0.0	0.0	0.0	0.0	0.0	0.0	0.0	0.0
hgt	None	dead	0.0	0.0	0.0	0.0	0.0	0.0	0.0	0.0
hgt	84	GCF.000970205.1.Archaea.Halobacteriota	1194.24	0.0	597.12	1377.79	1010.69	0.0	0.0	688.895
los	None	dead	0.0	0.0	0.0	0.0	0.0	0.0	0.0	0.0
spe	88	80	1623.18	1389.95	1506.565	1801.29	1445.07	1591.35	1188.55	1494.92
hgt	None	dead	0.0	0.0	0.0	0.0	0.0	0.0	0.0	0.0
hgt	84	GCF.000011005.1.Archaea.Euryarchaeota	1194.24	0.0	597.12	1377.79	1010.69	0.0	0.0	688.895
los	None	dead	0.0	0.0	0.0	0.0	0.0	0.0	0.0	0.0
hgt	None	dead	0.0	0.0	0.0	0.0	0.0	0.0	0.0	0.0
hgt	91	GCA.003034855.1.Archaea.Halobacteriota	2116.885	0.0	1058.4425	2292.27	1941.5	0.0	0.0	1146.135
los	None	dead	0.0	0.0	0.0	0.0	0.0	0.0	0.0	0.0
hgt	None	dead	0.0	0.0	0.0	0.0	0.0	0.0	0.0	0.0
hgt	61	60	1744.19	1520.155	1632.1725	1922.61	1565.77	1712.05	1328.26	1625.435
los	None	dead	0.0	0.0	0.0	0.0	0.0	0.0	0.0	0.0
spe	61	60	1744.19	1520.155	1632.1725	1922.61	1565.77	1712.05	1328.26	1625.435
spe	60	59	1520.155	1280.64	1400.3975	1712.05	1328.26	1473.77	1087.51	1399.78
hgt	None	dead	0.0	0.0	0.0	0.0	0.0	0.0	0.0	0.0
los	59	GCA.002011395.1.Archaea.Thermoplasmatota	1280.64	0.0	640.32	1473.77	1087.51	0.0	0.0	736.885
hgt	769	GCA.001798135.1.Bacteria.UBA10199	1840.365	0.0	920.1825	2034.65	1646.08	0.0	0.0	1017.325
los	None	dead	0.0	0.0	0.0	0.0	0.0	0.0	0.0	0.0
hgt	None	dead	0.0	0.0	0.0	0.0	0.0	0.0	0.0	0.0
dup	None	dead	0.0	0.0	0.0	0.0	0.0	0.0	0.0	0.0
hgt	1068	GCA.002428295.1.Bacteria.Caldisericota	1762.385	0.0	881.1925	2070.1	1454.67	0.0	0.0	1035.05
los	None	dead	0.0	0.0	0.0	0.0	0.0	0.0	0.0	0.0
hgt	None	dead	0.0	0.0	0.0	0.0	0.0	0.0	0.0	0.0
hgt	955	GCA.001769655.1.Bacteria.Bacteroidota	1061.248	0.0	530.624	1249.77	872.726	0.0	0.0	624.885
los	None	dead	0.0	0.0	0.0	0.0	0.0	0.0	0.0	0.0
hgt	None	dead	0.0	0.0	0.0	0.0	0.0	0.0	0.0	0.0
dup	None	dead	0.0	0.0	0.0	0.0	0.0	0.0	0.0	0.0
hgt	961	GCA.001769385.1.Bacteria.Bacteroidota	648.9575	0.0	324.47875	800.436	497.479	0.0	0.0	400.218
los	None	dead	0.0	0.0	0.0	0.0	0.0	0.0	0.0	0.0
hgt	966	GCA.003167015.1.Bacteria.Bacteroidota	1413.085	0.0	706.5425	1615.79	1210.38	0.0	0.0	807.895
los	None	dead	0.0	0.0	0.0	0.0	0.0	0.0	0.0	0.0
dup	None	dead	0.0	0.0	0.0	0.0	0.0	0.0	0.0	0.0
hgt	395	GCA.002402635.1.Bacteria.Deferribacterota	1495.105	0.0	747.5525	1791.3	1198.91	0.0	0.0	895.65
los	None	dead	0.0	0.0	0.0	0.0	0.0	0.0	0.0	0.0
hgt	415	GCA.002717245.1.Bacteria.Proteobacteria	1236.27	0.0	618.135	1416.58	1055.96	0.0	0.0	708.29
los	None	dead	0.0	0.0	0.0	0.0	0.0	0.0	0.0	0.0
hgt	None	dead	0.0	0.0	0.0	0.0	0.0	0.0	0.0	0.0
spe	267	265	2714.255	1925.84	2320.0475	3000.58	2427.93	2272.12	1579.56	2290.07
hgt	None	dead	0.0	0.0	0.0	0.0	0.0	0.0	0.0	0.0
los	265	GCA.003501375.1.Bacteria.Sumerlaeota	1925.84	0.0	962.92	2272.12	1579.56	0.0	0.0	1136.06
dup	None	dead	0.0	0.0	0.0	0.0	0.0	0.0	0.0	0.0
hgt	660	659	2520.845	1438.4	1979.6225	2755.25	2286.44	1756.87	1119.93	1937.59
los	None	dead	0.0	0.0	0.0	0.0	0.0	0.0	0.0	0.0
spe	660	659	2520.845	1438.4	1979.6225	2755.25	2286.44	1756.87	1119.93	1937.59
hgt	244	GCA.001800075.1.Bacteria.Elusimicrobiota	1459.21	0.0	729.605	1673.69	1244.73	0.0	0.0	836.845
los	None	dead	0.0	0.0	0.0	0.0	0.0	0.0	0.0	0.0
hgt	None	dead	0.0	0.0	0.0	0.0	0.0	0.0	0.0	0.0
hgt	284	282	1735.725	1352.755	1544.24	1976.84	1494.61	1605.89	1099.62	1538.23
los	None	dead	0.0	0.0	0.0	0.0	0.0	0.0	0.0	0.0
spe	284	282	1735.725	1352.755	1544.24	1976.84	1494.61	1605.89	1099.62	1538.23
hgt	None	dead	0.0	0.0	0.0	0.0	0.0	0.0	0.0	0.0
hgt	328	GCF.002277955.1.Bacteria.Planctomycetota	1796.445	0.0	898.2225	2017.05	1575.84	0.0	0.0	1008.525
los	None	dead	0.0	0.0	0.0	0.0	0.0	0.0	0.0	0.0
hgt	None	dead	0.0	0.0	0.0	0.0	0.0	0.0	0.0	0.0
hgt	288	GCA.002382525.1.Bacteria.Verrucomicrobiota	1623.24	0.0	811.62	1880.16	1366.32	0.0	0.0	940.08
los	None	dead	0.0	0.0	0.0	0.0	0.0	0.0	0.0	0.0
hgt	239	GCA.003158755.1.Bacteria.Elusimicrobiota	1416.94	0.0	708.47	1628.4	1205.48	0.0	0.0	814.2
los	None	dead	0.0	0.0	0.0	0.0	0.0	0.0	0.0	0.0
hgt	None	dead	0.0	0.0	0.0	0.0	0.0	0.0	0.0	0.0
hgt	155	GCA.000315625.1.Eukaryota.Cryptophyceae	1058.614	0.0	529.307	1171.4	945.828	0.0	0.0	585.7
los	None	dead	0.0	0.0	0.0	0.0	0.0	0.0	0.0	0.0
hgt	None	dead	0.0	0.0	0.0	0.0	0.0	0.0	0.0	0.0
hgt	334	332	1403.32	994.0835	1198.70175	1623.36	1183.28	1195.01	793.157	1208.2585
los	None	dead	0.0	0.0	0.0	0.0	0.0	0.0	0.0	0.0
spe	334	332	1403.32	994.0835	1198.70175	1623.36	1183.28	1195.01	793.157	1208.2585
spe	1722	1721	3243.33	3160.365	3201.8475	3359.45	3127.21	3276.84	3043.89	3201.67
hgt	None	dead	0.0	0.0	0.0	0.0	0.0	0.0	0.0	0.0
hgt	816	GCA.002707085.1.Bacteria.Myxococcota.A	1315.445	0.0	657.7225	1517.68	1113.21	0.0	0.0	758.84
los	None	dead	0.0	0.0	0.0	0.0	0.0	0.0	0.0	0.0
spe	1721	1667	3160.365	2867.145	3013.755	3276.84	3043.89	3021.27	2713.02	2994.93
hgt	None	dead	0.0	0.0	0.0	0.0	0.0	0.0	0.0	0.0
los	1667	GCA.003503675.1.Bacteria.Cyanobacteria	2867.145	0.0	1433.5725	3021.27	2713.02	0.0	0.0	1510.635
hgt	339	GCA.002311745.1.Bacteria.Planctomycetota	1460.73	0.0	730.365	1676.51	1244.95	0.0	0.0	838.255
los	None	dead	0.0	0.0	0.0	0.0	0.0	0.0	0.0	0.0
hgt	None	dead	0.0	0.0	0.0	0.0	0.0	0.0	0.0	0.0
hgt	168	160	1203.215	1138.49	1170.8525	1278.55	1127.88	1206.42	1070.56	1174.555
los	None	dead	0.0	0.0	0.0	0.0	0.0	0.0	0.0	0.0
spe	168	160	1203.215	1138.49	1170.8525	1278.55	1127.88	1206.42	1070.56	1174.555
spe	160	159	1138.49	1074.125	1106.3075	1206.42	1070.56	1097.88	1050.37	1128.395
los	159	GCF.000091205.1.Eukaryota.Rhodophyta	1074.125	0.0	537.0625	1097.88	1050.37	0.0	0.0	548.94
hgt	None	dead	0.0	0.0	0.0	0.0	0.0	0.0	0.0	0.0
hgt	167	166	1031.0195	815.5625	923.291	1134.18	927.859	940.789	690.336	912.258
los	None	dead	0.0	0.0	0.0	0.0	0.0	0.0	0.0	0.0
spe	167	166	1031.0195	815.5625	923.291	1134.18	927.859	940.789	690.336	912.258
hgt	None	dead	0.0	0.0	0.0	0.0	0.0	0.0	0.0	0.0
hgt	166	GCA.000209225.1.Eukaryota.Cnidaria	815.5625	0.0	407.78125	940.789	690.336	0.0	0.0	470.3945
los	None	dead	0.0	0.0	0.0	0.0	0.0	0.0	0.0	0.0
spe	166	165	815.5625	570.5515	693.057	940.789	690.336	716.091	425.012	682.9005
hgt	None	dead	0.0	0.0	0.0	0.0	0.0	0.0	0.0	0.0
dup	None	dead	0.0	0.0	0.0	0.0	0.0	0.0	0.0	0.0
hgt	791	GCA.002050235.1.Bacteria.Desulfobacterota.B	1279.55	0.0	639.775	1476.89	1082.21	0.0	0.0	738.445
los	None	dead	0.0	0.0	0.0	0.0	0.0	0.0	0.0	0.0
hgt	681	GCA.002712885.1.Bacteria.Acidobacteriota	1875.565	0.0	937.7825	2076.39	1674.74	0.0	0.0	1038.195
los	None	dead	0.0	0.0	0.0	0.0	0.0	0.0	0.0	0.0
hgt	None	dead	0.0	0.0	0.0	0.0	0.0	0.0	0.0	0.0
hgt	1180	GCF.001029505.1.Bacteria.Actinobacteriota	2135.205	0.0	1067.6025	2374.94	1895.47	0.0	0.0	1187.47
los	None	dead	0.0	0.0	0.0	0.0	0.0	0.0	0.0	0.0
hgt	None	dead	0.0	0.0	0.0	0.0	0.0	0.0	0.0	0.0
hgt	797	GCA.002311335.1.Bacteria.Desulfobacterota.B	1864.035	0.0	932.0175	2051.89	1676.18	0.0	0.0	1025.945
los	None	dead	0.0	0.0	0.0	0.0	0.0	0.0	0.0	0.0
hgt	None	dead	0.0	0.0	0.0	0.0	0.0	0.0	0.0	0.0
hgt	1069	GCF.000378005.1.Bacteria.Coprothermobacterota	2029.205	0.0	1014.6025	2331.6	1726.81	0.0	0.0	1165.8
los	None	dead	0.0	0.0	0.0	0.0	0.0	0.0	0.0	0.0
hgt	None	dead	0.0	0.0	0.0	0.0	0.0	0.0	0.0	0.0
hgt	1412	1408	1844.64	1782.47	1813.555	2055.17	1634.11	1994.32	1570.62	1812.895
los	None	dead	0.0	0.0	0.0	0.0	0.0	0.0	0.0	0.0
spe	1412	1408	1844.64	1782.47	1813.555	2055.17	1634.11	1994.32	1570.62	1812.895
spe	1408	1402	1782.47	1674.055	1728.2625	1994.32	1570.62	1896.47	1451.64	1722.98
los	1402	GCA.002721445.1.Bacteria.Chloroflexota	1674.055	0.0	837.0275	1896.47	1451.64	0.0	0.0	948.235
spe	1408	1407	1782.47	1694.435	1738.4525	1994.32	1570.62	1910.57	1478.3	1736.31
hgt	None	dead	0.0	0.0	0.0	0.0	0.0	0.0	0.0	0.0
hgt	1399	GCA.002708145.1.Bacteria.Chloroflexota	1765.22	0.0	882.61	2036.35	1494.09	0.0	0.0	1018.175
los	None	dead	0.0	0.0	0.0	0.0	0.0	0.0	0.0	0.0
hgt	None	dead	0.0	0.0	0.0	0.0	0.0	0.0	0.0	0.0
hgt	1412	1411	1844.64	1573.655	1709.1475	2055.17	1634.11	1810.87	1336.44	1695.805
los	None	dead	0.0	0.0	0.0	0.0	0.0	0.0	0.0	0.0
spe	1412	1411	1844.64	1573.655	1709.1475	2055.17	1634.11	1810.87	1336.44	1695.805
hgt	None	dead	0.0	0.0	0.0	0.0	0.0	0.0	0.0	0.0
hgt	1402	GCA.002721445.1.Bacteria.Chloroflexota	1674.055	0.0	837.0275	1896.47	1451.64	0.0	0.0	948.235
los	None	dead	0.0	0.0	0.0	0.0	0.0	0.0	0.0	0.0
spe	1407	1406	1694.435	1589.865	1642.15	1910.57	1478.3	1810.7	1369.03	1639.8
hgt	None	dead	0.0	0.0	0.0	0.0	0.0	0.0	0.0	0.0
hgt	1411	GCA.002450515.1.Bacteria.Chloroflexota	1573.655	0.0	786.8275	1810.87	1336.44	0.0	0.0	905.435
los	None	dead	0.0	0.0	0.0	0.0	0.0	0.0	0.0	0.0
hgt	None	dead	0.0	0.0	0.0	0.0	0.0	0.0	0.0	0.0
hgt	None	dead	0.0	0.0	0.0	0.0	0.0	0.0	0.0	0.0
hgt	327	326	1506.63	1183.194	1344.912	1727.92	1285.34	1405.44	960.948	1344.434
los	None	dead	0.0	0.0	0.0	0.0	0.0	0.0	0.0	0.0
spe	327	326	1506.63	1183.194	1344.912	1727.92	1285.34	1405.44	960.948	1344.434
hgt	None	dead	0.0	0.0	0.0	0.0	0.0	0.0	0.0	0.0
spe	1721	1720	3160.365	2612.48	2886.4225	3276.84	3043.89	2696.4	2528.56	2902.7
spe	1720	1719	2612.48	2501.03	2556.755	2696.4	2528.56	2593.62	2408.44	2552.42
los	1719	GCF.000013205.1.Bacteria.Cyanobacteria	2501.03	0.0	1250.515	2593.62	2408.44	0.0	0.0	1296.81
spe	1719	1718	2501.03	2361.38	2431.205	2593.62	2408.44	2453.23	2269.53	2431.575
los	1718	1717	2361.38	2144.885	2253.1325	2453.23	2269.53	2273.85	2015.92	2234.575
spe	1718	1704	2361.38	2246.435	2303.9075	2453.23	2269.53	2332.27	2160.6	2306.915
spe	1704	1672	2246.435	1997.32	2121.8775	2332.27	2160.6	2145.69	1848.95	2090.61
los	1672	GCF.000015965.1.Bacteria.Cyanobacteria	1997.32	0.0	998.66	2145.69	1848.95	0.0	0.0	1072.845
hgt	None	dead	0.0	0.0	0.0	0.0	0.0	0.0	0.0	0.0
hgt	1685	GCF.000018105.1.Bacteria.Cyanobacteria	1871.67	0.0	935.835	1986.88	1756.46	0.0	0.0	993.44
los	None	dead	0.0	0.0	0.0	0.0	0.0	0.0	0.0	0.0
spe	1704	1703	2246.435	2154.635	2200.535	2332.27	2160.6	2238.99	2070.28	2201.275
hgt	None	dead	0.0	0.0	0.0	0.0	0.0	0.0	0.0	0.0
hgt	1698	1697	1614.69	1292.96	1453.825	1629.18	1600.2	1415.06	1170.86	1400.02
los	None	dead	0.0	0.0	0.0	0.0	0.0	0.0	0.0	0.0
spe	1698	1697	1614.69	1292.96	1453.825	1629.18	1600.2	1415.06	1170.86	1400.02
spe	1697	1695	1292.96	877.811	1085.3855	1415.06	1170.86	1063.17	692.452	1053.756
spe	1703	1702	2154.635	2080.605	2117.62	2238.99	2070.28	2162.02	1999.19	2119.09
spe	1702	1701	2080.605	2039.37	2059.9875	2162.02	1999.19	2114.89	1963.85	2062.935
spe	1701	1685	2039.37	1871.67	1955.52	2114.89	1963.85	1986.88	1756.46	1935.675
los	1685	GCF.000018105.1.Bacteria.Cyanobacteria	1871.67	0.0	935.835	1986.88	1756.46	0.0	0.0	993.44
spe	1685	1684	1871.67	1655.535	1763.6025	1986.88	1756.46	1804.69	1506.38	1746.63
los	1684	GCF.000316115.1.Bacteria.Cyanobacteria	1655.535	0.0	827.7675	1804.69	1506.38	0.0	0.0	902.345
spe	1701	1700	2039.37	1958.955	1999.1625	2114.89	1963.85	2030.15	1887.76	2001.325
spe	1700	1688	1958.955	1633.475	1796.215	2030.15	1887.76	1770.82	1496.13	1763.14
spe	1700	1699	1958.955	1903.47	1931.2125	2030.15	1887.76	1968.87	1838.07	1934.11
hgt	None	dead	0.0	0.0	0.0	0.0	0.0	0.0	0.0	0.0
los	1699	1698	1903.47	1614.69	1759.08	1968.87	1838.07	1629.18	1600.2	1784.535
hgt	1684	GCF.000316115.1.Bacteria.Cyanobacteria	1655.535	0.0	827.7675	1804.69	1506.38	0.0	0.0	902.345
los	None	dead	0.0	0.0	0.0	0.0	0.0	0.0	0.0	0.0
spe	1703	1679	2154.635	1817.625	1986.13	2238.99	2070.28	1965.65	1669.6	1954.295
spe	1679	1678	1817.625	881.825	1349.725	1965.65	1669.6	1106.31	657.34	1311.495
los	1678	1676	881.825	239.787	560.806	1106.31	657.34	341.05	138.524	622.417
hgt	1168	1167	2240.195	2045.68	2142.9375	2457.79	2022.6	2266.85	1824.51	2141.15
los	None	dead	0.0	0.0	0.0	0.0	0.0	0.0	0.0	0.0
spe	1168	1167	2240.195	2045.68	2142.9375	2457.79	2022.6	2266.85	1824.51	2141.15
hgt	None	dead	0.0	0.0	0.0	0.0	0.0	0.0	0.0	0.0
hgt	1021	GCA.002686915.1.Bacteria.ARS69	2172.51	0.0	1086.255	2411.97	1933.05	0.0	0.0	1205.985
los	None	dead	0.0	0.0	0.0	0.0	0.0	0.0	0.0	0.0
hgt	None	dead	0.0	0.0	0.0	0.0	0.0	0.0	0.0	0.0
hgt	1169	1145	2330.49	1977.205	2153.8475	2541.69	2119.29	2204.63	1749.78	2145.735
los	None	dead	0.0	0.0	0.0	0.0	0.0	0.0	0.0	0.0
spe	1169	1145	2330.49	1977.205	2153.8475	2541.69	2119.29	2204.63	1749.78	2145.735
spe	1145	1143	1977.205	1774.67	1875.9375	2204.63	1749.78	2003.61	1545.73	1875.18
los	1143	GCA.002352645.1.Bacteria.Actinobacteriota	1774.67	0.0	887.335	2003.61	1545.73	0.0	0.0	1001.805
spe	1143	1141	1774.67	1400.775	1587.7225	2003.61	1545.73	1633.42	1168.13	1585.87
spe	1141	1140	1400.775	1175.5635	1288.16925	1633.42	1168.13	1408.09	943.037	1288.2285
los	1140	GCA.003162395.1.Bacteria.Actinobacteriota	1175.5635	0.0	587.78175	1408.09	943.037	0.0	0.0	704.045
hgt	None	dead	0.0	0.0	0.0	0.0	0.0	0.0	0.0	0.0
hgt	None	dead	0.0	0.0	0.0	0.0	0.0	0.0	0.0	0.0
dup	None	dead	0.0	0.0	0.0	0.0	0.0	0.0	0.0	0.0
hgt	979	GCA.002763895.1.Bacteria.Bacteroidota	1509.38	0.0	754.69	1695.99	1322.77	0.0	0.0	847.995
los	None	dead	0.0	0.0	0.0	0.0	0.0	0.0	0.0	0.0
hgt	1461	GCA.002413265.1.Bacteria.Chloroflexota	1858.39	0.0	929.195	2155.55	1561.23	0.0	0.0	1077.775
los	None	dead	0.0	0.0	0.0	0.0	0.0	0.0	0.0	0.0
hgt	None	dead	0.0	0.0	0.0	0.0	0.0	0.0	0.0	0.0
hgt	955	GCF.001280305.1.Bacteria.Bacteroidota	1061.248	0.0	530.624	1249.77	872.726	0.0	0.0	624.885
los	None	dead	0.0	0.0	0.0	0.0	0.0	0.0	0.0	0.0
hgt	None	dead	0.0	0.0	0.0	0.0	0.0	0.0	0.0	0.0
hgt	1155	GCF.003443735.1.Bacteria.Actinobacteriota	1138.4215	0.0	569.21075	1351.51	925.333	0.0	0.0	675.755
los	None	dead	0.0	0.0	0.0	0.0	0.0	0.0	0.0	0.0
spe	1167	1166	2045.68	1407.48	1726.58	2266.85	1824.51	1631.42	1183.54	1725.195
spe	1166	1165	1407.48	1265.28	1336.38	1631.42	1183.54	1482.81	1047.75	1339.585
spe	1165	1155	1265.28	1138.4215	1201.85075	1482.81	1047.75	1351.51	925.333	1204.0715
los	1155	GCF.003443735.1.Bacteria.Actinobacteriota	1138.4215	0.0	569.21075	1351.51	925.333	0.0	0.0	675.755
spe	1155	1154	1138.4215	863.8915	1001.1565	1351.51	925.333	1069.86	657.923	1004.7165
hgt	None	dead	0.0	0.0	0.0	0.0	0.0	0.0	0.0	0.0
hgt	1163	GCF.000384115.1.Bacteria.Actinobacteriota	951.694	0.0	475.847	1153.97	749.418	0.0	0.0	576.985
los	None	dead	0.0	0.0	0.0	0.0	0.0	0.0	0.0	0.0
hgt	None	dead	0.0	0.0	0.0	0.0	0.0	0.0	0.0	0.0
hgt	1154	GCF.003047285.1.Bacteria.Actinobacteriota	863.8915	0.0	431.94575	1069.86	657.923	0.0	0.0	534.93
los	None	dead	0.0	0.0	0.0	0.0	0.0	0.0	0.0	0.0
spe	1165	1164	1265.28	1123.5635	1194.42175	1482.81	1047.75	1339.29	907.837	1195.3235
los	1164	1163	1123.5635	951.694	1037.62875	1339.29	907.837	1153.97	749.418	1044.354
spe	1164	1160	1123.5635	971.4955	1047.5295	1339.29	907.837	1182.5	760.491	1049.8905
spe	1160	1158	971.4955	864.931	918.21325	1182.5	760.491	1069.94	659.922	921.211
los	1158	GCF.001942305.1.Bacteria.Actinobacteriota	864.931	0.0	432.4655	1069.94	659.922	0.0	0.0	534.97
hgt	None	dead	0.0	0.0	0.0	0.0	0.0	0.0	0.0	0.0
hgt	670	GCA.002898535.1.Bacteria.Acidobacteriota	2337.75	0.0	1168.875	2571.79	2103.71	0.0	0.0	1285.895
los	None	dead	0.0	0.0	0.0	0.0	0.0	0.0	0.0	0.0
dup	None	dead	0.0	0.0	0.0	0.0	0.0	0.0	0.0	0.0
hgt	702	GCA.003152095.1.Bacteria.Acidobacteriota	1307.095	0.0	653.5475	1523.49	1090.7	0.0	0.0	761.745
los	None	dead	0.0	0.0	0.0	0.0	0.0	0.0	0.0	0.0
dup	None	dead	0.0	0.0	0.0	0.0	0.0	0.0	0.0	0.0
hgt	832	GCA.002696345.1.Bacteria.Myxococcota	1570.54	0.0	785.27	1770.5	1370.58	0.0	0.0	885.25
los	None	dead	0.0	0.0	0.0	0.0	0.0	0.0	0.0	0.0
hgt	1396	GCA.003244045.1.Bacteria.Dormibacterota	2023.82	0.0	1011.91	2389.98	1657.66	0.0	0.0	1194.99
los	None	dead	0.0	0.0	0.0	0.0	0.0	0.0	0.0	0.0
hgt	898	756	2936.14	2563.145	2749.6425	3088.09	2784.19	2763.41	2362.88	2725.485
los	None	dead	0.0	0.0	0.0	0.0	0.0	0.0	0.0	0.0
spe	898	756	2936.14	2563.145	2749.6425	3088.09	2784.19	2763.41	2362.88	2725.485
hgt	None	dead	0.0	0.0	0.0	0.0	0.0	0.0	0.0	0.0
hgt	1463	1462	2342.68	2240.595	2291.6375	2569.78	2115.58	2485.08	1996.11	2282.945
los	None	dead	0.0	0.0	0.0	0.0	0.0	0.0	0.0	0.0
hgt	None	dead	0.0	0.0	0.0	0.0	0.0	0.0	0.0	0.0
dup	None	dead	0.0	0.0	0.0	0.0	0.0	0.0	0.0	0.0
hgt	1452	GCA.002348045.1.Bacteria.Chloroflexota	1560.03	0.0	780.015	1846.56	1273.5	0.0	0.0	923.28
los	None	dead	0.0	0.0	0.0	0.0	0.0	0.0	0.0	0.0
hgt	1444	GCA.002366755.1.Bacteria.Chloroflexota	1493.995	0.0	746.9975	1710.68	1277.31	0.0	0.0	855.34
los	None	dead	0.0	0.0	0.0	0.0	0.0	0.0	0.0	0.0
spe	1463	1462	2342.68	2240.595	2291.6375	2569.78	2115.58	2485.08	1996.11	2282.945
hgt	None	dead	0.0	0.0	0.0	0.0	0.0	0.0	0.0	0.0
dup	None	dead	0.0	0.0	0.0	0.0	0.0	0.0	0.0	0.0
hgt	1430	GCA.001795235.1.Bacteria.Chloroflexota	2141.86	0.0	1070.93	2460.53	1823.19	0.0	0.0	1230.265
los	None	dead	0.0	0.0	0.0	0.0	0.0	0.0	0.0	0.0
hgt	1032	GCA.002727195.1.Bacteria.Latescibacterota	1683.695	0.0	841.8475	1928.88	1438.51	0.0	0.0	964.44
los	None	dead	0.0	0.0	0.0	0.0	0.0	0.0	0.0	0.0
hgt	None	dead	0.0	0.0	0.0	0.0	0.0	0.0	0.0	0.0
hgt	400	GCA.002401295.1.Bacteria.SAR324	2337.685	0.0	1168.8425	2593.16	2082.21	0.0	0.0	1296.58
los	None	dead	0.0	0.0	0.0	0.0	0.0	0.0	0.0	0.0
hgt	None	dead	0.0	0.0	0.0	0.0	0.0	0.0	0.0	0.0
hgt	1098	GCA.003244105.1.Bacteria.Eremiobacterota	1685.385	0.0	842.6925	2041.88	1328.89	0.0	0.0	1020.94
los	None	dead	0.0	0.0	0.0	0.0	0.0	0.0	0.0	0.0
hgt	None	dead	0.0	0.0	0.0	0.0	0.0	0.0	0.0	0.0
hgt	698	686	1863.875	1646.29	1755.0825	2049.06	1678.69	1843.93	1448.65	1748.855
los	None	dead	0.0	0.0	0.0	0.0	0.0	0.0	0.0	0.0
spe	698	686	1863.875	1646.29	1755.0825	2049.06	1678.69	1843.93	1448.65	1748.855
spe	686	684	1646.29	1286.44	1466.365	1843.93	1448.65	1493.16	1079.72	1461.825
los	684	GCA.002483445.1.Bacteria.Acidobacteriota	1286.44	0.0	643.22	1493.16	1079.72	0.0	0.0	746.58
hgt	None	dead	0.0	0.0	0.0	0.0	0.0	0.0	0.0	0.0
dup	None	dead	0.0	0.0	0.0	0.0	0.0	0.0	0.0	0.0
hgt	1109	GCA.002898895.1.Bacteria.Armatimonadota	2109.385	0.0	1054.6925	2401.88	1816.89	0.0	0.0	1200.94
los	None	dead	0.0	0.0	0.0	0.0	0.0	0.0	0.0	0.0
hgt	1457	GCF.003967555.1.Bacteria.Chloroflexota	1912.015	0.0	956.0075	2189.96	1634.07	0.0	0.0	1094.98
los	None	dead	0.0	0.0	0.0	0.0	0.0	0.0	0.0	0.0
spe	1462	1461	2240.595	1858.39	2049.4925	2485.08	1996.11	2155.55	1561.23	2023.155
hgt	None	dead	0.0	0.0	0.0	0.0	0.0	0.0	0.0	0.0
los	1461	GCA.002413265.1.Bacteria.Chloroflexota	1858.39	0.0	929.195	2155.55	1561.23	0.0	0.0	1077.775
hgt	1470	GCF.000025005.1.Bacteria.Chloroflexota	2082.735	0.0	1041.3675	2316.34	1849.13	0.0	0.0	1158.17
los	None	dead	0.0	0.0	0.0	0.0	0.0	0.0	0.0	0.0
spe	756	754	2563.145	2306.035	2434.59	2763.41	2362.88	2533.64	2078.43	2420.92
los	754	753	2306.035	2050.24	2178.1375	2533.64	2078.43	2289.58	1810.9	2172.27
spe	754	746	2306.035	1971.165	2138.6	2533.64	2078.43	2267.78	1674.55	2104.095
hgt	None	dead	0.0	0.0	0.0	0.0	0.0	0.0	0.0	0.0
dup	None	dead	0.0	0.0	0.0	0.0	0.0	0.0	0.0	0.0
hgt	1469	GCA.001898225.1.Bacteria.Chloroflexota	1899.175	0.0	949.5875	2149.99	1648.36	0.0	0.0	1074.995
los	None	dead	0.0	0.0	0.0	0.0	0.0	0.0	0.0	0.0
hgt	1399	GCA.002450835.1.Bacteria.Chloroflexota	1765.22	0.0	882.61	2036.35	1494.09	0.0	0.0	1018.175
los	None	dead	0.0	0.0	0.0	0.0	0.0	0.0	0.0	0.0
hgt	None	dead	0.0	0.0	0.0	0.0	0.0	0.0	0.0	0.0
hgt	994	GCA.001304035.1.Bacteria.SM23.31	2025.62	0.0	1012.81	2232.44	1818.8	0.0	0.0	1116.22
los	None	dead	0.0	0.0	0.0	0.0	0.0	0.0	0.0	0.0
hgt	None	dead	0.0	0.0	0.0	0.0	0.0	0.0	0.0	0.0
hgt	274	GCA.000406005.1.Bacteria.Poribacteria	2054.16	0.0	1027.08	2418.12	1690.2	0.0	0.0	1209.06
los	None	dead	0.0	0.0	0.0	0.0	0.0	0.0	0.0	0.0
