event	left_node	right_node	left_date	right_date	midpoint_date	left_date_lower	left_date_upper	right_date_lower	right_date_upper	midpoint_date_all
hgt	None	dead	0.0	0.0	0.0	0.0	0.0	0.0	0.0	0.0
hgt	None	dead	0.0	0.0	0.0	0.0	0.0	0.0	0.0	0.0
hgt	1437	GCA.002702065.1.Bacteria.Chloroflexota	1179.4025	0.0	589.70125	1379.79	979.015	0.0	0.0	689.895
hgt	1020	GCA.001780165.1.Bacteria.Eisenbacteria	1596.025	0.0	798.0125	1872.6	1319.45	0.0	0.0	936.3
los	None	dead	0.0	0.0	0.0	0.0	0.0	0.0	0.0	0.0
dup	None	dead	0.0	0.0	0.0	0.0	0.0	0.0	0.0	0.0
hgt	1307	GCA.000987045.1.Bacteria.Firmicutes.B	1657.525	0.0	828.7625	1841.63	1473.42	0.0	0.0	920.815
los	None	dead	0.0	0.0	0.0	0.0	0.0	0.0	0.0	0.0
hgt	1645	GCF.000212395.1.Bacteria.Thermodesulfobiota	3083.735	0.0	1541.8675	3307.6	2859.87	0.0	0.0	1653.8
hgt	1333	GCF.900111575.1.Bacteria.Firmicutes.D	2067.36	0.0	1033.68	2262.12	1872.6	0.0	0.0	1131.06
hgt	1449	GCA.002400365.1.Bacteria.Chloroflexota	1825.905	0.0	912.9525	2055.21	1596.6	0.0	0.0	1027.605
dup	None	dead	0.0	0.0	0.0	0.0	0.0	0.0	0.0	0.0
hgt	706	704	1754.72	1564.51	1659.615	1977.7	1531.74	1779.6	1349.42	1663.56
hgt	992	GCF.001886815.1.Bacteria.Calditrichota	1675.73	0.0	837.865	1903.04	1448.42	0.0	0.0	951.52
hgt	686	GCA.002451015.1.Bacteria.Acidobacteriota	1646.29	0.0	823.145	1843.93	1448.65	0.0	0.0	921.965
hgt	834	GCA.001798605.1.Bacteria.Myxococcota	1804.155	0.0	902.0775	1986.48	1621.83	0.0	0.0	993.24
hgt	807	GCA.002789955.1.Bacteria.Myxococcota	1480.85	0.0	740.425	1670.67	1291.03	0.0	0.0	835.335
los	None	dead	0.0	0.0	0.0	0.0	0.0	0.0	0.0	0.0
hgt	837	GCA.001768075.1.Bacteria.Myxococcota	1589.61	0.0	794.805	1791.58	1387.64	0.0	0.0	895.79
hgt	949	GCA.001872685.1.Bacteria.Marinisomatota	1569.07	0.0	784.535	1783.46	1354.68	0.0	0.0	891.73
hgt	987	GCA.002085355.1.Bacteria.KSB1	1549.045	0.0	774.5225	1774.03	1324.06	0.0	0.0	887.015
hgt	332	GCA.002704825.1.Bacteria.Planctomycetota	994.0835	0.0	497.04175	1195.01	793.157	0.0	0.0	597.505
hgt	None	dead	0.0	0.0	0.0	0.0	0.0	0.0	0.0	0.0
spe	706	704	1754.72	1564.51	1659.615	1977.7	1531.74	1779.6	1349.42	1663.56
spe	704	702	1564.51	1307.095	1435.8025	1779.6	1349.42	1523.49	1090.7	1435.15
los	702	GCA.003223635.1.Bacteria.Acidobacteriota	1307.095	0.0	653.5475	1523.49	1090.7	0.0	0.0	761.745
hgt	1439	GCF.900187885.1.Bacteria.Chloroflexota	1503.92	0.0	751.96	1702.99	1304.85	0.0	0.0	851.495
hgt	1444	GCA.003451595.1.Bacteria.Chloroflexota	1493.995	0.0	746.9975	1710.68	1277.31	0.0	0.0	855.34
los	None	dead	0.0	0.0	0.0	0.0	0.0	0.0	0.0	0.0
hgt	868	GCA.002347095.1.Bacteria.Desulfobacterota	1695.53	0.0	847.765	1892.42	1498.64	0.0	0.0	946.21
hgt	837	GCA.001768075.1.Bacteria.Myxococcota	1589.61	0.0	794.805	1791.58	1387.64	0.0	0.0	895.79
hgt	826	GCA.002747355.1.Bacteria.Myxococcota	1472.31	0.0	736.155	1647.9	1296.72	0.0	0.0	823.95
los	None	dead	0.0	0.0	0.0	0.0	0.0	0.0	0.0	0.0
hgt	None	dead	0.0	0.0	0.0	0.0	0.0	0.0	0.0	0.0
hgt	849	GCF.000266945.1.Bacteria.Desulfobacterota	1883.095	0.0	941.5475	2117.85	1648.34	0.0	0.0	1058.925
hgt	1292	GCF.001950325.1.Bacteria.Firmicutes.B	1918.11	0.0	959.055	2144.78	1691.44	0.0	0.0	1072.39
hgt	1296	GCF.900176005.1.Bacteria.Firmicutes.B	1757.76	0.0	878.88	1982.79	1532.73	0.0	0.0	991.395
los	None	dead	0.0	0.0	0.0	0.0	0.0	0.0	0.0	0.0
hgt	None	dead	0.0	0.0	0.0	0.0	0.0	0.0	0.0	0.0
dup	None	dead	0.0	0.0	0.0	0.0	0.0	0.0	0.0	0.0
hgt	1444	GCA.003451595.1.Bacteria.Chloroflexota	1493.995	0.0	746.9975	1710.68	1277.31	0.0	0.0	855.34
los	None	dead	0.0	0.0	0.0	0.0	0.0	0.0	0.0	0.0
hgt	1382	1381	1778.165	1661.335	1719.75	1935.03	1621.3	1818.35	1504.32	1719.675
hgt	1341	GCF.001653195.1.Bacteria.Firmicutes	1532.885	0.0	766.4425	1733.11	1332.66	0.0	0.0	866.555
los	None	dead	0.0	0.0	0.0	0.0	0.0	0.0	0.0	0.0
hgt	None	dead	0.0	0.0	0.0	0.0	0.0	0.0	0.0	0.0
hgt	1350	GCF.001742305.1.Bacteria.Firmicutes	1380.55	0.0	690.275	1557.96	1203.14	0.0	0.0	778.98
hgt	1322	GCA.000961765.1.Bacteria.Firmicutes.B	1664.355	0.0	832.1775	1866.79	1461.92	0.0	0.0	933.395
hgt	1300	GCF.000620305.1.Bacteria.Firmicutes.B	1522.13	0.0	761.065	1724.92	1319.34	0.0	0.0	862.46
los	None	dead	0.0	0.0	0.0	0.0	0.0	0.0	0.0	0.0
hgt	1287	GCA.002329525.1.Bacteria.Firmicutes.C	1417.98	0.0	708.99	1642.01	1193.95	0.0	0.0	821.005
hgt	None	dead	0.0	0.0	0.0	0.0	0.0	0.0	0.0	0.0
hgt	1380	GCF.001049895.1.Bacteria.Firmicutes	1558.37	0.0	779.185	1715.02	1401.72	0.0	0.0	857.51
hgt	1347	GCF.001561915.1.Bacteria.Firmicutes	1266.54	0.0	633.27	1442.62	1090.46	0.0	0.0	721.31
los	None	dead	0.0	0.0	0.0	0.0	0.0	0.0	0.0	0.0
spe	1382	1381	1778.165	1661.335	1719.75	1935.03	1621.3	1818.35	1504.32	1719.675
spe	1381	1380	1661.335	1558.37	1609.8525	1818.35	1504.32	1715.02	1401.72	1610.035
los	1380	1379	1558.37	1484.04	1521.205	1715.02	1401.72	1638.91	1329.17	1522.095
spe	1381	1351	1661.335	1566.59	1613.9625	1818.35	1504.32	1730.15	1403.03	1610.69
spe	1351	1350	1566.59	1380.55	1473.57	1730.15	1403.03	1557.96	1203.14	1466.645
los	1350	GCF.000942395.1.Bacteria.Firmicutes	1380.55	0.0	690.275	1557.96	1203.14	0.0	0.0	778.98
spe	1351	1347	1566.59	1266.54	1416.565	1730.15	1403.03	1442.62	1090.46	1410.305
los	1347	GCF.900099895.1.Bacteria.Firmicutes	1266.54	0.0	633.27	1442.62	1090.46	0.0	0.0	721.31
hgt	737	736	2105.695	1826.19	1965.9425	2336.12	1875.27	2087.86	1564.52	1950.32
hgt	None	dead	0.0	0.0	0.0	0.0	0.0	0.0	0.0	0.0
hgt	128	GCA.002011075.1.Archaea.Thermoproteota	786.4855	0.0	393.24275	988.339	584.632	0.0	0.0	494.1695
los	None	dead	0.0	0.0	0.0	0.0	0.0	0.0	0.0	0.0
spe	737	736	2105.695	1826.19	1965.9425	2336.12	1875.27	2087.86	1564.52	1950.32
hgt	None	dead	0.0	0.0	0.0	0.0	0.0	0.0	0.0	0.0
hgt	1307	GCA.000987045.1.Bacteria.Firmicutes.B	1657.525	0.0	828.7625	1841.63	1473.42	0.0	0.0	920.815
los	None	dead	0.0	0.0	0.0	0.0	0.0	0.0	0.0	0.0
hgt	None	dead	0.0	0.0	0.0	0.0	0.0	0.0	0.0	0.0
hgt	769	GCA.001798135.1.Bacteria.UBA10199	1840.365	0.0	920.1825	2034.65	1646.08	0.0	0.0	1017.325
hgt	None	dead	0.0	0.0	0.0	0.0	0.0	0.0	0.0	0.0
hgt	1473	GCA.001443375.1.Bacteria.Chloroflexota	1376.695	0.0	688.3475	1641.8	1111.59	0.0	0.0	820.9
los	None	dead	0.0	0.0	0.0	0.0	0.0	0.0	0.0	0.0
hgt	1469	GCA.001898225.1.Bacteria.Chloroflexota	1899.175	0.0	949.5875	2149.99	1648.36	0.0	0.0	1074.995
hgt	955	GCA.001769655.1.Bacteria.Bacteroidota	1061.248	0.0	530.624	1249.77	872.726	0.0	0.0	624.885
hgt	1350	GCF.001742305.1.Bacteria.Firmicutes	1380.55	0.0	690.275	1557.96	1203.14	0.0	0.0	778.98
hgt	1322	GCA.000961765.1.Bacteria.Firmicutes.B	1664.355	0.0	832.1775	1866.79	1461.92	0.0	0.0	933.395
los	None	dead	0.0	0.0	0.0	0.0	0.0	0.0	0.0	0.0
hgt	1004	GCA.002791595.1.Bacteria.Zixibacteria	1471.43	0.0	735.715	1709.05	1233.81	0.0	0.0	854.525
hgt	None	dead	0.0	0.0	0.0	0.0	0.0	0.0	0.0	0.0
hgt	603	GCA.002085445.1.Bacteria.Proteobacteria	1631.14	0.0	815.57	1761.43	1500.85	0.0	0.0	880.715
hgt	732	GCA.002011735.1.Bacteria.Nitrospirota	1363.035	0.0	681.5175	1611.92	1114.15	0.0	0.0	805.96
hgt	1439	GCF.900187885.1.Bacteria.Chloroflexota	1503.92	0.0	751.96	1702.99	1304.85	0.0	0.0	851.495
los	None	dead	0.0	0.0	0.0	0.0	0.0	0.0	0.0	0.0
hgt	1307	GCA.000987045.1.Bacteria.Firmicutes.B	1657.525	0.0	828.7625	1841.63	1473.42	0.0	0.0	920.815
hgt	1166	GCF.004348535.1.Bacteria.Actinobacteriota	1407.48	0.0	703.74	1631.42	1183.54	0.0	0.0	815.71
hgt	None	dead	0.0	0.0	0.0	0.0	0.0	0.0	0.0	0.0
hgt	None	dead	0.0	0.0	0.0	0.0	0.0	0.0	0.0	0.0
hgt	749	GCA.003229375.1.Bacteria.Nitrospinota	1737.095	0.0	868.5475	1995.38	1478.81	0.0	0.0	997.69
hgt	1173	GCA.002897715.1.Bacteria.Actinobacteriota	1583.875	0.0	791.9375	1841.44	1326.31	0.0	0.0	920.72
hgt	386	GCA.002450905.1.Bacteria.Spirochaetota	1962.46	0.0	981.23	2228.04	1696.88	0.0	0.0	1114.02
hgt	1119	GCA.002779825.1.Bacteria.Armatimonadota	1968.115	0.0	984.0575	2280.74	1655.49	0.0	0.0	1140.37
hgt	275	GCA.001784175.1.Bacteria.Lindowbacteria	2803.71	0.0	1401.855	3083.32	2524.1	0.0	0.0	1541.66
los	None	dead	0.0	0.0	0.0	0.0	0.0	0.0	0.0	0.0
hgt	1307	GCA.000987045.1.Bacteria.Firmicutes.B	1657.525	0.0	828.7625	1841.63	1473.42	0.0	0.0	920.815
hgt	1355	GCF.004522215.1.Bacteria.Firmicutes	1246.46	0.0	623.23	1408.06	1084.86	0.0	0.0	704.03
hgt	753	GCA.001803565.1.Bacteria.Nitrospinota.B	2050.24	0.0	1025.12	2289.58	1810.9	0.0	0.0	1144.79
hgt	861	GCA.001304105.1.Bacteria.Desulfobacterota	1594.73	0.0	797.365	1807.63	1381.83	0.0	0.0	903.815
hgt	733	GCA.003235715.1.Bacteria.Nitrospirota	1608.54	0.0	804.27	1850.52	1366.56	0.0	0.0	925.26
hgt	749	GCA.003229375.1.Bacteria.Nitrospinota	1737.095	0.0	868.5475	1995.38	1478.81	0.0	0.0	997.69
los	None	dead	0.0	0.0	0.0	0.0	0.0	0.0	0.0	0.0
hgt	892	GCA.001873285.1.Bacteria.CG2.30.53.67	2105.205	0.0	1052.6025	2398.65	1811.76	0.0	0.0	1199.325
hgt	1173	GCA.002897715.1.Bacteria.Actinobacteriota	1583.875	0.0	791.9375	1841.44	1326.31	0.0	0.0	920.72
hgt	193	GCA.001873945.1.Bacteria.UBA9089	2357.525	0.0	1178.7625	2650.07	2064.98	0.0	0.0	1325.035
hgt	727	GCA.001803815.1.Bacteria.Nitrospirota	1736.985	0.0	868.4925	1988.09	1485.88	0.0	0.0	994.045
hgt	636	GCA.002840095.1.Bacteria.Proteobacteria	1563.065	0.0	781.5325	1706.55	1419.58	0.0	0.0	853.275
hgt	None	dead	0.0	0.0	0.0	0.0	0.0	0.0	0.0	0.0
hgt	None	dead	0.0	0.0	0.0	0.0	0.0	0.0	0.0	0.0
hgt	849	GCF.000266945.1.Bacteria.Desulfobacterota	1883.095	0.0	941.5475	2117.85	1648.34	0.0	0.0	1058.925
los	None	dead	0.0	0.0	0.0	0.0	0.0	0.0	0.0	0.0
hgt	887	886	2263.805	1999.475	2131.64	2439.03	2088.58	2174.59	1824.36	2131.695
spe	887	886	2263.805	1999.475	2131.64	2439.03	2088.58	2174.59	1824.36	2131.695
spe	886	874	1999.475	1902.135	1950.805	2174.59	1824.36	2083.11	1721.16	1947.875
spe	874	873	1902.135	1746.56	1824.3475	2083.11	1721.16	1934.16	1558.96	1821.035
los	873	871	1746.56	1489.29	1617.925	1934.16	1558.96	1692.73	1285.85	1610.005
spe	874	868	1902.135	1695.53	1798.8325	2083.11	1721.16	1892.42	1498.64	1790.875
spe	868	866	1695.53	1370.345	1532.9375	1892.42	1498.64	1577.25	1163.44	1527.93
hgt	837	GCA.001768075.1.Bacteria.Myxococcota	1589.61	0.0	794.805	1791.58	1387.64	0.0	0.0	895.79
los	866	GCA.003194485.1.Bacteria.Desulfobacterota	1370.345	0.0	685.1725	1577.25	1163.44	0.0	0.0	788.625
hgt	None	dead	0.0	0.0	0.0	0.0	0.0	0.0	0.0	0.0
hgt	883	GCA.000961655.1.Bacteria.Desulfobacterota	1384.92	0.0	692.46	1585.61	1184.23	0.0	0.0	792.805
hgt	871	GCA.007244385.1.Bacteria.Desulfobacterota	1489.29	0.0	744.645	1692.73	1285.85	0.0	0.0	846.365
los	None	dead	0.0	0.0	0.0	0.0	0.0	0.0	0.0	0.0
hgt	877	GCF.000620765.1.Bacteria.Desulfobacterota.I	1769.305	0.0	884.6525	1968.93	1569.68	0.0	0.0	984.465
spe	886	885	1999.475	1880.5	1939.9875	2174.59	1824.36	2064.03	1696.97	1935.78
los	885	884	1880.5	1765.875	1823.1875	2064.03	1696.97	1950.17	1581.58	1822.805
spe	885	877	1880.5	1769.305	1824.9025	2064.03	1696.97	1968.93	1569.68	1816.855
hgt	1312	GCF.002607855.1.Bacteria.Firmicutes.B	1489.285	0.0	744.6425	1697.39	1281.18	0.0	0.0	848.695
hgt	857	GCA.002010915.1.Bacteria.Desulfobacterota	1926.135	0.0	963.0675	2147.23	1705.04	0.0	0.0	1073.615
hgt	871	GCA.007244385.1.Bacteria.Desulfobacterota	1489.29	0.0	744.645	1692.73	1285.85	0.0	0.0	846.365
hgt	883	GCA.000961655.1.Bacteria.Desulfobacterota	1384.92	0.0	692.46	1585.61	1184.23	0.0	0.0	792.805
hgt	396	GCF.000177635.2.Bacteria.Chrysiogenota	2591.83	0.0	1295.915	2803.16	2380.5	0.0	0.0	1401.58
hgt	659	GCF.000021725.1.Bacteria.Campylobacterota	1438.4	0.0	719.2	1756.87	1119.93	0.0	0.0	878.435
los	None	dead	0.0	0.0	0.0	0.0	0.0	0.0	0.0	0.0
hgt	846	GCF.001611275.1.Bacteria.Desulfobacterota	1968.67	0.0	984.335	2201.27	1736.07	0.0	0.0	1100.635
hgt	674	GCA.002298155.1.Bacteria.Acidobacteriota	1880.64	0.0	940.32	2129.25	1632.03	0.0	0.0	1064.625
