event	left_node	right_node	left_date	right_date	midpoint_date
hgt	646	645	1850.35	1783.08	1816.715
hgt	None	dead	0.0	0.0	0.0
hgt	None	dead	0.0	0.0	0.0
hgt	557	GCA.002007405.1.Bacteria.Proteobacteria	1159.506	0.0	579.753
los	None	dead	0.0	0.0	0.0
spe	533	529	1994.64	1776.585	1885.6125
hgt	542	GCA.002631715.1.Bacteria.Proteobacteria	1703.185	0.0	851.5925
hgt	571	570	1737.025	1581.87	1659.4475
los	None	dead	0.0	0.0	0.0
spe	571	570	1737.025	1581.87	1659.4475
spe	570	568	1581.87	1421.955	1501.9125
los	568	GCA.002862435.1.Bacteria.Proteobacteria	1421.955	0.0	710.9775
spe	646	645	1850.35	1783.08	1816.715
spe	645	631	1783.08	1709.925	1746.5025
hgt	None	dead	0.0	0.0	0.0
los	631	630	1709.925	1575.32	1642.6225
hgt	634	GCF.002020875.1.Bacteria.Proteobacteria	1398.775	0.0	699.3875
los	None	dead	0.0	0.0	0.0
hgt	None	dead	0.0	0.0	0.0
dup	None	dead	0.0	0.0	0.0
hgt	576	GCA.002432655.1.Bacteria.Proteobacteria	1593.015	0.0	796.5075
los	None	dead	0.0	0.0	0.0
hgt	639	GCA.002400775.1.Bacteria.Proteobacteria	1235.875	0.0	617.9375
los	None	dead	0.0	0.0	0.0
spe	631	603	1709.925	1631.14	1670.5325
hgt	None	dead	0.0	0.0	0.0
hgt	613	612	1308.6	1154.76	1231.68
los	None	dead	0.0	0.0	0.0
spe	613	612	1308.6	1154.76	1231.68
spe	612	611	1154.76	873.257	1014.0085
los	611	GCF.003052605.1.Bacteria.Proteobacteria	873.257	0.0	436.6285
spe	603	602	1631.14	1545.47	1588.305
hgt	576	574	1593.015	1337.465	1465.24
spe	602	592	1545.47	1238.975	1392.2225
los	592	GCF.001720165.1.Bacteria.Proteobacteria	1238.975	0.0	619.4875
spe	576	574	1593.015	1337.465	1465.24
hgt	553	GCF.001641825.1.Bacteria.Proteobacteria	1585.42	0.0	792.71
hgt	1383	1341	1891.44	1532.885	1712.1625
spe	602	601	1545.47	1388.16	1466.815
spe	601	600	1388.16	1178.33	1283.245
spe	600	598	1178.33	872.755	1025.5425
los	598	GCA.002170535.1.Bacteria.Proteobacteria	872.755	0.0	436.3775
spe	601	595	1388.16	1179.98	1284.07
hgt	529	GCA.002451085.1.Bacteria.Proteobacteria	1776.585	0.0	888.2925
hgt	519	GCF.002109495.1.Bacteria.Proteobacteria	2563.7	0.0	1281.85
hgt	568	GCA.002862435.1.Bacteria.Proteobacteria	1421.955	0.0	710.9775
hgt	None	dead	0.0	0.0	0.0
hgt	558	GCA.002386945.1.Bacteria.Proteobacteria	1383.43	0.0	691.715
los	None	dead	0.0	0.0	0.0
hgt	None	dead	0.0	0.0	0.0
hgt	546	GCF.000021985.1.Bacteria.Proteobacteria	1450.69	0.0	725.345
los	None	dead	0.0	0.0	0.0
hgt	1720	GCF.000484535.1.Bacteria.Cyanobacteria	2612.48	0.0	1306.24
hgt	1292	GCF.000024605.1.Bacteria.Firmicutes.B	1918.11	0.0	959.055
hgt	1036	GCA.002059205.1.Bacteria.Latescibacterota	1783.715	0.0	891.8575
hgt	1424	GCA.002011475.1.Bacteria.Chloroflexota	1821.17	0.0	910.585
hgt	801	GCA.002328485.1.Bacteria.Desulfobacterota.G	2014.795	0.0	1007.3975
hgt	113	GCA.001593865.1.Archaea.Thermoproteota	1818.745	0.0	909.3725
hgt	668	GCA.002010665.1.Bacteria.Acidobacteriota	1532.235	0.0	766.1175
hgt	1240	GCA.002376045.1.Bacteria.Firmicutes.A	2176.58	0.0	1088.29
hgt	837	GCA.001768075.1.Bacteria.Myxococcota	1589.61	0.0	794.805
hgt	347	GCA.002683135.1.Bacteria.Planctomycetota	1965.575	0.0	982.7875
spe	1383	1341	1891.44	1532.885	1712.1625
hgt	1337	GCF.000092905.1.Bacteria.Firmicutes	1327.38	0.0	663.69
hgt	1338	GCF.002335525.1.Bacteria.Firmicutes	1582.81	0.0	791.405
hgt	1355	GCF.004522215.1.Bacteria.Firmicutes	1246.46	0.0	623.23
hgt	1344	GCA.002159075.1.Bacteria.Firmicutes	1496.385	0.0	748.1925
hgt	1312	GCF.000019165.1.Bacteria.Firmicutes.B	1489.285	0.0	744.6425
hgt	340	334	1604.15	1403.32	1503.735
hgt	1469	GCA.001898225.1.Bacteria.Chloroflexota	1899.175	0.0	949.5875
hgt	1462	GCA.002436065.1.Bacteria.Chloroflexota	2240.595	0.0	1120.2975
hgt	1449	GCA.002366595.1.Bacteria.Chloroflexota	1825.905	0.0	912.9525
hgt	709	GCA.003223145.1.Bacteria.Acidobacteriota	1543.01	0.0	771.505
hgt	686	684	1646.29	1286.44	1466.365
hgt	327	326	1506.63	1183.194	1344.912
spe	340	334	1604.15	1403.32	1503.735
spe	334	332	1403.32	994.0835	1198.70175
los	332	GCA.002364485.1.Bacteria.Planctomycetota	994.0835	0.0	497.04175
hgt	697	GCA.003222815.1.Bacteria.Acidobacteriota	1602.385	0.0	801.1925
spe	327	326	1506.63	1183.194	1344.912
spe	686	684	1646.29	1286.44	1466.365
hgt	694	692	1206.005	1105.2925	1155.64875
spe	694	692	1206.005	1105.2925	1155.64875
hgt	128	GCA.002011085.1.Archaea.Thermoproteota	786.4855	0.0	393.24275
hgt	199	GCA.003527405.1.Bacteria.Atribacterota	2662.455	0.0	1331.2275
hgt	84	GCF.000011005.1.Archaea.Euryarchaeota	1194.24	0.0	597.12
hgt	1312	GCF.002607855.1.Bacteria.Firmicutes.B	1489.285	0.0	744.6425
hgt	979	GCA.002763895.1.Bacteria.Bacteroidota	1509.38	0.0	754.69
hgt	172	170	1503.255	1385.215	1444.235
hgt	244	GCA.001800095.1.Bacteria.Elusimicrobiota	1459.21	0.0	729.605
hgt	982	GCF.001535965.1.Bacteria.Bacteroidota	1868.295	0.0	934.1475
hgt	326	GCA.002404095.1.Bacteria.Planctomycetota	1183.194	0.0	591.597
hgt	692	GCA.003152325.1.Bacteria.Acidobacteriota	1105.2925	0.0	552.64625
hgt	1439	GCF.900187885.1.Bacteria.Chloroflexota	1503.92	0.0	751.96
spe	172	170	1503.255	1385.215	1444.235
spe	170	169	1385.215	1257.45	1321.3325
los	169	155	1257.45	1058.614	1158.032
spe	169	168	1257.45	1203.215	1230.3325
los	168	160	1203.215	1138.49	1170.8525
spe	168	167	1203.215	1031.0195	1117.11725
spe	167	166	1031.0195	815.5625	923.291
spe	166	165	815.5625	570.5515	693.057
spe	645	644	1783.08	1640.815	1711.9475
spe	644	636	1640.815	1563.065	1601.94
los	636	634	1563.065	1398.775	1480.92
spe	644	643	1640.815	1460.61	1550.7125
los	643	639	1460.61	1235.875	1348.2425
spe	643	642	1460.61	1315.1	1387.855
los	642	GCA.001447805.1.Bacteria.Proteobacteria	1315.1	0.0	657.55
