event	left_node	right_node	left_date	right_date	midpoint_date	left_date_lower	left_date_upper	right_date_lower	right_date_upper	midpoint_date_all
hgt	646	645	1850.35	1783.08	1816.715	1979.31	1721.39	1911.77	1654.39	1816.85
hgt	None	dead	0.0	0.0	0.0	0.0	0.0	0.0	0.0	0.0
hgt	None	dead	0.0	0.0	0.0	0.0	0.0	0.0	0.0	0.0
hgt	557	GCA.002007405.1.Bacteria.Proteobacteria	1159.506	0.0	579.753	1333.32	985.692	0.0	0.0	666.66
los	None	dead	0.0	0.0	0.0	0.0	0.0	0.0	0.0	0.0
spe	533	529	1994.64	1776.585	1885.6125	2150.09	1839.19	1957.62	1595.55	1872.82
hgt	542	GCA.002631715.1.Bacteria.Proteobacteria	1703.185	0.0	851.5925	1875.52	1530.85	0.0	0.0	937.76
hgt	571	570	1737.025	1581.87	1659.4475	1877.08	1596.97	1730.52	1433.22	1655.15
los	None	dead	0.0	0.0	0.0	0.0	0.0	0.0	0.0	0.0
spe	571	570	1737.025	1581.87	1659.4475	1877.08	1596.97	1730.52	1433.22	1655.15
spe	570	568	1581.87	1421.955	1501.9125	1730.52	1433.22	1583.57	1260.34	1495.43
los	568	GCA.002862435.1.Bacteria.Proteobacteria	1421.955	0.0	710.9775	1583.57	1260.34	0.0	0.0	791.785
spe	646	645	1850.35	1783.08	1816.715	1979.31	1721.39	1911.77	1654.39	1816.85
spe	645	631	1783.08	1709.925	1746.5025	1911.77	1654.39	1841.09	1578.76	1745.265
los	631	630	1709.925	1575.32	1642.6225	1841.09	1578.76	1706.06	1444.58	1642.835
hgt	None	dead	0.0	0.0	0.0	0.0	0.0	0.0	0.0	0.0
hgt	634	GCF.002020875.1.Bacteria.Proteobacteria	1398.775	0.0	699.3875	1567.28	1230.27	0.0	0.0	783.64
los	None	dead	0.0	0.0	0.0	0.0	0.0	0.0	0.0	0.0
hgt	None	dead	0.0	0.0	0.0	0.0	0.0	0.0	0.0	0.0
hgt	576	GCA.002432655.1.Bacteria.Proteobacteria	1593.015	0.0	796.5075	1746.04	1439.99	0.0	0.0	873.02
hgt	639	GCA.002400775.1.Bacteria.Proteobacteria	1235.875	0.0	617.9375	1397.92	1073.83	0.0	0.0	698.96
los	None	dead	0.0	0.0	0.0	0.0	0.0	0.0	0.0	0.0
spe	631	603	1709.925	1631.14	1670.5325	1841.09	1578.76	1761.43	1500.85	1670.97
hgt	None	dead	0.0	0.0	0.0	0.0	0.0	0.0	0.0	0.0
hgt	613	612	1308.6	1154.76	1231.68	1448.11	1169.09	1302.07	1007.45	1227.78
los	None	dead	0.0	0.0	0.0	0.0	0.0	0.0	0.0	0.0
spe	613	612	1308.6	1154.76	1231.68	1448.11	1169.09	1302.07	1007.45	1227.78
spe	612	611	1154.76	873.257	1014.0085	1302.07	1007.45	1026.32	720.194	1011.132
los	611	GCF.003052605.1.Bacteria.Proteobacteria	873.257	0.0	436.6285	1026.32	720.194	0.0	0.0	513.16
spe	603	602	1631.14	1545.47	1588.305	1761.43	1500.85	1675.86	1415.08	1588.255
hgt	576	574	1593.015	1337.465	1465.24	1746.04	1439.99	1503.53	1171.4	1458.72
spe	602	592	1545.47	1238.975	1392.2225	1675.86	1415.08	1390.11	1087.84	1381.85
los	592	GCF.001720165.1.Bacteria.Proteobacteria	1238.975	0.0	619.4875	1390.11	1087.84	0.0	0.0	695.055
spe	576	574	1593.015	1337.465	1465.24	1746.04	1439.99	1503.53	1171.4	1458.72
hgt	553	GCF.001641825.1.Bacteria.Proteobacteria	1585.42	0.0	792.71	1735.79	1435.05	0.0	0.0	867.895
hgt	None	dead	0.0	0.0	0.0	0.0	0.0	0.0	0.0	0.0
dup	None	dead	0.0	0.0	0.0	0.0	0.0	0.0	0.0	0.0
hgt	558	GCA.002386945.1.Bacteria.Proteobacteria	1383.43	0.0	691.715	1538.73	1228.13	0.0	0.0	769.365
los	None	dead	0.0	0.0	0.0	0.0	0.0	0.0	0.0	0.0
dup	None	dead	0.0	0.0	0.0	0.0	0.0	0.0	0.0	0.0
hgt	546	GCF.000021985.1.Bacteria.Proteobacteria	1450.69	0.0	725.345	1616.84	1284.54	0.0	0.0	808.42
los	None	dead	0.0	0.0	0.0	0.0	0.0	0.0	0.0	0.0
hgt	1292	GCF.000024605.1.Bacteria.Firmicutes.B	1918.11	0.0	959.055	2144.78	1691.44	0.0	0.0	1072.39
hgt	1312	GCF.002607855.1.Bacteria.Firmicutes.B	1489.285	0.0	744.6425	1697.39	1281.18	0.0	0.0	848.695
hgt	979	GCA.002763895.1.Bacteria.Bacteroidota	1509.38	0.0	754.69	1695.99	1322.77	0.0	0.0	847.995
hgt	168	167	1203.215	1031.0195	1117.11725	1278.55	1127.88	1134.18	927.859	1103.2045
hgt	244	GCA.001800095.1.Bacteria.Elusimicrobiota	1459.21	0.0	729.605	1673.69	1244.73	0.0	0.0	836.845
hgt	982	GCF.001535965.1.Bacteria.Bacteroidota	1868.295	0.0	934.1475	2047.24	1689.35	0.0	0.0	1023.62
hgt	1720	GCF.000484535.1.Bacteria.Cyanobacteria	2612.48	0.0	1306.24	2696.4	2528.56	0.0	0.0	1348.2
hgt	326	GCA.002404095.1.Bacteria.Planctomycetota	1183.194	0.0	591.597	1405.44	960.948	0.0	0.0	702.72
los	None	dead	0.0	0.0	0.0	0.0	0.0	0.0	0.0	0.0
hgt	692	GCA.003152325.1.Bacteria.Acidobacteriota	1105.2925	0.0	552.64625	1299.2	911.385	0.0	0.0	649.6
hgt	1439	GCF.900187885.1.Bacteria.Chloroflexota	1503.92	0.0	751.96	1702.99	1304.85	0.0	0.0	851.495
hgt	170	GCA.000189635.1.Eukaryota.Ciliophora	1385.215	0.0	692.6075	1476.14	1294.29	0.0	0.0	738.07
spe	168	167	1203.215	1031.0195	1117.11725	1278.55	1127.88	1134.18	927.859	1103.2045
spe	167	166	1031.0195	815.5625	923.291	1134.18	927.859	940.789	690.336	912.258
spe	166	165	815.5625	570.5515	693.057	940.789	690.336	716.091	425.012	682.9005
hgt	1036	GCA.002059205.1.Bacteria.Latescibacterota	1783.715	0.0	891.8575	2020.21	1547.22	0.0	0.0	1010.105
hgt	None	dead	0.0	0.0	0.0	0.0	0.0	0.0	0.0	0.0
hgt	801	GCA.002328485.1.Bacteria.Desulfobacterota.G	2014.795	0.0	1007.3975	2227.16	1802.43	0.0	0.0	1113.58
hgt	1424	GCA.002011475.1.Bacteria.Chloroflexota	1821.17	0.0	910.585	2044.52	1597.82	0.0	0.0	1022.26
hgt	84	GCF.000011005.1.Archaea.Euryarchaeota	1194.24	0.0	597.12	1377.79	1010.69	0.0	0.0	688.895
los	None	dead	0.0	0.0	0.0	0.0	0.0	0.0	0.0	0.0
hgt	113	GCA.001593865.1.Archaea.Thermoproteota	1818.745	0.0	909.3725	2020.8	1616.69	0.0	0.0	1010.4
hgt	None	dead	0.0	0.0	0.0	0.0	0.0	0.0	0.0	0.0
dup	None	dead	0.0	0.0	0.0	0.0	0.0	0.0	0.0	0.0
hgt	199	GCA.003527405.1.Bacteria.Atribacterota	2662.455	0.0	1331.2275	2884.72	2440.19	0.0	0.0	1442.36
hgt	668	GCA.002010665.1.Bacteria.Acidobacteriota	1532.235	0.0	766.1175	1800.98	1263.49	0.0	0.0	900.49
los	None	dead	0.0	0.0	0.0	0.0	0.0	0.0	0.0	0.0
dup	None	dead	0.0	0.0	0.0	0.0	0.0	0.0	0.0	0.0
hgt	1383	1341	1891.44	1532.885	1712.1625	2053.21	1729.67	1733.11	1332.66	1692.935
dup	None	dead	0.0	0.0	0.0	0.0	0.0	0.0	0.0	0.0
hgt	686	684	1646.29	1286.44	1466.365	1843.93	1448.65	1493.16	1079.72	1461.825
hgt	709	GCA.003223145.1.Bacteria.Acidobacteriota	1543.01	0.0	771.505	1779.22	1306.8	0.0	0.0	889.61
hgt	694	692	1206.005	1105.2925	1155.64875	1389.81	1022.2	1299.2	911.385	1150.5975
los	None	dead	0.0	0.0	0.0	0.0	0.0	0.0	0.0	0.0
spe	694	692	1206.005	1105.2925	1155.64875	1389.81	1022.2	1299.2	911.385	1150.5975
hgt	340	334	1604.15	1403.32	1503.735	1818.45	1389.85	1623.36	1183.28	1500.865
spe	686	684	1646.29	1286.44	1466.365	1843.93	1448.65	1493.16	1079.72	1461.825
hgt	327	326	1506.63	1183.194	1344.912	1727.92	1285.34	1405.44	960.948	1344.434
spe	340	334	1604.15	1403.32	1503.735	1818.45	1389.85	1623.36	1183.28	1500.865
spe	334	332	1403.32	994.0835	1198.70175	1623.36	1183.28	1195.01	793.157	1208.2585
los	332	GCA.002364485.1.Bacteria.Planctomycetota	994.0835	0.0	497.04175	1195.01	793.157	0.0	0.0	597.505
hgt	697	GCA.003222815.1.Bacteria.Acidobacteriota	1602.385	0.0	801.1925	1789.82	1414.95	0.0	0.0	894.91
spe	327	326	1506.63	1183.194	1344.912	1727.92	1285.34	1405.44	960.948	1344.434
hgt	1469	GCA.001898225.1.Bacteria.Chloroflexota	1899.175	0.0	949.5875	2149.99	1648.36	0.0	0.0	1074.995
hgt	837	GCA.001768075.1.Bacteria.Myxococcota	1589.61	0.0	794.805	1791.58	1387.64	0.0	0.0	895.79
hgt	1462	GCA.002436065.1.Bacteria.Chloroflexota	2240.595	0.0	1120.2975	2485.08	1996.11	0.0	0.0	1242.54
los	None	dead	0.0	0.0	0.0	0.0	0.0	0.0	0.0	0.0
hgt	1449	GCA.002366595.1.Bacteria.Chloroflexota	1825.905	0.0	912.9525	2055.21	1596.6	0.0	0.0	1027.605
hgt	None	dead	0.0	0.0	0.0	0.0	0.0	0.0	0.0	0.0
spe	1383	1341	1891.44	1532.885	1712.1625	2053.21	1729.67	1733.11	1332.66	1692.935
hgt	1337	GCF.000092905.1.Bacteria.Firmicutes	1327.38	0.0	663.69	1542.2	1112.56	0.0	0.0	771.1
hgt	1338	GCF.002335525.1.Bacteria.Firmicutes	1582.81	0.0	791.405	1773.63	1391.99	0.0	0.0	886.815
hgt	1355	GCF.004522215.1.Bacteria.Firmicutes	1246.46	0.0	623.23	1408.06	1084.86	0.0	0.0	704.03
hgt	1344	GCA.002159075.1.Bacteria.Firmicutes	1496.385	0.0	748.1925	1674.98	1317.79	0.0	0.0	837.49
hgt	347	GCA.002683135.1.Bacteria.Planctomycetota	1965.575	0.0	982.7875	2194.16	1736.99	0.0	0.0	1097.08
hgt	1312	GCF.000019165.1.Bacteria.Firmicutes.B	1489.285	0.0	744.6425	1697.39	1281.18	0.0	0.0	848.695
los	None	dead	0.0	0.0	0.0	0.0	0.0	0.0	0.0	0.0
hgt	1240	GCA.002376045.1.Bacteria.Firmicutes.A	2176.58	0.0	1088.29	2395.16	1958.0	0.0	0.0	1197.58
hgt	128	GCA.002011085.1.Archaea.Thermoproteota	786.4855	0.0	393.24275	988.339	584.632	0.0	0.0	494.1695
los	None	dead	0.0	0.0	0.0	0.0	0.0	0.0	0.0	0.0
spe	602	601	1545.47	1388.16	1466.815	1675.86	1415.08	1524.4	1251.92	1463.89
spe	601	600	1388.16	1178.33	1283.245	1524.4	1251.92	1321.12	1035.54	1279.97
spe	600	598	1178.33	872.755	1025.5425	1321.12	1035.54	1022.28	723.23	1022.175
los	598	GCA.002170535.1.Bacteria.Proteobacteria	872.755	0.0	436.3775	1022.28	723.23	0.0	0.0	511.14
spe	601	595	1388.16	1179.98	1284.07	1524.4	1251.92	1332.11	1027.85	1276.125
hgt	529	GCA.002451085.1.Bacteria.Proteobacteria	1776.585	0.0	888.2925	1957.62	1595.55	0.0	0.0	978.81
hgt	519	GCF.002109495.1.Bacteria.Proteobacteria	2563.7	0.0	1281.85	2703.63	2423.77	0.0	0.0	1351.815
hgt	568	GCA.002862435.1.Bacteria.Proteobacteria	1421.955	0.0	710.9775	1583.57	1260.34	0.0	0.0	791.785
spe	645	644	1783.08	1640.815	1711.9475	1911.77	1654.39	1774.52	1507.11	1709.44
spe	644	636	1640.815	1563.065	1601.94	1774.52	1507.11	1706.55	1419.58	1597.05
los	636	634	1563.065	1398.775	1480.92	1706.55	1419.58	1567.28	1230.27	1468.41
spe	644	643	1640.815	1460.61	1550.7125	1774.52	1507.11	1604.84	1316.38	1545.45
los	643	639	1460.61	1235.875	1348.2425	1604.84	1316.38	1397.92	1073.83	1339.335
spe	643	642	1460.61	1315.1	1387.855	1604.84	1316.38	1468.25	1161.95	1383.395
los	642	GCA.001447805.1.Bacteria.Proteobacteria	1315.1	0.0	657.55	1468.25	1161.95	0.0	0.0	734.125
