event	left_node	right_node	left_date	right_date	midpoint_date	left_date_lower	left_date_upper	right_date_lower	right_date_upper	midpoint_date_all
hgt	None	dead	0.0	0.0	0.0	0.0	0.0	0.0	0.0	0.0
hgt	652	651	2671.985	2583.355	2627.67	2814.28	2529.69	2725.11	2441.6	2627.94
los	None	dead	0.0	0.0	0.0	0.0	0.0	0.0	0.0	0.0
hgt	None	dead	0.0	0.0	0.0	0.0	0.0	0.0	0.0	0.0
hgt	183	GCA.002402105.1.Bacteria.UBP17	3092.06	0.0	1546.03	3327.02	2857.1	0.0	0.0	1663.51
los	None	dead	0.0	0.0	0.0	0.0	0.0	0.0	0.0	0.0
hgt	None	dead	0.0	0.0	0.0	0.0	0.0	0.0	0.0	0.0
hgt	439	GCA.002723345.1.Bacteria.Proteobacteria	1983.035	0.0	991.5175	2153.66	1812.41	0.0	0.0	1076.83
los	None	dead	0.0	0.0	0.0	0.0	0.0	0.0	0.0	0.0
hgt	None	dead	0.0	0.0	0.0	0.0	0.0	0.0	0.0	0.0
spe	652	651	2671.985	2583.355	2627.67	2814.28	2529.69	2725.11	2441.6	2627.94
spe	651	650	2583.355	2528.52	2555.9375	2725.11	2441.6	2669.79	2387.25	2556.18
spe	650	536	2528.52	2343.3	2435.91	2669.79	2387.25	2502.24	2184.36	2427.075
hgt	None	dead	0.0	0.0	0.0	0.0	0.0	0.0	0.0	0.0
los	536	GCF.002940605.1.Bacteria.Proteobacteria	2343.3	0.0	1171.65	2502.24	2184.36	0.0	0.0	1251.12
hgt	568	GCA.002862435.1.Bacteria.Proteobacteria	2035.48	0.0	1017.74	2214.09	1856.87	0.0	0.0	1107.045
los	None	dead	0.0	0.0	0.0	0.0	0.0	0.0	0.0	0.0
spe	650	649	2528.52	2487.635	2508.0775	2669.79	2387.25	2629.66	2345.61	2507.7
los	649	648	2487.635	2440.92	2464.2775	2629.66	2345.61	2583.69	2298.15	2463.905
hgt	None	dead	0.0	0.0	0.0	0.0	0.0	0.0	0.0	0.0
hgt	579	GCA.003137095.1.Bacteria.Proteobacteria	1566.0	0.0	783.0	1791.46	1340.54	0.0	0.0	895.73
los	None	dead	0.0	0.0	0.0	0.0	0.0	0.0	0.0	0.0
spe	649	543	2487.635	2384.42	2436.0275	2629.66	2345.61	2534.92	2233.92	2431.79
los	543	539	2384.42	2248.565	2316.4925	2534.92	2233.92	2430.78	2066.35	2300.635
spe	543	542	2384.42	2266.915	2325.6675	2534.92	2233.92	2432.28	2101.55	2318.235
los	542	GCA.002631715.1.Bacteria.Proteobacteria	2266.915	0.0	1133.4575	2432.28	2101.55	0.0	0.0	1216.14
hgt	None	dead	0.0	0.0	0.0	0.0	0.0	0.0	0.0	0.0
dup	None	dead	0.0	0.0	0.0	0.0	0.0	0.0	0.0	0.0
hgt	804	GCA.003247575.1.Bacteria.Myxococcota.A	2545.8	0.0	1272.9	2736.71	2354.89	0.0	0.0	1368.355
los	None	dead	0.0	0.0	0.0	0.0	0.0	0.0	0.0	0.0
hgt	585	GCA.002338605.1.Bacteria.Proteobacteria	1706.285	0.0	853.1425	1917.52	1495.05	0.0	0.0	958.76
los	None	dead	0.0	0.0	0.0	0.0	0.0	0.0	0.0	0.0
spe	651	533	2583.355	2458.635	2520.995	2725.11	2441.6	2609.15	2308.12	2516.615
spe	533	529	2458.635	2307.945	2383.29	2609.15	2308.12	2475.73	2140.16	2374.655
los	529	GCA.002451085.1.Bacteria.Proteobacteria	2307.945	0.0	1153.9725	2475.73	2140.16	0.0	0.0	1237.865
spe	533	532	2458.635	2186.645	2322.64	2609.15	2308.12	2379.45	1993.84	2301.495
hgt	None	dead	0.0	0.0	0.0	0.0	0.0	0.0	0.0	0.0
los	532	GCA.002405475.1.Bacteria.Proteobacteria	2186.645	0.0	1093.3225	2379.45	1993.84	0.0	0.0	1189.725
hgt	574	GCF.000374645.1.Bacteria.Proteobacteria	1962.545	0.0	981.2725	2146.1	1778.99	0.0	0.0	1073.05
los	None	dead	0.0	0.0	0.0	0.0	0.0	0.0	0.0	0.0
hgt	509	495	1977.465	1736.875	1857.17	2143.57	1811.36	1936.33	1537.42	1840.495
los	None	dead	0.0	0.0	0.0	0.0	0.0	0.0	0.0	0.0
spe	509	495	1977.465	1736.875	1857.17	2143.57	1811.36	1936.33	1537.42	1840.495
hgt	None	dead	0.0	0.0	0.0	0.0	0.0	0.0	0.0	0.0
hgt	611	GCF.003052605.1.Bacteria.Proteobacteria	1493.79	0.0	746.895	1717.52	1270.06	0.0	0.0	858.76
los	None	dead	0.0	0.0	0.0	0.0	0.0	0.0	0.0	0.0
hgt	None	dead	0.0	0.0	0.0	0.0	0.0	0.0	0.0	0.0
hgt	463	GCF.002251795.1.Bacteria.Proteobacteria	1889.86	0.0	944.93	2062.81	1716.91	0.0	0.0	1031.405
los	None	dead	0.0	0.0	0.0	0.0	0.0	0.0	0.0	0.0
hgt	None	dead	0.0	0.0	0.0	0.0	0.0	0.0	0.0	0.0
dup	None	dead	0.0	0.0	0.0	0.0	0.0	0.0	0.0	0.0
hgt	453	GCA.002457765.1.Bacteria.Proteobacteria	1231.6385	0.0	615.81925	1464.03	999.247	0.0	0.0	732.015
los	None	dead	0.0	0.0	0.0	0.0	0.0	0.0	0.0	0.0
dup	None	dead	0.0	0.0	0.0	0.0	0.0	0.0	0.0	0.0
hgt	492	GCF.900172325.1.Bacteria.Proteobacteria	1826.375	0.0	913.1875	2015.92	1636.83	0.0	0.0	1007.96
los	None	dead	0.0	0.0	0.0	0.0	0.0	0.0	0.0	0.0
hgt	439	GCF.001613805.1.Bacteria.Proteobacteria	1983.035	0.0	991.5175	2153.66	1812.41	0.0	0.0	1076.83
los	None	dead	0.0	0.0	0.0	0.0	0.0	0.0	0.0	0.0
hgt	None	dead	0.0	0.0	0.0	0.0	0.0	0.0	0.0	0.0
hgt	560	GCA.001735895.1.Bacteria.Proteobacteria	2138.97	0.0	1069.485	2303.08	1974.86	0.0	0.0	1151.54
los	None	dead	0.0	0.0	0.0	0.0	0.0	0.0	0.0	0.0
hgt	None	dead	0.0	0.0	0.0	0.0	0.0	0.0	0.0	0.0
spe	839	829	2599.34	2568.27	2583.805	2756.33	2442.35	2727.21	2409.33	2582.83
hgt	None	dead	0.0	0.0	0.0	0.0	0.0	0.0	0.0	0.0
hgt	None	dead	0.0	0.0	0.0	0.0	0.0	0.0	0.0	0.0
spe	829	828	2568.27	2398.31	2483.29	2727.21	2409.33	2568.84	2227.78	2477.495
spe	828	827	2398.31	2313.915	2356.1125	2568.84	2227.78	2488.25	2139.58	2354.21
los	827	826	2313.915	2185.76	2249.8375	2488.25	2139.58	2375.3	1996.22	2242.235
spe	827	821	2313.915	2160.835	2237.375	2488.25	2139.58	2359.5	1962.17	2225.21
los	821	GCA.002841825.1.Bacteria.Myxococcota	2160.835	0.0	1080.4175	2359.5	1962.17	0.0	0.0	1179.75
dup	None	dead	0.0	0.0	0.0	0.0	0.0	0.0	0.0	0.0
hgt	1158	GCF.900106035.1.Bacteria.Actinobacteriota	1386.605	0.0	693.3025	1639.35	1133.86	0.0	0.0	819.675
los	None	dead	0.0	0.0	0.0	0.0	0.0	0.0	0.0	0.0
hgt	1154	GCF.003047285.1.Bacteria.Actinobacteriota	1356.86	0.0	678.43	1624.69	1089.03	0.0	0.0	812.345
los	None	dead	0.0	0.0	0.0	0.0	0.0	0.0	0.0	0.0
hgt	1461	GCA.002347925.1.Bacteria.Chloroflexota	2433.39	0.0	1216.695	2666.93	2199.85	0.0	0.0	1333.465
los	None	dead	0.0	0.0	0.0	0.0	0.0	0.0	0.0	0.0
hgt	None	dead	0.0	0.0	0.0	0.0	0.0	0.0	0.0	0.0
hgt	1672	GCF.002251945.1.Bacteria.Cyanobacteria	2154.84	0.0	1077.42	2280.19	2029.49	0.0	0.0	1140.095
los	None	dead	0.0	0.0	0.0	0.0	0.0	0.0	0.0	0.0
hgt	None	dead	0.0	0.0	0.0	0.0	0.0	0.0	0.0	0.0
hgt	1700	1688	2037.95	1799.565	1918.7575	2130.46	1945.44	1942.05	1657.08	1893.77
los	None	dead	0.0	0.0	0.0	0.0	0.0	0.0	0.0	0.0
spe	1700	1688	2037.95	1799.565	1918.7575	2130.46	1945.44	1942.05	1657.08	1893.77
hgt	None	dead	0.0	0.0	0.0	0.0	0.0	0.0	0.0	0.0
spe	829	817	2568.27	2468.695	2518.4825	2727.21	2409.33	2633.61	2303.78	2515.495
spe	817	813	2468.695	2371.52	2420.1075	2633.61	2303.78	2544.35	2198.69	2416.15
los	813	812	2371.52	2281.345	2326.4325	2544.35	2198.69	2464.68	2098.01	2321.18
hgt	None	dead	0.0	0.0	0.0	0.0	0.0	0.0	0.0	0.0
spe	813	807	2371.52	2202.835	2287.1775	2544.35	2198.69	2393.11	2012.56	2278.455
los	807	GCA.002841945.1.Bacteria.Myxococcota	2202.835	0.0	1101.4175	2393.11	2012.56	0.0	0.0	1196.555
hgt	804	GCA.002731275.1.Bacteria.Myxococcota	2545.8	0.0	1272.9	2736.71	2354.89	0.0	0.0	1368.355
los	None	dead	0.0	0.0	0.0	0.0	0.0	0.0	0.0	0.0
hgt	None	dead	0.0	0.0	0.0	0.0	0.0	0.0	0.0	0.0
spe	817	816	2468.695	2057.94	2263.3175	2633.61	2303.78	2275.98	1839.9	2236.755
los	816	GCA.002707085.1.Bacteria.Myxococcota.A	2057.94	0.0	1028.97	2275.98	1839.9	0.0	0.0	1137.99
hgt	834	832	2442.985	2268.205	2355.595	2611.91	2274.06	2461.92	2074.49	2343.2
los	None	dead	0.0	0.0	0.0	0.0	0.0	0.0	0.0	0.0
spe	834	832	2442.985	2268.205	2355.595	2611.91	2274.06	2461.92	2074.49	2343.2
dup	None	dead	0.0	0.0	0.0	0.0	0.0	0.0	0.0	0.0
hgt	155	GCA.000315625.1.Eukaryota.Cryptophyceae	1364.875	0.0	682.4375	1566.16	1163.59	0.0	0.0	783.08
los	None	dead	0.0	0.0	0.0	0.0	0.0	0.0	0.0	0.0
hgt	982	981	2450.7	2360.52	2405.61	2617.0	2284.4	2531.68	2189.36	2403.18
los	None	dead	0.0	0.0	0.0	0.0	0.0	0.0	0.0	0.0
spe	982	981	2450.7	2360.52	2405.61	2617.0	2284.4	2531.68	2189.36	2403.18
spe	981	980	2360.52	2262.275	2311.3975	2531.68	2189.36	2437.09	2087.46	2309.57
los	980	979	2262.275	2181.785	2222.03	2437.09	2087.46	2367.29	1996.28	2216.685
spe	980	972	2262.275	1965.985	2114.13	2437.09	2087.46	2180.25	1751.72	2094.405
los	972	GCA.003158475.1.Bacteria.Bacteroidota	1965.985	0.0	982.9925	2180.25	1751.72	0.0	0.0	1090.125
hgt	481	469	2091.815	2003.935	2047.875	2249.28	1934.35	2168.56	1839.31	2044.295
los	None	dead	0.0	0.0	0.0	0.0	0.0	0.0	0.0	0.0
spe	481	469	2091.815	2003.935	2047.875	2249.28	1934.35	2168.56	1839.31	2044.295
spe	469	463	2003.935	1889.86	1946.8975	2168.56	1839.31	2062.81	1716.91	1942.735
los	463	GCF.002251795.1.Bacteria.Proteobacteria	1889.86	0.0	944.93	2062.81	1716.91	0.0	0.0	1031.405
spe	463	462	1889.86	1641.635	1765.7475	2062.81	1716.91	1844.48	1438.79	1750.8
spe	469	468	2003.935	1847.82	1925.8775	2168.56	1839.31	2029.0	1666.64	1917.6
spe	468	467	1847.82	1693.575	1770.6975	2029.0	1666.64	1896.55	1490.6	1759.8
los	467	GCA.002291925.1.Bacteria.Proteobacteria	1693.575	0.0	846.7875	1896.55	1490.6	0.0	0.0	948.275
