event	left_node	right_node	left_date	right_date	midpoint_date	left_date_lower	left_date_upper	right_date_lower	right_date_upper	midpoint_date_all
spe	179	178	3169.885	3109.52	3139.7025	3333.21	3006.56	3270.62	2948.42	3140.815
hgt	None	dead	0.0	0.0	0.0	0.0	0.0	0.0	0.0	0.0
hgt	91	90	2548.71	2426.545	2487.6275	2710.79	2386.63	2587.9	2265.19	2487.99
los	None	dead	0.0	0.0	0.0	0.0	0.0	0.0	0.0	0.0
spe	91	90	2548.71	2426.545	2487.6275	2710.79	2386.63	2587.9	2265.19	2487.99
spe	90	74	2426.545	2278.05	2352.2975	2587.9	2265.19	2455.2	2100.9	2344.4
spe	90	89	2426.545	2320.405	2373.475	2587.9	2265.19	2487.89	2152.92	2370.41
spe	89	88	2320.405	2221.93	2271.1675	2487.89	2152.92	2396.19	2047.67	2267.78
los	88	80	2221.93	2032.885	2127.4075	2396.19	2047.67	2234.17	1831.6	2113.895
spe	88	87	2221.93	2144.39	2183.16	2396.19	2047.67	2323.79	1964.99	2180.59
los	87	GCA.002256595.1.Archaea.Halobacteriota	2144.39	0.0	1072.195	2323.79	1964.99	0.0	0.0	1161.895
spe	87	86	2144.39	2014.745	2079.5675	2323.79	1964.99	2208.35	1821.14	2072.465
los	86	84	2014.745	1868.445	1941.595	2208.35	1821.14	2080.58	1656.31	1932.33
hgt	None	dead	0.0	0.0	0.0	0.0	0.0	0.0	0.0	0.0
spe	89	77	2320.405	2081.03	2200.7175	2487.89	2152.92	2277.46	1884.6	2186.245
hgt	74	GCF.000194625.1.Archaea.Halobacteriota	2278.05	0.0	1139.025	2455.2	2100.9	0.0	0.0	1227.6
hgt	84	GCF.000970205.1.Archaea.Halobacteriota	1868.445	0.0	934.2225	2080.58	1656.31	0.0	0.0	1040.29
los	None	dead	0.0	0.0	0.0	0.0	0.0	0.0	0.0	0.0
spe	178	177	3109.52	2987.475	3048.4975	3270.62	2948.42	3145.38	2829.57	3050.095
spe	177	95	2987.475	2895.515	2941.495	3145.38	2829.57	3052.55	2738.48	2941.93
spe	95	39	2895.515	2772.035	2833.775	3052.55	2738.48	2935.32	2608.75	2830.65
los	39	38	2772.035	2538.31	2655.1725	2935.32	2608.75	2727.65	2348.97	2642.145
spe	39	35	2772.035	2625.215	2698.625	2935.32	2608.75	2814.09	2436.34	2685.83
los	35	GCA.001587715.1.Archaea.Methanobacteriota.B	2625.215	0.0	1312.6075	2814.09	2436.34	0.0	0.0	1407.045
dup	35	GCF.002201895.1.Archaea.Euryarchaeota	2625.215	0.0	1312.6075	2814.09	2436.34	0.0	0.0	1407.045
spe	95	94	2895.515	2874.54	2885.0275	3052.55	2738.48	3031.65	2717.43	2884.99
spe	94	42	2874.54	2631.08	2752.81	3031.65	2717.43	2832.32	2429.84	2730.745
los	42	GCA.002502135.1.Archaea.Undinarchaeota	2631.08	0.0	1315.54	2832.32	2429.84	0.0	0.0	1416.16
spe	94	93	2874.54	2781.775	2828.1575	3031.65	2717.43	2937.35	2626.2	2828.925
los	93	92	2781.775	2715.565	2748.67	2937.35	2626.2	2870.72	2560.41	2748.88
dup	93	GCF.000025525.1.Archaea.Methanobacteriota.A	2781.775	0.0	1390.8875	2937.35	2626.2	0.0	0.0	1468.675
spe	177	176	2987.475	2870.105	2928.79	3145.38	2829.57	3029.57	2710.64	2928.01
los	176	140	2870.105	2794.965	2832.535	3029.57	2710.64	2954.89	2635.04	2832.305
spe	176	175	2870.105	2794.775	2832.44	3029.57	2710.64	2957.01	2632.54	2831.055
los	175	174	2794.775	2722.305	2758.54	2957.01	2632.54	2888.31	2556.3	2756.655
hgt	None	dead	0.0	0.0	0.0	0.0	0.0	0.0	0.0	0.0
spe	175	143	2794.775	2511.185	2652.98	2957.01	2632.54	2712.39	2309.98	2633.495
los	143	GCA.001563325.1.Archaea.Asgardarchaeota	2511.185	0.0	1255.5925	2712.39	2309.98	0.0	0.0	1356.195
hgt	87	86	2144.39	2014.745	2079.5675	2323.79	1964.99	2208.35	1821.14	2072.465
los	None	dead	0.0	0.0	0.0	0.0	0.0	0.0	0.0	0.0
spe	87	86	2144.39	2014.745	2079.5675	2323.79	1964.99	2208.35	1821.14	2072.465
spe	86	84	2014.745	1868.445	1941.595	2208.35	1821.14	2080.58	1656.31	1932.33
los	84	GCF.000970205.1.Archaea.Halobacteriota	1868.445	0.0	934.2225	2080.58	1656.31	0.0	0.0	1040.29
dup	84	GCF.000011005.1.Archaea.Euryarchaeota	1868.445	0.0	934.2225	2080.58	1656.31	0.0	0.0	1040.29
spe	178	32	3109.52	2887.43	2998.475	3270.62	2948.42	3067.58	2707.28	2988.95
hgt	176	175	2870.105	2794.775	2832.44	3029.57	2710.64	2957.01	2632.54	2831.055
hgt	None	dead	0.0	0.0	0.0	0.0	0.0	0.0	0.0	0.0
hgt	123	113	2509.405	2352.095	2430.75	2676.61	2342.2	2536.91	2167.28	2421.945
los	None	dead	0.0	0.0	0.0	0.0	0.0	0.0	0.0	0.0
spe	123	113	2509.405	2352.095	2430.75	2676.61	2342.2	2536.91	2167.28	2421.945
hgt	None	dead	0.0	0.0	0.0	0.0	0.0	0.0	0.0	0.0
hgt	128	GCA.002011075.1.Archaea.Thermoproteota	1456.455	0.0	728.2275	1742.17	1170.74	0.0	0.0	871.085
los	None	dead	0.0	0.0	0.0	0.0	0.0	0.0	0.0	0.0
hgt	754	753	2746.525	2583.27	2664.8975	2912.14	2580.91	2768.8	2397.74	2654.94
spe	32	26	2887.43	905.1525	1896.29125	3067.58	2707.28	1279.15	531.155	1799.3675
spe	754	753	2746.525	2583.27	2664.8975	2912.14	2580.91	2768.8	2397.74	2654.94
hgt	None	dead	0.0	0.0	0.0	0.0	0.0	0.0	0.0	0.0
spe	753	751	2583.27	2475.955	2529.6125	2768.8	2397.74	2677.33	2274.58	2521.69
los	751	749	2475.955	2363.875	2419.915	2677.33	2274.58	2575.43	2152.32	2414.825
hgt	None	dead	0.0	0.0	0.0	0.0	0.0	0.0	0.0	0.0
hgt	328	327	2426.155	2199.545	2312.85	2612.85	2239.46	2411.52	1987.57	2300.21
hgt	542	GCA.002631715.1.Bacteria.Proteobacteria	2266.915	0.0	1133.4575	2432.28	2101.55	0.0	0.0	1216.14
hgt	1449	GCA.002366595.1.Bacteria.Chloroflexota	2414.175	0.0	1207.0875	2615.97	2212.38	0.0	0.0	1307.985
hgt	686	GCA.002451015.1.Bacteria.Acidobacteriota	2295.75	0.0	1147.875	2486.27	2105.23	0.0	0.0	1243.135
los	None	dead	0.0	0.0	0.0	0.0	0.0	0.0	0.0	0.0
hgt	602	601	2136.455	2005.515	2070.985	2288.0	1984.91	2169.0	1842.03	2065.015
spe	602	601	2136.455	2005.515	2070.985	2288.0	1984.91	2169.0	1842.03	2065.015
spe	601	595	2005.515	1816.095	1910.805	2169.0	1842.03	2002.91	1629.28	1899.14
los	595	GCA.002454015.1.Bacteria.Proteobacteria	1816.095	0.0	908.0475	2002.91	1629.28	0.0	0.0	1001.455
spe	601	600	2005.515	1814.2	1909.8575	2169.0	1842.03	1996.49	1631.91	1900.455
hgt	444	GCA.002686135.1.Bacteria.Proteobacteria	1669.2	0.0	834.6	1892.76	1445.64	0.0	0.0	946.38
los	600	598	1814.2	1497.41	1655.805	1996.49	1631.91	1713.35	1281.47	1638.98
spe	328	327	2426.155	2199.545	2312.85	2612.85	2239.46	2411.52	1987.57	2300.21
hgt	None	dead	0.0	0.0	0.0	0.0	0.0	0.0	0.0	0.0
hgt	326	GCA.002404095.1.Bacteria.Planctomycetota	1901.84	0.0	950.92	2150.28	1653.4	0.0	0.0	1075.14
hgt	670	GCA.002898535.1.Bacteria.Acidobacteriota	2753.645	0.0	1376.8225	2923.59	2583.7	0.0	0.0	1461.795
los	None	dead	0.0	0.0	0.0	0.0	0.0	0.0	0.0	0.0
hgt	350	GCA.003509045.1.Bacteria.Planctomycetota	2200.88	0.0	1100.44	2420.34	1981.42	0.0	0.0	1210.17
spe	327	326	2199.545	1901.84	2050.6925	2411.52	1987.57	2150.28	1653.4	2032.46
hgt	None	dead	0.0	0.0	0.0	0.0	0.0	0.0	0.0	0.0
hgt	1221	GCA.002375925.1.Bacteria.Firmicutes.E	2447.11	0.0	1223.555	2673.77	2220.45	0.0	0.0	1336.885
hgt	1218	GCA.001513125.1.Bacteria.DTU030	2947.155	0.0	1473.5775	3097.7	2796.61	0.0	0.0	1548.85
los	None	dead	0.0	0.0	0.0	0.0	0.0	0.0	0.0	0.0
hgt	1307	GCA.000987045.1.Bacteria.Firmicutes.B	2196.38	0.0	1098.19	2389.69	2003.07	0.0	0.0	1194.845
dup	None	dead	0.0	0.0	0.0	0.0	0.0	0.0	0.0	0.0
dup	None	dead	0.0	0.0	0.0	0.0	0.0	0.0	0.0	0.0
hgt	116	GCA.001774245.1.Archaea.Thermoproteota	1726.54	0.0	863.27	2006.45	1446.63	0.0	0.0	1003.225
los	None	dead	0.0	0.0	0.0	0.0	0.0	0.0	0.0	0.0
hgt	603	602	2200.665	2136.455	2168.56	2350.69	2050.64	2288.0	1984.91	2167.8
hgt	434	GCA.002898275.1.Bacteria.Proteobacteria	1886.935	0.0	943.4675	2078.21	1695.66	0.0	0.0	1039.105
los	None	dead	0.0	0.0	0.0	0.0	0.0	0.0	0.0	0.0
hgt	None	dead	0.0	0.0	0.0	0.0	0.0	0.0	0.0	0.0
hgt	415	GCA.002717245.1.Bacteria.Proteobacteria	1888.055	0.0	944.0275	2082.43	1693.68	0.0	0.0	1041.215
los	None	dead	0.0	0.0	0.0	0.0	0.0	0.0	0.0	0.0
hgt	None	dead	0.0	0.0	0.0	0.0	0.0	0.0	0.0	0.0
hgt	560	558	2138.97	1998.285	2068.6275	2303.08	1974.86	2181.41	1815.16	2059.12
los	None	dead	0.0	0.0	0.0	0.0	0.0	0.0	0.0	0.0
spe	560	558	2138.97	1998.285	2068.6275	2303.08	1974.86	2181.41	1815.16	2059.12
spe	558	557	1998.285	1783.96	1891.1225	2181.41	1815.16	2002.84	1565.08	1873.245
los	557	GCA.002007405.1.Bacteria.Proteobacteria	1783.96	0.0	891.98	2002.84	1565.08	0.0	0.0	1001.42
spe	603	602	2200.665	2136.455	2168.56	2350.69	2050.64	2288.0	1984.91	2167.8
spe	602	592	2136.455	1879.945	2008.2	2288.0	1984.91	2061.78	1698.11	1993.055
spe	602	601	2136.455	2005.515	2070.985	2288.0	1984.91	2169.0	1842.03	2065.015
spe	601	600	2005.515	1814.2	1909.8575	2169.0	1842.03	1996.49	1631.91	1900.455
hgt	444	GCA.002686135.1.Bacteria.Proteobacteria	1669.2	0.0	834.6	1892.76	1445.64	0.0	0.0	946.38
los	600	598	1814.2	1497.41	1655.805	1996.49	1631.91	1713.35	1281.47	1638.98
hgt	None	dead	0.0	0.0	0.0	0.0	0.0	0.0	0.0	0.0
hgt	598	GCA.002292285.1.Bacteria.Proteobacteria	1497.41	0.0	748.705	1713.35	1281.47	0.0	0.0	856.675
los	None	dead	0.0	0.0	0.0	0.0	0.0	0.0	0.0	0.0
spe	601	595	2005.515	1816.095	1910.805	2169.0	1842.03	2002.91	1629.28	1899.14
hgt	1058	GCA.001443005.1.Bacteria.Synergistota	2874.585	0.0	1437.2925	3067.3	2681.87	0.0	0.0	1533.65
hgt	47	GCA.002494765.1.Archaea.Thermoplasmatota	2175.095	0.0	1087.5475	2371.63	1978.56	0.0	0.0	1185.815
los	None	dead	0.0	0.0	0.0	0.0	0.0	0.0	0.0	0.0
hgt	None	dead	0.0	0.0	0.0	0.0	0.0	0.0	0.0	0.0
hgt	91	90	2548.71	2426.545	2487.6275	2710.79	2386.63	2587.9	2265.19	2487.99
hgt	None	dead	0.0	0.0	0.0	0.0	0.0	0.0	0.0	0.0
hgt	1419	GCA.002352365.1.Bacteria.Chloroflexota	2163.145	0.0	1081.5725	2372.76	1953.53	0.0	0.0	1186.38
hgt	862	GCA.002782605.1.Bacteria.Desulfobacterota	2368.33	0.0	1184.165	2561.03	2175.63	0.0	0.0	1280.515
los	None	dead	0.0	0.0	0.0	0.0	0.0	0.0	0.0	0.0
spe	91	90	2548.71	2426.545	2487.6275	2710.79	2386.63	2587.9	2265.19	2487.99
spe	90	74	2426.545	2278.05	2352.2975	2587.9	2265.19	2455.2	2100.9	2344.4
los	74	GCA.002011165.1.Archaea.Halobacteriota	2278.05	0.0	1139.025	2455.2	2100.9	0.0	0.0	1227.6
spe	90	89	2426.545	2320.405	2373.475	2587.9	2265.19	2487.89	2152.92	2370.41
spe	89	77	2320.405	2081.03	2200.7175	2487.89	2152.92	2277.46	1884.6	2186.245
los	77	GCA.003194435.1.Archaea.Halobacteriota	2081.03	0.0	1040.515	2277.46	1884.6	0.0	0.0	1138.73
spe	89	88	2320.405	2221.93	2271.1675	2487.89	2152.92	2396.19	2047.67	2267.78
los	88	80	2221.93	2032.885	2127.4075	2396.19	2047.67	2234.17	1831.6	2113.895
spe	88	87	2221.93	2144.39	2183.16	2396.19	2047.67	2323.79	1964.99	2180.59
spe	87	86	2144.39	2014.745	2079.5675	2323.79	1964.99	2208.35	1821.14	2072.465
los	86	GCA.001412335.1.Archaea.Halobacteriota	2014.745	0.0	1007.3725	2208.35	1821.14	0.0	0.0	1104.175
spe	86	84	2014.745	1868.445	1941.595	2208.35	1821.14	2080.58	1656.31	1932.33
los	84	GCF.000011005.1.Archaea.Euryarchaeota	1868.445	0.0	934.2225	2080.58	1656.31	0.0	0.0	1040.29
hgt	880	GCF.000195295.1.Bacteria.Desulfobacterota	2202.89	0.0	1101.445	2408.81	1996.97	0.0	0.0	1204.405
hgt	862	GCA.002782605.1.Bacteria.Desulfobacterota	2368.33	0.0	1184.165	2561.03	2175.63	0.0	0.0	1280.515
los	None	dead	0.0	0.0	0.0	0.0	0.0	0.0	0.0	0.0
spe	176	175	2870.105	2794.775	2832.44	3029.57	2710.64	2957.01	2632.54	2831.055
spe	175	143	2794.775	2511.185	2652.98	2957.01	2632.54	2712.39	2309.98	2633.495
los	143	GCA.001940655.1.Archaea.Asgardarchaeota	2511.185	0.0	1255.5925	2712.39	2309.98	0.0	0.0	1356.195
spe	175	174	2794.775	2722.305	2758.54	2957.01	2632.54	2888.31	2556.3	2756.655
los	174	173	2722.305	2663.205	2692.755	2888.31	2556.3	2836.93	2489.48	2688.895
spe	32	31	2887.43	2641.745	2764.5875	3067.58	2707.28	2838.14	2445.35	2756.465
dup	31	GCA.001723855.1.Archaea.Altiarchaeota	2641.745	0.0	1320.8725	2838.14	2445.35	0.0	0.0	1419.07
spe	31	29	2641.745	2305.1	2473.4225	2838.14	2445.35	2555.27	2054.93	2446.535
hgt	None	dead	0.0	0.0	0.0	0.0	0.0	0.0	0.0	0.0
hgt	93	GCF.000025525.1.Archaea.Methanobacteriota.A	2781.775	0.0	1390.8875	2937.35	2626.2	0.0	0.0	1468.675
hgt	88	87	2221.93	2144.39	2183.16	2396.19	2047.67	2323.79	1964.99	2180.59
los	None	dead	0.0	0.0	0.0	0.0	0.0	0.0	0.0	0.0
spe	88	87	2221.93	2144.39	2183.16	2396.19	2047.67	2323.79	1964.99	2180.59
spe	87	86	2144.39	2014.745	2079.5675	2323.79	1964.99	2208.35	1821.14	2072.465
los	86	GCA.001412335.1.Archaea.Halobacteriota	2014.745	0.0	1007.3725	2208.35	1821.14	0.0	0.0	1104.175
spe	86	84	2014.745	1868.445	1941.595	2208.35	1821.14	2080.58	1656.31	1932.33
los	84	GCF.000011005.1.Archaea.Euryarchaeota	1868.445	0.0	934.2225	2080.58	1656.31	0.0	0.0	1040.29
