event	left_node	right_node	left_date	right_date	midpoint_date
spe	389	388	2948.12	2845.905	2897.0125
spe	388	376	2845.905	2638.94	2742.4225
hgt	1651	GCA.003242895.1.Bacteria.Margulisbacteria	2569.225	0.0	1284.6125
los	376	374	2638.94	2303.81	2471.375
spe	388	387	2845.905	2737.525	2791.715
spe	387	383	2737.525	2480.61	2609.0675
hgt	320	GCA.003245715.1.Bacteria.Planctomycetota	2697.03	0.0	1348.515
los	383	381	2480.61	2192.73	2336.67
hgt	None	dead	0.0	0.0	0.0
spe	387	386	2737.525	2547.685	2642.605
los	386	GCA.002450905.1.Bacteria.Spirochaetota	2547.685	0.0	1273.8425
dup	None	dead	0.0	0.0	0.0
hgt	854	850	2738.145	2713.455	2725.8
los	None	dead	0.0	0.0	0.0
hgt	None	dead	0.0	0.0	0.0
hgt	932	GCA.002414805.1.Bacteria.Fibrobacterota	2324.52	0.0	1162.26
los	None	dead	0.0	0.0	0.0
spe	854	850	2738.145	2713.455	2725.8
hgt	887	886	2727.215	2570.925	2649.07
spe	850	849	2713.455	2490.935	2602.195
los	849	GCA.001896555.1.Bacteria.Desulfobacterota	2490.935	0.0	1245.4675
spe	887	886	2727.215	2570.925	2649.07
spe	886	885	2570.925	2490.35	2530.6375
los	885	877	2490.35	2406.095	2448.2225
spe	885	884	2490.35	2409.27	2449.81
los	884	883	2409.27	2107.355	2258.3125
spe	884	880	2409.27	2202.89	2306.08
los	880	GCA.001577715.1.Bacteria.Desulfobacterota	2202.89	0.0	1101.445
spe	886	874	2570.925	2502.96	2536.9425
spe	874	868	2502.96	2357.855	2430.4075
los	868	866	2357.855	2095.425	2226.64
spe	874	873	2502.96	2374.525	2438.7425
los	873	GCA.002011835.1.Bacteria.Desulfobacterota	2374.525	0.0	1187.2625
spe	873	871	2374.525	2172.555	2273.54
los	871	GCA.002899795.1.Bacteria.Desulfobacterota	2172.555	0.0	1086.2775
hgt	None	dead	0.0	0.0	0.0
spe	850	846	2713.455	2541.4	2627.4275
los	846	GCA.002327765.1.Bacteria.Desulfobacterota.E	2541.4	0.0	1270.7
hgt	None	dead	0.0	0.0	0.0
hgt	None	dead	0.0	0.0	0.0
hgt	396	GCF.000177635.2.Bacteria.Chrysiogenota	2831.62	0.0	1415.81
hgt	644	636	2211.125	2146.87	2178.9975
los	None	dead	0.0	0.0	0.0
spe	644	636	2211.125	2146.87	2178.9975
hgt	None	dead	0.0	0.0	0.0
hgt	542	GCA.002352565.1.Bacteria.Proteobacteria	2266.915	0.0	1133.4575
hgt	519	GCF.002109495.1.Bacteria.Proteobacteria	2801.035	0.0	1400.5175
los	None	dead	0.0	0.0	0.0
hgt	406	GCA.001872725.1.Bacteria.Proteobacteria	2769.905	0.0	1384.9525
hgt	None	dead	0.0	0.0	0.0
spe	636	634	2146.87	2007.49	2077.18
los	634	GCF.002020875.1.Bacteria.Proteobacteria	2007.49	0.0	1003.745
hgt	536	GCF.900111015.1.Bacteria.Proteobacteria	2343.3	0.0	1171.65
hgt	None	dead	0.0	0.0	0.0
hgt	None	dead	0.0	0.0	0.0
hgt	568	GCA.002862435.1.Bacteria.Proteobacteria	2035.48	0.0	1017.74
hgt	498	GCF.000192575.1.Bacteria.Proteobacteria	1734.36	0.0	867.18
los	None	dead	0.0	0.0	0.0
hgt	495	GCF.003173035.1.Bacteria.Proteobacteria	1736.875	0.0	868.4375
hgt	463	462	1889.86	1641.635	1765.7475
los	None	dead	0.0	0.0	0.0
spe	463	462	1889.86	1641.635	1765.7475
hgt	837	GCA.001768075.1.Bacteria.Myxococcota	2276.83	0.0	1138.415
hgt	458	GCA.002340345.1.Bacteria.Proteobacteria	2053.74	0.0	1026.87
los	None	dead	0.0	0.0	0.0
hgt	736	GCA.001803795.1.Bacteria.Nitrospirota	2435.77	0.0	1217.885
hgt	1720	1719	2606.445	2506.285	2556.365
hgt	720	GCA.002347965.1.Bacteria.UBA2233	2734.075	0.0	1367.0375
hgt	1323	1319	2478.3	2388.655	2433.4775
los	None	dead	0.0	0.0	0.0
spe	1323	1319	2478.3	2388.655	2433.4775
spe	1319	1318	2388.655	2305.29	2346.9725
los	1318	1317	2305.29	1778.785	2042.0375
spe	1318	1312	2305.29	2058.365	2181.8275
los	1312	GCF.002607855.1.Bacteria.Firmicutes.B	2058.365	0.0	1029.1825
spe	1720	1719	2606.445	2506.285	2556.365
spe	1719	1718	2506.285	2393.24	2449.7625
los	1718	1717	2393.24	2268.17	2330.705
spe	1718	1704	2393.24	2299.84	2346.54
los	1704	1672	2299.84	2154.84	2227.34
spe	1704	1703	2299.84	2220.145	2259.9925
spe	1703	1679	2220.145	2001.685	2110.915
los	1679	GCF.000473895.1.Bacteria.Cyanobacteria	2001.685	0.0	1000.8425
spe	1679	1678	2001.685	1122.4185	1562.05175
spe	1678	1676	1122.4185	295.292	708.85525
spe	1703	1702	2220.145	2160.51	2190.3275
los	1702	GCF.003838225.1.Bacteria.Cyanobacteria	2160.51	0.0	1080.255
spe	1702	1701	2160.51	2117.68	2139.095
los	1701	1685	2117.68	2011.14	2064.41
spe	1701	1700	2117.68	2037.95	2077.815
spe	1700	1699	2037.95	1966.585	2002.2675
los	1699	GCF.000317045.1.Bacteria.Cyanobacteria	1966.585	0.0	983.2925
spe	1699	1698	1966.585	1629.64	1798.1125
spe	1698	1692	1629.64	247.20855	938.42428
los	1692	Richelia.intracellularis.HM01	247.20855	0.0	123.60428
spe	1698	1697	1629.64	1386.915	1508.2775
dup	1697	1695	1386.915	955.3765	1171.14575
spe	1697	1695	1386.915	955.3765	1171.14575
los	1695	Nostoc.sp.PCC7120	955.3765	0.0	477.68825
spe	1697	1695	1386.915	955.3765	1171.14575
spe	1700	1688	2037.95	1799.565	1918.7575
hgt	1173	GCA.002897715.1.Bacteria.Actinobacteriota	2194.99	0.0	1097.495
hgt	84	GCF.000970205.1.Archaea.Halobacteriota	1868.445	0.0	934.2225
hgt	1285	1281	1868.68	1642.245	1755.4625
los	None	dead	0.0	0.0	0.0
spe	1285	1281	1868.68	1642.245	1755.4625
spe	1281	1280	1642.245	1441.56	1541.9025
hgt	1350	GCF.001742305.1.Bacteria.Firmicutes	1969.515	0.0	984.7575
hgt	None	dead	0.0	0.0	0.0
hgt	1288	GCA.002411145.1.Bacteria.Firmicutes.C	2207.725	0.0	1103.8625
hgt	1312	GCF.002607855.1.Bacteria.Firmicutes.B	2058.365	0.0	1029.1825
los	None	dead	0.0	0.0	0.0
hgt	297	293	2620.58	2421.68	2521.13
los	None	dead	0.0	0.0	0.0
spe	297	293	2620.58	2421.68	2521.13
hgt	None	dead	0.0	0.0	0.0
hgt	883	GCA.000961655.1.Bacteria.Desulfobacterota	2107.355	0.0	1053.6775
hgt	895	GCA.000739515.1.Bacteria.Moduliflexota	2668.13	0.0	1334.065
los	None	dead	0.0	0.0	0.0
hgt	239	GCA.003158755.1.Bacteria.Elusimicrobiota	2146.715	0.0	1073.3575
hgt	332	GCA.002704825.1.Bacteria.Planctomycetota	1728.22	0.0	864.11
