event	left_node	right_node	left_date	right_date	midpoint_date
spe	889	888	2916.985	2827.975	2872.48
spe	888	887	2827.975	2727.215	2777.595
los	887	863	2727.215	2597.055	2662.135
spe	887	886	2727.215	2570.925	2649.07
spe	886	874	2570.925	2502.96	2536.9425
hgt	None	dead	0.0	0.0	0.0
los	874	873	2502.96	2374.525	2438.7425
hgt	932	GCA.002414805.1.Bacteria.Fibrobacterota	2324.52	0.0	1162.26
los	None	dead	0.0	0.0	0.0
dup	932	GCA.002414805.1.Bacteria.Fibrobacterota	2324.52	0.0	1162.26
spe	874	868	2502.96	2357.855	2430.4075
hgt	293	GCA.002429065.1.Bacteria.Verrucomicrobiota	2421.68	0.0	1210.84
los	868	866	2357.855	2095.425	2226.64
hgt	332	GCA.002704825.1.Bacteria.Planctomycetota	1728.22	0.0	864.11
hgt	320	GCA.003245715.1.Bacteria.Planctomycetota	2697.03	0.0	1348.515
spe	886	885	2570.925	2490.35	2530.6375
los	885	877	2490.35	2406.095	2448.2225
spe	885	884	2490.35	2409.27	2449.81
spe	884	883	2409.27	2107.355	2258.3125
los	883	GCA.001751085.1.Bacteria.Desulfobacterota	2107.355	0.0	1053.6775
spe	884	880	2409.27	2202.89	2306.08
hgt	383	GCA.001829315.1.Bacteria.Spirochaetota	2480.61	0.0	1240.305
los	880	GCA.001577715.1.Bacteria.Desulfobacterota	2202.89	0.0	1101.445
hgt	895	GCA.000739515.1.Bacteria.Moduliflexota	2668.13	0.0	1334.065
hgt	871	GCA.007244385.1.Bacteria.Desulfobacterota	2172.555	0.0	1086.2775
spe	888	854	2827.975	2738.145	2783.06
spe	854	850	2738.145	2713.455	2725.8
hgt	397	GCF.000526155.1.Bacteria.Desulfobacterota	3038.98	0.0	1519.49
los	850	846	2713.455	2541.4	2627.4275
spe	850	849	2713.455	2490.935	2602.195
los	849	GCA.001896555.1.Bacteria.Desulfobacterota	2490.935	0.0	1245.4675
hgt	1652	1651	2760.21	2569.225	2664.7175
spe	854	853	2738.145	2576.375	2657.26
hgt	None	dead	0.0	0.0	0.0
hgt	1285	1281	1868.68	1642.245	1755.4625
los	None	dead	0.0	0.0	0.0
spe	1285	1281	1868.68	1642.245	1755.4625
spe	1281	1280	1642.245	1441.56	1541.9025
los	1280	GCF.900104455.1.Bacteria.Firmicutes.C	1441.56	0.0	720.78
hgt	1271	1270	2346.495	2201.025	2273.76
hgt	1419	GCA.002367275.1.Bacteria.Chloroflexota	2163.145	0.0	1081.5725
hgt	1173	GCA.002897715.1.Bacteria.Actinobacteriota	2194.99	0.0	1097.495
hgt	84	GCF.000970205.1.Archaea.Halobacteriota	1868.445	0.0	934.2225
spe	1271	1270	2346.495	2201.025	2273.76
spe	1270	1269	2201.025	2051.8	2126.4125
los	1269	1268	2051.8	1820.865	1936.3325
spe	1270	1264	2201.025	1943.29	2072.1575
spe	1264	1263	1943.29	1696.805	1820.0475
los	1263	GCA.002308775.1.Bacteria.Firmicutes.A	1696.805	0.0	848.4025
hgt	1323	1319	2478.3	2388.655	2433.4775
los	853	GCA.001797415.1.Bacteria.Desulfobacterota	2576.375	0.0	1288.1875
spe	1323	1319	2478.3	2388.655	2433.4775
spe	1319	1318	2388.655	2305.29	2346.9725
los	1318	1317	2305.29	1778.785	2042.0375
spe	1318	1312	2305.29	2058.365	2181.8275
los	1312	GCF.000019165.1.Bacteria.Firmicutes.B	2058.365	0.0	1029.1825
hgt	736	GCA.001803795.1.Bacteria.Nitrospirota	2435.77	0.0	1217.885
hgt	1718	1704	2393.24	2299.84	2346.54
hgt	720	GCA.002347965.1.Bacteria.UBA2233	2734.075	0.0	1367.0375
spe	1718	1704	2393.24	2299.84	2346.54
spe	1704	1672	2299.84	2154.84	2227.34
los	1672	GCF.000015965.1.Bacteria.Cyanobacteria	2154.84	0.0	1077.42
spe	1704	1703	2299.84	2220.145	2259.9925
spe	1703	1702	2220.145	2160.51	2190.3275
los	1702	GCF.003838225.1.Bacteria.Cyanobacteria	2160.51	0.0	1080.255
spe	1702	1701	2160.51	2117.68	2139.095
spe	1701	1685	2117.68	2011.14	2064.41
los	1685	GCF.000018105.1.Bacteria.Cyanobacteria	2011.14	0.0	1005.57
spe	1685	1684	2011.14	1851.405	1931.2725
los	1684	GCA.001698445.1.Bacteria.Cyanobacteria	1851.405	0.0	925.7025
spe	1701	1700	2117.68	2037.95	2077.815
spe	1700	1699	2037.95	1966.585	2002.2675
hgt	1695	Nostoc.sp.PCC7120	955.3765	0.0	477.68825
los	1699	GCF.000317045.1.Bacteria.Cyanobacteria	1966.585	0.0	983.2925
spe	1699	1698	1966.585	1629.64	1798.1125
los	1698	1692	1629.64	247.20855	938.42428
spe	1698	1697	1629.64	1386.915	1508.2775
spe	1697	1695	1386.915	955.3765	1171.14575
dup	1695	GCF.000020025.1.Bacteria.Cyanobacteria	955.3765	0.0	477.68825
dup	1695	GCF.000020025.1.Bacteria.Cyanobacteria	955.3765	0.0	477.68825
spe	1700	1688	2037.95	1799.565	1918.7575
spe	1703	1679	2220.145	2001.685	2110.915
los	1679	GCF.000473895.1.Bacteria.Cyanobacteria	2001.685	0.0	1000.8425
spe	1679	1678	2001.685	1122.4185	1562.05175
spe	1678	1676	1122.4185	295.292	708.85525
hgt	463	462	1889.86	1641.635	1765.7475
hgt	568	GCA.002862435.1.Bacteria.Proteobacteria	2035.48	0.0	1017.74
hgt	634	GCF.001697225.1.Bacteria.Proteobacteria	2007.49	0.0	1003.745
hgt	498	GCF.000192575.1.Bacteria.Proteobacteria	1734.36	0.0	867.18
hgt	536	GCF.900111015.1.Bacteria.Proteobacteria	2343.3	0.0	1171.65
spe	463	462	1889.86	1641.635	1765.7475
hgt	495	GCF.003173035.1.Bacteria.Proteobacteria	1736.875	0.0	868.4375
hgt	458	GCA.002340345.1.Bacteria.Proteobacteria	2053.74	0.0	1026.87
hgt	None	dead	0.0	0.0	0.0
hgt	293	GCA.003246265.1.Bacteria.Verrucomicrobiota	2421.68	0.0	1210.84
los	None	dead	0.0	0.0	0.0
hgt	376	GCA.002418835.1.Bacteria.Spirochaetota	2638.94	0.0	1319.47
spe	1652	1651	2760.21	2569.225	2664.7175
