event	left_node	right_node	left_date	right_date	midpoint_date	left_date_lower	left_date_upper	right_date_lower	right_date_upper	midpoint_date_all
spe	899	743	3089.895	3035.675	3062.785	3234.81	2944.98	3181.51	2889.84	3062.325
spe	743	721	3035.675	2908.09	2971.8825	3181.51	2889.84	3069.2	2746.98	2964.245
spe	721	720	2908.09	2734.075	2821.0825	3069.2	2746.98	2916.96	2551.19	2810.195
los	720	GCA.001775255.1.Bacteria.Desulfobacterota.D	2734.075	0.0	1367.0375	2916.96	2551.19	0.0	0.0	1458.48
hgt	None	dead	0.0	0.0	0.0	0.0	0.0	0.0	0.0	0.0
dup	None	dead	0.0	0.0	0.0	0.0	0.0	0.0	0.0	0.0
hgt	1173	GCA.002897715.1.Bacteria.Actinobacteriota	2194.99	0.0	1097.495	2420.07	1969.91	0.0	0.0	1210.035
los	None	dead	0.0	0.0	0.0	0.0	0.0	0.0	0.0	0.0
hgt	84	GCF.000970205.1.Archaea.Halobacteriota	1868.445	0.0	934.2225	2080.58	1656.31	0.0	0.0	1040.29
los	None	dead	0.0	0.0	0.0	0.0	0.0	0.0	0.0	0.0
hgt	None	dead	0.0	0.0	0.0	0.0	0.0	0.0	0.0	0.0
dup	None	dead	0.0	0.0	0.0	0.0	0.0	0.0	0.0	0.0
hgt	1271	1270	2346.495	2201.025	2273.76	2509.82	2183.17	2375.75	2026.3	2268.06
los	None	dead	0.0	0.0	0.0	0.0	0.0	0.0	0.0	0.0
spe	1271	1270	2346.495	2201.025	2273.76	2509.82	2183.17	2375.75	2026.3	2268.06
spe	1270	1269	2201.025	2051.8	2126.4125	2375.75	2026.3	2236.36	1867.24	2121.495
los	1269	1268	2051.8	1820.865	1936.3325	2236.36	1867.24	2051.67	1590.06	1913.21
spe	1270	1264	2201.025	1943.29	2072.1575	2375.75	2026.3	2150.5	1736.08	2055.915
los	1264	GCA.900317035.1.Bacteria.Firmicutes.A	1943.29	0.0	971.645	2150.5	1736.08	0.0	0.0	1075.25
spe	1264	1263	1943.29	1696.805	1820.0475	2150.5	1736.08	1935.53	1458.08	1804.29
los	1263	GCA.002308775.1.Bacteria.Firmicutes.A	1696.805	0.0	848.4025	1935.53	1458.08	0.0	0.0	967.765
hgt	389	388	2948.12	2845.905	2897.0125	3102.94	2793.3	3007.1	2684.71	2893.825
los	None	dead	0.0	0.0	0.0	0.0	0.0	0.0	0.0	0.0
hgt	None	dead	0.0	0.0	0.0	0.0	0.0	0.0	0.0	0.0
hgt	1350	GCF.001742305.1.Bacteria.Firmicutes	1969.515	0.0	984.7575	2159.85	1779.18	0.0	0.0	1079.925
los	None	dead	0.0	0.0	0.0	0.0	0.0	0.0	0.0	0.0
hgt	None	dead	0.0	0.0	0.0	0.0	0.0	0.0	0.0	0.0
hgt	1285	1281	1868.68	1642.245	1755.4625	2085.73	1651.63	1876.63	1407.86	1746.795
los	None	dead	0.0	0.0	0.0	0.0	0.0	0.0	0.0	0.0
spe	1285	1281	1868.68	1642.245	1755.4625	2085.73	1651.63	1876.63	1407.86	1746.795
spe	1281	1280	1642.245	1441.56	1541.9025	1876.63	1407.86	1709.78	1173.34	1524.985
hgt	None	dead	0.0	0.0	0.0	0.0	0.0	0.0	0.0	0.0
hgt	849	GCF.000266945.1.Bacteria.Desulfobacterota	2490.935	0.0	1245.4675	2688.39	2293.48	0.0	0.0	1344.195
los	None	dead	0.0	0.0	0.0	0.0	0.0	0.0	0.0	0.0
spe	389	388	2948.12	2845.905	2897.0125	3102.94	2793.3	3007.1	2684.71	2893.825
spe	388	376	2845.905	2638.94	2742.4225	3007.1	2684.71	2822.05	2455.83	2731.465
hgt	None	dead	0.0	0.0	0.0	0.0	0.0	0.0	0.0	0.0
los	376	374	2638.94	2303.81	2471.375	2822.05	2455.83	2531.31	2076.31	2449.18
hgt	397	GCF.000526155.1.Bacteria.Desulfobacterota	3038.98	0.0	1519.49	3186.65	2891.31	0.0	0.0	1593.325
los	None	dead	0.0	0.0	0.0	0.0	0.0	0.0	0.0	0.0
spe	388	387	2845.905	2737.525	2791.715	3007.1	2684.71	2906.8	2568.25	2787.675
hgt	None	dead	0.0	0.0	0.0	0.0	0.0	0.0	0.0	0.0
spe	387	383	2737.525	2480.61	2609.0675	2906.8	2568.25	2682.35	2278.87	2592.835
hgt	None	dead	0.0	0.0	0.0	0.0	0.0	0.0	0.0	0.0
los	383	381	2480.61	2192.73	2336.67	2682.35	2278.87	2425.63	1959.83	2321.09
hgt	895	GCA.000739515.1.Bacteria.Moduliflexota	2668.13	0.0	1334.065	2862.76	2473.5	0.0	0.0	1431.38
los	None	dead	0.0	0.0	0.0	0.0	0.0	0.0	0.0	0.0
hgt	887	886	2727.215	2570.925	2649.07	2881.55	2572.88	2733.26	2408.59	2645.07
los	None	dead	0.0	0.0	0.0	0.0	0.0	0.0	0.0	0.0
spe	887	886	2727.215	2570.925	2649.07	2881.55	2572.88	2733.26	2408.59	2645.07
spe	886	874	2570.925	2502.96	2536.9425	2733.26	2408.59	2671.83	2334.09	2533.675
los	874	873	2502.96	2374.525	2438.7425	2671.83	2334.09	2555.16	2193.89	2432.86
spe	874	868	2502.96	2357.855	2430.4075	2671.83	2334.09	2546.99	2168.72	2420.275
los	868	866	2357.855	2095.425	2226.64	2546.99	2168.72	2320.01	1870.84	2208.915
spe	886	885	2570.925	2490.35	2530.6375	2733.26	2408.59	2660.72	2319.98	2526.62
los	885	877	2490.35	2406.095	2448.2225	2660.72	2319.98	2589.76	2222.43	2441.575
spe	885	884	2490.35	2409.27	2449.81	2660.72	2319.98	2585.68	2232.86	2446.79
spe	884	880	2409.27	2202.89	2306.08	2585.68	2232.86	2408.81	1996.97	2291.325
los	880	GCA.001577715.1.Bacteria.Desulfobacterota	2202.89	0.0	1101.445	2408.81	1996.97	0.0	0.0	1204.405
spe	884	883	2409.27	2107.355	2258.3125	2585.68	2232.86	2320.43	1894.28	2239.98
hgt	None	dead	0.0	0.0	0.0	0.0	0.0	0.0	0.0	0.0
los	883	GCA.001751085.1.Bacteria.Desulfobacterota	2107.355	0.0	1053.6775	2320.43	1894.28	0.0	0.0	1160.215
hgt	871	GCA.007244385.1.Bacteria.Desulfobacterota	2172.555	0.0	1086.2775	2382.24	1962.87	0.0	0.0	1191.12
los	None	dead	0.0	0.0	0.0	0.0	0.0	0.0	0.0	0.0
hgt	None	dead	0.0	0.0	0.0	0.0	0.0	0.0	0.0	0.0
spe	387	386	2737.525	2547.685	2642.605	2906.8	2568.25	2749.56	2345.81	2626.305
hgt	None	dead	0.0	0.0	0.0	0.0	0.0	0.0	0.0	0.0
los	386	GCA.002450905.1.Bacteria.Spirochaetota	2547.685	0.0	1273.8425	2749.56	2345.81	0.0	0.0	1374.78
dup	None	dead	0.0	0.0	0.0	0.0	0.0	0.0	0.0	0.0
hgt	1651	GCA.003242895.1.Bacteria.Margulisbacteria	2569.225	0.0	1284.6125	2778.38	2360.07	0.0	0.0	1389.19
los	None	dead	0.0	0.0	0.0	0.0	0.0	0.0	0.0	0.0
hgt	239	GCA.003158755.1.Bacteria.Elusimicrobiota	2146.715	0.0	1073.3575	2343.88	1949.55	0.0	0.0	1171.94
los	None	dead	0.0	0.0	0.0	0.0	0.0	0.0	0.0	0.0
hgt	297	293	2620.58	2421.68	2521.13	2795.06	2446.1	2621.74	2221.62	2508.34
los	None	dead	0.0	0.0	0.0	0.0	0.0	0.0	0.0	0.0
spe	297	293	2620.58	2421.68	2521.13	2795.06	2446.1	2621.74	2221.62	2508.34
hgt	None	dead	0.0	0.0	0.0	0.0	0.0	0.0	0.0	0.0
hgt	932	GCA.002414805.1.Bacteria.Fibrobacterota	2324.52	0.0	1162.26	2547.45	2101.59	0.0	0.0	1273.725
los	None	dead	0.0	0.0	0.0	0.0	0.0	0.0	0.0	0.0
hgt	None	dead	0.0	0.0	0.0	0.0	0.0	0.0	0.0	0.0
hgt	332	GCA.002704825.1.Bacteria.Planctomycetota	1728.22	0.0	864.11	1979.25	1477.19	0.0	0.0	989.625
los	None	dead	0.0	0.0	0.0	0.0	0.0	0.0	0.0	0.0
hgt	None	dead	0.0	0.0	0.0	0.0	0.0	0.0	0.0	0.0
hgt	320	GCA.003245715.1.Bacteria.Planctomycetota	2697.03	0.0	1348.515	2876.69	2517.37	0.0	0.0	1438.345
los	None	dead	0.0	0.0	0.0	0.0	0.0	0.0	0.0	0.0
hgt	None	dead	0.0	0.0	0.0	0.0	0.0	0.0	0.0	0.0
hgt	265	GCA.003501375.1.Bacteria.Sumerlaeota	2505.165	0.0	1252.5825	2750.37	2259.96	0.0	0.0	1375.185
los	None	dead	0.0	0.0	0.0	0.0	0.0	0.0	0.0	0.0
hgt	None	dead	0.0	0.0	0.0	0.0	0.0	0.0	0.0	0.0
hgt	93	GCF.000025525.1.Archaea.Methanobacteriota.A	2781.775	0.0	1390.8875	2937.35	2626.2	0.0	0.0	1468.675
los	None	dead	0.0	0.0	0.0	0.0	0.0	0.0	0.0	0.0
hgt	None	dead	0.0	0.0	0.0	0.0	0.0	0.0	0.0	0.0
dup	None	dead	0.0	0.0	0.0	0.0	0.0	0.0	0.0	0.0
hgt	1292	GCF.001950325.1.Bacteria.Firmicutes.B	2370.88	0.0	1185.44	2569.61	2172.15	0.0	0.0	1284.805
los	None	dead	0.0	0.0	0.0	0.0	0.0	0.0	0.0	0.0
dup	None	dead	0.0	0.0	0.0	0.0	0.0	0.0	0.0	0.0
hgt	1419	GCA.002367275.1.Bacteria.Chloroflexota	2163.145	0.0	1081.5725	2372.76	1953.53	0.0	0.0	1186.38
los	None	dead	0.0	0.0	0.0	0.0	0.0	0.0	0.0	0.0
hgt	1305	GCF.002207765.1.Bacteria.Firmicutes.B	2012.42	0.0	1006.21	2240.7	1784.14	0.0	0.0	1120.35
los	None	dead	0.0	0.0	0.0	0.0	0.0	0.0	0.0	0.0
spe	743	742	3035.675	2922.825	2979.25	3181.51	2889.84	3076.13	2769.52	2975.515
los	742	741	2922.825	2582.55	2752.6875	3076.13	2769.52	2791.15	2373.95	2725.04
spe	742	738	2922.825	2756.645	2839.735	3076.13	2769.52	2919.0	2594.29	2835.21
los	738	728	2756.645	2549.51	2653.0775	2919.0	2594.29	2740.21	2358.81	2638.905
spe	738	737	2756.645	2630.42	2693.5325	2919.0	2594.29	2810.4	2450.44	2684.72
hgt	None	dead	0.0	0.0	0.0	0.0	0.0	0.0	0.0	0.0
hgt	659	GCA.000830255.1.Bacteria.Campylobacterota	2073.72	0.0	1036.86	2328.01	1819.43	0.0	0.0	1164.005
los	None	dead	0.0	0.0	0.0	0.0	0.0	0.0	0.0	0.0
hgt	None	dead	0.0	0.0	0.0	0.0	0.0	0.0	0.0	0.0
hgt	None	dead	0.0	0.0	0.0	0.0	0.0	0.0	0.0	0.0
spe	737	736	2630.42	2435.77	2533.095	2810.4	2450.44	2649.26	2222.28	2516.34
los	736	GCA.003454665.1.Bacteria.Nitrospirota	2435.77	0.0	1217.885	2649.26	2222.28	0.0	0.0	1324.63
hgt	None	dead	0.0	0.0	0.0	0.0	0.0	0.0	0.0	0.0
dup	None	dead	0.0	0.0	0.0	0.0	0.0	0.0	0.0	0.0
hgt	634	GCF.001697225.1.Bacteria.Proteobacteria	2007.49	0.0	1003.745	2185.15	1829.83	0.0	0.0	1092.575
los	None	dead	0.0	0.0	0.0	0.0	0.0	0.0	0.0	0.0
hgt	568	GCA.002862435.1.Bacteria.Proteobacteria	2035.48	0.0	1017.74	2214.09	1856.87	0.0	0.0	1107.045
los	None	dead	0.0	0.0	0.0	0.0	0.0	0.0	0.0	0.0
hgt	None	dead	0.0	0.0	0.0	0.0	0.0	0.0	0.0	0.0
hgt	498	GCF.000192575.1.Bacteria.Proteobacteria	1734.36	0.0	867.18	1926.5	1542.22	0.0	0.0	963.25
los	None	dead	0.0	0.0	0.0	0.0	0.0	0.0	0.0	0.0
hgt	536	GCF.900111015.1.Bacteria.Proteobacteria	2343.3	0.0	1171.65	2502.24	2184.36	0.0	0.0	1251.12
los	None	dead	0.0	0.0	0.0	0.0	0.0	0.0	0.0	0.0
hgt	None	dead	0.0	0.0	0.0	0.0	0.0	0.0	0.0	0.0
hgt	483	482	2221.01	2151.75	2186.38	2370.99	2071.03	2305.03	1998.47	2184.73
los	None	dead	0.0	0.0	0.0	0.0	0.0	0.0	0.0	0.0
spe	483	482	2221.01	2151.75	2186.38	2370.99	2071.03	2305.03	1998.47	2184.73
spe	482	458	2151.75	2053.74	2102.745	2305.03	1998.47	2214.88	1892.6	2098.815
los	458	456	2053.74	1898.57	1976.155	2214.88	1892.6	2073.0	1724.14	1969.51
spe	482	481	2151.75	2091.815	2121.7825	2305.03	1998.47	2249.28	1934.35	2119.69
los	481	480	2091.815	1990.065	2040.94	2249.28	1934.35	2158.12	1822.01	2035.645
spe	481	469	2091.815	2003.935	2047.875	2249.28	1934.35	2168.56	1839.31	2044.295
los	469	468	2003.935	1847.82	1925.8775	2168.56	1839.31	2029.0	1666.64	1917.6
spe	469	463	2003.935	1889.86	1946.8975	2168.56	1839.31	2062.81	1716.91	1942.735
los	463	GCF.002251795.1.Bacteria.Proteobacteria	1889.86	0.0	944.93	2062.81	1716.91	0.0	0.0	1031.405
spe	463	462	1889.86	1641.635	1765.7475	2062.81	1716.91	1844.48	1438.79	1750.8
hgt	None	dead	0.0	0.0	0.0	0.0	0.0	0.0	0.0	0.0
hgt	495	GCF.003173035.1.Bacteria.Proteobacteria	1736.875	0.0	868.4375	1936.33	1537.42	0.0	0.0	968.165
los	None	dead	0.0	0.0	0.0	0.0	0.0	0.0	0.0	0.0
dup	None	dead	0.0	0.0	0.0	0.0	0.0	0.0	0.0	0.0
hgt	406	GCA.001872725.1.Bacteria.Proteobacteria	2769.905	0.0	1384.9525	2921.46	2618.35	0.0	0.0	1460.73
los	None	dead	0.0	0.0	0.0	0.0	0.0	0.0	0.0	0.0
hgt	None	dead	0.0	0.0	0.0	0.0	0.0	0.0	0.0	0.0
hgt	551	GCA.002699105.1.Bacteria.Bacteroidota	1711.785	0.0	855.8925	1939.79	1483.78	0.0	0.0	969.895
los	None	dead	0.0	0.0	0.0	0.0	0.0	0.0	0.0	0.0
hgt	None	dead	0.0	0.0	0.0	0.0	0.0	0.0	0.0	0.0
dup	None	dead	0.0	0.0	0.0	0.0	0.0	0.0	0.0	0.0
hgt	565	GCF.002958735.1.Bacteria.Proteobacteria	2067.745	0.0	1033.8725	2247.81	1887.68	0.0	0.0	1123.905
los	None	dead	0.0	0.0	0.0	0.0	0.0	0.0	0.0	0.0
hgt	519	GCF.002109495.1.Bacteria.Proteobacteria	2801.035	0.0	1400.5175	2944.12	2657.95	0.0	0.0	1472.06
los	None	dead	0.0	0.0	0.0	0.0	0.0	0.0	0.0	0.0
dup	None	dead	0.0	0.0	0.0	0.0	0.0	0.0	0.0	0.0
hgt	636	GCA.002840095.1.Bacteria.Proteobacteria	2146.87	0.0	1073.435	2302.89	1990.85	0.0	0.0	1151.445
los	None	dead	0.0	0.0	0.0	0.0	0.0	0.0	0.0	0.0
hgt	542	GCA.002352565.1.Bacteria.Proteobacteria	2266.915	0.0	1133.4575	2432.28	2101.55	0.0	0.0	1216.14
los	None	dead	0.0	0.0	0.0	0.0	0.0	0.0	0.0	0.0
hgt	None	dead	0.0	0.0	0.0	0.0	0.0	0.0	0.0	0.0
hgt	1703	1702	2220.145	2160.51	2190.3275	2317.57	2122.72	2257.39	2063.63	2190.6
los	None	dead	0.0	0.0	0.0	0.0	0.0	0.0	0.0	0.0
spe	1703	1702	2220.145	2160.51	2190.3275	2317.57	2122.72	2257.39	2063.63	2190.6
spe	1702	1701	2160.51	2117.68	2139.095	2257.39	2063.63	2210.97	2024.39	2140.89
spe	1701	1700	2117.68	2037.95	2077.815	2210.97	2024.39	2130.46	1945.44	2078.205
spe	1700	1699	2037.95	1966.585	2002.2675	2130.46	1945.44	2051.72	1881.45	2005.955
hgt	None	dead	0.0	0.0	0.0	0.0	0.0	0.0	0.0	0.0
los	1699	GCF.000317045.1.Bacteria.Cyanobacteria	1966.585	0.0	983.2925	2051.72	1881.45	0.0	0.0	1025.86
hgt	1695	GCF.000020025.1.Bacteria.Cyanobacteria	955.3765	0.0	477.68825	1178.07	732.683	0.0	0.0	589.035
los	None	dead	0.0	0.0	0.0	0.0	0.0	0.0	0.0	0.0
spe	1699	1698	1966.585	1629.64	1798.1125	2051.72	1881.45	1658.88	1600.4	1826.06
spe	1698	1692	1629.64	247.20855	938.42428	1658.88	1600.4	402.821	91.5961	875.23805
spe	1698	1697	1629.64	1386.915	1508.2775	1658.88	1600.4	1498.21	1275.62	1467.25
spe	1697	1695	1386.915	955.3765	1171.14575	1498.21	1275.62	1178.07	732.683	1115.4465
los	1695	GCF.000020025.1.Bacteria.Cyanobacteria	955.3765	0.0	477.68825	1178.07	732.683	0.0	0.0	589.035
hgt	None	dead	0.0	0.0	0.0	0.0	0.0	0.0	0.0	0.0
spe	1700	1688	2037.95	1799.565	1918.7575	2130.46	1945.44	1942.05	1657.08	1893.77
hgt	None	dead	0.0	0.0	0.0	0.0	0.0	0.0	0.0	0.0
hgt	1672	GCF.002251945.1.Bacteria.Cyanobacteria	2154.84	0.0	1077.42	2280.19	2029.49	0.0	0.0	1140.095
los	None	dead	0.0	0.0	0.0	0.0	0.0	0.0	0.0	0.0
hgt	1679	1678	2001.685	1122.4185	1562.05175	2133.82	1869.55	1385.17	859.667	1496.7435
los	None	dead	0.0	0.0	0.0	0.0	0.0	0.0	0.0	0.0
spe	1679	1678	2001.685	1122.4185	1562.05175	2133.82	1869.55	1385.17	859.667	1496.7435
spe	1678	1676	1122.4185	295.292	708.85525	1385.17	859.667	427.194	163.39	774.28
spe	1701	1685	2117.68	2011.14	2064.41	2210.97	2024.39	2124.52	1897.76	2054.365
los	1685	GCF.000018105.1.Bacteria.Cyanobacteria	2011.14	0.0	1005.57	2124.52	1897.76	0.0	0.0	1062.26
hgt	None	dead	0.0	0.0	0.0	0.0	0.0	0.0	0.0	0.0
hgt	1719	GCF.000013205.1.Bacteria.Cyanobacteria	2506.285	0.0	1253.1425	2604.85	2407.72	0.0	0.0	1302.425
los	None	dead	0.0	0.0	0.0	0.0	0.0	0.0	0.0	0.0
spe	1685	1684	2011.14	1851.405	1931.2725	2124.52	1897.76	1997.61	1705.2	1914.86
los	1684	GCA.001698445.1.Bacteria.Cyanobacteria	1851.405	0.0	925.7025	1997.61	1705.2	0.0	0.0	998.805
spe	737	733	2630.42	2275.95	2453.185	2810.4	2450.44	2503.33	2048.57	2429.485
spe	733	732	2275.95	2077.52	2176.735	2503.33	2048.57	2333.23	1821.81	2162.57
hgt	None	dead	0.0	0.0	0.0	0.0	0.0	0.0	0.0	0.0
los	732	GCA.002011735.1.Bacteria.Nitrospirota	2077.52	0.0	1038.76	2333.23	1821.81	0.0	0.0	1166.615
hgt	395	GCA.002402635.1.Bacteria.Deferribacterota	2049.66	0.0	1024.83	2351.06	1748.26	0.0	0.0	1175.53
los	None	dead	0.0	0.0	0.0	0.0	0.0	0.0	0.0	0.0
hgt	None	dead	0.0	0.0	0.0	0.0	0.0	0.0	0.0	0.0
hgt	749	GCA.003229375.1.Bacteria.Nitrospinota	2363.875	0.0	1181.9375	2575.43	2152.32	0.0	0.0	1287.715
los	None	dead	0.0	0.0	0.0	0.0	0.0	0.0	0.0	0.0
hgt	None	dead	0.0	0.0	0.0	0.0	0.0	0.0	0.0	0.0
dup	None	dead	0.0	0.0	0.0	0.0	0.0	0.0	0.0	0.0
hgt	853	GCA.003232385.1.Bacteria.SZUA.79	2576.375	0.0	1288.1875	2761.44	2391.31	0.0	0.0	1380.72
los	None	dead	0.0	0.0	0.0	0.0	0.0	0.0	0.0	0.0
dup	None	dead	0.0	0.0	0.0	0.0	0.0	0.0	0.0	0.0
hgt	846	GCF.001611275.1.Bacteria.Desulfobacterota	2541.4	0.0	1270.7	2725.16	2357.64	0.0	0.0	1362.58
los	None	dead	0.0	0.0	0.0	0.0	0.0	0.0	0.0	0.0
hgt	837	GCA.001768075.1.Bacteria.Myxococcota	2276.83	0.0	1138.415	2468.96	2084.7	0.0	0.0	1234.48
los	None	dead	0.0	0.0	0.0	0.0	0.0	0.0	0.0	0.0
hgt	None	dead	0.0	0.0	0.0	0.0	0.0	0.0	0.0	0.0
dup	None	dead	0.0	0.0	0.0	0.0	0.0	0.0	0.0	0.0
hgt	1319	GCF.900100785.1.Bacteria.Firmicutes.B	2388.655	0.0	1194.3275	2562.17	2215.14	0.0	0.0	1281.085
los	None	dead	0.0	0.0	0.0	0.0	0.0	0.0	0.0	0.0
dup	None	dead	0.0	0.0	0.0	0.0	0.0	0.0	0.0	0.0
hgt	1312	GCF.000019165.1.Bacteria.Firmicutes.B	2058.365	0.0	1029.1825	2278.56	1838.17	0.0	0.0	1139.28
los	None	dead	0.0	0.0	0.0	0.0	0.0	0.0	0.0	0.0
hgt	1288	GCA.002411145.1.Bacteria.Firmicutes.C	2207.725	0.0	1103.8625	2392.63	2022.82	0.0	0.0	1196.315
los	None	dead	0.0	0.0	0.0	0.0	0.0	0.0	0.0	0.0
