event	left_node	right_node	left_date	right_date	midpoint_date	left_date_lower	left_date_upper	right_date_lower	right_date_upper	midpoint_date_all
spe	889	888	2916.985	2827.975	2872.48	3062.93	2771.04	2977.09	2678.86	2870.895
spe	888	887	2827.975	2727.215	2777.595	2977.09	2678.86	2881.55	2572.88	2774.985
los	887	863	2727.215	2597.055	2662.135	2881.55	2572.88	2762.98	2431.13	2656.34
spe	887	886	2727.215	2570.925	2649.07	2881.55	2572.88	2733.26	2408.59	2645.07
spe	886	874	2570.925	2502.96	2536.9425	2733.26	2408.59	2671.83	2334.09	2533.675
hgt	None	dead	0.0	0.0	0.0	0.0	0.0	0.0	0.0	0.0
los	874	873	2502.96	2374.525	2438.7425	2671.83	2334.09	2555.16	2193.89	2432.86
hgt	932	GCA.002414805.1.Bacteria.Fibrobacterota	2324.52	0.0	1162.26	2547.45	2101.59	0.0	0.0	1273.725
los	None	dead	0.0	0.0	0.0	0.0	0.0	0.0	0.0	0.0
dup	932	GCA.002414805.1.Bacteria.Fibrobacterota	2324.52	0.0	1162.26	2547.45	2101.59	0.0	0.0	1273.725
spe	874	868	2502.96	2357.855	2430.4075	2671.83	2334.09	2546.99	2168.72	2420.275
hgt	293	GCA.002429065.1.Bacteria.Verrucomicrobiota	2421.68	0.0	1210.84	2621.74	2221.62	0.0	0.0	1310.87
los	868	866	2357.855	2095.425	2226.64	2546.99	2168.72	2320.01	1870.84	2208.915
hgt	332	GCA.002704825.1.Bacteria.Planctomycetota	1728.22	0.0	864.11	1979.25	1477.19	0.0	0.0	989.625
hgt	320	GCA.003245715.1.Bacteria.Planctomycetota	2697.03	0.0	1348.515	2876.69	2517.37	0.0	0.0	1438.345
spe	886	885	2570.925	2490.35	2530.6375	2733.26	2408.59	2660.72	2319.98	2526.62
los	885	877	2490.35	2406.095	2448.2225	2660.72	2319.98	2589.76	2222.43	2441.575
spe	885	884	2490.35	2409.27	2449.81	2660.72	2319.98	2585.68	2232.86	2446.79
spe	884	883	2409.27	2107.355	2258.3125	2585.68	2232.86	2320.43	1894.28	2239.98
los	883	GCA.001751085.1.Bacteria.Desulfobacterota	2107.355	0.0	1053.6775	2320.43	1894.28	0.0	0.0	1160.215
spe	884	880	2409.27	2202.89	2306.08	2585.68	2232.86	2408.81	1996.97	2291.325
hgt	383	GCA.001829315.1.Bacteria.Spirochaetota	2480.61	0.0	1240.305	2682.35	2278.87	0.0	0.0	1341.175
los	880	GCA.001577715.1.Bacteria.Desulfobacterota	2202.89	0.0	1101.445	2408.81	1996.97	0.0	0.0	1204.405
hgt	895	GCA.000739515.1.Bacteria.Moduliflexota	2668.13	0.0	1334.065	2862.76	2473.5	0.0	0.0	1431.38
hgt	871	GCA.007244385.1.Bacteria.Desulfobacterota	2172.555	0.0	1086.2775	2382.24	1962.87	0.0	0.0	1191.12
spe	888	854	2827.975	2738.145	2783.06	2977.09	2678.86	2894.15	2582.14	2779.615
spe	854	850	2738.145	2713.455	2725.8	2894.15	2582.14	2872.64	2554.27	2724.21
hgt	397	GCF.000526155.1.Bacteria.Desulfobacterota	3038.98	0.0	1519.49	3186.65	2891.31	0.0	0.0	1593.325
los	850	846	2713.455	2541.4	2627.4275	2872.64	2554.27	2725.16	2357.64	2615.14
spe	850	849	2713.455	2490.935	2602.195	2872.64	2554.27	2688.39	2293.48	2583.06
los	849	GCA.001896555.1.Bacteria.Desulfobacterota	2490.935	0.0	1245.4675	2688.39	2293.48	0.0	0.0	1344.195
hgt	1652	1651	2760.21	2569.225	2664.7175	2939.98	2580.44	2778.38	2360.07	2650.025
spe	854	853	2738.145	2576.375	2657.26	2894.15	2582.14	2761.44	2391.31	2642.73
hgt	None	dead	0.0	0.0	0.0	0.0	0.0	0.0	0.0	0.0
hgt	1285	1281	1868.68	1642.245	1755.4625	2085.73	1651.63	1876.63	1407.86	1746.795
los	None	dead	0.0	0.0	0.0	0.0	0.0	0.0	0.0	0.0
spe	1285	1281	1868.68	1642.245	1755.4625	2085.73	1651.63	1876.63	1407.86	1746.795
spe	1281	1280	1642.245	1441.56	1541.9025	1876.63	1407.86	1709.78	1173.34	1524.985
los	1280	GCF.900104455.1.Bacteria.Firmicutes.C	1441.56	0.0	720.78	1709.78	1173.34	0.0	0.0	854.89
hgt	1271	1270	2346.495	2201.025	2273.76	2509.82	2183.17	2375.75	2026.3	2268.06
hgt	1419	GCA.002367275.1.Bacteria.Chloroflexota	2163.145	0.0	1081.5725	2372.76	1953.53	0.0	0.0	1186.38
hgt	1173	GCA.002897715.1.Bacteria.Actinobacteriota	2194.99	0.0	1097.495	2420.07	1969.91	0.0	0.0	1210.035
hgt	84	GCF.000970205.1.Archaea.Halobacteriota	1868.445	0.0	934.2225	2080.58	1656.31	0.0	0.0	1040.29
spe	1271	1270	2346.495	2201.025	2273.76	2509.82	2183.17	2375.75	2026.3	2268.06
spe	1270	1269	2201.025	2051.8	2126.4125	2375.75	2026.3	2236.36	1867.24	2121.495
los	1269	1268	2051.8	1820.865	1936.3325	2236.36	1867.24	2051.67	1590.06	1913.21
spe	1270	1264	2201.025	1943.29	2072.1575	2375.75	2026.3	2150.5	1736.08	2055.915
spe	1264	1263	1943.29	1696.805	1820.0475	2150.5	1736.08	1935.53	1458.08	1804.29
los	1263	GCA.002308775.1.Bacteria.Firmicutes.A	1696.805	0.0	848.4025	1935.53	1458.08	0.0	0.0	967.765
hgt	1323	1319	2478.3	2388.655	2433.4775	2641.49	2315.11	2562.17	2215.14	2428.315
los	853	GCA.001797415.1.Bacteria.Desulfobacterota	2576.375	0.0	1288.1875	2761.44	2391.31	0.0	0.0	1380.72
spe	1323	1319	2478.3	2388.655	2433.4775	2641.49	2315.11	2562.17	2215.14	2428.315
spe	1319	1318	2388.655	2305.29	2346.9725	2562.17	2215.14	2488.59	2121.99	2342.08
los	1318	1317	2305.29	1778.785	2042.0375	2488.59	2121.99	2035.34	1522.23	2005.41
spe	1318	1312	2305.29	2058.365	2181.8275	2488.59	2121.99	2278.56	1838.17	2163.38
los	1312	GCF.000019165.1.Bacteria.Firmicutes.B	2058.365	0.0	1029.1825	2278.56	1838.17	0.0	0.0	1139.28
hgt	736	GCA.001803795.1.Bacteria.Nitrospirota	2435.77	0.0	1217.885	2649.26	2222.28	0.0	0.0	1324.63
hgt	1718	1704	2393.24	2299.84	2346.54	2492.26	2294.22	2399.06	2200.62	2346.44
hgt	720	GCA.002347965.1.Bacteria.UBA2233	2734.075	0.0	1367.0375	2916.96	2551.19	0.0	0.0	1458.48
spe	1718	1704	2393.24	2299.84	2346.54	2492.26	2294.22	2399.06	2200.62	2346.44
spe	1704	1672	2299.84	2154.84	2227.34	2399.06	2200.62	2280.19	2029.49	2214.275
los	1672	GCF.000015965.1.Bacteria.Cyanobacteria	2154.84	0.0	1077.42	2280.19	2029.49	0.0	0.0	1140.095
spe	1704	1703	2299.84	2220.145	2259.9925	2399.06	2200.62	2317.57	2122.72	2260.89
spe	1703	1702	2220.145	2160.51	2190.3275	2317.57	2122.72	2257.39	2063.63	2190.6
los	1702	GCF.003838225.1.Bacteria.Cyanobacteria	2160.51	0.0	1080.255	2257.39	2063.63	0.0	0.0	1128.695
spe	1702	1701	2160.51	2117.68	2139.095	2257.39	2063.63	2210.97	2024.39	2140.89
spe	1701	1685	2117.68	2011.14	2064.41	2210.97	2024.39	2124.52	1897.76	2054.365
los	1685	GCF.000018105.1.Bacteria.Cyanobacteria	2011.14	0.0	1005.57	2124.52	1897.76	0.0	0.0	1062.26
spe	1685	1684	2011.14	1851.405	1931.2725	2124.52	1897.76	1997.61	1705.2	1914.86
los	1684	GCA.001698445.1.Bacteria.Cyanobacteria	1851.405	0.0	925.7025	1997.61	1705.2	0.0	0.0	998.805
spe	1701	1700	2117.68	2037.95	2077.815	2210.97	2024.39	2130.46	1945.44	2078.205
spe	1700	1699	2037.95	1966.585	2002.2675	2130.46	1945.44	2051.72	1881.45	2005.955
hgt	1695	Nostoc.sp.PCC7120	955.3765	0.0	477.68825	1178.07	732.683	0.0	0.0	589.035
los	1699	GCF.000317045.1.Bacteria.Cyanobacteria	1966.585	0.0	983.2925	2051.72	1881.45	0.0	0.0	1025.86
spe	1699	1698	1966.585	1629.64	1798.1125	2051.72	1881.45	1658.88	1600.4	1826.06
los	1698	1692	1629.64	247.20855	938.42428	1658.88	1600.4	402.821	91.5961	875.23805
spe	1698	1697	1629.64	1386.915	1508.2775	1658.88	1600.4	1498.21	1275.62	1467.25
spe	1697	1695	1386.915	955.3765	1171.14575	1498.21	1275.62	1178.07	732.683	1115.4465
dup	1695	GCF.000020025.1.Bacteria.Cyanobacteria	955.3765	0.0	477.68825	1178.07	732.683	0.0	0.0	589.035
dup	1695	GCF.000020025.1.Bacteria.Cyanobacteria	955.3765	0.0	477.68825	1178.07	732.683	0.0	0.0	589.035
spe	1700	1688	2037.95	1799.565	1918.7575	2130.46	1945.44	1942.05	1657.08	1893.77
spe	1703	1679	2220.145	2001.685	2110.915	2317.57	2122.72	2133.82	1869.55	2093.56
los	1679	GCF.000473895.1.Bacteria.Cyanobacteria	2001.685	0.0	1000.8425	2133.82	1869.55	0.0	0.0	1066.91
spe	1679	1678	2001.685	1122.4185	1562.05175	2133.82	1869.55	1385.17	859.667	1496.7435
spe	1678	1676	1122.4185	295.292	708.85525	1385.17	859.667	427.194	163.39	774.28
hgt	463	462	1889.86	1641.635	1765.7475	2062.81	1716.91	1844.48	1438.79	1750.8
hgt	568	GCA.002862435.1.Bacteria.Proteobacteria	2035.48	0.0	1017.74	2214.09	1856.87	0.0	0.0	1107.045
hgt	634	GCF.001697225.1.Bacteria.Proteobacteria	2007.49	0.0	1003.745	2185.15	1829.83	0.0	0.0	1092.575
hgt	498	GCF.000192575.1.Bacteria.Proteobacteria	1734.36	0.0	867.18	1926.5	1542.22	0.0	0.0	963.25
hgt	536	GCF.900111015.1.Bacteria.Proteobacteria	2343.3	0.0	1171.65	2502.24	2184.36	0.0	0.0	1251.12
spe	463	462	1889.86	1641.635	1765.7475	2062.81	1716.91	1844.48	1438.79	1750.8
hgt	495	GCF.003173035.1.Bacteria.Proteobacteria	1736.875	0.0	868.4375	1936.33	1537.42	0.0	0.0	968.165
hgt	458	GCA.002340345.1.Bacteria.Proteobacteria	2053.74	0.0	1026.87	2214.88	1892.6	0.0	0.0	1107.44
hgt	None	dead	0.0	0.0	0.0	0.0	0.0	0.0	0.0	0.0
hgt	293	GCA.003246265.1.Bacteria.Verrucomicrobiota	2421.68	0.0	1210.84	2621.74	2221.62	0.0	0.0	1310.87
los	None	dead	0.0	0.0	0.0	0.0	0.0	0.0	0.0	0.0
hgt	376	GCA.002418835.1.Bacteria.Spirochaetota	2638.94	0.0	1319.47	2822.05	2455.83	0.0	0.0	1411.025
spe	1652	1651	2760.21	2569.225	2664.7175	2939.98	2580.44	2778.38	2360.07	2650.025
