event	left_node	right_node	left_date	right_date	midpoint_date
spe	1094	1048	3407.45	3324.645	3366.0475
hgt	None	dead	0.0	0.0	0.0
hgt	None	dead	0.0	0.0	0.0
spe	1048	1047	3324.645	3317.54	3321.0925
spe	1047	365	3317.54	3204.425	3260.9825
los	365	GCA.001730085.1.Bacteria.GCA.001730085	3204.425	0.0	1602.2125
spe	365	364	3204.425	3156.3	3180.3625
los	364	316	3156.3	3070.49	3113.395
spe	364	363	3156.3	2895.655	3025.9775
los	363	321	2895.655	2808.805	2852.23
spe	363	362	2895.655	2809.515	2852.585
hgt	720	GCA.002347965.1.Bacteria.UBA2233	2734.075	0.0	1367.0375
spe	362	342	2809.515	2698.49	2754.0025
spe	342	341	2698.49	2533.375	2615.9325
spe	341	340	2533.375	2278.045	2405.71
los	340	339	2278.045	2169.255	2223.65
spe	340	334	2278.045	2115.87	2196.9575
los	334	332	2115.87	1728.22	1922.045
hgt	1116	GCA.002898575.1.Bacteria.Armatimonadota	2746.26	0.0	1373.13
los	341	GCA.003170085.1.Bacteria.Planctomycetota	2533.375	0.0	1266.6875
spe	342	328	2698.49	2426.155	2562.3225
los	328	GCF.002277955.1.Bacteria.Planctomycetota	2426.155	0.0	1213.0775
spe	328	327	2426.155	2199.545	2312.85
spe	327	326	2199.545	1901.84	2050.6925
hgt	826	GCA.002747355.1.Bacteria.Myxococcota	2185.76	0.0	1092.88
los	326	GCA.002404095.1.Bacteria.Planctomycetota	1901.84	0.0	950.92
hgt	892	GCA.001873285.1.Bacteria.CG2.30.53.67	2624.55	0.0	1312.275
hgt	733	GCA.003235715.1.Bacteria.Nitrospirota	2275.95	0.0	1137.975
spe	362	361	2809.515	2745.685	2777.6
los	361	360	2745.685	2603.365	2674.525
spe	361	353	2745.685	2650.1	2697.8925
hgt	840	839	2651.205	2599.34	2625.2725
spe	353	352	2650.1	2391.045	2520.5725
los	352	350	2391.045	2200.88	2295.9625
hgt	None	dead	0.0	0.0	0.0
hgt	924	GCA.003221825.1.Bacteria.Gemmatimonadota	2422.26	0.0	1211.13
los	None	dead	0.0	0.0	0.0
spe	840	839	2651.205	2599.34	2625.2725
spe	839	829	2599.34	2568.27	2583.805
spe	829	817	2568.27	2468.695	2518.4825
hgt	188	GCA.001787855.1.Bacteria.Riflebacteria	3243.0	0.0	1621.5
los	817	816	2468.695	2057.94	2263.3175
spe	817	813	2468.695	2371.52	2420.1075
spe	813	807	2371.52	2202.835	2287.1775
los	807	GCA.002841945.1.Bacteria.Myxococcota	2202.835	0.0	1101.4175
spe	813	812	2371.52	2281.345	2326.4325
hgt	704	GCA.003133645.1.Bacteria.Acidobacteriota	2238.87	0.0	1119.435
los	812	GCA.002863065.1.Bacteria.Myxococcota	2281.345	0.0	1140.6725
spe	812	811	2281.345	2134.02	2207.6825
los	811	GCA.002726535.1.Bacteria.Myxococcota	2134.02	0.0	1067.01
spe	829	828	2568.27	2398.31	2483.29
los	828	GCA.002699025.1.Bacteria.Myxococcota	2398.31	0.0	1199.155
spe	828	827	2398.31	2313.915	2356.1125
spe	827	826	2313.915	2185.76	2249.8375
los	826	GCA.002747355.1.Bacteria.Myxococcota	2185.76	0.0	1092.88
spe	826	825	2185.76	1914.98	2050.37
los	825	GCA.002344285.1.Bacteria.Myxococcota	1914.98	0.0	957.49
spe	827	821	2313.915	2160.835	2237.375
los	821	GCA.002841825.1.Bacteria.Myxococcota	2160.835	0.0	1080.4175
spe	839	838	2599.34	2486.025	2542.6825
spe	838	834	2486.025	2442.985	2464.505
los	834	GCA.001798605.1.Bacteria.Myxococcota	2442.985	0.0	1221.4925
spe	834	832	2442.985	2268.205	2355.595
los	832	GCA.002696345.1.Bacteria.Myxococcota	2268.205	0.0	1134.1025
hgt	1021	GCA.002686915.1.Bacteria.ARS69	2684.73	0.0	1342.365
hgt	940	GCA.002127415.1.Bacteria.AABM5.125.24	2455.68	0.0	1227.84
hgt	None	dead	0.0	0.0	0.0
los	838	837	2486.025	2276.83	2381.4275
hgt	68	GCA.002495185.1.Archaea.Thermoplasmatota	2254.26	0.0	1127.13
los	None	dead	0.0	0.0	0.0
hgt	None	dead	0.0	0.0	0.0
hgt	1020	GCA.001780165.1.Bacteria.Eisenbacteria	2279.22	0.0	1139.61
los	None	dead	0.0	0.0	0.0
hgt	None	dead	0.0	0.0	0.0
dup	None	dead	0.0	0.0	0.0
hgt	837	GCA.002309015.1.Bacteria.Myxococcota	2276.83	0.0	1138.415
los	None	dead	0.0	0.0	0.0
hgt	709	GCA.003223995.1.Bacteria.Acidobacteriota	2213.91	0.0	1106.955
los	None	dead	0.0	0.0	0.0
spe	353	347	2650.1	2546.45	2598.275
spe	347	345	2546.45	2344.43	2445.44
hgt	1041	GCA.002686955.1.Bacteria.Gemmatimonadota.A	2930.085	0.0	1465.0425
los	345	GCA.002748355.1.Bacteria.Planctomycetota	2344.43	0.0	1172.215
hgt	None	dead	0.0	0.0	0.0
hgt	1004	GCA.001775395.1.Bacteria.Zixibacteria	2154.39	0.0	1077.195
los	None	dead	0.0	0.0	0.0
spe	1047	1046	3317.54	3288.18	3302.86
spe	1046	902	3288.18	3241.035	3264.6075
hgt	None	dead	0.0	0.0	0.0
los	902	901	3241.035	3194.215	3217.625
hgt	895	GCA.000739515.1.Bacteria.Moduliflexota	2668.13	0.0	1334.065
los	None	dead	0.0	0.0	0.0
spe	902	390	3241.035	3122.13	3181.5825
hgt	None	dead	0.0	0.0	0.0
los	390	389	3122.13	2948.12	3035.125
hgt	252	GCA.002780705.1.Bacteria.CG03	2764.255	0.0	1382.1275
los	None	dead	0.0	0.0	0.0
spe	1046	1045	3288.18	3193.355	3240.7675
spe	1045	921	3193.355	3111.29	3152.3225
hgt	185	GCA.001791795.1.Bacteria.Wallbacteria	3290.735	0.0	1645.3675
los	921	920	3111.29	3075.21	3093.25
spe	921	905	3111.29	2553.935	2832.6125
los	905	GCA.001577135.1.Bacteria.Cloacimonadota	2553.935	0.0	1276.9675
hgt	None	dead	0.0	0.0	0.0
hgt	1257	GCF.900104115.1.Bacteria.Firmicutes.A	1906.6	0.0	953.3
los	None	dead	0.0	0.0	0.0
hgt	None	dead	0.0	0.0	0.0
hgt	395	GCA.002402635.1.Bacteria.Deferribacterota	2049.66	0.0	1024.83
los	None	dead	0.0	0.0	0.0
hgt	None	dead	0.0	0.0	0.0
hgt	981	GCA.003158365.1.Bacteria.Bacteroidota	2360.52	0.0	1180.26
los	None	dead	0.0	0.0	0.0
hgt	None	dead	0.0	0.0	0.0
los	1045	1044	3193.355	3092.405	3142.88
hgt	989	987	2472.065	2188.64	2330.3525
los	None	dead	0.0	0.0	0.0
spe	989	987	2472.065	2188.64	2330.3525
hgt	995	994	2669.78	2567.69	2618.735
los	None	dead	0.0	0.0	0.0
spe	995	994	2669.78	2567.69	2618.735
spe	994	992	2567.69	2313.925	2440.8075
hgt	248	GCA.001800245.1.Bacteria.Elusimicrobiota	1920.715	0.0	960.3575
los	992	GCA.002049825.1.Bacteria.Calditrichota	2313.925	0.0	1156.9625
hgt	275	GCA.001784175.1.Bacteria.Lindowbacteria	3039.065	0.0	1519.5325
hgt	692	GCA.003140235.1.Bacteria.Acidobacteriota	1806.3	0.0	903.15
hgt	265	GCA.003290465.1.Bacteria.Sumerlaeota	2505.165	0.0	1252.5825
hgt	698	697	2454.615	2258.95	2356.7825
hgt	241	GCA.002841695.1.Bacteria.Elusimicrobiota	2226.475	0.0	1113.2375
hgt	972	GCA.002779395.1.Bacteria.Bacteroidota	1965.985	0.0	982.9925
hgt	914	GCA.002366725.1.Bacteria.WOR.3	2640.515	0.0	1320.2575
hgt	926	GCA.001780825.1.Bacteria.Gemmatimonadota	2762.32	0.0	1381.16
spe	698	697	2454.615	2258.95	2356.7825
spe	697	696	2258.95	2077.305	2168.1275
los	696	695	2077.305	1981.07	2029.1875
hgt	794	GCA.003161515.1.Bacteria.Desulfobacterota.B	2136.5	0.0	1068.25
hgt	796	GCA.002238415.1.Bacteria.Desulfobacterota.B	2368.175	0.0	1184.0875
hgt	695	694	1981.07	1909.495	1945.2825
spe	695	694	1981.07	1909.495	1945.2825
spe	694	692	1909.495	1806.3	1857.8975
los	692	GCA.003140235.1.Bacteria.Acidobacteriota	1806.3	0.0	903.15
hgt	924	GCA.002348465.1.Bacteria.Gemmatimonadota	2422.26	0.0	1211.13
dup	None	dead	0.0	0.0	0.0
hgt	38	GCA.001515205.2.Archaea.Hadarchaeota	2538.31	0.0	1269.155
los	None	dead	0.0	0.0	0.0
hgt	116	GCA.001774245.1.Archaea.Thermoproteota	1726.54	0.0	863.27
los	None	dead	0.0	0.0	0.0
spe	1048	278	3324.645	3267.455	3296.05
spe	278	277	3267.455	3169.945	3218.7
spe	277	276	3169.945	3142.94	3156.4425
hgt	None	dead	0.0	0.0	0.0
los	276	275	3142.94	3039.065	3091.0025
hgt	284	GCA.003164675.1.Bacteria.Verrucomicrobiota	2369.92	0.0	1184.96
los	None	dead	0.0	0.0	0.0
spe	276	270	3142.94	2997.52	3070.23
hgt	1109	GCA.002898895.1.Bacteria.Armatimonadota	2582.96	0.0	1291.48
hgt	1438	1437	1986.755	1859.345	1923.05
los	270	GCA.001567115.1.Bacteria.OLB16	2997.52	0.0	1498.76
spe	1438	1437	1986.755	1859.345	1923.05
hgt	None	dead	0.0	0.0	0.0
hgt	None	dead	0.0	0.0	0.0
dup	None	dead	0.0	0.0	0.0
hgt	1449	GCA.002400365.1.Bacteria.Chloroflexota	2414.175	0.0	1207.0875
los	None	dead	0.0	0.0	0.0
hgt	1119	GCA.002779825.1.Bacteria.Armatimonadota	2529.245	0.0	1264.6225
los	None	dead	0.0	0.0	0.0
hgt	None	dead	0.0	0.0	0.0
hgt	1032	GCA.002727195.1.Bacteria.Latescibacterota	2327.38	0.0	1163.69
los	None	dead	0.0	0.0	0.0
hgt	898	756	3060.73	2888.115	2974.4225
hgt	668	GCA.001775755.1.Bacteria.Acidobacteriota	2182.81	0.0	1091.405
spe	898	756	3060.73	2888.115	2974.4225
spe	756	754	2888.115	2746.525	2817.32
los	754	753	2746.525	2583.27	2664.8975
spe	754	746	2746.525	2548.44	2647.4825
los	746	GCA.002238965.1.Bacteria.UBA8248	2548.44	0.0	1274.22
dup	None	dead	0.0	0.0	0.0
hgt	1333	GCA.002423965.1.Bacteria.Firmicutes.D	2457.61	0.0	1228.805
los	None	dead	0.0	0.0	0.0
hgt	1216	1215	2550.05	2030.585	2290.3175
los	None	dead	0.0	0.0	0.0
spe	1216	1215	2550.05	2030.585	2290.3175
spe	277	267	3169.945	2989.33	3079.6375
hgt	1191	GCA.002399235.1.Bacteria.Firmicutes.G	2563.43	0.0	1281.715
hgt	None	dead	0.0	0.0	0.0
los	267	265	2989.33	2505.165	2747.2475
hgt	48	47	2290.465	2175.095	2232.78
los	None	dead	0.0	0.0	0.0
spe	48	47	2290.465	2175.095	2232.78
hgt	1253	1252	2190.3	2040.145	2115.2225
hgt	946	GCA.002347855.1.Bacteria.Marinisomatota	2304.795	0.0	1152.3975
hgt	669	GCA.002335385.1.Bacteria.Acidobacteriota	2395.145	0.0	1197.5725
hgt	702	GCA.003152095.1.Bacteria.Acidobacteriota	2020.225	0.0	1010.1125
hgt	1263	GCA.002307275.1.Bacteria.Firmicutes.A	1696.805	0.0	848.4025
hgt	1297	GCA.002329495.1.Bacteria.Firmicutes.B	2420.65	0.0	1210.325
hgt	1350	GCF.001742305.1.Bacteria.Firmicutes	1969.515	0.0	984.7575
hgt	613	GCF.003097315.1.Bacteria.Proteobacteria	1943.945	0.0	971.9725
hgt	1355	GCF.004522215.1.Bacteria.Firmicutes	1845.21	0.0	922.605
hgt	1372	GCA.003245625.1.Bacteria.Firmicutes	1019.231	0.0	509.6155
hgt	837	GCA.001768075.1.Bacteria.Myxococcota	2276.83	0.0	1138.415
spe	1253	1252	2190.3	2040.145	2115.2225
hgt	1319	GCF.900100785.1.Bacteria.Firmicutes.B	2388.655	0.0	1194.3275
spe	1252	1251	2040.145	1879.525	1959.835
hgt	1285	1281	1868.68	1642.245	1755.4625
los	1251	GCA.002478485.1.Bacteria.Firmicutes.A	1879.525	0.0	939.7625
spe	1285	1281	1868.68	1642.245	1755.4625
spe	1281	1280	1642.245	1441.56	1541.9025
hgt	1319	GCF.900100785.1.Bacteria.Firmicutes.B	2388.655	0.0	1194.3275
los	1280	GCF.000430605.1.Bacteria.Firmicutes.C	1441.56	0.0	720.78
hgt	849	GCF.000266945.1.Bacteria.Desulfobacterota	2490.935	0.0	1245.4675
hgt	376	GCA.002418835.1.Bacteria.Spirochaetota	2638.94	0.0	1319.47
hgt	1319	GCF.900100785.1.Bacteria.Firmicutes.B	2388.655	0.0	1194.3275
hgt	1478	1477	3178.32	3065.68	3122.0
los	278	262	3267.455	3164.4	3215.9275
spe	1478	1477	3178.32	3065.68	3122.0
hgt	None	dead	0.0	0.0	0.0
hgt	684	GCA.002483445.1.Bacteria.Acidobacteriota	1980.48	0.0	990.24
los	None	dead	0.0	0.0	0.0
hgt	None	dead	0.0	0.0	0.0
dup	None	dead	0.0	0.0	0.0
hgt	1438	GCA.002841995.1.Bacteria.Chloroflexota	1986.755	0.0	993.3775
los	None	dead	0.0	0.0	0.0
hgt	220	GCA.003451585.1.Bacteria.Omnitrophota	2041.98	0.0	1020.99
los	None	dead	0.0	0.0	0.0
spe	1477	1431	3065.68	2900.705	2983.1925
spe	1431	1430	2900.705	2636.055	2768.38
hgt	709	GCA.003223145.1.Bacteria.Acidobacteriota	2213.91	0.0	1106.955
los	1430	GCA.001795235.1.Bacteria.Chloroflexota	2636.055	0.0	1318.0275
hgt	829	817	2568.27	2468.695	2518.4825
spe	829	817	2568.27	2468.695	2518.4825
spe	817	816	2468.695	2057.94	2263.3175
hgt	918	GCA.001412365.1.Bacteria.WOR.3	2859.22	0.0	1429.61
los	816	GCA.002724675.1.Bacteria.Myxococcota.A	2057.94	0.0	1028.97
spe	817	813	2468.695	2371.52	2420.1075
spe	813	807	2371.52	2202.835	2287.1775
los	807	GCA.002789955.1.Bacteria.Myxococcota	2202.835	0.0	1101.4175
hgt	1667	GCA.003503675.1.Bacteria.Cyanobacteria	2851.115	0.0	1425.5575
los	813	812	2371.52	2281.345	2326.4325
spe	1431	1427	2900.705	2775.63	2838.1675
hgt	1475	1463	2883.705	2750.56	2817.1325
spe	1427	1413	2775.63	2608.425	2692.0275
spe	1413	1412	2608.425	2456.73	2532.5775
los	1412	1411	2456.73	2250.5	2353.615
spe	1412	1408	2456.73	2414.235	2435.4825
spe	1408	1402	2414.235	2331.705	2372.97
los	1402	GCA.003228115.1.Bacteria.Chloroflexota	2331.705	0.0	1165.8525
spe	1408	1407	2414.235	2350.905	2382.57
los	1407	1406	2350.905	2276.4	2313.6525
spe	1413	1399	2608.425	2391.86	2500.1425
hgt	1411	GCA.002717805.1.Bacteria.Chloroflexota	2250.5	0.0	1125.25
spe	1475	1463	2883.705	2750.56	2817.1325
spe	1463	1457	2750.56	2476.295	2613.4275
los	1457	GCF.003967555.1.Bacteria.Chloroflexota	2476.295	0.0	1238.1475
spe	1463	1462	2750.56	2688.275	2719.4175
spe	1462	1461	2688.275	2433.39	2560.8325
los	1461	GCA.002413265.1.Bacteria.Chloroflexota	2433.39	0.0	1216.695
hgt	None	dead	0.0	0.0	0.0
hgt	1355	GCF.004522215.1.Bacteria.Firmicutes	1845.21	0.0	922.605
los	None	dead	0.0	0.0	0.0
hgt	None	dead	0.0	0.0	0.0
los	1427	1426	2775.63	2665.03	2720.33
hgt	1296	GCF.900176005.1.Bacteria.Firmicutes.B	2280.145	0.0	1140.0725
los	None	dead	0.0	0.0	0.0
hgt	None	dead	0.0	0.0	0.0
spe	1477	1476	3065.68	2948.885	3007.2825
spe	1476	1454	2948.885	2633.59	2791.2375
spe	1454	1453	2633.59	2571.245	2602.4175
spe	1453	1449	2571.245	2414.175	2492.71
los	1449	GCA.002400365.1.Bacteria.Chloroflexota	2414.175	0.0	1207.0875
spe	1453	1452	2571.245	2204.94	2388.0925
hgt	1296	GCF.900176005.1.Bacteria.Firmicutes.B	2280.145	0.0	1140.0725
los	1452	GCA.002423325.1.Bacteria.Chloroflexota	2204.94	0.0	1102.47
hgt	None	dead	0.0	0.0	0.0
hgt	1287	GCA.002329525.1.Bacteria.Firmicutes.C	1965.585	0.0	982.7925
los	None	dead	0.0	0.0	0.0
hgt	1469	GCA.001898225.1.Bacteria.Chloroflexota	2472.76	0.0	1236.38
spe	1454	1446	2633.59	2467.265	2550.4275
spe	1446	1445	2467.265	2304.44	2385.8525
spe	1445	1444	2304.44	2137.48	2220.96
hgt	1449	GCA.002400365.1.Bacteria.Chloroflexota	2414.175	0.0	1207.0875
los	1444	GCA.003451595.1.Bacteria.Chloroflexota	2137.48	0.0	1068.74
hgt	1467	GCA.002292925.1.Bacteria.Chloroflexota	2363.295	0.0	1181.6475
spe	1446	1440	2467.265	2358.68	2412.9725
spe	1440	1439	2358.68	2159.315	2258.9975
los	1439	1438	2159.315	1986.755	2073.035
hgt	1444	GCA.003451595.1.Bacteria.Chloroflexota	2137.48	0.0	1068.74
hgt	716	715	2935.17	2853.34	2894.255
hgt	None	dead	0.0	0.0	0.0
hgt	857	GCA.002010915.1.Bacteria.Desulfobacterota	2515.41	0.0	1257.705
los	None	dead	0.0	0.0	0.0
spe	1476	1475	2948.885	2883.705	2916.295
spe	1475	1463	2883.705	2750.56	2817.1325
hgt	None	dead	0.0	0.0	0.0
los	1463	1462	2750.56	2688.275	2719.4175
hgt	1178	GCA.002347645.1.Bacteria.Actinobacteriota	2241.835	0.0	1120.9175
los	None	dead	0.0	0.0	0.0
spe	1463	1457	2750.56	2476.295	2613.4275
hgt	1312	GCF.002607855.1.Bacteria.Firmicutes.B	2058.365	0.0	1029.1825
hgt	1296	GCA.001513545.1.Bacteria.Firmicutes.B	2280.145	0.0	1140.0725
los	1457	GCA.002404055.1.Bacteria.Chloroflexota	2476.295	0.0	1238.1475
hgt	None	dead	0.0	0.0	0.0
dup	None	dead	0.0	0.0	0.0
hgt	1226	GCA.003242195.1.Bacteria.Firmicutes.E	2297.705	0.0	1148.8525
los	None	dead	0.0	0.0	0.0
hgt	1307	GCA.000987045.1.Bacteria.Firmicutes.B	2196.38	0.0	1098.19
los	None	dead	0.0	0.0	0.0
hgt	None	dead	0.0	0.0	0.0
dup	None	dead	0.0	0.0	0.0
hgt	1355	GCF.004522215.1.Bacteria.Firmicutes	1845.21	0.0	922.605
los	None	dead	0.0	0.0	0.0
hgt	458	GCA.002340345.1.Bacteria.Proteobacteria	2053.74	0.0	1026.87
los	None	dead	0.0	0.0	0.0
hgt	None	dead	0.0	0.0	0.0
spe	1475	1474	2883.705	2804.86	2844.2825
spe	1474	1470	2804.86	2595.865	2700.3625
hgt	1228	GCA.003023725.1.Bacteria.Firmicutes.E	2573.425	0.0	1286.7125
los	1470	1469	2595.865	2472.76	2534.3125
hgt	None	dead	0.0	0.0	0.0
hgt	None	dead	0.0	0.0	0.0
dup	None	dead	0.0	0.0	0.0
hgt	709	GCA.003223995.1.Bacteria.Acidobacteriota	2213.91	0.0	1106.955
los	None	dead	0.0	0.0	0.0
dup	None	dead	0.0	0.0	0.0
hgt	680	GCA.002238705.1.Bacteria.Acidobacteriota	2328.61	0.0	1164.305
los	None	dead	0.0	0.0	0.0
hgt	650	536	2528.52	2343.3	2435.91
los	None	dead	0.0	0.0	0.0
spe	650	536	2528.52	2343.3	2435.91
hgt	825	GCA.002344285.1.Bacteria.Myxococcota	1914.98	0.0	957.49
hgt	341	340	2533.375	2278.045	2405.71
hgt	None	dead	0.0	0.0	0.0
hgt	955	GCF.001280305.1.Bacteria.Bacteroidota	1759.09	0.0	879.545
los	None	dead	0.0	0.0	0.0
hgt	588	587	2283.06	1996.16	2139.61
spe	588	587	2283.06	1996.16	2139.61
spe	587	586	1996.16	1895.525	1945.8425
los	586	GCA.003228965.1.Bacteria.Proteobacteria	1895.525	0.0	947.7625
spe	586	585	1895.525	1706.285	1800.905
los	585	GCA.002338605.1.Bacteria.Proteobacteria	1706.285	0.0	853.1425
spe	587	581	1996.16	1845.545	1920.8525
los	581	GCA.002868855.1.Bacteria.Proteobacteria	1845.545	0.0	922.7725
spe	581	579	1845.545	1566.0	1705.7725
hgt	1128	GCA.002898935.1.Bacteria.CSP1.3	3141.47	0.0	1570.735
hgt	981	980	2360.52	2262.275	2311.3975
spe	341	340	2533.375	2278.045	2405.71
spe	340	339	2278.045	2169.255	2223.65
hgt	711	GCA.001664505.1.Bacteria.Acidobacteriota	2445.625	0.0	1222.8125
los	339	337	2169.255	2026.89	2098.0725
hgt	1704	1703	2299.84	2220.145	2259.9925
spe	340	334	2278.045	2115.87	2196.9575
hgt	670	GCA.002898535.1.Bacteria.Acidobacteriota	2753.645	0.0	1376.8225
los	334	GCA.002338715.1.Bacteria.Planctomycetota	2115.87	0.0	1057.935
spe	334	332	2115.87	1728.22	1922.045
los	332	GCA.002364485.1.Bacteria.Planctomycetota	1728.22	0.0	864.11
hgt	1119	GCF.002973605.1.Bacteria.Armatimonadota	2529.245	0.0	1264.6225
spe	1704	1703	2299.84	2220.145	2259.9925
spe	1703	1702	2220.145	2160.51	2190.3275
los	1702	1701	2160.51	2117.68	2139.095
spe	1703	1679	2220.145	2001.685	2110.915
spe	1679	1678	2001.685	1122.4185	1562.05175
los	1678	1676	1122.4185	295.292	708.85525
hgt	1695	GCF.000020025.1.Bacteria.Cyanobacteria	955.3765	0.0	477.68825
los	1679	GCF.000473895.1.Bacteria.Cyanobacteria	2001.685	0.0	1000.8425
hgt	966	GCA.003167015.1.Bacteria.Bacteroidota	2094.155	0.0	1047.0775
spe	981	980	2360.52	2262.275	2311.3975
spe	980	979	2262.275	2181.785	2222.03
los	979	978	2181.785	2072.605	2127.195
spe	980	972	2262.275	1965.985	2114.13
hgt	581	GCA.002868855.1.Bacteria.Proteobacteria	1845.545	0.0	922.7725
los	972	GCA.002779395.1.Bacteria.Bacteroidota	1965.985	0.0	982.9925
hgt	282	GCF.900105685.1.Bacteria.Verrucomicrobiota	2053.795	0.0	1026.8975
hgt	397	GCF.000526155.1.Bacteria.Desulfobacterota	3038.98	0.0	1519.49
hgt	1198	GCA.002159155.1.Bacteria.Firmicutes.G	2678.675	0.0	1339.3375
hgt	653	GCF.001399755.1.Bacteria.Proteobacteria	2771.345	0.0	1385.6725
hgt	1169	1168	2691.26	2631.565	2661.4125
spe	1474	1473	2804.86	2043.005	2423.9325
spe	1169	1168	2691.26	2631.565	2661.4125
spe	1168	1167	2631.565	2503.64	2567.6025
hgt	1145	1143	2458.975	2319.725	2389.35
spe	1167	1166	2503.64	1991.825	2247.7325
spe	1166	1165	1991.825	1840.865	1916.345
los	1165	1155	1840.865	1711.135	1776.0
spe	1165	1164	1840.865	1690.82	1765.8425
spe	1164	1163	1690.82	1488.035	1589.4275
los	1163	GCA.001437855.1.Bacteria.Actinobacteriota	1488.035	0.0	744.0175
spe	1164	1160	1690.82	1520.98	1605.9
los	1160	GCF.000015025.1.Bacteria.Actinobacteriota	1520.98	0.0	760.49
spe	1160	1158	1520.98	1386.605	1453.7925
los	1158	GCF.001942305.1.Bacteria.Actinobacteriota	1386.605	0.0	693.3025
hgt	1180	GCF.001029505.1.Bacteria.Actinobacteriota	2587.79	0.0	1293.895
spe	1145	1143	2458.975	2319.725	2389.35
spe	1143	1141	2319.725	2008.575	2164.15
los	1141	1140	2008.575	1795.075	1901.825
hgt	1140	GCA.002722565.1.Bacteria.Actinobacteriota	1795.075	0.0	897.5375
hgt	1164	1160	1690.82	1520.98	1605.9
los	1167	GCA.002413185.1.Bacteria.Actinobacteriota	2503.64	0.0	1251.82
spe	1164	1160	1690.82	1520.98	1605.9
spe	1160	1158	1520.98	1386.605	1453.7925
hgt	1155	1154	1711.135	1356.86	1533.9975
los	1158	GCF.900106035.1.Bacteria.Actinobacteriota	1386.605	0.0	693.3025
spe	1155	1154	1711.135	1356.86	1533.9975
spe	1168	1148	2631.565	2328.75	2480.1575
hgt	873	GCA.002011835.1.Bacteria.Desulfobacterota	2374.525	0.0	1187.2625
los	1148	GCA.003021615.1.Bacteria.Actinobacteriota	2328.75	0.0	1164.375
hgt	503	GCA.002280485.1.Bacteria.Proteobacteria	1517.515	0.0	758.7575
hgt	None	dead	0.0	0.0	0.0
hgt	576	574	2178.965	1962.545	2070.755
spe	576	574	2178.965	1962.545	2070.755
hgt	552	GCF.001614315.2.Bacteria.Proteobacteria	1988.77	0.0	994.385
hgt	603	GCA.002085445.1.Bacteria.Proteobacteria	2200.665	0.0	1100.3325
hgt	529	GCA.002451085.1.Bacteria.Proteobacteria	2307.945	0.0	1153.9725
hgt	598	GCA.002292285.1.Bacteria.Proteobacteria	1497.41	0.0	748.705
hgt	634	GCF.001697225.1.Bacteria.Proteobacteria	2007.49	0.0	1003.745
hgt	613	612	1943.945	1796.185	1870.065
los	None	dead	0.0	0.0	0.0
spe	613	612	1943.945	1796.185	1870.065
spe	612	611	1796.185	1493.79	1644.9875
hgt	568	GCA.002862435.1.Bacteria.Proteobacteria	2035.48	0.0	1017.74
hgt	462	GCF.000315795.1.Bacteria.Proteobacteria	1641.635	0.0	820.8175
los	611	GCF.000284615.1.Bacteria.Proteobacteria	1493.79	0.0	746.895
hgt	553	GCF.001641825.1.Bacteria.Proteobacteria	2172.955	0.0	1086.4775
hgt	741	GCA.003220615.1.Bacteria.Methylomirabilota	2582.55	0.0	1291.275
hgt	698	686	2454.615	2295.75	2375.1825
los	None	dead	0.0	0.0	0.0
spe	698	686	2454.615	2295.75	2375.1825
hgt	1008	GCA.000447245.1.Bacteria.Zixibacteria	2484.465	0.0	1242.2325
spe	686	684	2295.75	1980.48	2138.115
hgt	1439	GCF.900187885.1.Bacteria.Chloroflexota	2159.315	0.0	1079.6575
hgt	1461	GCA.002413265.1.Bacteria.Chloroflexota	2433.39	0.0	1216.695
hgt	741	GCA.003220615.1.Bacteria.Methylomirabilota	2582.55	0.0	1291.275
hgt	797	GCA.002311335.1.Bacteria.Desulfobacterota.B	2488.59	0.0	1244.295
hgt	791	GCA.002050235.1.Bacteria.Desulfobacterota.B	2015.09	0.0	1007.545
los	684	GCA.003223975.1.Bacteria.Acidobacteriota	1980.48	0.0	990.24
hgt	1385	1384	2733.33	2455.815	2594.5725
los	None	dead	0.0	0.0	0.0
spe	1385	1384	2733.33	2455.815	2594.5725
spe	1384	1383	2455.815	2371.08	2413.4475
spe	1383	1382	2371.08	2292.545	2331.8125
spe	1382	1344	2292.545	2055.27	2173.9075
los	1344	GCA.002159075.1.Bacteria.Firmicutes	2055.27	0.0	1027.635
spe	1382	1381	2292.545	2205.155	2248.85
los	1381	1351	2205.155	2134.51	2169.8325
spe	1381	1380	2205.155	2120.065	2162.61
los	1380	GCF.001049895.1.Bacteria.Firmicutes	2120.065	0.0	1060.0325
spe	1380	1379	2120.065	2060.89	2090.4775
los	1379	1378	2060.89	1789.555	1925.2225
spe	1379	1355	2060.89	1845.21	1953.05
spe	1383	1341	2371.08	2078.19	2224.635
hgt	1337	GCF.000092905.1.Bacteria.Firmicutes	1832.425	0.0	916.2125
los	1341	GCF.001311905.1.Bacteria.Firmicutes	2078.19	0.0	1039.095
spe	1384	1338	2455.815	2111.765	2283.79
spe	1338	1337	2111.765	1832.425	1972.095
los	1337	GCF.000092905.1.Bacteria.Firmicutes	1832.425	0.0	916.2125
hgt	1467	GCA.002440805.1.Bacteria.Chloroflexota	2363.295	0.0	1181.6475
hgt	1355	GCF.004522215.1.Bacteria.Firmicutes	1845.21	0.0	922.605
hgt	1347	GCF.900099895.1.Bacteria.Firmicutes	1852.54	0.0	926.27
hgt	None	dead	0.0	0.0	0.0
hgt	1020	GCA.003235575.1.Bacteria.Eisenbacteria	2279.22	0.0	1139.61
los	None	dead	0.0	0.0	0.0
spe	716	715	2935.17	2853.34	2894.255
hgt	None	dead	0.0	0.0	0.0
hgt	1040	1026	2866.055	2705.74	2785.8975
spe	715	675	2853.34	2652.03	2752.685
spe	675	674	2652.03	2473.205	2562.6175
los	674	GCA.002298155.1.Bacteria.Acidobacteriota	2473.205	0.0	1236.6025
hgt	380	GCA.002406055.1.Bacteria.Spirochaetota	2063.635	0.0	1031.8175
los	675	GCA.002789615.1.Bacteria.Acidobacteriota	2652.03	0.0	1326.015
spe	1040	1026	2866.055	2705.74	2785.8975
hgt	None	dead	0.0	0.0	0.0
hgt	107	GCA.003019535.1.Archaea.Thermoproteota	2229.765	0.0	1114.8825
los	None	dead	0.0	0.0	0.0
hgt	199	GCA.003527405.1.Bacteria.Atribacterota	2950.105	0.0	1475.0525
hgt	1218	1216	2947.155	2550.05	2748.6025
hgt	136	GCA.000375685.1.Archaea.Thermoproteota	2489.555	0.0	1244.7775
hgt	1063	1061	2362.43	2081.39	2221.91
hgt	147	GCA.001940725.1.Archaea.Asgardarchaeota	2281.01	0.0	1140.505
hgt	489	GCA.002701885.1.Bacteria.Proteobacteria	1797.555	0.0	898.7775
hgt	60	GCF.002078355.1.Archaea.Thermoplasmatota	2157.845	0.0	1078.9225
hgt	517	GCA.002937675.1.Bacteria.Proteobacteria	2543.2	0.0	1271.6
spe	1063	1061	2362.43	2081.39	2221.91
spe	1218	1216	2947.155	2550.05	2748.6025
hgt	1271	1259	2346.495	2295.84	2321.1675
spe	1216	1215	2550.05	2030.585	2290.3175
hgt	1317	GCA.002398485.1.Bacteria.Firmicutes.B	1778.785	0.0	889.3925
los	1215	GCA.003070825.1.Bacteria.Firmicutes.F	2030.585	0.0	1015.2925
spe	1271	1259	2346.495	2295.84	2321.1675
spe	1259	1253	2295.84	2190.3	2243.07
spe	1253	1252	2190.3	2040.145	2115.2225
hgt	883	GCA.000961655.1.Bacteria.Desulfobacterota	2107.355	0.0	1053.6775
los	1252	1251	2040.145	1879.525	1959.835
hgt	1350	GCF.001742305.1.Bacteria.Firmicutes	1969.515	0.0	984.7575
hgt	1312	GCF.000019165.1.Bacteria.Firmicutes.B	2058.365	0.0	1029.1825
hgt	1287	1285	1965.585	1868.68	1917.1325
los	1253	GCF.900142265.1.Bacteria.Firmicutes.A	2190.3	0.0	1095.15
spe	1287	1285	1965.585	1868.68	1917.1325
spe	1285	1284	1868.68	1576.575	1722.6275
los	1284	GCF.000425045.1.Bacteria.Firmicutes.C	1576.575	0.0	788.2875
spe	1285	1281	1868.68	1642.245	1755.4625
spe	1281	1280	1642.245	1441.56	1541.9025
los	1280	GCF.900104455.1.Bacteria.Firmicutes.C	1441.56	0.0	720.78
hgt	1300	GCF.000620305.1.Bacteria.Firmicutes.B	2090.18	0.0	1045.09
spe	1259	1258	2295.84	2095.365	2195.6025
spe	1258	1257	2095.365	1906.6	2000.9825
los	1257	GCA.002297185.1.Bacteria.Firmicutes.A	1906.6	0.0	953.3
hgt	862	861	2368.33	2265.965	2317.1475
spe	862	861	2368.33	2265.965	2317.1475
hgt	274	GCA.000406005.1.Bacteria.Poribacteria	2618.66	0.0	1309.33
dup	None	dead	0.0	0.0	0.0
hgt	99	GCF.000092185.1.Archaea.Thermoproteota	2047.925	0.0	1023.9625
los	None	dead	0.0	0.0	0.0
dup	None	dead	0.0	0.0	0.0
dup	None	dead	0.0	0.0	0.0
hgt	1245	GCA.002399285.1.Bacteria.Firmicutes.A	2107.795	0.0	1053.8975
los	None	dead	0.0	0.0	0.0
hgt	1087	GCA.003535305.1.Bacteria.Bipolaricaulota	1892.775	0.0	946.3875
los	None	dead	0.0	0.0	0.0
dup	None	dead	0.0	0.0	0.0
hgt	1315	GCF.002224645.1.Bacteria.Firmicutes.B	1580.985	0.0	790.4925
los	None	dead	0.0	0.0	0.0
dup	None	dead	0.0	0.0	0.0
hgt	1240	GCA.002376045.1.Bacteria.Firmicutes.A	2549.06	0.0	1274.53
los	None	dead	0.0	0.0	0.0
dup	None	dead	0.0	0.0	0.0
hgt	1300	GCA.002418765.1.Bacteria.Firmicutes.B	2090.18	0.0	1045.09
los	None	dead	0.0	0.0	0.0
hgt	1292	GCF.001950325.1.Bacteria.Firmicutes.B	2370.88	0.0	1185.44
los	None	dead	0.0	0.0	0.0
spe	715	714	2853.34	2786.11	2819.725
hgt	984	950	2743.005	2440.28	2591.6425
hgt	400	GCA.002707655.1.Bacteria.SAR324	2693.845	0.0	1346.9225
hgt	139	109	2746.6	2611.625	2679.1125
hgt	1402	GCA.003228115.1.Bacteria.Chloroflexota	2331.705	0.0	1165.8525
hgt	746	GCA.002238965.1.Bacteria.UBA8248	2548.44	0.0	1274.22
hgt	1461	GCA.002413265.1.Bacteria.Chloroflexota	2433.39	0.0	1216.695
spe	139	109	2746.6	2611.625	2679.1125
spe	109	108	2611.625	2433.705	2522.665
los	108	107	2433.705	2229.765	2331.735
spe	109	103	2611.625	2372.465	2492.045
los	103	GCA.002254745.1.Archaea.Thermoproteota	2372.465	0.0	1186.2325
spe	103	101	2372.465	2213.35	2292.9075
los	101	99	2213.35	2047.925	2130.6375
hgt	560	GCA.001735895.1.Bacteria.Proteobacteria	2138.97	0.0	1069.485
spe	984	950	2743.005	2440.28	2591.6425
spe	950	946	2440.28	2304.795	2372.5375
hgt	595	GCA.002389045.1.Bacteria.Proteobacteria	1816.095	0.0	908.0475
los	946	GCA.002347855.1.Bacteria.Marinisomatota	2304.795	0.0	1152.3975
hgt	None	dead	0.0	0.0	0.0
hgt	486	GCF.000264455.2.Bacteria.Proteobacteria	1956.2	0.0	978.1
los	None	dead	0.0	0.0	0.0
hgt	None	dead	0.0	0.0	0.0
hgt	515	514	2401.52	2299.515	2350.5175
spe	946	944	2304.795	2081.795	2193.295
los	944	GCA.002724735.1.Bacteria.Marinisomatota	2081.795	0.0	1040.8975
hgt	None	dead	0.0	0.0	0.0
spe	515	514	2401.52	2299.515	2350.5175
spe	514	436	2299.515	2217.14	2258.3275
hgt	453	GCA.003280605.1.Bacteria.Proteobacteria	1231.6385	0.0	615.81925
spe	436	435	2217.14	2071.245	2144.1925
spe	435	434	2071.245	1886.935	1979.09
los	434	GCA.002898275.1.Bacteria.Proteobacteria	1886.935	0.0	943.4675
hgt	498	GCA.002731375.1.Bacteria.Proteobacteria	1734.36	0.0	867.18
los	435	GCA.006969625.1.Bacteria.Proteobacteria	2071.245	0.0	1035.6225
spe	514	513	2299.515	2253.55	2276.5325
spe	513	483	2253.55	2221.01	2237.28
los	483	482	2221.01	2151.75	2186.38
spe	483	447	2221.01	2113.215	2167.1125
los	447	439	2113.215	1983.035	2048.125
spe	447	446	2113.215	1951.09	2032.1525
los	446	445	1951.09	1836.495	1893.7925
spe	513	512	2253.55	2172.63	2213.09
spe	512	511	2172.63	2112.01	2142.32
los	511	510	2112.01	2056.505	2084.2575
spe	511	489	2112.01	1797.555	1954.7825
los	489	GCA.002701885.1.Bacteria.Proteobacteria	1797.555	0.0	898.7775
spe	512	486	2172.63	1956.2	2064.415
hgt	456	GCF.002148795.1.Bacteria.Proteobacteria	1898.57	0.0	949.285
los	486	GCF.000264455.2.Bacteria.Proteobacteria	1956.2	0.0	978.1
hgt	511	510	2112.01	2056.505	2084.2575
los	None	dead	0.0	0.0	0.0
spe	511	510	2112.01	2056.505	2084.2575
spe	510	492	2056.505	1826.375	1941.44
hgt	551	GCA.002746645.1.Bacteria.Proteobacteria	1711.785	0.0	855.8925
hgt	435	GCA.006969625.1.Bacteria.Proteobacteria	2071.245	0.0	1035.6225
hgt	434	GCA.002898275.1.Bacteria.Proteobacteria	1886.935	0.0	943.4675
hgt	455	GCF.900102465.1.Bacteria.Proteobacteria	1531.25	0.0	765.625
hgt	529	GCA.002420425.1.Bacteria.Proteobacteria	2307.945	0.0	1153.9725
hgt	506	GCA.001464215.1.Bacteria.Proteobacteria	1610.765	0.0	805.3825
hgt	439	GCA.002723345.1.Bacteria.Proteobacteria	1983.035	0.0	991.5175
spe	510	509	2056.505	1977.465	2016.985
spe	509	495	1977.465	1736.875	1857.17
los	495	GCF.003173035.1.Bacteria.Proteobacteria	1736.875	0.0	868.4375
spe	509	508	1977.465	1872.275	1924.87
hgt	None	dead	0.0	0.0	0.0
los	508	498	1872.275	1734.36	1803.3175
hgt	467	GCF.003258945.1.Bacteria.Proteobacteria	1693.575	0.0	846.7875
los	None	dead	0.0	0.0	0.0
hgt	468	GCF.900167455.1.Bacteria.Proteobacteria	1847.82	0.0	923.91
spe	508	507	1872.275	1662.025	1767.15
spe	507	503	1662.025	1517.515	1589.77
los	503	GCA.002280485.1.Bacteria.Proteobacteria	1517.515	0.0	758.7575
spe	503	501	1517.515	1305.64	1411.5775
los	501	GCA.003158585.1.Bacteria.Proteobacteria	1305.64	0.0	652.82
spe	507	506	1662.025	1610.765	1636.395
los	506	GCA.001464215.1.Bacteria.Proteobacteria	1610.765	0.0	805.3825
hgt	469	463	2003.935	1889.86	1946.8975
los	None	dead	0.0	0.0	0.0
spe	469	463	2003.935	1889.86	1946.8975
spe	463	462	1889.86	1641.635	1765.7475
los	462	GCF.000315795.1.Bacteria.Proteobacteria	1641.635	0.0	820.8175
dup	462	GCF.006980715.1.Bacteria.Proteobacteria	1641.635	0.0	820.8175
hgt	445	GCA.002717225.1.Bacteria.Proteobacteria	1836.495	0.0	918.2475
spe	950	949	2440.28	2228.61	2334.445
hgt	801	GCA.002328485.1.Bacteria.Desulfobacterota.G	2578.84	0.0	1289.42
los	949	GCA.002452555.1.Bacteria.Marinisomatota	2228.61	0.0	1114.305
hgt	None	dead	0.0	0.0	0.0
dup	None	dead	0.0	0.0	0.0
hgt	133	GCA.002506605.1.Archaea.Thermoproteota	2194.065	0.0	1097.0325
los	None	dead	0.0	0.0	0.0
hgt	173	151	2663.205	2556.275	2609.74
los	None	dead	0.0	0.0	0.0
spe	173	151	2663.205	2556.275	2609.74
spe	151	147	2556.275	2281.01	2418.6425
los	147	GCA.001940755.1.Archaea.Asgardarchaeota	2281.01	0.0	1140.505
spe	151	150	2556.275	2169.605	2362.94
hgt	None	dead	0.0	0.0	0.0
dup	None	dead	0.0	0.0	0.0
dup	None	dead	0.0	0.0	0.0
hgt	592	GCF.001720165.1.Bacteria.Proteobacteria	1879.945	0.0	939.9725
los	None	dead	0.0	0.0	0.0
dup	None	dead	0.0	0.0	0.0
hgt	439	GCF.001613805.1.Bacteria.Proteobacteria	1983.035	0.0	991.5175
los	None	dead	0.0	0.0	0.0
dup	None	dead	0.0	0.0	0.0
hgt	585	GCA.002338605.1.Bacteria.Proteobacteria	1706.285	0.0	853.1425
los	None	dead	0.0	0.0	0.0
dup	None	dead	0.0	0.0	0.0
hgt	778	GCA.002321895.1.Bacteria.Bdellovibrionota	2281.75	0.0	1140.875
los	None	dead	0.0	0.0	0.0
hgt	498	GCF.000192575.1.Bacteria.Proteobacteria	1734.36	0.0	867.18
los	None	dead	0.0	0.0	0.0
dup	None	dead	0.0	0.0	0.0
hgt	1098	GCA.003244105.1.Bacteria.Eremiobacterota	2247.98	0.0	1123.99
los	None	dead	0.0	0.0	0.0
hgt	598	GCA.002170535.1.Bacteria.Proteobacteria	1497.41	0.0	748.705
los	None	dead	0.0	0.0	0.0
hgt	None	dead	0.0	0.0	0.0
dup	None	dead	0.0	0.0	0.0
hgt	1063	GCA.002878315.1.Bacteria.Thermotogota	2362.43	0.0	1181.215
los	None	dead	0.0	0.0	0.0
hgt	849	GCF.000266945.1.Bacteria.Desulfobacterota	2490.935	0.0	1245.4675
los	None	dead	0.0	0.0	0.0
hgt	None	dead	0.0	0.0	0.0
hgt	370	GCF.000092845.1.Bacteria.Spirochaetota	2617.22	0.0	1308.61
los	None	dead	0.0	0.0	0.0
hgt	None	dead	0.0	0.0	0.0
los	714	713	2786.11	2694.49	2740.3
hgt	1259	1253	2295.84	2190.3	2243.07
los	None	dead	0.0	0.0	0.0
spe	1259	1253	2295.84	2190.3	2243.07
spe	1253	1252	2190.3	2040.145	2115.2225
los	1252	GCF.900107485.1.Bacteria.Firmicutes.A	2040.145	0.0	1020.0725
spe	1252	1251	2040.145	1879.525	1959.835
los	1251	GCA.002478485.1.Bacteria.Firmicutes.A	1879.525	0.0	939.7625
dup	None	dead	0.0	0.0	0.0
hgt	1233	GCA.002291985.1.Bacteria.Firmicutes.E	2039.805	0.0	1019.9025
los	None	dead	0.0	0.0	0.0
hgt	1210	1209	2923.75	2688.15	2805.95
los	None	dead	0.0	0.0	0.0
spe	1210	1209	2923.75	2688.15	2805.95
spe	1209	1208	2688.15	2545.345	2616.7475
los	1208	GCA.900016865.1.Bacteria.Firmicutes.G	2545.345	0.0	1272.6725
