event	left_node	right_node	left_date	right_date	midpoint_date
spe	178	177	3109.52	2987.475	3048.4975
spe	177	176	2987.475	2870.105	2928.79
los	176	175	2870.105	2794.775	2832.44
spe	176	140	2870.105	2794.965	2832.535
spe	140	139	2794.965	2746.6	2770.7825
spe	139	138	2746.6	2683.72	2715.16
los	138	124	2683.72	2576.715	2630.2175
spe	138	137	2683.72	2562.75	2623.235
los	137	136	2562.75	2489.555	2526.1525
spe	139	109	2746.6	2611.625	2679.1125
spe	109	103	2611.625	2372.465	2492.045
los	103	GCA.002254745.1.Archaea.Thermoproteota	2372.465	0.0	1186.2325
spe	103	101	2372.465	2213.35	2292.9075
los	101	GCF.000011205.1.Archaea.Thermoproteota	2213.35	0.0	1106.675
spe	101	99	2213.35	2047.925	2130.6375
los	99	GCF.000092185.1.Archaea.Thermoproteota	2047.925	0.0	1023.9625
spe	109	108	2611.625	2433.705	2522.665
los	108	107	2433.705	2229.765	2331.735
spe	177	95	2987.475	2895.515	2941.495
spe	95	39	2895.515	2772.035	2833.775
hgt	1058	GCA.001443005.1.Bacteria.Synergistota	2874.585	0.0	1437.2925
los	39	35	2772.035	2625.215	2698.625
spe	39	38	2772.035	2538.31	2655.1725
hgt	None	dead	0.0	0.0	0.0
los	38	GCA.001515205.2.Archaea.Hadarchaeota	2538.31	0.0	1269.155
hgt	74	GCA.002011165.1.Archaea.Halobacteriota	2278.05	0.0	1139.025
los	None	dead	0.0	0.0	0.0
spe	95	94	2895.515	2874.54	2885.0275
los	94	42	2874.54	2631.08	2752.81
spe	94	93	2874.54	2781.775	2828.1575
hgt	None	dead	0.0	0.0	0.0
dup	None	dead	0.0	0.0	0.0
hgt	1454	1453	2633.59	2571.245	2602.4175
hgt	390	GCA.002780065.1.Bacteria.UBA8481	3122.13	0.0	1561.065
hgt	659	GCF.000021725.1.Bacteria.Campylobacterota	2073.72	0.0	1036.86
los	None	dead	0.0	0.0	0.0
hgt	1651	GCA.003242895.1.Bacteria.Margulisbacteria	2569.225	0.0	1284.6125
hgt	None	dead	0.0	0.0	0.0
hgt	270	GCA.002746185.1.Bacteria.Hydrogenedentota	2997.52	0.0	1498.76
hgt	935	GCA.001789205.1.Bacteria.Fibrobacterota	2600.975	0.0	1300.4875
los	None	dead	0.0	0.0	0.0
spe	1454	1453	2633.59	2571.245	2602.4175
spe	1453	1452	2571.245	2204.94	2388.0925
hgt	None	dead	0.0	0.0	0.0
hgt	834	GCA.001798605.1.Bacteria.Myxococcota	2442.985	0.0	1221.4925
hgt	216	GCA.001805575.1.Bacteria.Omnitrophota	2167.33	0.0	1083.665
los	None	dead	0.0	0.0	0.0
hgt	1292	GCF.000024605.1.Bacteria.Firmicutes.B	2370.88	0.0	1185.44
hgt	107	GCA.001717025.1.Archaea.Thermoproteota	2229.765	0.0	1114.8825
los	1452	GCA.002348045.1.Bacteria.Chloroflexota	2204.94	0.0	1102.47
hgt	600	GCA.002007425.1.Bacteria.Proteobacteria	1814.2	0.0	907.1
hgt	113	GCA.002255025.1.Archaea.Thermoproteota	2352.095	0.0	1176.0475
hgt	1337	GCF.001399675.1.Bacteria.Firmicutes	1832.425	0.0	916.2125
hgt	1461	GCA.002413265.1.Bacteria.Chloroflexota	2433.39	0.0	1216.695
hgt	612	GCF.003612015.1.Bacteria.Proteobacteria	1796.185	0.0	898.0925
spe	1453	1449	2571.245	2414.175	2492.71
los	1449	GCA.002400365.1.Bacteria.Chloroflexota	2414.175	0.0	1207.0875
hgt	1425	1424	2515.535	2409.195	2462.365
hgt	None	dead	0.0	0.0	0.0
hgt	1444	GCA.002366755.1.Bacteria.Chloroflexota	2137.48	0.0	1068.74
los	None	dead	0.0	0.0	0.0
spe	1425	1424	2515.535	2409.195	2462.365
spe	1424	1422	2409.195	2304.265	2356.73
los	1422	GCA.003484395.1.Bacteria.Chloroflexota	2304.265	0.0	1152.1325
spe	1422	1421	2304.265	2272.78	2288.5225
los	1421	GCA.002347295.1.Bacteria.Chloroflexota	2272.78	0.0	1136.39
spe	1421	1419	2272.78	2163.145	2217.9625
los	1419	GCA.002352365.1.Bacteria.Chloroflexota	2163.145	0.0	1081.5725
hgt	721	GCA.003230535.1.Bacteria.SZUA.182	2908.09	0.0	1454.045
hgt	886	885	2570.925	2490.35	2530.6375
hgt	861	GCA.001304105.1.Bacteria.Desulfobacterota	2265.965	0.0	1132.9825
los	None	dead	0.0	0.0	0.0
spe	886	885	2570.925	2490.35	2530.6375
spe	885	884	2490.35	2409.27	2449.81
los	884	880	2409.27	2202.89	2306.08
spe	884	883	2409.27	2107.355	2258.3125
los	883	GCA.000961655.1.Bacteria.Desulfobacterota	2107.355	0.0	1053.6775
spe	885	877	2490.35	2406.095	2448.2225
los	877	GCA.001797675.1.Bacteria.Desulfobacterota	2406.095	0.0	1203.0475
spe	93	92	2781.775	2715.565	2748.67
los	92	70	2715.565	2480.265	2597.915
hgt	None	dead	0.0	0.0	0.0
hgt	1645	GCF.000212395.1.Bacteria.Thermodesulfobiota	3078.905	0.0	1539.4525
hgt	1133	GCA.002366545.1.Bacteria.Actinobacteriota	2731.5	0.0	1365.75
los	None	dead	0.0	0.0	0.0
hgt	1068	GCA.002877955.1.Bacteria.Caldisericota	2377.575	0.0	1188.7875
hgt	None	dead	0.0	0.0	0.0
hgt	74	GCF.000194625.1.Archaea.Halobacteriota	2278.05	0.0	1139.025
los	None	dead	0.0	0.0	0.0
spe	92	91	2715.565	2548.71	2632.1375
spe	91	90	2548.71	2426.545	2487.6275
los	90	74	2426.545	2278.05	2352.2975
spe	90	89	2426.545	2320.405	2373.475
spe	89	88	2320.405	2221.93	2271.1675
los	88	80	2221.93	2032.885	2127.4075
spe	88	87	2221.93	2144.39	2183.16
los	87	GCA.002256595.1.Archaea.Halobacteriota	2144.39	0.0	1072.195
hgt	35	GCA.001587715.1.Archaea.Methanobacteriota.B	2625.215	0.0	1312.6075
spe	87	86	2144.39	2014.745	2079.5675
los	86	84	2014.745	1868.445	1941.595
spe	89	77	2320.405	2081.03	2200.7175
hgt	26	GCA.002083985.1.Archaea.Altiarchaeota	905.1525	0.0	452.57625
hgt	59	GCA.002878135.1.Archaea.Thermoplasmatota	1950.86	0.0	975.43
