event	left_node	right_node	left_date	right_date	midpoint_date	left_date_lower	left_date_upper	right_date_lower	right_date_upper	midpoint_date_all
hgt	None	dead	0.0	0.0	0.0	0.0	0.0	0.0	0.0	0.0
hgt	646	588	2358.03	2283.06	2320.545	2502.58	2213.48	2432.98	2133.14	2317.86
hgt	692	GCA.003152325.1.Bacteria.Acidobacteriota	1806.3	0.0	903.15	2047.7	1564.9	0.0	0.0	1023.85
los	None	dead	0.0	0.0	0.0	0.0	0.0	0.0	0.0	0.0
spe	646	588	2358.03	2283.06	2320.545	2502.58	2213.48	2432.98	2133.14	2317.86
hgt	553	GCF.001641825.1.Bacteria.Proteobacteria	2172.955	0.0	1086.4775	2336.27	2009.64	0.0	0.0	1168.135
hgt	None	dead	0.0	0.0	0.0	0.0	0.0	0.0	0.0	0.0
spe	588	587	2283.06	1996.16	2139.61	2432.98	2133.14	2165.59	1826.73	2129.855
los	587	586	1996.16	1895.525	1945.8425	2165.59	1826.73	2076.74	1714.31	1939.95
spe	587	581	1996.16	1845.545	1920.8525	2165.59	1826.73	2033.36	1657.73	1911.66
los	581	579	1845.545	1566.0	1705.7725	2033.36	1657.73	1791.46	1340.54	1686.95
dup	None	dead	0.0	0.0	0.0	0.0	0.0	0.0	0.0	0.0
hgt	598	GCA.002292285.1.Bacteria.Proteobacteria	1497.41	0.0	748.705	1713.35	1281.47	0.0	0.0	856.675
los	None	dead	0.0	0.0	0.0	0.0	0.0	0.0	0.0	0.0
hgt	746	GCF.900079095.1.Bacteria.Tectomicrobia	2548.44	0.0	1274.22	2767.72	2329.16	0.0	0.0	1383.86
hgt	439	GCA.002723345.1.Bacteria.Proteobacteria	1983.035	0.0	991.5175	2153.66	1812.41	0.0	0.0	1076.83
hgt	492	GCF.002798435.1.Bacteria.Proteobacteria	1826.375	0.0	913.1875	2015.92	1636.83	0.0	0.0	1007.96
los	None	dead	0.0	0.0	0.0	0.0	0.0	0.0	0.0	0.0
hgt	436	435	2217.14	2071.245	2144.1925	2372.03	2062.25	2233.96	1908.53	2140.28
hgt	None	dead	0.0	0.0	0.0	0.0	0.0	0.0	0.0	0.0
hgt	462	GCF.000315795.1.Bacteria.Proteobacteria	1641.635	0.0	820.8175	1844.48	1438.79	0.0	0.0	922.24
los	None	dead	0.0	0.0	0.0	0.0	0.0	0.0	0.0	0.0
spe	436	435	2217.14	2071.245	2144.1925	2372.03	2062.25	2233.96	1908.53	2140.28
spe	435	434	2071.245	1886.935	1979.09	2233.96	1908.53	2078.21	1695.66	1964.81
los	434	GCA.002238885.1.Bacteria.Proteobacteria	1886.935	0.0	943.4675	2078.21	1695.66	0.0	0.0	1039.105
spe	588	576	2283.06	2178.965	2231.0125	2432.98	2133.14	2336.84	2021.09	2227.035
los	576	GCA.002432655.1.Bacteria.Proteobacteria	2178.965	0.0	1089.4825	2336.84	2021.09	0.0	0.0	1168.42
spe	576	574	2178.965	1962.545	2070.755	2336.84	2021.09	2146.1	1778.99	2057.915
dup	713	699	2694.49	2612.33	2653.41	2850.89	2538.09	2771.91	2452.75	2651.82
spe	713	699	2694.49	2612.33	2653.41	2850.89	2538.09	2771.91	2452.75	2651.82
spe	699	698	2612.33	2454.615	2533.4725	2771.91	2452.75	2624.66	2284.57	2528.24
los	698	686	2454.615	2295.75	2375.1825	2624.66	2284.57	2486.27	2105.23	2364.945
hgt	None	dead	0.0	0.0	0.0	0.0	0.0	0.0	0.0	0.0
spe	698	697	2454.615	2258.95	2356.7825	2624.66	2284.57	2444.95	2072.95	2348.805
hgt	517	GCA.002937675.1.Bacteria.Proteobacteria	2543.2	0.0	1271.6	2689.47	2396.93	0.0	0.0	1344.735
hgt	None	dead	0.0	0.0	0.0	0.0	0.0	0.0	0.0	0.0
hgt	486	GCA.002721365.1.Bacteria.Proteobacteria	1956.2	0.0	978.1	2130.74	1781.66	0.0	0.0	1065.37
los	None	dead	0.0	0.0	0.0	0.0	0.0	0.0	0.0	0.0
hgt	741	GCA.003220615.1.Bacteria.Methylomirabilota	2582.55	0.0	1291.275	2791.15	2373.95	0.0	0.0	1395.575
hgt	None	dead	0.0	0.0	0.0	0.0	0.0	0.0	0.0	0.0
los	697	696	2258.95	2077.305	2168.1275	2444.95	2072.95	2277.79	1876.82	2160.885
hgt	579	GCA.003155415.1.Bacteria.Proteobacteria	1566.0	0.0	783.0	1791.46	1340.54	0.0	0.0	895.73
los	None	dead	0.0	0.0	0.0	0.0	0.0	0.0	0.0	0.0
dup	579	GCA.003155415.1.Bacteria.Proteobacteria	1566.0	0.0	783.0	1791.46	1340.54	0.0	0.0	895.73
hgt	944	GCA.002712165.1.Bacteria.Proteobacteria	2081.795	0.0	1040.8975	2308.24	1855.35	0.0	0.0	1154.12
hgt	601	595	2005.515	1816.095	1910.805	2169.0	1842.03	2002.91	1629.28	1899.14
los	None	dead	0.0	0.0	0.0	0.0	0.0	0.0	0.0	0.0
spe	601	595	2005.515	1816.095	1910.805	2169.0	1842.03	2002.91	1629.28	1899.14
hgt	None	dead	0.0	0.0	0.0	0.0	0.0	0.0	0.0	0.0
hgt	724	GCA.001914955.1.Bacteria.Nitrospirota	2245.41	0.0	1122.705	2488.94	2001.88	0.0	0.0	1244.47
los	None	dead	0.0	0.0	0.0	0.0	0.0	0.0	0.0	0.0
spe	699	681	2612.33	2463.525	2537.9275	2771.91	2452.75	2639.97	2287.08	2529.495
spe	681	680	2463.525	2328.61	2396.0675	2639.97	2287.08	2523.34	2133.88	2386.925
hgt	585	GCA.002688175.1.Bacteria.Proteobacteria	1706.285	0.0	853.1425	1917.52	1495.05	0.0	0.0	958.76
los	680	GCA.003155335.1.Bacteria.Acidobacteriota	2328.61	0.0	1164.305	2523.34	2133.88	0.0	0.0	1261.67
hgt	966	GCA.003167015.1.Bacteria.Bacteroidota	2094.155	0.0	1047.0775	2298.82	1889.49	0.0	0.0	1149.41
hgt	924	GCA.002348465.1.Bacteria.Gemmatimonadota	2422.26	0.0	1211.13	2682.06	2162.46	0.0	0.0	1341.03
hgt	None	dead	0.0	0.0	0.0	0.0	0.0	0.0	0.0	0.0
hgt	598	GCA.002292285.1.Bacteria.Proteobacteria	1497.41	0.0	748.705	1713.35	1281.47	0.0	0.0	856.675
los	None	dead	0.0	0.0	0.0	0.0	0.0	0.0	0.0	0.0
spe	713	699	2694.49	2612.33	2653.41	2850.89	2538.09	2771.91	2452.75	2651.82
spe	699	698	2612.33	2454.615	2533.4725	2771.91	2452.75	2624.66	2284.57	2528.24
los	698	686	2454.615	2295.75	2375.1825	2624.66	2284.57	2486.27	2105.23	2364.945
spe	698	697	2454.615	2258.95	2356.7825	2624.66	2284.57	2444.95	2072.95	2348.805
los	697	696	2258.95	2077.305	2168.1275	2444.95	2072.95	2277.79	1876.82	2160.885
spe	699	681	2612.33	2463.525	2537.9275	2771.91	2452.75	2639.97	2287.08	2529.495
los	681	680	2463.525	2328.61	2396.0675	2639.97	2287.08	2523.34	2133.88	2386.925
dup	681	GCA.002712885.1.Bacteria.Acidobacteriota	2463.525	0.0	1231.7625	2639.97	2287.08	0.0	0.0	1319.985
