event	left_node	right_node	left_date	right_date	midpoint_date
hgt	1022	1021	2889.48	2684.73	2787.105
spe	1722	1664	3101.365	2826.835	2964.1
spe	1664	1663	2826.835	2633.14	2729.9875
hgt	None	dead	0.0	0.0	0.0
hgt	1226	GCA.003242195.1.Bacteria.Firmicutes.E	2297.705	0.0	1148.8525
los	None	dead	0.0	0.0	0.0
hgt	1470	1469	2595.865	2472.76	2534.3125
los	1663	GCA.001784555.1.Bacteria.Cyanobacteria	2633.14	0.0	1316.57
hgt	None	dead	0.0	0.0	0.0
hgt	1154	GCF.001591405.1.Bacteria.Actinobacteria	1356.86	0.0	678.43
los	None	dead	0.0	0.0	0.0
spe	1470	1469	2595.865	2472.76	2534.3125
hgt	None	dead	0.0	0.0	0.0
hgt	807	GCA.002789955.1.Bacteria.Myxococcota	2202.835	0.0	1101.4175
los	None	dead	0.0	0.0	0.0
hgt	None	dead	0.0	0.0	0.0
hgt	350	GCA.003509045.1.Bacteria.Planctomycetota	2200.88	0.0	1100.44
hgt	536	GCF.002940605.1.Bacteria.Proteobacteria	2343.3	0.0	1171.65
hgt	768	GCA.001798715.1.Bacteria.UBA10199	2381.62	0.0	1190.81
los	None	dead	0.0	0.0	0.0
hgt	603	602	2200.665	2136.455	2168.56
hgt	None	dead	0.0	0.0	0.0
spe	603	602	2200.665	2136.455	2168.56
spe	602	592	2136.455	1879.945	2008.2
los	592	GCF.001720165.1.Bacteria.Proteobacteria	1879.945	0.0	939.9725
spe	602	601	2136.455	2005.515	2070.985
los	601	595	2005.515	1816.095	1910.805
spe	601	600	2005.515	1814.2	1909.8575
los	600	598	1814.2	1497.41	1655.805
hgt	711	GCA.001664505.1.Bacteria.Acidobacteriota	2445.625	0.0	1222.8125
hgt	552	GCF.001614315.2.Bacteria.Proteobacteria	1988.77	0.0	994.385
hgt	581	GCA.002868855.1.Bacteria.Proteobacteria	1845.545	0.0	922.7725
los	None	dead	0.0	0.0	0.0
hgt	None	dead	0.0	0.0	0.0
hgt	829	828	2568.27	2398.31	2483.29
hgt	697	GCA.003222815.1.Bacteria.Acidobacteriota	2258.95	0.0	1129.475
hgt	1474	1473	2804.86	2043.005	2423.9325
spe	1474	1473	2804.86	2043.005	2423.9325
spe	829	828	2568.27	2398.31	2483.29
hgt	1396	GCA.003244045.1.Bacteria.Dormibacterota	2525.675	0.0	1262.8375
spe	828	827	2398.31	2313.915	2356.1125
spe	827	821	2313.915	2160.835	2237.375
los	821	GCA.002841825.1.Bacteria.Myxococcota	2160.835	0.0	1080.4175
spe	827	826	2313.915	2185.76	2249.8375
los	826	GCA.002747355.1.Bacteria.Myxococcota	2185.76	0.0	1092.88
spe	826	825	2185.76	1914.98	2050.37
hgt	1169	1145	2691.26	2458.975	2575.1175
hgt	1178	1177	2241.835	2055.195	2148.515
los	None	dead	0.0	0.0	0.0
spe	1178	1177	2241.835	2055.195	2148.515
spe	1169	1145	2691.26	2458.975	2575.1175
hgt	None	dead	0.0	0.0	0.0
hgt	1140	GCA.003162395.1.Bacteria.Actinobacteriota	1795.075	0.0	897.5375
los	None	dead	0.0	0.0	0.0
spe	1145	1143	2458.975	2319.725	2389.35
spe	1143	1141	2319.725	2008.575	2164.15
spe	1141	1140	2008.575	1795.075	1901.825
los	1140	GCA.003162395.1.Bacteria.Actinobacteriota	1795.075	0.0	897.5375
spe	1469	1467	2472.76	2363.295	2418.0275
hgt	None	dead	0.0	0.0	0.0
hgt	767	GCA.002796325.1.Bacteria.UBA10199	2265.96	0.0	1132.98
hgt	477	GCA.001897475.1.Bacteria.Proteobacteria	1568.215	0.0	784.1075
los	None	dead	0.0	0.0	0.0
spe	1664	1660	2826.835	2605.525	2716.18
los	1660	GCA.900313115.1.Bacteria.Cyanobacteria	2605.525	0.0	1302.7625
hgt	None	dead	0.0	0.0	0.0
hgt	967	966	2386.18	2094.155	2240.1675
los	None	dead	0.0	0.0	0.0
spe	967	966	2386.18	2094.155	2240.1675
hgt	775	GCA.001797335.1.Bacteria.Bdellovibrionota.E	2456.23	0.0	1228.115
spe	966	965	2094.155	1893.24	1993.6975
spe	965	964	1893.24	1750.505	1821.8725
los	964	GCA.002483345.1.Bacteria.Bacteroidota	1750.505	0.0	875.2525
spe	964	963	1750.505	1609.85	1680.1775
los	963	GCF.900116225.1.Bacteria.Bacteroidota	1609.85	0.0	804.925
spe	963	962	1609.85	1433.485	1521.6675
los	962	GCA.002455375.1.Bacteria.Bacteroidota	1433.485	0.0	716.7425
spe	962	961	1433.485	1247.9425	1340.71375
los	961	GCF.900489485.1.Bacteria.Bacteroidota	1247.9425	0.0	623.97125
spe	965	955	1893.24	1759.09	1826.165
los	955	GCA.001769655.1.Bacteria.Bacteroidota	1759.09	0.0	879.545
hgt	None	dead	0.0	0.0	0.0
hgt	288	GCA.002382525.1.Bacteria.Verrucomicrobiota	2297.655	0.0	1148.8275
los	None	dead	0.0	0.0	0.0
hgt	None	dead	0.0	0.0	0.0
hgt	293	GCA.002429065.1.Bacteria.Verrucomicrobiota	2421.68	0.0	1210.84
los	None	dead	0.0	0.0	0.0
dup	293	GCA.002429065.1.Bacteria.Verrucomicrobiota	2421.68	0.0	1210.84
hgt	None	dead	0.0	0.0	0.0
hgt	930	GCA.002449765.1.Bacteria.Fibrobacterota	2114.665	0.0	1057.3325
los	None	dead	0.0	0.0	0.0
spe	1022	1021	2889.48	2684.73	2787.105
hgt	1098	GCA.003167155.1.Bacteria.Eremiobacterota	2247.98	0.0	1123.99
hgt	711	GCA.001664505.1.Bacteria.Acidobacteriota	2445.625	0.0	1222.8125
hgt	841	840	2762.435	2651.205	2706.82
hgt	926	924	2762.32	2422.26	2592.29
spe	1021	1020	2684.73	2279.22	2481.975
hgt	967	GCF.000013045.1.Bacteria.Bacteroidota	2386.18	0.0	1193.09
los	1020	GCA.003235575.1.Bacteria.Eisenbacteria	2279.22	0.0	1139.61
hgt	702	GCA.003223635.1.Bacteria.Acidobacteriota	2020.225	0.0	1010.1125
hgt	None	dead	0.0	0.0	0.0
hgt	48	GCA.003009755.1.Archaea.Thermoplasmatota	2290.465	0.0	1145.2325
los	None	dead	0.0	0.0	0.0
spe	926	924	2762.32	2422.26	2592.29
dup	924	GCA.003221825.1.Bacteria.Gemmatimonadota	2422.26	0.0	1211.13
spe	841	840	2762.435	2651.205	2706.82
hgt	1169	1168	2691.26	2631.565	2661.4125
hgt	None	dead	0.0	0.0	0.0
hgt	1113	1109	2866.74	2582.96	2724.85
hgt	692	GCA.003140235.1.Bacteria.Acidobacteriota	1806.3	0.0	903.15
los	None	dead	0.0	0.0	0.0
spe	1113	1109	2866.74	2582.96	2724.85
spe	1109	1108	2582.96	2327.505	2455.2325
los	1108	GCA.002431715.1.Bacteria.Armatimonadota	2327.505	0.0	1163.7525
spe	1108	1106	2327.505	2220.8	2274.1525
los	1106	GCA.003134215.1.Bacteria.Armatimonadota	2220.8	0.0	1110.4
hgt	1041	GCA.002686955.1.Bacteria.Gemmatimonadota.A	2930.085	0.0	1465.0425
hgt	1720	1719	2606.445	2506.285	2556.365
spe	840	839	2651.205	2599.34	2625.2725
spe	839	838	2599.34	2486.025	2542.6825
los	838	837	2486.025	2276.83	2381.4275
spe	838	834	2486.025	2442.985	2464.505
los	834	GCA.001798605.1.Bacteria.Myxococcota	2442.985	0.0	1221.4925
spe	834	832	2442.985	2268.205	2355.595
los	832	GCA.002696345.1.Bacteria.Myxococcota	2268.205	0.0	1134.1025
spe	839	829	2599.34	2568.27	2583.805
los	829	828	2568.27	2398.31	2483.29
spe	829	817	2568.27	2468.695	2518.4825
spe	817	816	2468.695	2057.94	2263.3175
los	816	GCA.002724675.1.Bacteria.Myxococcota.A	2057.94	0.0	1028.97
spe	817	813	2468.695	2371.52	2420.1075
los	813	807	2371.52	2202.835	2287.1775
spe	813	812	2371.52	2281.345	2326.4325
los	812	GCA.002863065.1.Bacteria.Myxococcota	2281.345	0.0	1140.6725
spe	812	811	2281.345	2134.02	2207.6825
los	811	GCA.002726535.1.Bacteria.Myxococcota	2134.02	0.0	1067.01
spe	1720	1719	2606.445	2506.285	2556.365
spe	1719	1718	2506.285	2393.24	2449.7625
spe	1718	1717	2393.24	2268.17	2330.705
los	1717	1716	2268.17	2013.02	2140.595
spe	1718	1704	2393.24	2299.84	2346.54
los	1704	1672	2299.84	2154.84	2227.34
spe	1704	1703	2299.84	2220.145	2259.9925
spe	1703	1679	2220.145	2001.685	2110.915
spe	1679	1678	2001.685	1122.4185	1562.05175
los	1678	1676	1122.4185	295.292	708.85525
spe	1703	1702	2220.145	2160.51	2190.3275
spe	1702	1701	2160.51	2117.68	2139.095
spe	1701	1685	2117.68	2011.14	2064.41
los	1685	1684	2011.14	1851.405	1931.2725
spe	1701	1700	2117.68	2037.95	2077.815
spe	1700	1688	2037.95	1799.565	1918.7575
hgt	1684	GCF.000316115.1.Bacteria.Cyanobacteria	1851.405	0.0	925.7025
hgt	1672	GCF.002251945.1.Bacteria.Cyanobacteria	2154.84	0.0	1077.42
spe	1700	1699	2037.95	1966.585	2002.2675
spe	1699	1698	1966.585	1629.64	1798.1125
los	1698	1692	1629.64	247.20855	938.42428
spe	1698	1697	1629.64	1386.915	1508.2775
spe	1697	1695	1386.915	955.3765	1171.14575
los	1695	Nostoc.sp.PCC7120	955.3765	0.0	477.68825
hgt	1684	GCA.001698445.1.Bacteria.Cyanobacteria	1851.405	0.0	925.7025
spe	1169	1168	2691.26	2631.565	2661.4125
spe	1168	1148	2631.565	2328.75	2480.1575
los	1148	GCA.003021615.1.Bacteria.Actinobacteriota	2328.75	0.0	1164.375
spe	1168	1167	2631.565	2503.64	2567.6025
los	1167	GCA.002413185.1.Bacteria.Actinobacteriota	2503.64	0.0	1251.82
dup	1167	1166	2503.64	1991.825	2247.7325
spe	1167	1166	2503.64	1991.825	2247.7325
los	1166	GCF.004348535.1.Bacteria.Actinobacteriota	1991.825	0.0	995.9125
spe	1166	1165	1991.825	1840.865	1916.345
spe	1165	1164	1840.865	1690.82	1765.8425
los	1164	1163	1690.82	1488.035	1589.4275
spe	1164	1160	1690.82	1520.98	1605.9
los	1160	1158	1520.98	1386.605	1453.7925
spe	1165	1155	1840.865	1711.135	1776.0
los	1155	1154	1711.135	1356.86	1533.9975
spe	1167	1166	2503.64	1991.825	2247.7325
spe	1166	1165	1991.825	1840.865	1916.345
spe	1165	1155	1840.865	1711.135	1776.0
los	1155	GCF.003443735.1.Bacteria.Actinobacteriota	1711.135	0.0	855.5675
spe	1155	1154	1711.135	1356.86	1533.9975
los	1154	GCF.001591405.1.Bacteria.Actinobacteria	1356.86	0.0	678.43
spe	1165	1164	1840.865	1690.82	1765.8425
spe	1164	1163	1690.82	1488.035	1589.4275
los	1163	GCA.001437855.1.Bacteria.Actinobacteriota	1488.035	0.0	744.0175
spe	1164	1160	1690.82	1520.98	1605.9
los	1160	GCF.000015025.1.Bacteria.Actinobacteriota	1520.98	0.0	760.49
spe	1160	1158	1520.98	1386.605	1453.7925
spe	840	804	2651.205	2545.8	2598.5025
hgt	None	dead	0.0	0.0	0.0
los	804	GCA.002731275.1.Bacteria.Myxococcota	2545.8	0.0	1272.9
hgt	265	GCA.003290465.1.Bacteria.Sumerlaeota	2505.165	0.0	1252.5825
los	None	dead	0.0	0.0	0.0
